# NaN NaN NaN ;Mean Elev.(m), Avg Gradient(m/km), RMS Gradient(m/km) - SRTM1     
#   48.188 -10.135  30.550 ;Mean Elev.(m), Avg Gradient(m/km), RMS Gradient(m/km) - ASTER GDEM
#   41.088  -2.577  23.594 ;Mean Elev.(m), Avg Gradient(m/km), RMS Gradient(m/km) - GMTED2010 
  8    47.194 52505.52059317 22.49 133.030072  48.060343 11.278
  8    46.721 52505.52059382 23.23 133.028732  48.063583 11.278
  8    46.350 52505.52059446 20.86 133.027402  48.066823 11.278
  8    46.472 52505.52059511 19.25 133.026072  48.070073 11.278
  8    46.221 52505.52059575 18.50 133.024732  48.073313 11.278
  8    46.428 52505.52059640 18.76 133.023402  48.076553 11.278
  8    46.622 52505.52059704 17.66 133.022072  48.079803 11.278
  9    46.713 52540.52057537 42.28 133.026933  48.058407 18.716
  9    46.812 52540.52057602 44.71 133.025593  48.061647 18.716
  9    46.716 52540.52057666 44.14 133.024263  48.064887 18.716
  9    46.685 52540.52057731 44.76 133.022933  48.068127 18.716
  9    46.521 52540.52057795 45.82 133.021593  48.071377 18.716
 10    44.976 52575.52062205 46.41 133.024339  48.060460 24.590
 10    45.668 52575.52062270 44.94 133.023009  48.063710 24.590
 10    45.126 52575.52062334 44.06 133.021679  48.066950 24.590
 10    45.724 52575.52062398 44.01 133.020339  48.070190 24.590
 11    43.483 52610.52058301 24.74 133.031311  48.060488  8.489
 11    43.457 52610.52058366 25.80 133.029981  48.063738  8.489
 11    43.623 52610.52058430 25.33 133.028651  48.066978  8.489
 11    43.704 52610.52058495 25.39 133.027311  48.070218  8.489
 11    43.554 52610.52058559 25.87 133.025981  48.073468  8.489
 11    43.241 52610.52058624 26.78 133.024651  48.076708  8.489
 11    43.127 52610.52058688 27.25 133.023311  48.079948  8.489
 11    43.439 52610.52058752 26.45 133.021981  48.083188  8.489
 11    43.625 52610.52058817 32.65 133.020651  48.086438  8.489
 12    43.365 52645.52057179 18.25 133.027148  48.058537  9.512
 12    43.530 52645.52057244 16.89 133.025818  48.061787  9.512
 12    43.749 52645.52057308 16.99 133.024488  48.065027  9.512
 12    43.991 52645.52057373 33.91 133.023148  48.068267  9.512
 12    44.262 52645.52057437 44.64 133.021818  48.071507  9.512
 12    44.068 52645.52057501 45.06 133.020488  48.074757  9.512
 15    57.601 52750.52062317 17.13 133.023824  48.059229  7.255
 15    45.456 52750.52062381 16.16 133.022494  48.062479  7.255
 15    45.983 52750.52062446 17.36 133.021164  48.065719  7.255
 15    45.503 52750.52062510 22.28 133.019824  48.068959  7.255
 19    48.768 52890.52072203 23.29 133.024474  48.060388 10.254
 19    48.870 52890.52072268 23.20 133.023144  48.063638 10.254
 20    46.992 52925.52067604 20.78 133.031728  48.066342  6.721
 20    46.897 52925.52067668 19.92 133.030398  48.069582  6.721
 20    47.220 52925.52067733 19.81 133.029068  48.072822  6.721
 20    47.935 52925.52067797 21.16 133.027738  48.076072  6.721
 20    47.901 52925.52067862 24.69 133.026398  48.079312  6.721
 20    47.366 52925.52067926 30.44 133.025067  48.082550 22.812
 21    44.972 52960.52064268 32.20 133.030008  48.061803 14.476
 21    45.299 52960.52064332 43.45 133.028668  48.065043 14.476
 21    45.364 52960.52064397 44.03 133.027338  48.068283 14.476
 21    45.261 52960.52064461 47.24 133.026008  48.071533 14.476
 23    45.033 53030.52064273 15.14 133.033192  48.066256  4.858
 23    44.874 53030.52064338 16.02 133.031862  48.069496  4.858
 23    44.246 53030.52064595 18.45 133.026530  48.082463  3.619
 23    44.542 53030.52064660 14.70 133.025200  48.085713  3.619
 23    44.510 53030.52064724 14.08 133.023870  48.088953  3.619
 23    44.862 53030.52064789 12.74 133.022530  48.092193  3.619
 24    45.757 53065.52064890 12.52 133.031355  48.061108  5.735
 24    44.811 53065.52064955 13.15 133.030015  48.064348  5.735
 24    44.661 53065.52065019 13.49 133.028685  48.067598  5.735
 24    43.778 53065.52065341 19.06 133.022014  48.083803  2.956
 24    44.329 53065.52065406 11.50 133.020684  48.087053  2.956
 25    48.833 53100.52065320 23.31 133.030296  48.062568 10.920
 25    45.902 53100.52065385 24.56 133.028966  48.065808 10.920
 25    46.148 53100.52065449 23.23 133.027636  48.069048 10.920
 25    46.170 53100.52065514 23.89 133.026306  48.072298 10.920
 25    46.059 53100.52065578 26.06 133.024966  48.075538 10.920
 26    48.876 53135.52064991 20.34 133.031945  48.061758 11.952
 26    48.527 53135.52065056 18.64 133.030615  48.065008 11.952
 26    47.205 53135.52065120 16.65 133.029285  48.068248 11.952
 26    48.440 53135.52065185 16.19 133.027945  48.071488 11.952
 26    47.810 53135.52065249 14.70 133.026615  48.074728 11.952
 26    48.326 53135.52065314 15.23 133.025275  48.077978 11.952
 26    49.351 53135.52065378 16.36 133.023945  48.081218 11.952
 26    47.570 53135.52065443 20.07 133.022615  48.084458 11.952
 26    47.588 53135.52065507 13.16 133.021275  48.087708 11.952
 26    48.892 53135.52065571 12.73 133.019945  48.090948 11.952
 28    49.030 53205.52071707 25.26 133.028223  48.059452 18.615
 28    46.012 53205.52071771 18.81 133.026893  48.062702 18.615
 29    46.044 53240.52069019 52.00 133.026702  48.087433 22.732
 29    45.936 53240.52069084 52.37 133.025372  48.090683 22.732
 29    46.150 53240.52069148 49.13 133.024036  48.093919 35.663
 31    49.277 53310.52069813 17.65 133.024758  48.058551 20.440
 31    48.452 53310.52069878 17.16 133.023418  48.061791 20.440
 31    47.503 53310.52069942 18.98 133.022088  48.065031 20.440
 31    45.231 53310.52070007 23.05 133.020758  48.068271 20.440
 31    45.220 53310.52070071 22.34 133.019418  48.071521 20.440
 32    42.933 53345.52066486 30.69 133.031147  48.063377 19.798
 32    43.314 53345.52066551 48.96 133.029817  48.066617 19.798
 32    43.445 53345.52066615 47.89 133.028477  48.069857 19.798
 32    43.283 53345.52066680 50.12 133.027147  48.073107 19.798
 32    43.109 53345.52066744 34.58 133.025817  48.076347 19.798
 32    43.007 53345.52066809 29.63 133.024477  48.079587 19.798
 32    42.896 53345.52066873 27.27 133.023147  48.082837 19.798
 32    43.432 53345.52066938 27.66 133.021817  48.086077 19.798
 32    43.039 53345.52067002 36.70 133.020477  48.089317 19.798
 33    44.063 53380.52061771 17.86 133.024389  48.058945  5.404
 33    44.092 53380.52061835 17.69 133.023049  48.062195  5.404
 33    44.106 53380.52061900 20.17 133.021719  48.065435  5.404
 33    44.151 53380.52061964 20.53 133.020389  48.068675  5.404
 34    44.046 53415.52064481 19.58 133.029253  48.076278  5.852
 34    43.917 53415.52064546 18.34 133.027913  48.079518  5.852
 34    43.702 53415.52064610 20.66 133.026583  48.082768  5.852
 34    43.871 53415.52064675 16.59 133.025253  48.086008  5.852
 34    43.732 53415.52064739 17.53 133.023913  48.089248  5.852
 34    43.714 53415.52064804 15.79 133.022583  48.092488  5.852
 37    47.476 53520.52071779 19.53 133.030689  48.063770 12.792
 37    47.121 53520.52071843 18.81 133.029359  48.067020 12.792
 37    46.845 53520.52071908 18.29 133.028029  48.070260 12.792
 37    46.838 53520.52071972 18.53 133.026689  48.073500 12.792
 37    47.125 53520.52072037 18.99 133.025359  48.076750 12.792
 37    47.234 53520.52072101 19.68 133.024029  48.079990 12.792
 37    47.694 53520.52072230 22.13 133.021359  48.086470 12.792
 37    46.922 53520.52072294 21.42 133.020029  48.089720 12.792
 41    47.445 53660.52069136 12.14 133.024237  48.059878 13.137
 41    48.093 53660.52069201 12.97 133.022907  48.063128 13.137
 41    46.080 53660.52069265 17.94 133.021567  48.066368 13.137
 41    44.997 53660.52069330 21.13 133.020237  48.069608 13.137
 42    43.934 53695.52066381 30.65 133.031991  48.061650 21.229
 42    44.054 53695.52066446 45.77 133.030661  48.064890 21.229
 42    44.007 53695.52066510 47.95 133.029331  48.068130 21.229
 42    43.694 53695.52066768 39.76 133.023991  48.081100 21.229
 42    43.712 53695.52066833 41.20 133.022661  48.084350 21.229
 42    43.797 53695.52066897 44.26 133.021331  48.087590 21.229
 42    43.899 53695.52066962 38.55 133.019991  48.090830 21.229
 43    44.457 53730.52059117 26.60 133.030026  48.085438 12.976
 43    44.061 53730.52059181 23.78 133.028696  48.088678 12.976
 43    44.160 53730.52059310 22.72 133.026026  48.095168 12.976
 44    44.299 53765.52055482 16.37 133.031624  48.061693  3.857
 44    44.456 53765.52055547 16.28 133.030294  48.064933  3.857
 44    44.717 53765.52055611 17.48 133.028964  48.068183  3.857
 44    44.250 53765.52055805 28.23 133.024959  48.077907  7.364
 44    43.970 53765.52055869 29.58 133.023619  48.081147  7.364
 44    44.800 53765.52055934 20.61 133.022289  48.084397  7.364
 44    43.932 53765.52055998 16.34 133.020959  48.087637  7.364
 45    44.485 53800.52056140 35.26 133.032753  48.075322 14.392
 45    44.319 53800.52056205 37.40 133.031413  48.078562 14.392
 45    44.724 53800.52056269 27.86 133.030083  48.081812 14.392
 45    44.179 53800.52056334 14.13 133.028753  48.085052 14.392
 45    44.016 53800.52056398 13.57 133.027413  48.088292 14.392
 45    44.059 53800.52056463 13.51 133.026083  48.091532 14.392
 45    45.361 53800.52056527 13.94 133.024753  48.094782 14.392
 46    45.242 53835.52056218 37.11 133.023328  48.058969 13.075
 46    45.584 53835.52056282 29.26 133.021998  48.062209 13.075
 46    46.477 53835.52056347 25.83 133.020658  48.065449 13.075
 48    47.276 53905.52065706 45.89 133.025775  48.059664 20.020
 48    49.453 53905.52065770 39.95 133.024445  48.062914 20.020
 48    48.578 53905.52065835 44.27 133.023115  48.066154 20.020
 48    48.537 53905.52065899 44.56 133.021775  48.069394 20.020
 48    48.565 53905.52065964 43.38 133.020445  48.072644 20.020
 50    47.568 53975.52064626 42.43 133.031358  48.062162 10.796
 50    47.465 53975.52064691 46.22 133.030028  48.065402 10.796
 50    47.166 53975.52064755 47.68 133.028695  48.068642 20.634
 50    47.449 53975.52064820 47.44 133.027355  48.071882 20.634
 51    45.712 54010.52064463 31.18 133.023317  48.059649 12.719
 51    45.814 54010.52064528 32.33 133.021977  48.062899 12.719
 52    45.128 54045.52066160 39.81 133.031576  48.064966 11.403
 52    44.753 54045.52066225 46.92 133.030238  48.068203 26.045
 53    44.456 54080.52065415 22.94 133.032137  48.062301  5.262
 53    44.493 54080.52065480 25.14 133.030807  48.065551  5.262
 53    44.629 54080.52065544 24.79 133.029471  48.068788 11.826
 53    45.089 54080.52065673 30.06 133.026801  48.075278 11.826
 53    44.500 54080.52065738 28.70 133.025471  48.078518 11.826
 53    44.348 54080.52065802 29.44 133.024141  48.081758 11.826
 53    44.455 54080.52065866 40.43 133.022801  48.085008 11.826
 53    44.833 54080.52065931 48.06 133.021471  48.088248 11.826
 54    44.591 54115.52058995 25.00 133.034051  48.069604 11.314
 54    44.684 54115.52059059 29.03 133.032721  48.072844 11.314
 54    44.528 54115.52059124 46.81 133.031391  48.076094 11.314
 54    45.113 54115.52059188 36.10 133.030061  48.079334 11.314
 54    44.774 54115.52059253 30.22 133.028721  48.082574 11.314
 54    44.430 54115.52059317 28.00 133.027391  48.085824 11.314
 54    44.290 54115.52059382 25.43 133.026061  48.089064 11.314
 54    44.116 54115.52059446 22.69 133.024721  48.092304 11.314
 54    43.869 54115.52059511 21.11 133.023391  48.095554 11.314
 55    44.210 54150.52060313 12.53 133.027066  48.061405 12.187
 55    44.493 54150.52060377 12.33 133.025726  48.064645 12.187
 55    44.623 54150.52060442 14.25 133.024396  48.067885 12.187
 55    44.936 54150.52060635 39.33 133.020396  48.077615 12.187
 56    45.322 54185.52058097  7.72 133.033876  48.068107  6.734
 56    44.997 54185.52058162 19.15 133.032546  48.071347  6.734
 57    46.538 54220.52061202 45.19 133.025636  48.058719 11.178
 57    45.766 54220.52061266 46.04 133.024306  48.061959 11.178
 57    46.707 54220.52061331 45.48 133.022966  48.065209 11.178
 57    46.572 54220.52061395 46.96 133.021636  48.068449 11.178
 57    46.239 54220.52061460 47.35 133.020306  48.071689 11.178
 58    46.618 54255.52063593 34.75 133.029300  48.059884 11.927
 58    46.054 54255.52063657 35.22 133.027970  48.063134 11.927
 58    46.461 54255.52063722 31.84 133.026640  48.066374 11.927
 58    46.819 54255.52063786 31.84 133.025300  48.069614 11.927
 58    46.863 54255.52063851 34.41 133.023970  48.072864 11.927
 58    46.342 54255.52063915 34.74 133.022640  48.076104 11.927
 59    45.476 54290.52064266 51.40 133.022045  48.084303 24.638
 59    46.232 54290.52064330 46.60 133.020715  48.087543 24.638
 60    46.677 54325.52063636 15.70 133.030815  48.065069  7.739
 60    46.554 54325.52063700 14.80 133.029485  48.068309  7.739
 60    46.713 54325.52063765 15.57 133.028145  48.071549  7.739
 60    46.592 54325.52063829 14.44 133.026815  48.074799  7.739
 60    46.631 54325.52063894 13.83 133.025485  48.078039  7.739
 60    46.866 54325.52063958 14.59 133.024153  48.081275 21.166
 60    46.367 54325.52064023 20.93 133.022813  48.084525 21.166
 60    46.446 54325.52064087 14.08 133.021483  48.087765 21.166
 60    46.043 54325.52064152 14.08 133.020153  48.091005 21.166
 61    46.031 54360.52058998 40.93 133.034803  48.069319 11.427
 61    46.687 54360.52059062 38.70 133.033473  48.072559 11.427
 61    46.384 54360.52059127 42.49 133.032143  48.075799 11.427
 62    46.404 54395.52057556 18.68 133.029292  48.060932 11.470
 62    45.388 54395.52057621 17.24 133.027952  48.064172 11.470
 62    45.544 54395.52057685 17.16 133.026622  48.067412 11.470
 62    45.301 54395.52057750 19.03 133.025292  48.070662 11.470
 62    45.215 54395.52057814 22.25 133.023952  48.073902 11.470
 63    43.231 54430.52054046 32.66 133.031483  48.071787  9.462
 63    43.573 54430.52054110 30.33 133.030153  48.075037  9.462
 63    43.143 54430.52054174 28.18 133.028823  48.078277  9.462
 63    43.186 54430.52054239 28.53 133.027483  48.081517  9.462
 63    43.262 54430.52054303 34.28 133.026153  48.084757  9.462
 63    43.439 54430.52054368 37.99 133.024823  48.088007  9.462
 63    43.026 54430.52054432 39.75 133.023490  48.091243  7.230
 64    44.050 54465.52055553 21.18 133.028391  48.059710 11.948
 64    44.425 54465.52055618 21.37 133.027051  48.062950 11.948
 64    44.544 54465.52055682 26.76 133.025721  48.066190 11.948
 64    44.469 54465.52055746 39.80 133.024391  48.069440 11.948
 64    44.243 54465.52055811 47.62 133.023051  48.072680 11.948
 64    44.908 54465.52055875 51.14 133.021721  48.075920 11.948
 64    44.806 54465.52055940 51.20 133.020391  48.079160 11.948
 65    44.942 54500.52055437 22.71 133.026379  48.079782  6.470
 65    43.767 54500.52055501 20.79 133.025039  48.083022  6.470
 65    43.897 54500.52055566 19.48 133.023709  48.086272  6.470
 65    43.729 54500.52055630 16.28 133.022379  48.089512  6.470
 65    43.655 54500.52055695 15.91 133.021039  48.092752  6.470
 68    45.751 54605.52056494 17.15 133.028112  48.061243 12.821
 68    46.101 54605.52056558 13.25 133.026772  48.064483 12.821
 68    45.812 54605.52056623 14.39 133.025442  48.067723 12.821
 68    47.153 54605.52056687 13.57 133.024112  48.070973 12.821
 68    46.529 54605.52056752 15.52 133.022772  48.074213 12.821
 69    44.856 54640.52057437 43.24 133.030447  48.061164 17.418
 69    44.652 54640.52057502 48.48 133.029117  48.064414 17.418
 69    44.281 54640.52057760 36.75 133.023787  48.077384 17.418
 69    44.182 54640.52057824 37.38 133.022447  48.080624 17.418
 69    44.195 54640.52057889 39.97 133.021117  48.083864 17.418
 69    44.442 54640.52057953 41.21 133.019787  48.087114 17.418
 70    45.447 54675.52057629 35.62 133.029581  48.058750 10.505
 70    45.128 54675.52057693 28.75 133.028251  48.061990 10.505
 70    45.134 54675.52057758 22.73 133.026921  48.065240 10.505
 70    45.249 54675.52057822 21.70 133.025591  48.068480 10.505
 70    44.914 54675.52057887 21.02 133.024251  48.071720 10.505
 70    44.917 54675.52057951 18.45 133.022921  48.074960 10.505
 70    45.075 54675.52058016 16.89 133.021581  48.078210 10.505
 70    45.538 54675.52058080 18.42 133.020251  48.081450 10.505
 71    44.176 54710.52053866 50.99 133.025264  48.090592 20.909
 71    44.918 54710.52053930 48.06 133.023934  48.093842 20.909
 72    46.305 54745.52054367 38.65 133.028530  48.058828 13.820
 72    46.260 54745.52054432 46.40 133.027200  48.062068 13.820
 72    45.927 54745.52054496 49.53 133.025860  48.065308 13.820
 73    43.972 54780.52052140 49.39 133.023938  48.083268 17.927
 73    44.081 54780.52052205 48.33 133.022608  48.086508 17.927
 73    44.286 54780.52052269 46.51 133.021268  48.089758 17.927
 74    44.465 54815.52053676 23.73 133.028115  48.058382 15.026
 74    44.403 54815.52053741 26.73 133.026785  48.061632 15.026
 74    44.519 54815.52053805 33.40 133.025445  48.064872 15.026
 74    44.567 54815.52053870 29.34 133.024115  48.068112 15.026
 74    44.485 54815.52053934 42.41 133.022785  48.071352 15.026
 74    44.429 54815.52053999 50.50 133.021445  48.074602 15.026
 74    44.812 54815.52054063 44.72 133.020115  48.077842 15.026
 75    44.035 54850.52052105 15.78 133.022535  48.088067 10.354
 75    44.096 54850.52052170 15.73 133.021205  48.091317 10.354
 76    44.670 54885.52054094 12.17 133.027305  48.060687  8.388
 76    44.717 54885.52054159 12.68 133.025965  48.063927  8.388
 76    44.553 54885.52054223 15.21 133.024635  48.067167  8.388
 77    45.664 54920.52051807 22.37 133.033333  48.066689 10.558
 77    43.704 54920.52051871 38.46 133.032003  48.069939 10.558
 77    44.094 54920.52051936 28.13 133.030673  48.073179 10.558
 79    45.420 54990.52056008 26.98 133.026673  48.060146 14.426
 79    45.827 54990.52056072 25.88 133.025343  48.063386 14.426
 79    45.807 54990.52056137 34.79 133.024003  48.066626 14.426
 79    45.968 54990.52056201 38.96 133.022673  48.069876 14.426
 79    45.422 54990.52056266 43.91 133.021333  48.073116 14.426
 80    47.907 55025.52055157 44.79 133.032046  48.063398 14.715
 80    47.894 55025.52055221 47.09 133.030716  48.066638 14.715
 80    48.031 55025.52055286 46.59 133.029376  48.069878 14.715
 80    47.791 55025.52055350 46.13 133.028046  48.073118 14.715
 82    50.516 55095.52049794 44.80 133.033049  48.070445 23.222
 82    50.302 55095.52049858 44.83 133.031719  48.073685 23.222
 82    50.048 55095.52049923 44.54 133.030389  48.076925 23.222
 82    49.968 55095.52049987 45.37 133.029049  48.080165 23.222
 82    50.048 55095.52050051 45.41 133.027719  48.083415 23.222
 82    50.159 55095.52050116 45.65 133.026389  48.086655 23.222
 82    50.021 55095.52050180 46.24 133.025049  48.089895 23.222
 82    50.028 55095.52050245 44.94 133.023719  48.093145 23.222
 83    45.083 55130.52048688 43.52 133.028681  48.059753 17.422
 83    46.650 55130.52048752 47.14 133.027351  48.063003 17.422
 83    47.349 55130.52048817 45.21 133.026021  48.066243 17.422
 83    47.942 55130.52048881 43.18 133.024681  48.069483 17.422
 83    47.757 55130.52048946 44.18 133.023351  48.072723 17.422
 83    47.028 55130.52049010 45.89 133.022011  48.075973 17.422
 83    47.728 55130.52049075 44.83 133.020681  48.079213 17.422
 84    45.053 55165.52045873 27.49 133.031774  48.065019 24.270
 84    45.241 55165.52045938 33.22 133.030444  48.068259 24.270
 84    45.310 55165.52046002 39.94 133.029114  48.071509 24.270
 84    45.439 55165.52046067 36.60 133.027774  48.074749 24.270
 84    44.909 55165.52046131 35.08 133.026444  48.077989 24.270
 84    44.943 55165.52046195 35.14 133.025114  48.081229 24.270
 84    44.965 55165.52046260 36.20 133.023774  48.084479 24.270
 84    44.967 55165.52046324 49.19 133.022444  48.087719 24.270
 84    45.110 55165.52046389 45.75 133.021114  48.090959 24.270
 85    46.590 55200.52047916 20.00 133.027191  48.060538 10.899
 85    45.927 55200.52047980 16.22 133.025851  48.063778 10.899
 85    45.713 55200.52048045 18.36 133.024521  48.067018 10.899
 85    45.738 55200.52048109 26.97 133.023191  48.070268 10.899
 85    45.544 55200.52048174 29.07 133.021851  48.073508 10.899
 85    45.669 55200.52048238 30.87 133.020521  48.076748 10.899
 86    45.809 55235.52046476 14.30 133.032052  48.066100 11.101
 86    45.850 55235.52046540 16.31 133.030722  48.069340 11.101
 86    46.470 55235.52046669 19.20 133.028052  48.075820 11.101
 86    45.253 55235.52046734 15.74 133.026722  48.079070 11.101
 86    45.171 55235.52046798 27.71 133.025392  48.082310 11.101
 86    45.273 55235.52046863 29.74 133.024052  48.085550 11.101
 86    45.095 55235.52046927 42.99 133.022722  48.088790 11.101
 86    45.904 55235.52046992 42.92 133.021392  48.092040 11.101
 87    46.370 55270.52047355 11.00 133.029472  48.061414  3.334
 87    45.732 55270.52047419 10.32 133.028132  48.064654  3.334
 87    45.098 55270.52047484 10.17 133.026802  48.067894  3.334
 87    44.994 55270.52047548 10.00 133.025472  48.071134  3.334
 87    44.897 55270.52047613  9.98 133.024142  48.074384  3.334
 87    44.917 55270.52047677  9.94 133.022802  48.077624  3.334
 87    45.017 55270.52047742  9.87 133.021472  48.080864  3.334
 87    44.472 55270.52047806 17.75 133.020142  48.084114  3.334
 88    48.661 55305.52044706 19.52 133.034096  48.070743  6.897
 88    47.877 55305.52044770 19.79 133.032756  48.073983  6.897
 88    47.524 55305.52044835 19.71 133.031426  48.077233  6.897
 88    47.156 55305.52044899 20.56 133.030096  48.080473  6.897
 88    46.581 55305.52044964 20.33 133.028766  48.083713  6.897
 88    46.797 55305.52045028 22.38 133.027426  48.086963  6.897
 89    48.383 55340.52044469 23.39 133.030720  48.059484  9.681
 89    47.774 55340.52044534 19.63 133.029390  48.062724  9.681
 89    47.359 55340.52044598 19.11 133.028060  48.065974  9.681
 89    48.234 55340.52044663 18.65 133.026730  48.069214  9.681
 89    48.474 55340.52044727 18.17 133.025390  48.072454  9.681
 89    49.059 55340.52044792 16.68 133.024060  48.075704  9.681
 89    49.213 55340.52044856 16.25 133.022720  48.078944  9.681
 89    48.623 55340.52044921 16.01 133.021390  48.082184  9.681
 89    48.162 55340.52044985 16.53 133.020060  48.085434  9.681
 90    48.425 55375.52043756 15.11 133.032024  48.063075  8.832
 90    47.288 55375.52043821 14.99 133.030694  48.066315  8.832
 90    45.956 55375.52043885 15.51 133.029354  48.069555  8.832
 90    46.128 55375.52043950 14.46 133.028024  48.072805  8.832
 90    46.021 55375.52044014 13.82 133.026694  48.076045  8.832
 90    46.333 55375.52044079 14.37 133.025354  48.079285  8.832
 90    46.033 55375.52044143 15.48 133.024024  48.082525  8.832
 90    46.498 55375.52044208 15.89 133.022694  48.085775  8.832
 90    45.956 55375.52044272 15.76 133.021359  48.089011 30.330
 92    49.026 55445.52045392 25.22 133.030819  48.063312 10.780
 92    48.618 55445.52045457 22.89 133.029489  48.066562 10.780
 92    48.136 55445.52045521 22.99 133.028149  48.069802 10.780
 92    48.262 55445.52045586 24.78 133.026819  48.073042 10.780
