# NaN NaN NaN ;Mean Elev.(m), Avg Gradient(m/km), RMS Gradient(m/km) - SRTM1     
#   10.030 -14.334  42.157 ;Mean Elev.(m), Avg Gradient(m/km), RMS Gradient(m/km) - ASTER GDEM
#    0.078 -15.569  43.387 ;Mean Elev.(m), Avg Gradient(m/km), RMS Gradient(m/km) - GMTED2010 
  7     4.639 52444.05870342 17.21 140.169339  52.611301 22.374
  7     4.244 52444.05870407 16.84 140.167769  52.608081 22.374
  7     4.238 52444.05870471 16.61 140.166209  52.604861 22.374
  7     4.751 52444.05870536 17.53 140.164649  52.601631 22.374
  7     4.486 52444.05870600 23.56 140.163079  52.598411 22.374
 10     2.080 52549.05868684 16.64 140.181425  52.608306 14.147
 10     3.364 52549.05868748 15.12 140.179865  52.605086 14.147
 10     4.055 52549.05868813 17.42 140.178295  52.601866 14.147
 12     0.925 52619.05865390 16.63 140.170170  52.613888  4.158
 12     0.926 52619.05865454 16.27 140.168610  52.610668  4.158
 12     0.956 52619.05865519 18.38 140.167040  52.607448  4.158
 12     0.918 52619.05865583 17.99 140.165480  52.604228  4.158
 12     1.000 52619.05865648 16.53 140.163910  52.600998  4.158
 12     0.595 52619.05865712 16.43 140.162350  52.597778  4.158
 13     0.835 52654.05863546 13.01 140.189610  52.610130  3.376
 13     1.016 52654.05863611 13.90 140.188050  52.606910  3.376
 13     0.974 52654.05863675 12.42 140.186480  52.603690  3.376
 13     0.841 52654.05863740 12.73 140.184920  52.600460  3.376
 14     0.979 52689.05863265 11.40 140.172109  52.611008  4.387
 14     0.930 52689.05863329 11.32 140.170539  52.607788  4.387
 14     0.768 52689.05863394 12.17 140.168979  52.604558  4.387
 14     0.751 52689.05863458 12.39 140.167416  52.601342  3.800
 14     0.653 52689.05863523 11.65 140.165856  52.598112  3.800
 15     0.761 52724.05867799 11.85 140.179172  52.608451  3.405
 15     0.767 52724.05867864 11.83 140.177612  52.605231  3.405
 15     1.027 52724.05867928 11.09 140.176042  52.602011  3.405
 15     0.992 52724.05867993 11.14 140.174484  52.598790  3.807
 17    18.021 52794.05865140 21.08 140.189880  52.610228 13.018
 17    18.476 52794.05865204 28.52 140.188320  52.606998 13.018
 17     8.689 52794.05865269 30.77 140.186750  52.603778 13.018
 17     3.039 52794.05865333 34.61 140.185190  52.600558 13.018
 18    -0.298 52829.05871895 19.42 140.190728  52.609087 10.084
 18     1.749 52829.05871960 17.72 140.189168  52.605857 10.084
 20     3.658 52899.05879312 22.15 140.174033  52.610670 13.609
 20     3.767 52899.05879377 16.67 140.172463  52.607450 13.609
 20     3.873 52899.05879441 17.82 140.170903  52.604230 13.609
 20     4.096 52899.05879506 20.01 140.169343  52.601010 13.609
 20     4.087 52899.05879570 33.37 140.167773  52.597780 13.609
 23     1.194 53004.05877054 18.96 140.171241  52.611097  3.462
 23     1.145 53004.05877118 19.50 140.169671  52.607877  3.462
 23     1.278 53004.05877183 19.46 140.168111  52.604657  3.462
 23     1.180 53004.05877247 19.88 140.166551  52.601437  3.462
 23     1.824 53004.05877312 18.47 140.164981  52.598207  3.462
 24     1.181 53039.05871930 17.16 140.167774  52.613454  6.258
 24     0.997 53039.05871994 18.68 140.166204  52.610224  6.258
 24     0.897 53039.05872059 19.60 140.164644  52.607004  6.258
 24     1.011 53039.05872123 19.33 140.163074  52.603784  6.258
 24     1.094 53039.05872187 18.02 140.161514  52.600564  6.258
 24     1.262 53039.05872252 17.46 140.159954  52.597334  6.258
 25     1.821 53074.05874909 14.38 140.174841  52.611860  4.119
 25     1.744 53074.05874974 14.41 140.173281  52.608640  4.119
 26     4.192 53109.05871940 10.05 140.166641  52.613543 17.655
 26     3.851 53109.05872005  8.57 140.165081  52.610313 17.655
 26     2.813 53109.05872069  7.66 140.163521  52.607093 17.655
 26     2.666 53109.05872134  3.60 140.161951  52.603873 17.655
 26     1.963 53109.05872198  4.62 140.160391  52.600643 17.655
 26     1.708 53109.05872263  2.75 140.158831  52.597423 17.655
 27     4.169 53144.05875930 14.29 140.180647  52.610956  8.788
 27     4.014 53144.05875994 15.48 140.179087  52.607736  8.788
 27     4.312 53144.05876059 17.62 140.177517  52.604516  8.788
 27     4.488 53144.05876123 21.07 140.175957  52.601286  8.788
 27     4.414 53144.05876188 35.30 140.174387  52.598066  8.788
 28     5.052 53179.05877648 18.15 140.181145  52.609651 10.926
 28     4.612 53179.05877713 19.26 140.179585  52.606421 10.926
 28     5.127 53179.05877777 19.64 140.178025  52.603201 10.926
 30     4.805 53249.05876695 15.45 140.174404  52.613383 15.776
 30     5.027 53249.05876759 15.01 140.172844  52.610153 15.776
 30     4.964 53249.05876824 15.59 140.171284  52.606933 15.776
 30     5.413 53249.05876888 16.89 140.169714  52.603713 15.776
 30     5.385 53249.05876953 19.09 140.168154  52.600493 15.776
 30     6.328 53249.05877017 27.97 140.166594  52.597263 15.776
 31     2.193 53284.05876186 17.83 140.180310  52.608683  7.076
 31     2.830 53284.05876250 16.76 140.178740  52.605463  7.076
 33     0.858 53354.05872075 16.70 140.178160  52.609884  4.745
 33     0.955 53354.05872140 16.84 140.176590  52.606664  4.745
 33     0.980 53354.05872204 16.58 140.175030  52.603434  4.745
 33     1.013 53354.05872269 15.78 140.173470  52.600214  4.745
 34     1.751 53389.05872188 11.59 140.184648  52.609428  5.098
 34     0.601 53389.05872252 10.79 140.183078  52.606208  5.098
 34     0.936 53389.05872317 10.56 140.181518  52.602988  5.098
 34     0.646 53389.05872381 10.95 140.179958  52.599758  5.098
 35     0.786 53424.05872136  9.40 140.181843  52.608146  4.745
 35     0.794 53424.05872200 10.60 140.180273  52.604926  4.745
 35     1.112 53424.05872264  9.38 140.178713  52.601706  4.745
 35     0.853 53424.05872329  9.70 140.177143  52.598476  4.745
 38     4.470 53529.05878730 17.67 140.183619  52.610438 14.804
 38     4.157 53529.05878795 18.90 140.182049  52.607218 14.804
 38     4.767 53529.05878859 20.93 140.180489  52.603988 14.804
 38     5.076 53529.05878924 23.75 140.178929  52.600768 14.804
 38     5.096 53529.05878988 36.26 140.177359  52.597548 14.804
 39     3.283 53564.05881874 15.06 140.167768  52.607885  9.181
 39     3.164 53564.05881938 15.69 140.166208  52.604665  9.181
 39     3.346 53564.05882002 18.94 140.164638  52.601445  9.181
 39     3.659 53564.05882067 23.69 140.163078  52.598225  9.181
 40     3.308 53599.05875982 14.57 140.175638  52.607812  5.758
 40     3.964 53599.05876046 15.52 140.174068  52.604592  5.758
 41     1.555 53634.05875554 21.31 140.181411  52.609108  9.082
 41     1.570 53634.05875619 21.05 140.179841  52.605888  9.082
 41     2.606 53634.05875683 20.69 140.178281  52.602668  9.082
 41     5.196 53634.05875747 20.80 140.176711  52.599448  9.082
 43     2.813 53704.05871705 34.99 140.180954  52.610859 14.217
 43     4.239 53704.05871769 35.19 140.179384  52.607639 14.217
 43     2.140 53704.05871834 35.82 140.177824  52.604409 14.217
 43     2.215 53704.05871898 34.84 140.176264  52.601189 14.217
 43     1.989 53704.05871963 33.27 140.174694  52.597969 14.217
 44     0.732 53739.05862613 18.77 140.173050  52.612304  4.568
 44     0.540 53739.05862677 19.36 140.171480  52.609084  4.568
 44     0.510 53739.05862742 19.74 140.169920  52.605864  4.568
 44     0.722 53739.05862806 18.36 140.168360  52.602644  4.568
 44     0.480 53739.05862871 17.90 140.166790  52.599414  4.568
 45     1.563 53774.05864413 11.90 140.186575  52.608760  5.169
 45     0.584 53774.05864478 12.13 140.185005  52.605540  5.169
 45     0.413 53774.05864542 12.66 140.183445  52.602320  5.169
 45     1.085 53774.05864607 11.25 140.181875  52.599100  5.169
 46     0.379 53809.05862856 10.78 140.175103  52.612388  4.191
 46     0.532 53809.05862921 10.13 140.173543  52.609168  4.191
 46     0.506 53809.05862985 10.36 140.171973  52.605938  4.191
 46     0.319 53809.05863049 11.08 140.170413  52.602718  4.191
 46     0.214 53809.05863114 10.58 140.168853  52.599498  4.191
 48     3.552 53879.05869879 16.40 140.185733  52.610486 11.728
 48     4.013 53879.05869944 14.99 140.184173  52.607256 11.728
 48     4.967 53879.05870008 15.62 140.182603  52.604036 11.728
 48     4.701 53879.05870073 18.64 140.181043  52.600816 11.728
 49     3.687 53914.05875353 19.55 140.173887  52.612517 15.188
 49     3.518 53914.05875417 20.93 140.172317  52.609297 15.188
 49     3.333 53914.05875482 19.55 140.170757  52.606077 15.188
 49     3.216 53914.05875546 20.22 140.169187  52.602857 15.188
 50     3.885 53949.05876531 15.54 140.169093  52.613147 21.966
 50     3.598 53949.05876595 14.46 140.167533  52.609917 21.966
 50     3.476 53949.05876660 15.69 140.165963  52.606697 21.966
 50     3.645 53949.05876724 16.81 140.164403  52.603477 21.966
 50     3.921 53949.05876789 20.89 140.162843  52.600257 21.966
 52     1.012 54019.05873768 18.36 140.186912  52.611373 12.763
 52     1.950 54019.05873832 16.50 140.185352  52.608143 12.763
 52     3.430 54019.05873897 15.84 140.183782  52.604923 12.763
 52     4.576 54019.05873961 16.99 140.182222  52.601703 12.763
 54     1.536 54089.05872052 13.61 140.176754  52.611703  6.253
 54     1.895 54089.05872117 12.74 140.175184  52.608473  6.253
 54     2.017 54089.05872181 12.56 140.173624  52.605253  6.253
 54     0.794 54089.05872246 13.88 140.172064  52.602033  6.253
 54     1.050 54089.05872310 13.39 140.170504  52.598813  6.253
 56     1.242 54159.05868599 11.41 140.177367  52.608860  3.112
 56     1.000 54159.05868664 11.47 140.175807  52.605640  3.112
 56     1.193 54159.05868728 10.84 140.174237  52.602420  3.112
 56     1.457 54159.05868793 10.81 140.172677  52.599200  3.112
 57     1.513 54194.05864623 11.28 140.186370  52.609489  3.227
 57     1.469 54194.05864687 11.37 140.184810  52.606259  3.227
 57     1.998 54194.05864816 10.27 140.181680  52.599819  3.227
 58     4.837 54229.05869754 19.42 140.180398  52.610648 12.917
 58     4.717 54229.05869819 22.73 140.178838  52.607418 12.917
 58     4.968 54229.05869883 22.82 140.177268  52.604198 12.917
 58     5.322 54229.05869948 23.24 140.175708  52.600978 12.917
 58     5.469 54229.05870012 37.67 140.174138  52.597758 12.917
 59     3.395 54264.05871633 13.11 140.179904  52.608053 16.780
 59     4.180 54264.05871697 13.66 140.178344  52.604823 16.780
 59     5.124 54264.05871762 16.33 140.176774  52.601603 16.780
 60     1.154 54299.05871954 20.41 140.181193  52.610857 15.193
 60     0.899 54299.05872019 20.28 140.179633  52.607637 15.193
 64     0.472 54439.05861120 29.89 140.188005  52.608796  8.702
 64     0.294 54439.05861184 30.90 140.186435  52.605576  8.702
 64     0.181 54439.05861249 29.65 140.184875  52.602356  8.702
 64     0.281 54439.05861313 28.61 140.183305  52.599136  8.702
 65     0.876 54474.05864062 23.22 140.182495  52.608282  6.314
 65     0.994 54474.05864126 23.45 140.180935  52.605062  6.314
 65     0.677 54474.05864191 22.51 140.179365  52.601842  6.314
 65     0.497 54474.05864255 21.96 140.177805  52.598622  6.314
 66    -0.070 54509.05862322 14.19 140.187109  52.610018  4.198
 66     0.136 54509.05862387 13.42 140.185539  52.606798  4.198
 66     0.049 54509.05862451 13.44 140.183979  52.603578  4.198
 66     0.466 54509.05862516 12.44 140.182419  52.600348  4.198
 67     1.581 54544.05865484 13.94 140.178781  52.609543  3.307
 67     1.558 54544.05865549 13.68 140.177221  52.606323  3.307
 67     1.531 54544.05865613 13.76 140.175651  52.603103  3.307
 67     1.445 54544.05865678 13.54 140.174091  52.599873  3.307
 68     2.206 54579.05862311 34.03 140.182197  52.610275 18.633
 68     2.418 54579.05862376 24.60 140.180627  52.607055 18.633
 68     3.071 54579.05862440 21.85 140.179067  52.603835 18.633
 73     2.141 54754.05862523 13.91 140.179824  52.609432 13.001
 73     2.377 54754.05862588 14.61 140.178254  52.606212 13.001
 73     3.306 54754.05862652 15.16 140.176694  52.602982 13.001
 75     0.780 54824.05862040 13.60 140.182073  52.608607  3.602
 75     0.824 54824.05862105 14.70 140.180503  52.605387  3.602
 75     1.033 54824.05862169 14.18 140.178943  52.602157  3.602
 75     1.461 54824.05862233 13.22 140.177383  52.598937  3.602
 76     2.515 54859.05858431  9.41 140.189441  52.611429  5.190
 76     2.722 54859.05858496 10.15 140.187871  52.608209  5.190
 76     2.195 54859.05858560 10.15 140.186311  52.604989  5.190
 76     2.572 54859.05858625  9.97 140.184741  52.601769  5.190
 76     2.701 54859.05858689 10.14 140.183181  52.598539  5.190
 77     0.978 54894.05862227  9.75 140.175736  52.610941  3.138
 77     0.736 54894.05862291 10.82 140.174166  52.607721  3.138
 77     0.922 54894.05862356 10.57 140.172606  52.604491  3.138
 77     1.379 54894.05862420  9.88 140.171046  52.601271  3.138
 77     1.931 54894.05862485  9.88 140.169476  52.598051  3.138
 78     2.843 54929.05858562 12.31 140.181199  52.604026  5.128
 78     3.151 54929.05858626 12.11 140.179629  52.600806  5.128
 78     3.573 54929.05858691 11.60 140.178069  52.597576  5.128
 79     3.712 54964.05862179 20.29 140.178976  52.609696 15.537
 79     3.897 54964.05862244 18.80 140.177416  52.606476 15.537
 79     4.593 54964.05862308 18.27 140.175846  52.603256 15.537
 83     4.993 55104.05855853 16.59 140.185223  52.610975  9.376
 83     4.356 55104.05855917 19.79 140.183653  52.607755  9.376
 83     4.982 55104.05855982 19.42 140.182093  52.604535  9.376
 83     5.377 55104.05856046 22.14 140.180523  52.601315  9.376
 84     2.872 55139.05856659 26.65 140.179131  52.609999 13.116
 84     2.861 55139.05856724 25.75 140.177561  52.606779 13.116
 84     3.816 55139.05856788 24.78 140.176001  52.603549 13.116
 84     4.850 55139.05856852 25.15 140.174441  52.600329 13.116
 85     1.338 55174.05852655 23.38 140.187842  52.609929  5.760
 85     1.300 55174.05852720 23.24 140.186282  52.606709  5.760
 85     1.098 55174.05852784 23.88 140.184712  52.603489  5.760
 85     1.189 55174.05852849 22.92 140.183152  52.600259  5.760
 86     0.736 55209.05856117 19.33 140.181294  52.610827  8.133
 86     0.950 55209.05856182 19.76 140.179734  52.607607  8.133
 86     0.928 55209.05856246 18.44 140.178164  52.604387  8.133
 86     1.001 55209.05856311 17.46 140.176604  52.601157  8.133
 86     1.025 55209.05856375 17.14 140.175044  52.597937  8.133
 87     0.710 55244.05853229 12.70 140.184830  52.611047  5.144
 87     0.768 55244.05853294 13.36 140.183260  52.607827  5.144
 87     0.908 55244.05853358 12.84 140.181700  52.604607  5.144
 87     0.954 55244.05853423 12.49 140.180130  52.601387  5.144
 87     0.975 55244.05853487 11.73 140.178570  52.598157  5.144
 88     0.506 55279.05855533 13.92 140.175259  52.609495  4.157
 88     0.479 55279.05855597 13.49 140.173689  52.606275  4.157
 88     0.482 55279.05855662 12.60 140.172129  52.603045  4.157
 88    -0.126 55279.05855726 13.16 140.170569  52.599825  4.157
 91     3.234 55384.05851778 16.04 140.184367  52.610783  6.561
 91     3.201 55384.05851842 15.94 140.182807  52.607563  6.561
 91     4.205 55384.05851907 16.08 140.181237  52.604343  6.561
 91     5.008 55384.05851971 17.23 140.179677  52.601113  6.561
 92     3.473 55419.05854438 13.92 140.181905  52.610808 14.822
 92     3.692 55419.05854503 14.70 140.180335  52.607588 14.822
 92     3.961 55419.05854567 15.11 140.178775  52.604368 14.822
 92     4.528 55419.05854632 17.09 140.177205  52.601148 14.822
