-173205.792   367.158     0.00   17.72
-172827.745   355.128   -31.83   21.79
-172449.742   338.011   -45.29   19.70
-172071.785   321.470   -43.77   15.66
-171693.871   310.685   -28.54   11.94
-171316.002   301.660   -23.89   13.08
-170938.178   290.876   -28.55   14.34
-170560.398   280.533   -27.38   14.26
-170182.663   270.945   -25.39   12.24
-169804.972   264.661   -16.64    5.10
-169427.326   265.740     2.86    9.43
-169049.724   273.029    19.31   18.33
-168672.166   284.184    29.55   23.32
-168294.653   296.874    33.62   24.17
-167917.184   302.549    15.04   22.98
-167539.760   303.228     1.80   21.64
-167162.379   307.311    10.82   21.98
-166785.044   322.429    40.07   33.99
-166407.752   348.929    70.25   44.58
-166030.505   376.224    72.37   35.23
-165653.302   383.754    19.97   26.50
-165276.143   374.300   -25.07   28.22
-164899.029   357.435   -44.73   20.83
-164521.959   352.744   -12.44   21.10
-164144.933   346.470   -16.65   22.60
-163767.951   341.650   -12.79   26.15
-163391.014   344.058     6.39   29.95
-163014.120   346.158     5.57   36.67
-162637.271   341.945   -11.18   39.50
-162260.466   344.101     5.72   37.53
-161883.704   346.316     5.88   33.22
-161506.987   333.174   -34.89   30.70
-161130.315   319.833   -35.43   37.80
-160753.686   292.316   -73.07   41.67
-160377.101   270.011   -59.24   31.61
-160000.560   260.865   -24.29   24.84
-159624.063   260.598    -0.71   29.90
-159247.610   273.273    33.67   32.72
-158871.202   281.805    22.67   24.84
-158494.837   276.591   -13.86   27.00
-158118.516   257.125   -51.73   30.07
-157742.239   239.322   -47.32   26.23
-157366.005   226.511   -34.06   22.64
-156989.816   217.994   -22.64   22.43
-156613.671   213.123   -12.95   20.36
-156237.569   212.960    -0.43   24.13
-155861.512   218.715    15.31   27.57
-155485.498   222.840    10.97   25.96
-155109.528   221.187    -4.40   23.87
-154733.601   220.161    -2.73   24.33
-154357.719   208.338   -31.46   29.64
-153981.880   194.105   -37.88   30.96
-153606.085   184.661   -25.13   26.64
-153230.334   184.111    -1.46   24.38
-152854.626   204.013    52.98   33.36
-152478.962   222.306    48.70   31.96
-152103.342   240.673    48.91   28.66
-151727.765   264.528    63.53   38.97
-151352.232   289.428    66.32   46.27
-150976.743   306.026    44.21   40.33
-150601.297   311.461    14.48   35.37
-150225.895   296.361   -40.23   44.71
-149850.536   268.835   -73.34   47.00
-149475.221   239.736   -77.54   38.01
-149099.950   211.196   -76.06   37.75
-148724.722   186.767   -65.11   28.06
-148349.537   172.704   -37.49   21.83
-147974.396   163.639   -24.17   14.68
-147599.298   170.461    18.19   24.94
-147224.244   188.125    47.10   37.27
-146849.234   193.328    13.87   36.00
-146474.266   185.910   -19.79   37.92
-146099.343   173.079   -34.23   36.45
-145724.462   160.453   -33.69   17.41
-145349.625   164.529    10.88   15.15
-144974.831   181.574    45.48   22.56
-144600.081   202.062    54.68   25.92
-144225.374   221.914    52.99   25.79
-143850.710   239.879    47.96   19.99
-143476.089   247.470    20.26   18.27
-143101.512   249.644     5.81   19.38
-142726.978   253.644    10.68   20.62
-142352.487   264.174    28.12   27.43
-141978.040   283.978    52.89   30.71
-141603.636   299.289    40.90   32.78
-141229.274   316.029    44.72   43.95
-140854.956   341.294    67.51   58.55
-140480.682   365.411    64.44   68.45
-140106.450   386.413    56.13   56.68
-139732.261   387.661     3.34   46.34
-139358.116   365.244   -59.92   57.96
-138984.013   327.343  -101.33   59.81
-138609.954   304.520   -61.02   38.70
-138235.938   309.155    12.39   39.93
-137861.965   326.598    46.65   38.44
-137488.035   333.486    18.42   39.51
-137114.147   320.825   -33.87   46.50
-136740.303   305.740   -40.36   44.47
-136366.502   291.011   -39.41   40.14
-135992.744   286.494   -12.09   39.35
-135619.028   297.028    28.19   40.55
-135245.356   311.244    38.05   37.26
-134871.727   330.089    50.44   34.47
-134498.140   341.266    29.92   27.18
-134124.596   339.720    -4.14   23.31
-133751.095   335.926   -10.16   25.92
-133377.637   324.699   -30.07   27.84
-133004.222   316.178   -22.82   30.65
-132630.850   316.622     1.19   36.16
-132257.520   314.961    -4.45   36.68
-131884.234   310.397   -12.23   36.55
-131510.990   299.571   -29.01   32.36
-131137.788   293.828   -15.39   28.03
-130764.630   289.105   -12.66   20.51
-130391.514   285.249   -10.34   18.92
-130018.441   277.371   -21.12   23.45
-129645.410   263.241   -37.88   26.58
-129272.423   248.453   -39.65   26.09
-128899.478   238.096   -27.77   24.49
-128526.575   225.847   -32.85   25.06
-128153.715   216.633   -24.71   22.66
-127780.898   214.207    -6.51   23.25
-127408.123   219.178    13.34   31.20
-127035.391   222.644     9.30   30.15
-126662.701   225.009     6.35   25.94
-126290.054   226.215     3.24   22.93
-125917.450   222.765    -9.26   25.27
-125544.888   225.909     8.44   31.85
-125172.368   233.650    20.78   31.76
-124799.891   241.874    22.08   30.86
-124427.457   244.558     7.21   29.31
-124055.065   239.346   -14.00   36.03
-123682.715   234.878   -12.00   39.03
-123310.408   228.130   -18.13   36.87
-122938.143   217.316   -29.05   35.40
-122565.920   206.945   -27.87   39.21
-122193.740   190.028   -45.46   35.38
-121821.602   173.174   -45.29   19.81
-121449.507   169.811    -9.04   13.93
-121077.454   172.091     6.13   19.17
-120705.443   170.644    -3.89   18.91
-120333.474   166.929    -9.99   14.20
-119961.548   163.710    -8.66    6.00
-119589.664   172.061    22.46   15.18
-119217.822   188.622    44.54   26.78
-118846.022   211.470    61.46   32.64
-118474.265   237.578    70.24   29.39
-118102.550   254.844    46.46   26.81
-117730.877   267.961    35.29   23.19
-117359.246   271.715    10.10   26.89
-116987.657   272.694     2.63   26.60
-116616.110   280.554    21.16   23.15
-116244.606   292.462    32.06   31.51
-115873.143   301.223    23.59   38.63
-115501.723   309.355    21.90   39.93
-115130.345   313.978    12.45   39.25
-114759.008   308.601   -14.48   32.73
-114387.714   294.198   -38.79   32.44
-114016.462   275.368   -50.73   37.75
-113645.252   251.194   -65.13   41.04
-113274.084   231.655   -52.65   40.75
-112902.957   210.232   -57.73   33.93
-112531.873   201.076   -24.68   34.21
-112160.831   190.025   -29.79   32.35
-111789.830   176.761   -35.76   33.59
-111418.872   165.300   -30.90   34.12
-111047.955   150.130   -40.90   23.40
-110677.080   149.289    -2.27   21.34
-110306.247   166.254    45.75   35.21
-109935.456   191.929    69.25   41.69
-109564.707   221.835    80.67   36.70
-109193.999   254.865    89.11   47.48
-108823.334   287.317    87.56   43.23
-108452.710   301.816    39.13   30.82
-108082.128   305.109     8.89   32.15
-107711.587   300.094   -13.53   39.37
-107341.089   280.470   -52.97   39.48
-106970.632   270.273   -27.53   36.96
-106600.216   272.650     6.42   30.46
-106229.843   281.254    23.23   28.27
-105859.511   306.207    67.39   34.07
-105489.221   322.874    45.02   27.79
-105118.972   322.144    -1.97   28.69
-104748.765   316.133   -16.24   33.23
-104378.600   301.666   -39.09   31.48
-104008.476   290.697   -29.64   31.55
-103638.394   284.683   -16.25   34.50
-103268.353   278.133   -17.70   32.84
-102898.354   265.929   -32.99   29.65
-102528.397   245.740   -54.58   29.15
-102154.739   224.435   -57.02   33.23
-101776.338   207.879   -43.76   26.16
-101397.981   209.096     3.22   33.49
-101019.667   216.656    19.98   39.66
-100641.396   227.048    27.48   41.64
-100263.169   229.814     7.31   39.64
 -99884.986   213.300   -43.67   34.52
 -99506.846   191.639   -57.29   33.43
 -99128.750   176.273   -40.64   29.44
 -98750.697   170.164   -16.16   26.48
 -98372.688   161.791   -22.15   26.72
 -97994.722   155.771   -15.93   27.29
 -97616.800   157.240     3.89   31.48
 -97238.921   156.771    -1.24   32.44
 -96861.085   156.452    -0.84   32.02
 -96483.293   158.757     6.10   32.56
 -96105.544   150.306   -22.38   32.91
 -95727.839   135.029   -40.45   27.16
 -95350.176   122.944   -32.00   24.11
 -94972.558   119.830    -8.25   23.02
 -94594.982   123.340     9.30   27.55
 -94217.450   129.300    15.79   31.03
 -93839.961   136.588    19.31   32.35
 -93462.515   139.881     8.73   32.27
 -93085.112   134.639   -13.89   28.04
 -92707.753   132.094    -6.74   26.86
 -92330.437   126.333   -15.27   26.20
 -91953.164   120.047   -16.66   22.14
 -91575.934   116.945    -8.22   20.88
 -91198.747   110.202   -17.88   20.03
 -90821.604    98.623   -30.70   24.16
 -90444.504    79.808   -49.90   24.29
 -90067.446    65.289   -38.51   20.98
 -89690.432    53.946   -30.09   12.87
 -89313.461    48.317   -14.93    5.95
 -88936.533    47.161    -3.07    4.85
 -88559.648    51.406    11.27   11.63
 -88182.806    56.349    13.12   16.97
 -87806.007    59.639     8.73   17.72
 -87429.251    64.317    12.42   22.00
 -87052.538    65.273     2.54   24.07
 -86675.868    60.561   -12.51   21.91
 -86299.240    56.469   -10.87   15.13
 -85922.656    59.133     7.07   18.72
 -85546.115    84.715    67.95   42.02
 -85169.617   110.817    69.33   43.17
 -84793.161   135.453    65.45   38.62
 -84416.748   153.814    48.78   38.91
 -84040.378   150.894    -7.76   37.74
 -83664.051   145.012   -15.63   35.01
 -83287.767   138.029   -18.56   30.62
 -82911.526   125.445   -33.45   24.29
 -82535.327   114.531   -29.01   22.98
 -82159.171   104.623   -26.34   23.55
 -81783.058    93.049   -30.77   20.38
 -81406.988    84.633   -22.38   17.96
 -81030.960    78.644   -15.93   17.62
 -80654.975    72.388   -16.64   16.33
 -80279.033    66.028   -16.92   13.02
 -79903.133    63.874    -5.73   12.06
 -79527.276    63.139    -1.96   13.89
 -79151.462    63.799     1.76   15.35
 -78775.690    62.811    -2.63   14.49
 -78399.961    56.893   -15.75   11.98
 -78024.274    52.438   -11.86    9.99
 -77648.630    47.094   -14.23    9.56
 -77273.029    42.723   -11.64    8.95
 -76897.470    37.828   -13.04    7.88
 -76521.953    35.012    -7.50    6.90
 -76146.479    32.878    -5.68    5.49
 -75771.048    31.012    -4.97    3.61
 -75395.659    30.043    -2.58    1.35
 -75020.313    30.164     0.32    1.36
 -74645.009    29.842    -0.86    1.54
 -74269.747    29.554    -0.77    1.45
 -73894.528    29.394    -0.43    1.44
 -73519.351    29.147    -0.66    1.46
 -73144.217    29.164     0.05    1.36
 -72769.125    29.207     0.11    1.13
 -72394.075    29.374     0.45    1.24
 -72019.067    29.322    -0.14    1.21
 -71644.102    29.133    -0.50    1.50
 -71269.180    28.704    -1.15    1.38
 -70894.299    28.426    -0.74    1.17
 -70519.461    28.361    -0.17    1.06
 -70144.665    28.155    -0.55    1.09
 -69769.911    28.028    -0.34    1.20
 -69395.200    27.892    -0.36    1.08
 -69020.530    27.549    -0.91    1.08
 -68645.903    27.306    -0.65    1.14
 -68271.318    27.013    -0.78    1.11
 -67896.775    27.043     0.08    1.33
 -67522.275    27.029    -0.04    1.92
 -67147.816    27.215     0.50    2.54
 -66773.400    30.578     8.98    9.05
 -66399.026    37.929    19.64   17.66
 -66024.693    57.194    51.47   32.87
 -65650.403    81.064    63.78   38.21
 -65276.155   107.542    70.76   36.20
 -64901.949   128.763    56.71   26.46
 -64527.785   135.181    17.15   21.50
 -64153.663   136.774     4.26   21.84
 -63779.583   131.835   -13.21   24.28
 -63405.544   128.311    -9.42   21.96
 -63031.548   127.707    -1.62   16.85
 -62657.594   137.365    25.83   20.98
 -62283.682   155.096    47.42   33.19
 -61909.811   186.757    84.69   44.66
 -61535.983   210.771    64.24   34.87
 -61162.196   212.043     3.40   33.53
 -60788.451   209.167    -7.70   37.13
 -60414.748   208.328    -2.25   33.98
 -60041.087   207.012    -3.52   31.93
 -59667.468   200.961   -16.20   31.86
 -59293.890   176.823   -64.62   37.42
 -58920.354   148.401   -76.09   28.27
 -58546.860   124.914   -62.89   24.67
 -58173.408   110.460   -38.71   18.00
 -57799.998   104.361   -16.34   12.88
 -57426.629   104.607     0.66   11.83
 -57053.302   113.622    24.15   18.42
 -56680.016   125.996    33.15   20.94
 -56306.773   136.091    27.05   19.72
 -55933.571   137.130     2.79   19.45
 -55560.410   130.147   -18.71   24.18
 -55187.291   121.300   -23.71   27.16
 -54814.214   109.781   -30.88   26.50
 -54441.178   103.978   -15.56   23.14
 -54068.184   106.842     7.68   21.64
 -53695.232   119.429    33.75   33.13
 -53322.321   139.311    53.32   39.50
 -52949.452   157.512    48.82   34.78
 -52576.624   166.855    25.06   29.84
 -52203.838   163.881    -7.98   26.46
 -51831.093   151.667   -32.77   18.85
 -51458.389   142.520   -24.54   18.62
 -51085.727   136.666   -15.71   26.37
 -50713.107   127.437   -24.77   29.63
 -50340.528   118.351   -24.39   29.33
 -49967.990   111.130   -19.38   24.02
 -49595.494   112.494     3.66   21.09
 -49223.039   115.478     8.01   21.77
 -48850.625   122.420    18.64   23.97
 -48478.253   126.385    10.65   23.18
 -48105.922   121.944   -11.93   24.51
 -47733.633   114.266   -20.63   21.71
 -47361.385   107.091   -19.28   13.59
 -46989.178   105.061    -5.45    8.86
 -46617.012   106.271     3.25    7.16
 -46244.888   111.761    14.75    9.32
 -45872.804   117.707    15.98   10.70
 -45500.763   125.520    21.00   12.52
 -45128.762   133.588    21.69   14.61
 -44756.802   139.650    16.30   12.76
 -44384.884   148.564    23.97   16.46
 -44013.007   157.404    23.77   19.43
 -43641.171   166.305    23.94   17.81
 -43269.376   178.617    33.12   20.05
 -42897.622   189.685    29.77   19.92
 -42525.909   202.191    33.65   19.70
 -42154.238   215.639    36.18   20.28
 -41782.607   226.859    30.19   24.37
 -41411.018   243.351    44.38   25.58
 -41039.469   252.601    24.90   25.56
 -40667.962   260.096    20.18   29.25
 -40296.496   253.529   -17.68   33.78
 -39925.070   236.849   -44.91   34.45
 -39553.686   234.750    -5.65   32.45
 -39182.343   234.271    -1.29   30.57
 -38811.040   241.416    19.25   31.70
 -38439.779   251.322    26.68   29.56
 -38068.558   244.740   -17.73   30.21
 -37697.378   232.133   -33.97   39.50
 -37326.240   205.568   -71.58   42.46
 -36955.142   178.995   -71.61   32.11
 -36584.085   158.486   -55.27   20.36
 -36213.069   154.232   -11.47   18.79
 -35842.093   164.028    26.41   30.13
 -35471.159   183.908    53.60   39.41
 -35100.265   212.322    76.61   36.93
 -34729.412   226.513    38.27   26.26
 -34358.600   222.161   -11.74   30.07
 -33987.828   214.150   -21.61   34.36
 -33617.098   197.355   -45.30   31.75
 -33246.408   183.323   -37.86   30.17
 -32875.759   167.944   -41.49   30.20
 -32505.150   153.062   -40.16   27.89
 -32134.582   141.744   -30.54   24.90
 -31764.055   131.443   -27.80   23.29
 -31393.569   129.011    -6.57   28.05
 -31023.123   125.929    -8.32   34.54
 -30652.717   122.740    -8.61   38.96
 -30282.353   110.133   -34.04   40.66
 -29912.029    92.723   -47.01   30.02
 -29541.745    83.699   -24.37   19.55
 -29171.502    86.013     6.25   24.30
 -28801.300   102.437    44.36   37.69
 -28431.138   125.638    62.68   40.86
 -28061.017   145.728    54.28   34.44
 -27690.936   152.598    18.57   29.19
 -27317.984   144.881   -20.69   26.70
 -26939.673   128.910   -42.22   25.35
 -26561.405   113.978   -39.48   24.26
 -26183.179    94.295   -52.04   23.36
 -25804.995    81.198   -34.63   17.65
 -25426.854    73.266   -20.98   14.71
 -25048.755    69.478   -10.02   15.54
 -24670.698    64.607   -12.88   15.39
 -24292.684    57.820   -17.95   13.34
 -23914.713    52.876   -13.08   10.58
 -23536.783    52.074    -2.12   10.36
 -23158.896    59.736    20.28   18.11
 -22781.051    84.161    64.64   37.14
 -22403.249   115.663    83.38   44.68
 -22025.489   140.511    65.78   39.78
 -21647.771   154.943    38.21   27.73
 -21270.095   148.174   -17.92   32.70
 -20892.462   129.311   -49.95   31.95
 -20514.870   108.549   -54.99   22.02
 -20137.321    91.142   -46.11   21.29
 -19759.814    76.541   -38.68   25.60
 -19382.350    59.294   -45.69   24.18
 -19004.927    43.401   -42.11   16.70
 -18627.547    30.676   -33.72   13.93
 -18250.208    20.554   -26.83   12.62
 -17872.912    13.944   -17.52    9.22
 -17495.658     9.768   -11.07    5.07
 -17118.446    10.723     2.53    6.97
 -16741.276    12.788     5.47    9.63
 -16364.148    17.048    11.30   15.87
 -15987.062    16.962    -0.23   16.28
 -15610.018    14.081    -7.64   11.14
 -15233.016    11.995    -5.53    3.36
 -14856.056    12.273     0.74    2.89
 -14479.138    12.029    -0.65    2.38
 -14102.262    12.215     0.49    2.25
 -13725.428    12.478     0.70    2.07
 -13348.636    12.711     0.62    1.75
 -12971.886    13.598     2.36    1.95
 -12595.177    14.644     2.78    2.12
 -12218.511    15.435     2.10    2.14
 -11841.886    16.598     3.09    2.89
 -11465.303    17.874     3.39    3.86
 -11088.762    18.450     1.53    4.08
 -10712.263    19.194     1.98    4.05
 -10335.806    19.892     1.85    3.73
  -9959.390    20.584     1.84    3.34
  -9583.016    21.494     2.42    3.15
  -9206.684    21.788     0.78    3.21
  -8830.394    20.470    -3.50    3.79
  -8454.145    18.859    -4.28    4.27
  -8077.938    16.340    -6.70    4.50
  -7701.772    13.416    -7.77    3.81
  -7325.649    11.978    -3.82    3.01
  -6949.567    12.030     0.14    4.06
  -6573.526    12.202     0.46    4.47
  -6197.528    11.879    -0.86    4.57
  -5821.570     9.978    -5.06    4.78
  -5445.655     7.842    -5.68    4.38
  -5069.781     8.096     0.68    5.86
  -4693.949     9.404     3.48    7.21
  -4318.158     9.781     1.00    8.12
  -3942.408     8.144    -4.36    8.58
  -3566.700     5.294    -7.59    7.85
  -3191.034     2.323    -7.91    5.84
  -2815.409    -0.005    -6.20    0.13
  -2439.826    -0.022    -0.05    0.00
  -2064.284     0.047     0.18    0.53
  -1688.783     0.288     0.64    1.33
  -1313.324     0.519     0.61    1.79
   -937.907     0.627     0.29    1.92
   -562.530     0.478    -0.40    1.68
   -187.195     0.960     1.29    2.53
    188.098     1.228     0.71    2.93
    563.350     0.874    -0.94    2.57
    938.561     0.334    -1.44    1.68
   1313.731     0.027    -0.82    0.38
   1688.859    -0.022    -0.13    0.00
   2063.946    -0.022     0.00    0.00
   2438.992     0.496     1.38    1.71
   2813.996     1.594     2.93    3.43
   3188.959     3.426     4.88    5.44
   3563.881     4.121     1.85    5.25
   3938.762     5.808     4.50    5.27
   4313.602     7.219     3.76    4.42
   4688.400     6.778    -1.18    2.37
   5063.157     6.633    -0.39    1.65
   5437.874     6.820     0.50    1.47
   5812.549     6.960     0.37    1.39
   6187.182     6.978     0.05    1.20
   6561.775     6.995     0.05    1.17
   6936.327     6.771    -0.60    1.31
   7310.837     6.486    -0.76    1.25
   7685.307     6.547     0.16    1.30
   8059.735     6.564     0.05    1.91
   8434.123     6.707     0.38    2.16
   8808.469     6.994     0.77    2.10
   9182.775     7.085     0.24    1.74
   9557.039     6.879    -0.55    1.69
   9931.263     6.746    -0.36    1.78
  10305.445     6.978     0.62    2.49
  10679.587     7.062     0.23    2.73
  11053.688     7.158     0.26    2.69
  11427.747     6.719    -1.17    1.56
  11801.766     6.673    -0.12    1.24
  12175.744     6.851     0.48    1.24
  12549.682     7.116     0.71    1.19
  12923.578     7.344     0.61    1.21
  13297.433     7.441     0.26    1.65
  13671.248     7.411    -0.08    1.63
  14045.022     7.294    -0.31    1.53
  14418.755     6.961    -0.89    1.16
  14792.447     6.910    -0.14    1.06
  15166.099     6.926     0.04    1.13
  15539.710     7.012     0.23    1.05
  15913.280     7.181     0.45    1.05
  16286.809     7.188     0.02    1.06
  16660.298     7.098    -0.24    1.08
  17033.746     7.174     0.20    1.26
  17407.153     6.853    -0.86    1.27
  17780.520     6.537    -0.85    1.28
  18153.846     6.346    -0.51    1.40
  18527.131     6.029    -0.85    1.07
  18900.376     7.857     4.90    6.65
  19273.580    11.079     8.63   11.35
  19646.744    15.673    12.31   17.06
  20019.867    16.574     2.42   17.64
  20392.949    13.929    -7.09   14.78
  20765.991    10.614    -8.88    8.14
  21138.993     9.874    -1.98    7.52
  21511.954    10.399     1.41    9.13
  21884.874    10.289    -0.29    8.56
  22257.754     8.995    -3.47    6.23
  22630.594     8.909    -0.23    5.34
  23003.393    10.240     3.57    6.36
  23376.151    14.944    12.62   17.07
  23748.870    22.581    20.49   23.53
  24121.547    29.374    18.23   26.48
  24494.185    35.011    15.13   28.10
  24866.782    35.496     1.30   27.99
  25239.339    31.404   -10.98   23.37
  25611.855    29.621    -4.79   17.70
  25984.331    33.621    10.74   14.90
  26356.767    46.012    33.27   24.69
  26729.162    57.811    31.68   25.97
  27101.517    64.426    17.76   24.22
  27473.832    66.859     6.53   27.52
  27846.107    65.617    -3.34   29.75
  28218.341    67.943     6.25   31.99
  28590.535    78.012    27.05   29.32
  28962.689    85.014    18.82   23.26
  29334.803    90.411    14.50   21.52
  29706.876    95.853    14.62   20.73
  30078.910   100.519    12.54   21.27
  30450.903    99.317    -3.23   22.73
  30822.856    86.346   -34.87   25.13
  31194.769    69.571   -45.10   20.19
  31566.642    52.723   -45.30   20.02
  31938.475    39.133   -36.55   20.02
  32310.267    32.774   -17.10   20.90
  32682.020    27.945   -12.99   19.59
  33053.732    24.943    -8.08   19.96
  33425.405    20.544   -11.83   20.60
  33797.037    12.089   -22.75   14.74
  34168.630     8.161   -10.57    9.86
  34540.182     7.013    -3.09    7.27
  34911.695     9.601     6.97   10.22
  35283.167     9.719     0.32   10.41
  35654.600     8.857    -2.32   10.47
  36025.993     6.808    -5.52    8.67
  36397.345     4.650    -5.81    3.16
  36768.658     3.892    -2.04    1.67
  37139.931     4.418     1.42    2.43
  37511.164     5.109     1.86    3.00
  37882.357     5.512     1.09    3.24
  38253.511     6.161     1.75    3.30
  38624.624     6.523     0.98    3.26
  38995.698     6.892     0.99    3.19
  39366.732     6.888    -0.01    3.12
  39737.726     6.847    -0.11    3.11
  40108.680     6.908     0.16    3.15
  40479.595     6.702    -0.55    3.30
  40850.470     6.418    -0.76    3.38
  41221.305     5.736    -1.84    3.43
  41592.100     4.650    -2.93    2.94
  41962.856     3.529    -3.02    1.83
  42333.572     2.978    -1.49    0.00
  42704.248     2.978     0.00    0.00
  43074.885     2.978     0.00    0.00
  43445.481     2.978     0.00    0.00
  43816.039     2.978     0.00    0.00
  44186.556     3.163     0.50    0.95
  44557.035     3.113    -0.13    0.75
  44927.473     2.978    -0.37    0.00
  45297.872     2.978     0.00    0.00
  45668.231     2.978     0.00    0.00
  46038.551     2.978     0.00    0.00
  46408.831     2.978     0.00    0.00
  46779.072     2.978     0.00    0.00
  47149.273     2.978     0.00    0.00
  47521.623     2.978     0.00    0.00
  47899.843     2.978     0.00    0.00
  48278.023     2.978     0.00    0.00
  48656.160     2.978     0.00    0.00
  49034.257     2.978     0.00    0.00
  49412.312     2.978     0.00    0.00
  49790.326     2.978     0.00    0.00
  50168.299     2.978     0.00    0.00
  50546.230     2.978     0.00    0.00
  50924.120     2.978     0.00    0.00
  51301.969     2.978     0.00    0.00
  51679.777     3.133     0.41    0.83
  52057.543     3.323     0.50    1.29
  52435.268     3.554     0.61    1.70
  52812.952     3.757     0.54    1.97
  53190.595     3.978     0.58    2.20
  53568.197     4.206     0.60    2.34
  53945.758     4.994     2.09    2.78
  54323.277     5.258     0.70    2.93
  54700.755     5.047    -0.56    2.88
  55078.193     5.147     0.27    2.71
  55455.589     4.598    -1.45    2.49
  55832.944     4.098    -1.32    2.38
  56210.258     3.960    -0.37    2.48
  56587.531     3.944    -0.04    2.31
  56964.763     4.013     0.18    2.30
  57341.954     4.896     2.34    2.97
  57719.104     5.667     2.05    3.15
  58096.213     6.276     1.61    3.06
  58473.281     7.060     2.08    2.85
  58850.309     7.622     1.49    2.38
  59227.295     7.995     0.99    2.23
  59604.240     8.107     0.30    2.27
  59981.145     8.452     0.92    2.06
  60358.008     8.557     0.28    1.98
  60734.831     8.673     0.31    1.93
  61111.613     8.656    -0.04    1.92
  61488.354     8.288    -0.98    2.07
  61865.054     7.554    -1.95    2.57
  62241.713     6.505    -2.78    2.67
  62618.332     5.754    -2.00    2.52
  62994.910     5.223    -1.41    2.31
  63371.447     4.765    -1.22    1.75
  63747.943     4.732    -0.09    1.67
  64124.399     4.633    -0.26    1.69
  64500.813     4.623    -0.03    1.66
  64877.188     4.434    -0.50    1.42
  65253.521     4.266    -0.45    1.00
  65629.814     4.293     0.07    1.18
  66006.066     4.194    -0.26    1.03
  66382.277     3.995    -0.53    0.13
  66758.448     4.011     0.04    0.18
  67134.578     3.978    -0.09    0.00
  67510.668     3.978     0.00    0.00
  67886.717     3.978     0.00    0.00
  68262.726     3.978     0.00    0.00
  68638.693     4.029     0.14    0.39
  69014.621     4.255     0.60    1.22
  69390.508     4.294     0.10    1.20
  69766.354     4.371     0.20    1.46
  70142.160     4.537     0.44    1.92
  70517.925     4.844     0.82    2.47
  70893.650     4.853     0.02    2.32
  71269.334     5.178     0.87    2.25
  71644.978     5.459     0.75    2.02
  72020.582     5.805     0.92    2.10
  72396.145     6.392     1.56    2.37
  72771.668     6.797     1.08    2.51
  73147.150     8.820     5.39    7.99
  73522.592    13.719    13.05   16.93
  73897.994    26.437    33.87   31.82
  74273.355    32.557    16.30   33.95
  74648.676    31.690    -2.31   32.21
  75023.957    25.255   -17.14   28.33
  75399.198    14.844   -27.74   21.10
  75774.398     7.960   -18.35   10.81
  76149.558     5.171    -7.43    0.87
  76524.677     5.288     0.31    1.19
  76899.757     5.679     1.04    1.75
  77274.796     6.043     0.97    1.92
  77649.795     5.995    -0.13    1.87
  78024.754     5.574    -1.12    1.71
  78399.672     5.218    -0.95    1.16
  78774.551     4.978    -0.64    0.00
  79149.389     4.978     0.00    0.00
  79524.187     5.125     0.39    0.73
  79898.945     5.995     2.32    2.07
  80273.663     6.892     2.39    2.47
  80648.341     8.537     4.39    2.92
  81022.979     9.639     2.94    2.56
  81397.577    10.799     3.10    1.48
  81772.134    10.687    -0.30    1.56
  82146.652    10.842     0.41    1.53
  82521.130    10.732    -0.29    1.43
  82895.567    10.842     0.29    1.43
  83269.965    10.910     0.18    1.27
  83644.323    10.840    -0.19    1.25
  84018.640    11.150     0.83    1.20
  84392.918    11.101    -0.13    1.43
  84767.156    11.153     0.14    1.43
  85141.354    11.192     0.10    1.38
  85515.512    11.109    -0.22    1.35
  85889.630    11.250     0.38    1.24
  86263.708    11.418     0.45    1.32
  86637.747    11.451     0.09    1.49
  87011.745    11.522     0.19    1.40
  87385.704    11.258    -0.70    1.28
  87759.623    10.820    -1.17    1.44
  88133.502    10.495    -0.87    1.68
  88507.341    10.136    -0.96    1.83
  88881.141     9.896    -0.64    1.70
  89254.901     9.941     0.12    1.64
  89628.621    10.116     0.47    1.66
  90002.301    10.513     1.06    1.22
  90375.942    11.460     2.53    2.42
  90749.543    13.771     6.18    4.06
  91123.104    15.046     3.41    4.25
  91496.626    16.012     2.59    3.93
  91870.108    16.299     0.77    3.37
  92243.550    15.128    -3.14    2.48
  92616.952    14.196    -2.50    1.33
  92990.315    13.874    -0.86    1.04
  93363.639    13.487    -1.04    0.98
  93736.923    13.344    -0.38    1.10
  94110.167    13.388     0.12    1.19
  94483.372    13.113    -0.74    1.40
  94856.537    12.944    -0.45    1.40
  95229.662    12.943    -0.00    1.30
  95602.749    12.874    -0.18    1.28
  95975.795    12.802    -0.19    1.27
  96348.802    12.728    -0.20    1.22
  96721.770    12.799     0.19    1.31
  97094.698    12.761    -0.10    1.33
  97467.587    12.609    -0.41    1.32
  97840.436    12.147    -1.24    1.37
  98213.246    11.656    -1.32    1.22
  98586.017    11.399    -0.69    1.15
  98958.748    11.357    -0.11    1.09
  99331.440    11.392     0.09    1.03
  99704.092    10.978    -1.11    1.49
 100076.705    10.557    -1.13    1.58
 100449.279    10.748     0.51    1.63
 100821.813    10.853     0.28    1.61
 101194.308    11.486     1.70    1.34
 101566.764    11.541     0.15    1.21
 101939.180    11.644     0.28    1.42
 102311.558    11.785     0.38    1.47
 102683.896    11.571    -0.57    1.44
 103056.194    11.750     0.48    1.36
 103428.454    11.763     0.04    1.26
 103800.674    11.584    -0.48    1.32
 104172.855    11.662     0.21    1.14
 104544.997    11.788     0.34    1.07
 104917.100    11.848     0.16    1.06
 105289.164    11.910     0.17    0.96
 105661.188    12.031     0.33    0.88
 106033.174    11.794    -0.64    1.00
 106405.120    11.702    -0.25    1.18
 106777.027    11.504    -0.53    1.21
 107148.895    11.334    -0.46    1.11
 107520.724    11.512     0.48    0.99
 107892.514    11.381    -0.35    1.13
 108264.265    11.486     0.28    1.40
 108635.977    11.520     0.09    1.53
 109007.650    11.378    -0.38    1.75
 109379.284    11.278    -0.27    1.75
 109750.879    10.978    -0.81    1.58
 110122.435    10.978     0.00    1.54
 110493.952    10.960    -0.05    1.47
 110865.430    11.116     0.42    1.56
 111236.869    11.399     0.76    1.58
 111608.269    11.808     1.10    1.33
 111979.631    12.185     1.01    1.27
 112350.953    12.371     0.50    1.20
 112722.237    12.224    -0.40    1.23
 113093.482    12.047    -0.48    1.23
 113464.687    12.049     0.01    1.23
 113835.854    11.811    -0.64    1.19
 114206.983    11.808    -0.01    1.04
 114578.072    11.817     0.02    1.06
 114949.123    11.578    -0.64    1.06
 115320.135    11.288    -0.78    1.26
 115691.108    10.802    -1.31    1.65
 116062.042    10.435    -0.99    1.76
 116432.938    10.673     0.64    1.81
 116803.794    11.116     1.19    2.01
 117174.613    11.774     1.78    1.99
 117545.392    12.761     2.66    1.44
 117916.133    12.960     0.54    1.85
 118286.835    12.452    -1.37    2.52
 118657.498    11.978    -1.28    2.63
 119028.123    10.926    -2.84    2.45
 119398.710    10.196    -1.97    1.96
 119769.257     9.757    -1.18    1.60
 120139.766     8.978    -2.10    0.00
 120510.237     8.978     0.00    0.00
 120880.668     9.012     0.09    0.18
 121251.062     9.047     0.09    0.26
 121621.416    10.323     3.44    3.55
 121991.733    13.096     7.49    5.80
 122363.562    16.329     8.69    6.02
 122741.698    19.574     8.58    4.40
 123119.794    21.079     3.98    2.81
 123497.849    21.353     0.72    2.69
 123875.864    24.130     7.35    6.73
 124253.839    28.079    10.45   10.06
 124631.773    34.685    17.47   14.59
 125009.668    38.978    11.36   13.89
 125387.522    38.487    -1.30   13.32
 125765.336    37.486    -2.65   12.64
 126143.109    36.141    -3.56   15.00
 126520.843    34.894    -3.30   18.31
 126898.537    31.067   -10.13   17.64
 127276.190    26.995   -10.78   11.67
 127653.803    23.128   -10.24    3.11
 128031.376    23.995     2.30    2.98
 128408.909    24.690     1.84    2.59
 128786.402    24.181    -1.35    2.81
 129163.855    24.692     1.35    3.07
 129541.268    24.754     0.16    3.36
 129918.640    25.266     1.36    3.16
 130295.973    25.188    -0.21    3.18
 130673.266    24.241    -2.51    2.71
 131050.519    23.661    -1.54    2.02
 131427.732    23.388    -0.72    2.03
 131804.904    23.028    -0.96    1.98
 132182.037    22.996    -0.09    1.89
 132559.130    23.557     1.49    2.02
 132936.183    24.202     1.71    1.91
 133313.196    24.539     0.89    1.66
 133690.170    24.750     0.56    1.89
 134067.103    25.274     1.39    2.60
 134443.997    25.808     1.42    2.73
 134820.850    26.539     1.94    2.71
 135197.664    25.943    -1.58    3.07
 135574.438    24.029    -5.08    3.34
 135951.172    22.305    -4.58    3.35
 136327.867    21.288    -2.70    2.98
 136704.522    21.014    -0.73    2.88
 137081.136    21.030     0.04    2.70
 137457.712    21.218     0.50    2.52
 137834.247    21.094    -0.33    2.47
 138210.743    21.103     0.02    2.83
 138587.199    21.202     0.26    2.99
 138963.615    20.811    -1.04    3.09
 139339.992    20.906     0.25    2.85
 139716.329    21.825     2.44    2.70
 140092.626    23.126     3.46    2.05
 140468.884    22.995    -0.35    1.66
 140845.102    23.223     0.61    1.81
 141221.280    23.461     0.63    1.80
 141597.419    23.667     0.55    1.94
 141973.518    23.702     0.09    2.11
 142349.578    23.912     0.56    2.07
 142725.598    23.978     0.17    2.06
 143101.579    23.435    -1.44    1.71
 143477.520    23.015    -1.12    1.74
 143853.422    23.138     0.33    1.71
 144229.284    23.788     1.73    2.10
 144605.107    24.469     1.81    1.90
 144980.890    24.223    -0.65    3.15
 145356.634    23.305    -2.44    4.76
 145732.338    22.503    -2.13    5.64
 146108.003    21.674    -2.21    6.26
 146483.629    20.978    -1.85    6.46
 146859.215    19.723    -3.34    6.68
 147234.761    19.085    -1.70    6.92
 147610.269    18.685    -1.07    6.94
 147985.737    17.825    -2.29    6.73
 148361.166    18.592     2.04    7.25
 148736.555    18.650     0.16    7.27
 149111.905    19.401     2.00    7.58
 149487.216    18.942    -1.22    7.79
 149862.487    17.130    -4.83    7.54
 150237.720    15.835    -3.45    6.98
 150612.913    14.174    -4.43    5.50
 150988.066    14.823     1.73    5.77
 151363.181    14.995     0.46    5.27
 151738.256    13.692    -3.47    2.47
 152113.292    14.621     2.48    3.39
 152488.289    14.842     0.59    3.53
 152863.247    14.763    -0.21    3.72
 153238.165    14.351    -1.10    3.10
 153613.045    13.802    -1.46    2.71
 153987.885    13.750    -0.14    2.54
 154362.686    14.130     1.02    2.37
 154737.449    14.685     1.48    1.94
 155112.172    15.281     1.59    1.16
 155486.856    15.323     0.11    0.91
 155861.501    15.096    -0.61    0.93
 156236.106    15.031    -0.17    0.98
 156610.673    14.825    -0.55    1.14
 156985.201    14.943     0.31    1.16
 157359.690    14.943     0.00    1.13
 157734.140    15.062     0.32    1.10
 158108.551    15.219     0.42    0.92
 158482.923    15.048    -0.46    1.13
 158857.255    14.923    -0.33    1.13
 159231.549    14.857    -0.18    1.09
 159605.805    14.853    -0.01    1.18
 159980.021    14.978     0.33    1.13
 160354.198    14.996     0.05    1.05
 160728.337    15.258     0.70    1.06
 161102.436    15.409     0.40    1.04
 161476.497    15.531     0.33    1.06
 161850.519    15.855     0.87    1.04
 162224.502    15.781    -0.20    1.35
 162598.446    15.495    -0.77    1.65
 162972.351    15.515     0.05    1.77
 163346.218    15.578     0.17    1.76
 163720.046    15.531    -0.12    1.73
 164093.835    15.715     0.49    1.69
 164467.586    15.837     0.33    1.79
 164841.297    15.872     0.09    1.86
 165214.970    15.960     0.23    1.96
 165588.605    16.013     0.14    1.95
 165962.200    16.101     0.23    1.64
 166335.757    15.811    -0.77    1.72
 166709.275    16.028     0.58    1.80
 167082.755    16.069     0.11    1.82
 167456.196    16.346     0.74    1.77
 167829.598    16.890     1.46    1.64
 168202.962    16.960     0.19    1.14
 168576.287    16.609    -0.94    1.11
 168949.574    16.522    -0.23    1.20
 169322.822    16.311    -0.56    1.46
 169696.031    16.281    -0.08    1.44
 170069.202    16.554     0.73    1.37
 170442.335    16.746     0.51    1.01
 170815.429    16.616    -0.35    0.97
 171188.484    16.621     0.01    1.09
 171561.501    17.388     2.06    2.79
 171934.479    18.909     4.08    3.43
 172307.419    20.685     4.76    3.93
 172680.321    21.609     2.48    2.72
 173053.184    22.081     1.27    2.15
 173426.009    24.661     6.92    5.55
 173798.795    28.924    11.43    9.06
 174171.543    33.554    12.42   10.07
 174544.253    38.015    11.97    9.51
 174916.924    38.585     1.53    8.18
 175289.557    36.925    -4.45    7.99
 175662.151    34.616    -6.20    7.32
 176034.707    32.364    -6.04    6.12
 176407.225    31.409    -2.56    5.60
 176779.705    31.512     0.28    5.89
 177152.146    32.638     3.02    6.17
 177524.549    33.605     2.59    5.68
 177896.914    34.223     1.66    5.18
 178269.241    36.557     6.27    4.90
 178641.529    38.293     4.66    5.09
 179013.779    39.236     2.53    4.28
 179385.991    38.710    -1.41    4.56
 179758.165    36.740    -5.29    5.00
 180130.301    32.978   -10.11    4.51
 180502.398    30.960    -5.42    3.52
 180874.457    30.879    -0.22    3.39
 181246.478    32.728     4.97    4.70
 181618.461    35.840     8.36    4.53
 181990.406    38.755     7.84    3.28
 182362.313    40.549     4.82    2.43
 182734.182    40.883     0.90    2.18
 183106.013    41.244     0.97    2.00
 183477.805    41.715     1.26    2.25
 183849.560    42.802     2.93    2.57
 184221.276    44.098     3.49    2.67
 184592.955    45.574     3.97    2.50
 184964.596    46.908     3.59    1.95
 185336.198    47.679     2.08    1.81
 185707.763    47.621    -0.16    1.82
 186079.289    46.581    -2.80    2.59
 186450.778    44.588    -5.37    4.04
 186822.229    42.228    -6.35    3.94
 187193.642    40.215    -5.42    3.74
 187565.017    38.070    -5.77    3.68
 187936.354    35.371    -7.27    4.87
 188307.653    30.855   -12.16    6.32
 188678.914    26.702   -11.18    5.76
 189050.138    23.065    -9.79    3.79
 189421.323    21.702    -3.67    2.89
 189792.471    21.960     0.70    2.31
 190163.581    22.996     2.79    1.74
 190534.653    24.096     2.97    1.67
 190905.688    24.695     1.61    1.80
 191276.684    24.960     0.71    1.85
 191647.643    25.237     0.75    2.08
 192018.564    25.029    -0.56    1.76
 192389.447    24.656    -1.01    1.47
 192760.293    24.266    -1.05    1.31
 193131.101    23.353    -2.46    1.81
 193501.871    22.451    -2.43    2.00
 193872.604    22.133    -0.86    2.08
 194243.299    22.406     0.74    2.80
 194613.956    23.837     3.86    3.72
 194984.576    25.705     5.04    7.09
 195355.158    25.549    -0.42    7.90
 195725.702    23.612    -5.23    4.18
 196096.209    22.418    -3.22    2.06
 196466.678    21.705    -1.93    1.52
 196837.109    21.808     0.28    1.67
 197208.518    22.103     0.79    1.72
 197586.567    22.442     0.90    1.80
 197964.576    23.012     1.51    1.61
 198342.547    23.486     1.25    1.60
 198720.478    23.888     1.06    1.84
 199098.370    24.330     1.17    2.28
 199476.223    24.486     0.41    2.82
 199854.036    24.460    -0.07    2.73
 200231.811    23.978    -1.28    1.98
 200609.546    23.732    -0.65    1.44
 200987.242    23.923     0.51    1.21
 201364.899    24.418     1.31    1.22
 201742.517    25.034     1.63    1.23
 202120.096    25.504     1.24    1.04
 202497.636    25.905     1.06    0.96
 202875.136    26.329     1.12    1.33
 203252.598    26.276    -0.14    1.55
 203630.021    25.925    -0.93    1.87
 204007.404    25.364    -1.49    2.09
 204384.749    24.431    -2.47    1.66
 204762.054    24.232    -0.53    1.55
 205139.321    24.416     0.49    1.63
 205516.548    24.557     0.37    1.88
 205893.737    24.805     0.66    1.83
 206270.887    24.746    -0.16    1.99
 206647.997    24.495    -0.66    1.75
 207025.069    24.141    -0.94    1.42
 207402.102    24.564     1.12    1.41
 207779.096    24.922     0.95    1.22
 208156.051    25.113     0.51    1.20
 208532.968    25.329     0.57    1.13
 208909.845    25.697     0.98    1.33
 209286.684    25.978     0.74    1.21
 209663.484    25.996     0.05    1.24
 210040.245    26.147     0.40    1.50
 210416.967    26.266     0.32    1.43
 210793.650    26.460     0.51    1.66
 211170.295    26.065    -1.05    1.49
 211546.901    26.136     0.19    1.35
 211923.468    26.101    -0.09    1.15
 212299.996    26.486     1.02    1.17
 212676.486    26.995     1.35    1.26
 213052.937    27.830     2.22    1.31
 213429.349    28.757     2.46    1.89
 213805.723    30.299     4.10    2.14
 214182.058    31.662     3.62    1.93
 214558.355    32.926     3.36    1.52
 214934.612    33.978     2.79    1.50
 215310.831    34.837     2.28    1.47
 215687.012    35.614     2.06    1.13
 216063.154    36.185     1.52    1.18
 216439.257    36.607     1.12    1.17
 216815.322    36.961     0.94    1.01
 217191.348    37.174     0.57    0.82
 217567.336    37.486     0.83    0.91
 217943.285    37.732     0.65    0.97
 218319.196    37.978     0.65    1.44
 218695.068    38.130     0.41    1.49
 219070.902    38.285     0.41    1.53
 219446.697    38.592     0.82    1.44
 219822.454    38.644     0.14    1.04
 220198.173    38.732     0.23    1.15
 220573.852    38.732     0.00    1.12
 220949.494    38.627    -0.28    1.41
 221325.097    38.785     0.42    1.44
 221700.662    38.793     0.02    1.72
 222076.188    38.978     0.49    1.76
 222451.676    39.014     0.10    2.04
 222827.126    38.185    -2.21    2.52
 223202.537    37.371    -2.17    2.61
 223577.910    36.574    -2.12    2.22
 223953.245    36.443    -0.35    2.00
 224328.542    36.942     1.33    2.34
 224703.800    37.996     2.81    2.30
 225079.020    39.311     3.51    1.73
 225454.201    39.908     1.59    1.67
 225829.345    40.574     1.78    1.27
 226204.450    41.064     1.31    1.26
 226579.517    41.674     1.63    1.11
 226954.546    41.960     0.76    0.99
 227329.536    42.228     0.71    0.97
 227704.488    42.406     0.48    0.89
 228079.403    42.592     0.49    0.84
 228454.279    42.700     0.29    0.92
 228829.117    42.767     0.18    0.96
 229203.917    43.013     0.66    0.93
 229578.678    43.329     0.84    1.03
 229953.402    43.732     1.08    1.06
 230328.088    44.049     0.85    1.75
 230702.735    44.495     1.19    2.43
 231077.345    44.246    -0.67    3.31
 231451.916    42.537    -4.56    4.79
 231826.449    41.112    -3.80    4.72
 232200.945    42.246     3.03    6.11
 232575.402    44.710     6.58    6.77
 232949.822    48.978    11.40    5.46
 233324.203    51.557     6.89    3.04
 233698.547    52.504     2.53    3.38
 234072.852    52.539     0.09    3.30
 234447.120    51.781    -2.02    3.45
 234821.349    51.150    -1.69    3.63
 235195.541    50.737    -1.10    3.53
 235569.695    51.719     2.62    4.20
 235943.811    53.853     5.70    4.36
 236317.889    54.799     2.53    4.53
 236691.929    53.835    -2.58    5.40
 237065.932    50.627    -8.58    6.36
 237439.897    45.924   -12.57    6.28
 237813.823    42.033   -10.40    4.90
 238187.712    39.978    -5.50    2.78
 238561.564    39.210    -2.05    2.74
 238935.377    39.283     0.20    2.98
 239309.153    39.293     0.03    2.96
 239682.891    38.531    -2.04    2.32
 240056.591    38.188    -0.92    1.88
 240430.253    38.246     0.15    1.66
 240803.878    39.697     3.88    3.88
 241177.465    42.048     6.29    6.61
 241551.015    43.942     5.07    7.81
 241924.526    44.285     0.92    8.10
 242298.000    42.673    -4.32    7.71
 242671.437    39.627    -8.15    3.82
 243044.836    38.504    -3.01    1.68
 243418.197    38.424    -0.21    1.54
 243791.520    38.424     0.00    1.51
 244164.806    37.978    -1.20    1.34
 244538.055    38.013     0.10    1.33
 244911.265    38.281     0.72    1.45
 245284.439    38.323     0.11    1.38
 245657.574    38.424     0.27    1.17
 246030.673    38.578     0.41    0.85
 246403.733    38.719     0.38    0.81
 246776.757    39.156     1.17    0.92
 247149.742    39.311     0.41    1.02
 247522.691    39.539     0.61    1.05
 247895.601    39.996     1.22    1.26
 248268.475    40.451     1.22    2.01
 248641.311    41.281     2.23    3.19
 249014.109    41.496     0.57    2.57
 249386.870    41.170    -0.87    1.21
 249759.594    41.249     0.21    1.00
 250132.280    41.442     0.52    1.08
 250504.929    41.571     0.35    1.10
 250877.541    41.662     0.24    0.97
 251250.115    41.627    -0.09    0.86
 251622.652    41.872     0.66    1.01
 251995.151    41.942     0.19    1.17
 252367.613    42.371     1.15    1.17
 252740.038    42.905     1.43    1.21
 253112.426    43.346     1.18    1.08
 253484.776    43.670     0.87    1.23
 253857.090    44.357     1.84    1.45
 254229.366    45.317     2.58    1.73
 254601.604    45.872     1.49    1.87
 254973.806    46.763     2.39    1.77
 255345.970    47.513     2.01    1.63
 255718.097    47.840     0.88    1.38
 256090.187    48.138     0.80    1.55
 256462.240    48.549     1.10    1.63
 256834.255    48.832     0.76    1.54
 257206.234    49.281     1.21    1.52
 257578.175    49.644     0.98    1.50
 257950.079    50.064     1.13    1.60
 258321.946    50.728     1.78    1.86
 258693.776    51.206     1.29    1.76
 259065.569    51.539     0.90    1.54
 259437.325    52.136     1.60    1.57
 259809.044    53.416     3.44    2.27
 260180.726    54.138     1.94    2.23
 260552.370    55.210     2.88    2.38
 260923.978    55.638     1.15    2.11
 261295.549    55.715     0.21    1.96
 261667.083    55.692    -0.06    1.72
 262038.579    56.079     1.04    1.45
 262410.039    56.422     0.92    1.42
 262781.462    57.460     2.79    2.45
 263152.848    59.030     4.23    3.45
 263524.197    61.258     6.00    4.18
 263895.509    62.890     4.39    3.55
 264266.784    63.750     2.31    2.91
 264638.023    62.781    -2.61    2.99
 265009.224    61.496    -3.46    2.96
 265380.389    60.486    -2.72    2.54
 265751.517    59.621    -2.33    2.34
 266122.607    59.300    -0.86    2.18
 266493.662    59.261    -0.11    1.97
 266864.679    60.888     4.39    3.36
 267235.659    65.013    11.12    5.72
 267606.603    70.118    13.76    7.64
 267977.510    77.692    20.41    8.76
 268348.380    82.715    13.54    6.90
 268719.214    83.872     3.12    7.20
 269090.010    79.317   -12.28   11.63
 269460.770    71.771   -20.35   12.32
 269831.493    65.592   -16.66    8.53
 270202.180    61.609   -10.74    2.53
 270572.830    61.132    -1.29    1.14
 270943.443    61.317     0.50    1.15
 271314.020    61.468     0.41    1.09
 271684.560    61.662     0.52    1.18
 272055.619    62.014     0.95    1.54
 272433.586    62.924     2.41    2.16
 272811.514    63.276     0.93    1.93
 273189.404    64.067     2.09    2.37
 273567.256    66.960     7.65    5.05
 273945.070    70.033     8.13    6.21
 274322.845    75.047    13.27    6.63
 274700.583    78.978    10.40    6.66
 275078.282    80.031     2.79    8.10
 275455.943    77.978    -5.44   10.27
 275833.566    76.311    -4.41   10.79
 276211.151    72.246   -10.76    8.35
 276588.698    69.902    -6.20    6.08
 276966.206    69.012    -2.36    4.00
 277343.677    69.869     2.27    3.99
 277721.110    71.925     5.45    5.26
 278098.504    75.925    10.60    7.83
 278475.861    79.049     8.28    8.77
 278853.179    82.185     8.31    9.79
 279230.460    84.052     4.95   10.34
 279607.702    84.978     2.45   10.70
 279984.906    85.406     1.14   10.27
 280362.073    85.674     0.71    9.93
 280739.202    86.364     1.83    9.37
 281116.292    87.681     3.49    9.71
 281493.345    88.371     1.83    8.93
 281870.360    90.330     5.19    8.93
 282247.337    91.451     2.98    8.36
 282624.276    92.978     4.05    7.93
 283001.177    95.281     6.11    8.57
 283378.040    96.557     3.38    8.33
 283754.865    97.486     2.47    7.37
 284131.653    99.311     4.84    6.33
 284508.403   102.850     9.39    7.31
 284885.115   107.644    12.72    8.62
 285261.789   112.848    13.81    8.75
 285638.425   117.924    13.47    8.11
 286015.024   122.228    11.42    8.58
 286391.585   124.799     6.83    9.09
 286768.108   125.656     2.28   12.30
 287144.593   125.050    -1.61   15.58
 287521.041   121.603    -9.16   16.49
 287897.451   117.034   -12.13   14.58
 288273.823   112.732   -11.43    8.26
 288650.158   111.695    -2.76    3.38
 289026.455   112.353     1.75    3.31
