# NaN NaN NaN ;Mean Elev.(m), Avg Gradient(m/km), RMS Gradient(m/km) - SRTM1     
#   -0.366  -0.986   3.686 ;Mean Elev.(m), Avg Gradient(m/km), RMS Gradient(m/km) - ASTER GDEM
#    9.160  -0.296   1.470 ;Mean Elev.(m), Avg Gradient(m/km), RMS Gradient(m/km) - GMTED2010 
  7    14.797 52477.50710584 45.06 137.063631  50.373977 47.540
  7    14.850 52477.50710649 40.78 137.062181  50.377207 47.540
  7    14.843 52477.50710713 46.22 137.060741  50.380437 47.540
  7    14.902 52477.50710778 47.79 137.059301  50.383677 47.540
  7    14.742 52477.50710842 49.76 137.057861  50.386907 47.540
  7    14.677 52477.50710907 46.94 137.056421  50.390137 47.540
  7    14.653 52477.50710971 51.61 137.054981  50.393377 47.540
  7    14.628 52477.50711036 49.13 137.053541  50.396607 47.540
  7    14.617 52477.50711100 49.45 137.052101  50.399837 47.540
  7    14.616 52477.50711165 48.89 137.050651  50.403077 47.540
  7    14.620 52477.50711229 47.82 137.049211  50.406307 47.540
  7    14.620 52477.50711293 47.50 137.047771  50.409537 47.540
  7    14.626 52477.50711358 49.16 137.046331  50.412767 47.540
  7    14.633 52477.50711422 49.02 137.044881  50.416007 47.540
  8    14.138 52512.50705237 25.49 137.073847  50.394265 21.405
  8    14.054 52512.50705301 24.11 137.072407  50.397495 21.405
  8    13.811 52512.50705365 22.23 137.070967  50.400735 21.405
  8    13.984 52512.50705430 20.70 137.069527  50.403965 21.405
  8    14.268 52512.50705494 27.65 137.068087  50.407195 21.405
  8    14.253 52512.50705559 31.76 137.066637  50.410435 21.405
  8    14.195 52512.50705623 28.84 137.065197  50.413665 21.405
  8    14.073 52512.50705688 22.20 137.063757  50.416895 21.405
  8    13.806 52512.50705752 20.18 137.062317  50.420135 21.405
  8    13.772 52512.50705817 16.14 137.060877  50.423365 21.405
  8    13.742 52512.50705881 14.99 137.059427  50.426595 21.405
  8    13.602 52512.50705946 14.70 137.057987  50.429835 21.405
  8    13.597 52512.50706010 13.76 137.056550  50.433068  5.903
  9    14.249 52547.50708669 51.24 137.062055  50.373340 38.530
  9    14.241 52547.50708733 50.93 137.060605  50.376580 38.530
  9    14.235 52547.50708798 53.55 137.059167  50.379812 39.207
  9    14.174 52547.50708862 54.52 137.057727  50.383042 39.207
  9    14.040 52547.50708927 52.07 137.056287  50.386272 39.207
  9    14.013 52547.50708991 53.04 137.054847  50.389502 39.207
  9    13.995 52547.50709055 51.82 137.053397  50.392742 39.207
  9    13.969 52547.50709120 53.77 137.051957  50.395972 39.207
  9    13.949 52547.50709184 54.01 137.050517  50.399202 39.207
  9    13.921 52547.50709249 52.71 137.049077  50.402442 39.207
  9    13.904 52547.50709313 51.47 137.047627  50.405672 39.207
  9    13.894 52547.50709378 53.20 137.046187  50.408902 39.207
  9    13.882 52547.50709442 49.40 137.044747  50.412142 39.207
  9    13.844 52547.50709507 44.77 137.043297  50.415372 39.207
 10    13.656 52582.50709502 32.92 137.068254  50.377452 15.084
 10    13.540 52582.50709566 30.95 137.066814  50.380682 15.084
 10    13.532 52582.50709630 23.89 137.065374  50.383912 15.084
 10    13.362 52582.50709695 24.61 137.063934  50.387152 15.084
 10    13.332 52582.50709759 24.61 137.062494  50.390382 15.084
 10    13.154 52582.50709824 24.01 137.061054  50.393612 15.084
 10    13.072 52582.50709888 22.72 137.059614  50.396852 15.084
 10    13.298 52582.50709953 25.03 137.058164  50.400082 15.084
 10    13.573 52582.50710017 26.54 137.056724  50.403312 15.084
 10    13.334 52582.50710082 25.32 137.055284  50.406542 15.084
 10    13.349 52582.50710146 26.83 137.053844  50.409782 15.084
 10    13.975 52582.50710211 28.39 137.052394  50.413012 15.084
 10    13.720 52582.50710275 29.05 137.050954  50.416242 15.084
 10    13.314 52582.50710340 29.72 137.049517  50.419482 32.026
 11    13.051 52617.50706812 21.12 137.069149  50.379377  7.135
 11    12.919 52617.50706876 20.61 137.067709  50.382607  7.135
 11    12.816 52617.50706941 20.39 137.066269  50.385837  7.135
 11    12.802 52617.50707005 21.09 137.064829  50.389077  7.135
 11    12.855 52617.50707070 21.23 137.063389  50.392307  7.135
 11    12.812 52617.50707134 21.74 137.061949  50.395537  7.135
 11    12.572 52617.50707199 21.84 137.060509  50.398777  7.135
 11    12.522 52617.50707263 21.94 137.059069  50.402007  7.135
 11    12.472 52617.50707328 22.00 137.057619  50.405237  7.135
 11    12.526 52617.50707392 21.29 137.056179  50.408477  7.135
 11    12.631 52617.50707457 20.14 137.054736  50.411710  5.922
 11    12.602 52617.50707521 19.76 137.053296  50.414940  5.922
 11    12.512 52617.50707586 19.32 137.051856  50.418170  5.922
 12    12.819 52652.50704285 17.36 137.071828  50.379548  5.775
 12    12.849 52652.50704350 17.07 137.070388  50.382778  5.775
 12    12.644 52652.50704414 17.82 137.068948  50.386008  5.775
 12    12.859 52652.50704479 17.17 137.067508  50.389248  5.775
 12    12.910 52652.50704543 17.39 137.066068  50.392478  5.775
 12    12.499 52652.50704608 17.77 137.064628  50.395708  5.775
 12    12.407 52652.50704672 17.82 137.063178  50.398948  5.775
 12    12.331 52652.50704736 17.90 137.061738  50.402178  5.775
 12    12.297 52652.50704801 18.00 137.060298  50.405408  5.775
 12    12.526 52652.50704865 16.39 137.058858  50.408638  5.775
 12    12.622 52652.50704930 15.98 137.057408  50.411878  5.775
 12    12.443 52652.50704994 15.85 137.055968  50.415108  5.775
 12    12.583 52652.50705059 15.37 137.054528  50.418338  5.775
 12    12.643 52652.50705123 14.47 137.053085  50.421578  4.168
 13    12.950 52687.50704069 16.42 137.073576  50.381355  5.696
 13    12.823 52687.50704133 16.67 137.072136  50.384585  5.696
 13    12.840 52687.50704198 16.26 137.070696  50.387815  5.696
 13    12.695 52687.50704262 16.42 137.069256  50.391055  5.696
 13    12.455 52687.50704327 17.60 137.067816  50.394285  5.696
 13    12.475 52687.50704391 17.09 137.066376  50.397515  5.696
 13    12.244 52687.50704456 17.77 137.064936  50.400755  5.696
 13    12.276 52687.50704520 17.41 137.063490  50.403989  4.847
 13    12.468 52687.50704585 16.00 137.062050  50.407219  4.847
 13    12.589 52687.50704649 15.84 137.060610  50.410449  4.847
 13    12.556 52687.50704714 15.07 137.059170  50.413689  4.847
 13    12.666 52687.50704778 14.36 137.057720  50.416919  4.847
 13    12.773 52687.50704842 13.84 137.056280  50.420149  4.847
 13    12.840 52687.50704907 14.49 137.054840  50.423379  4.847
 14    12.266 52722.50708761 32.95 137.066197  50.378482 16.776
 14    12.173 52722.50708825 33.71 137.064757  50.381712 16.776
 14    12.206 52722.50708890 34.00 137.063317  50.384942 16.776
 14    12.229 52722.50708954 30.34 137.061867  50.388182 16.776
 14    12.011 52722.50709019 28.89 137.060427  50.391412 16.776
 14    12.905 52722.50709083 27.88 137.058987  50.394642 16.776
 14    12.085 52722.50709148 27.62 137.057547  50.397882 16.776
 14    11.918 52722.50709212 30.95 137.056110  50.401115 18.922
 14    11.825 52722.50709277 30.85 137.054660  50.404345 18.922
 14    11.900 52722.50709341 31.82 137.053220  50.407575 18.922
 14    11.783 52722.50709406 34.22 137.051780  50.410815 18.922
 14    12.282 52722.50709470 35.57 137.050340  50.414045 18.922
 14    11.830 52722.50709535 38.09 137.048890  50.417275 18.922
 15    12.561 52757.50710903 30.90 137.061954  50.374335 10.419
 15    13.314 52757.50710967 26.76 137.060514  50.377565 10.419
 15    13.301 52757.50711031 26.35 137.059074  50.380805 10.419
 15    13.390 52757.50711096 24.76 137.057634  50.384035 10.419
 15    13.388 52757.50711160 23.78 137.056194  50.387265 10.419
 15    13.662 52757.50711225 23.06 137.054754  50.390505 10.419
 15    13.707 52757.50711289 27.06 137.053314  50.393735 10.419
 15    13.752 52757.50711354 27.45 137.051874  50.396965 10.419
 15    13.885 52757.50711418 28.24 137.050424  50.400205 10.419
 15    13.830 52757.50711483 27.62 137.048987  50.403438 20.802
 15    13.769 52757.50711547 25.23 137.047547  50.406668 20.802
 15    13.917 52757.50711612 20.88 137.046107  50.409898 20.802
 15    15.569 52757.50711676 19.52 137.044667  50.413128 20.802
 15    16.551 52757.50711741 19.82 137.043217  50.416368 20.802
 16    12.673 52792.50706092 54.25 137.063311  50.375119 47.373
 16    12.722 52792.50706156 51.13 137.061871  50.378359 47.373
 16    12.730 52792.50706221 52.29 137.060431  50.381589 47.373
 16    12.559 52792.50706285 53.74 137.058991  50.384819 47.373
 16    12.532 52792.50706349 53.87 137.057551  50.388059 47.373
 16    12.498 52792.50706414 54.78 137.056101  50.391289 47.373
 16    12.464 52792.50706478 53.58 137.054661  50.394519 47.373
 16    12.424 52792.50706543 52.57 137.053221  50.397759 47.373
 16    12.398 52792.50706607 52.58 137.051781  50.400989 47.373
 16    12.373 52792.50706672 53.21 137.050331  50.404219 47.373
 16    12.351 52792.50706736 46.40 137.048891  50.407449 47.373
 16    12.269 52792.50706801 33.66 137.047451  50.410689 47.373
 16    12.307 52792.50706865 37.49 137.046001  50.413919 47.373
 16    12.472 52792.50706930 41.16 137.044561  50.417149 47.373
 17    13.837 52827.50712954 50.12 137.065640  50.377999 29.776
 17    13.747 52827.50713019 51.03 137.064200  50.381229 29.776
 17    13.688 52827.50713083 51.08 137.062750  50.384459 29.776
 17    13.639 52827.50713147 49.55 137.061310  50.387689 29.776
 17    13.597 52827.50713212 50.88 137.059870  50.390929 29.776
 17    13.563 52827.50713276 48.44 137.058430  50.394159 29.776
 17    13.544 52827.50713341 45.58 137.056990  50.397389 29.776
 17    13.528 52827.50713405 41.90 137.055541  50.400630 25.443
 17    13.508 52827.50713470 37.88 137.054101  50.403860 25.443
 17    13.374 52827.50713534 32.45 137.052661  50.407090 25.443
 17    13.195 52827.50713599 31.17 137.051211  50.410330 25.443
 17    13.105 52827.50713663 30.15 137.049771  50.413560 25.443
 17    13.275 52827.50713728 28.29 137.048331  50.416790 25.443
 18    15.888 52862.50717452 20.31 137.069063  50.377322 22.492
 18    15.928 52862.50717516 19.82 137.067623  50.380562 22.492
 18    15.340 52862.50717580 19.80 137.066173  50.383792 22.492
 18    15.235 52862.50717645 20.35 137.064733  50.387022 22.492
 18    15.353 52862.50717709 19.64 137.063293  50.390262 22.492
 18    15.692 52862.50717774 18.23 137.061853  50.393492 22.492
 18    15.812 52862.50717838 20.25 137.060413  50.396722 22.492
 18    15.757 52862.50717903 22.73 137.058963  50.399962 22.492
 18    15.583 52862.50717967 16.64 137.057524  50.403194 12.176
 18    15.619 52862.50718032 19.03 137.056084  50.406424 12.176
 18    15.599 52862.50718096 31.40 137.054644  50.409654 12.176
 18    15.642 52862.50718161 27.71 137.053194  50.412894 12.176
 18    15.466 52862.50718225 24.53 137.051754  50.416124 12.176
 18    15.519 52862.50718290 21.52 137.050314  50.419354 12.176
 19    18.019 52897.50720421 33.35 137.068247  50.376889 34.584
 19    16.702 52897.50720485 28.39 137.066807  50.380129 34.584
 19    16.776 52897.50720550 26.75 137.065367  50.383359 34.584
 19    16.910 52897.50720614 26.08 137.063927  50.386589 34.584
 19    16.648 52897.50720679 27.67 137.062487  50.389829 34.584
 19    16.705 52897.50720743 26.58 137.061047  50.393059 34.584
 19    16.534 52897.50720807 27.81 137.059597  50.396289 34.584
 19    16.918 52897.50720872 28.21 137.058157  50.399529 34.584
 19    17.826 52897.50720936 26.15 137.056715  50.402753 15.835
 19    17.889 52897.50721001 40.85 137.055275  50.405993 15.835
 19    17.741 52897.50721065 39.21 137.053835  50.409223 15.835
 19    17.660 52897.50721130 33.04 137.052395  50.412453 15.835
 19    17.599 52897.50721194 25.37 137.050955  50.415693 15.835
 19    17.523 52897.50721259 21.68 137.049505  50.418923 15.835
 20    15.690 52932.50715056 32.89 137.071911  50.377641 30.720
 20    15.565 52932.50715120 34.30 137.070471  50.380871 30.720
 20    15.471 52932.50715185 37.97 137.069031  50.384101 30.720
 20    15.290 52932.50715249 42.21 137.067591  50.387341 30.720
 20    15.540 52932.50715314 44.24 137.066151  50.390571 30.720
 20    15.396 52932.50715378 43.48 137.064711  50.393801 30.720
 20    15.509 52932.50715443 36.31 137.063271  50.397041 30.720
 20    15.625 52932.50715507 36.21 137.061831  50.400271 30.720
 20    15.544 52932.50715571 35.94 137.060391  50.403501 30.720
 20    15.484 52932.50715636 34.30 137.058941  50.406741 30.720
 20    15.605 52932.50715700 36.51 137.057503  50.409966 11.883
 20    15.571 52932.50715765 45.69 137.056063  50.413206 11.883
 20    15.617 52932.50715829 42.37 137.054623  50.416436 11.883
 20    15.514 52932.50715894 28.76 137.053183  50.419666 11.883
 21    14.283 52967.50715496 28.10 137.064159  50.376522  9.530
 21    14.426 52967.50715561 26.54 137.062719  50.379752  9.530
 21    14.438 52967.50715625 26.53 137.061279  50.382992  9.530
 21    14.277 52967.50715690 25.40 137.059829  50.386222  9.530
 21    14.143 52967.50715754 24.65 137.058389  50.389452  9.530
 21    14.001 52967.50715818 25.67 137.056949  50.392682  9.530
 21    14.051 52967.50715883 25.70 137.055509  50.395922  9.530
 21    14.210 52967.50715947 25.29 137.054069  50.399152  9.530
 21    14.147 52967.50716012 23.71 137.052619  50.402382  9.530
 21    14.035 52967.50716076 23.03 137.051177  50.405621  7.883
 21    14.026 52967.50716141 23.21 137.049737  50.408851  7.883
 21    14.033 52967.50716205 23.09 137.048297  50.412081  7.883
 21    14.136 52967.50716270 23.69 137.046847  50.415321  7.883
 22    14.503 53002.50718025 18.05 137.062384  50.376152  5.668
 22    14.609 53002.50718090 17.87 137.060944  50.379392  5.668
 22    14.496 53002.50718154 17.86 137.059504  50.382622  5.668
 22    14.402 53002.50718219 18.48 137.058064  50.385852  5.668
 22    14.139 53002.50718283 19.07 137.056624  50.389092  5.668
 22    14.260 53002.50718348 19.22 137.055174  50.392322  5.668
 22    14.427 53002.50718412 18.42 137.053734  50.395552  5.668
 22    14.487 53002.50718477 18.49 137.052294  50.398792  5.668
 22    14.391 53002.50718541 18.62 137.050851  50.402023  7.872
 22    14.142 53002.50718605 17.86 137.049411  50.405253  7.872
 22    14.191 53002.50718670 16.29 137.047971  50.408483  7.872
 22    14.089 53002.50718734 16.53 137.046531  50.411723  7.872
 22    13.569 53002.50718799 17.20 137.045091  50.414953  7.872
 23    14.291 53037.50712985 15.08 137.070078  50.379183  4.941
 23    14.350 53037.50713049 15.51 137.068638  50.382413  4.941
 23    14.429 53037.50713114 15.91 137.067198  50.385643  4.941
 23    14.332 53037.50713178 16.01 137.065758  50.388883  4.941
 23    14.418 53037.50713243 15.05 137.064318  50.392113  4.941
 23    14.722 53037.50713307 15.23 137.062878  50.395343  4.941
 23    14.756 53037.50713372 17.23 137.061438  50.398583  4.941
 23    14.839 53037.50713436 15.48 137.059997  50.401808  4.779
 23    14.788 53037.50713501 14.05 137.058557  50.405048  4.779
 23    14.657 53037.50713565 13.24 137.057117  50.408278  4.779
 23    14.308 53037.50713629 13.47 137.055667  50.411518  4.779
 23    13.961 53037.50713694 13.24 137.054227  50.414748  4.779
 23    13.444 53037.50713758 13.28 137.052787  50.417978  4.779
 23    14.015 53037.50713823 12.68 137.051347  50.421208  4.779
 24    14.110 53072.50715463 12.10 137.067390  50.376129  3.995
 24    14.422 53072.50715528 12.23 137.065950  50.379359  3.995
 24    14.412 53072.50715592 12.94 137.064510  50.382589  3.995
 24    14.205 53072.50715657 13.27 137.063070  50.385829  3.995
 24    14.262 53072.50715721 12.98 137.061628  50.389062  3.920
 24    14.324 53072.50715786 13.04 137.060188  50.392292  3.920
 24    14.537 53072.50715850 12.08 137.058748  50.395522  3.920
 24    14.801 53072.50715915 13.03 137.057298  50.398762  3.920
 24    14.808 53072.50715979 12.45 137.055858  50.401992  3.920
 24    14.630 53072.50716044 11.87 137.054418  50.405222  3.920
 24    14.456 53072.50716108 10.84 137.052978  50.408462  3.920
 24    14.034 53072.50716172 10.68 137.051538  50.411692  3.920
 24    14.056 53072.50716237 11.28 137.050088  50.414922  3.920
 24    14.050 53072.50716301 10.92 137.048648  50.418152  3.920
 25    13.862 53107.50713062 31.19 137.071667  50.380250 26.801
 25    13.879 53107.50713126 34.11 137.070227  50.383480 26.801
 25    13.946 53107.50713191 31.01 137.068787  50.386710 26.801
 25    13.982 53107.50713255 41.51 137.067347  50.389950 26.801
 25    13.887 53107.50713319 34.13 137.065907  50.393180 26.801
 25    13.789 53107.50713384 28.08 137.064467  50.396410 26.801
 25    13.946 53107.50713448 28.04 137.063027  50.399650 26.801
 25    13.981 53107.50713513 30.04 137.061590  50.402875 24.499
 25    14.687 53107.50713577 32.29 137.060150  50.406115 24.499
 25    13.885 53107.50713642 34.68 137.058700  50.409345 24.499
 25    14.794 53107.50713706 28.00 137.057260  50.412585 24.499
 25    15.021 53107.50713771 30.90 137.055820  50.415815 24.499
 25    14.610 53107.50713835 28.68 137.054380  50.419045 24.499
 25    14.477 53107.50713900 26.53 137.052940  50.422275 24.499
 26    17.107 53142.50716339 21.78 137.064983  50.374457 28.141
 26    16.681 53142.50716403 21.40 137.063543  50.377687 28.141
 26    15.428 53142.50716468 20.79 137.062093  50.380927 28.141
 26    15.268 53142.50716532 20.02 137.060656  50.384161  9.504
 26    15.300 53142.50716597 19.53 137.059216  50.387391  9.504
 26    15.559 53142.50716661 19.15 137.057776  50.390621  9.504
 26    15.384 53142.50716726 18.16 137.056336  50.393861  9.504
 26    15.577 53142.50716790 18.94 137.054886  50.397091  9.504
 26    16.213 53142.50716855 21.14 137.053446  50.400321  9.504
 26    16.536 53142.50716919 19.03 137.052006  50.403551  9.504
 26    16.624 53142.50716984 25.37 137.050566  50.406791  9.504
 26    16.611 53142.50717048 25.62 137.049116  50.410021  9.504
 26    16.717 53142.50717113 21.17 137.047676  50.413251  9.504
 26    17.115 53142.50717177 22.47 137.046236  50.416491  9.504
 27    18.215 53177.50718776 20.97 137.068169  50.378546 24.822
 27    17.583 53177.50718841 20.16 137.066729  50.381786 24.822
 27    17.057 53177.50718905 20.69 137.065289  50.385016 24.822
 27    16.769 53177.50718970 20.65 137.063839  50.388246 24.822
 27    16.400 53177.50719034 20.66 137.062399  50.391486 24.822
 27    16.752 53177.50719099 18.69 137.060959  50.394716 24.822
 27    16.284 53177.50719163 17.39 137.059519  50.397946 24.822
 27    17.784 53177.50719228 15.97 137.058079  50.401186 24.822
 27    18.149 53177.50719292 15.93 137.056638  50.404419 15.253
 27    18.318 53177.50719357 21.77 137.055198  50.407649 15.253
 27    18.391 53177.50719421 16.97 137.053748  50.410879 15.253
 27    17.915 53177.50719486 16.98 137.052308  50.414119 15.253
 27    17.648 53177.50719550 20.36 137.050868  50.417349 15.253
 27    17.928 53177.50719615 19.93 137.049428  50.420579 15.253
 28    15.705 53212.50720731 45.55 137.067048  50.375511 28.872
 28    15.694 53212.50720796 48.73 137.065608  50.378751 28.872
 28    15.680 53212.50720860 49.65 137.064168  50.381981 28.872
 28    15.668 53212.50720925 50.05 137.062728  50.385211 28.872
 28    15.646 53212.50720989 47.32 137.061288  50.388451 28.872
 28    15.634 53212.50721054 49.70 137.059838  50.391681 28.872
 28    15.616 53212.50721118 49.54 137.058398  50.394911 28.872
 28    15.587 53212.50721183 47.27 137.056958  50.398151 28.872
 28    15.547 53212.50721247 47.61 137.055514  50.401384 25.795
 28    15.368 53212.50721311 41.70 137.054074  50.404614 25.795
 28    15.262 53212.50721376 41.06 137.052634  50.407844 25.795
 28    15.301 53212.50721440 42.00 137.051194  50.411084 25.795
 28    15.260 53212.50721505 42.46 137.049754  50.414314 25.795
 28    15.192 53212.50721569 34.46 137.048304  50.417544 25.795
 29    15.838 53247.50717668 51.15 137.072034  50.379441 31.153
 29    15.812 53247.50717733 52.13 137.070594  50.382671 31.153
 29    15.807 53247.50717797 51.03 137.069154  50.385911 31.153
 29    15.852 53247.50717862 51.10 137.067714  50.389141 31.153
 29    15.889 53247.50717926 51.79 137.066274  50.392371 31.153
 29    15.811 53247.50717991 43.65 137.064834  50.395611 31.153
 29    15.745 53247.50718055 46.20 137.063390  50.398835 39.628
 29    15.758 53247.50718120 50.30 137.061950  50.402075 39.628
 29    15.733 53247.50718184 52.79 137.060510  50.405305 39.628
 29    15.735 53247.50718248 49.69 137.059070  50.408535 39.628
 29    15.666 53247.50718313 38.76 137.057620  50.411775 39.628
 29    15.712 53247.50718377 48.59 137.056180  50.415005 39.628
 29    15.705 53247.50718442 51.20 137.054740  50.418235 39.628
 29    15.689 53247.50718506 51.15 137.053300  50.421475 39.628
 30    14.341 53282.50716537 24.83 137.059404  50.373798  5.538
 30    14.231 53282.50716601 24.57 137.057954  50.377028  5.538
 30    14.209 53282.50716666 24.71 137.056514  50.380268  5.538
 30    14.243 53282.50716730 25.05 137.055072  50.383500 15.861
 30    14.203 53282.50716795 25.09 137.053632  50.386730 15.861
 30    14.287 53282.50716859 25.31 137.052192  50.389960 15.861
 30    14.267 53282.50716924 23.37 137.050752  50.393200 15.861
 30    14.321 53282.50716988 23.16 137.049312  50.396430 15.861
 30    14.270 53282.50717052 22.85 137.047862  50.399660 15.861
 30    14.243 53282.50717117 23.64 137.046422  50.402900 15.861
 30    14.291 53282.50717181 22.56 137.044982  50.406130 15.861
 30    14.768 53282.50717246 21.58 137.043532  50.409360 15.861
 30    17.100 53282.50717310 21.44 137.042092  50.412590 15.861
 31    13.567 53317.50716890 49.33 137.068150  50.377734 24.869
 31    13.456 53317.50716954 51.01 137.066710  50.380964 24.869
 31    13.343 53317.50717019 35.77 137.065260  50.384194 24.869
 31    13.426 53317.50717083 37.60 137.063820  50.387434 24.869
 31    13.474 53317.50717148 42.19 137.062380  50.390664 24.869
 31    13.436 53317.50717212 40.18 137.060940  50.393894 24.869
 31    13.309 53317.50717277 28.37 137.059500  50.397134 24.869
 31    13.159 53317.50717341 25.22 137.058060  50.400366 20.388
 31    13.826 53317.50717406 34.86 137.056620  50.403596 20.388
 31    13.816 53317.50717470 29.37 137.055170  50.406826 20.388
 31    15.059 53317.50717535 26.75 137.053730  50.410066 20.388
 31    14.985 53317.50717599 27.35 137.052290  50.413296 20.388
 31    14.868 53317.50717664 24.03 137.050840  50.416526 20.388
 31    12.896 53317.50717728 27.40 137.049400  50.419756 20.388
 32    12.769 53352.50713524 24.90 137.074728  50.382003  6.809
 32    12.738 53352.50713588 24.57 137.073288  50.385233  6.809
 32    13.064 53352.50713653 24.69 137.071848  50.388473  6.809
 32    13.121 53352.50713717 24.38 137.070408  50.391703  6.809
 32    12.787 53352.50713782 24.26 137.068968  50.394933  6.809
 32    12.714 53352.50713846 23.94 137.067528  50.398173  6.809
 32    12.579 53352.50713911 23.92 137.066082  50.401397 13.471
 32    13.184 53352.50713975 28.22 137.064642  50.404637 13.471
 32    12.885 53352.50714040 23.00 137.063202  50.407867 13.471
 32    12.977 53352.50714104 22.46 137.061762  50.411107 13.471
 32    13.058 53352.50714169 25.72 137.060312  50.414337 13.471
 32    13.104 53352.50714233 25.78 137.058872  50.417567 13.471
 32    13.136 53352.50714298 23.75 137.057432  50.420797 13.471
 32    12.808 53352.50714362 23.10 137.055992  50.424037 13.471
 33    13.059 53387.50712694 19.62 137.061161  50.375154  5.119
 33    13.075 53387.50712758 19.11 137.059721  50.378394  5.119
 33    13.103 53387.50712823 19.22 137.058281  50.381624  5.119
 33    12.956 53387.50712887 20.11 137.056841  50.384854  5.119
 33    12.919 53387.50712952 19.58 137.055403  50.388095  4.611
 33    12.848 53387.50713016 20.45 137.053953  50.391325  4.611
 33    12.963 53387.50713081 19.43 137.052513  50.394555  4.611
 33    12.959 53387.50713145 18.23 137.051073  50.397795  4.611
 33    12.873 53387.50713210 17.60 137.049633  50.401025  4.611
 33    12.834 53387.50713274 16.86 137.048193  50.404255  4.611
 33    12.762 53387.50713339 16.78 137.046743  50.407485  4.611
 33    12.850 53387.50713403 16.38 137.045303  50.410725  4.611
 33    12.942 53387.50713468 16.07 137.043863  50.413955  4.611
 34    13.376 53422.50712911 16.67 137.073618  50.381862  4.308
 34    12.997 53422.50712975 17.03 137.072178  50.385092  4.308
 34    12.601 53422.50713039 17.43 137.070738  50.388322  4.308
 34    12.711 53422.50713104 17.71 137.069288  50.391562  4.308
 34    13.046 53422.50713168 17.62 137.067851  50.394795  5.024
 34    13.402 53422.50713233 16.99 137.066411  50.398025  5.024
 34    13.411 53422.50713297 16.54 137.064971  50.401255  5.024
 34    13.294 53422.50713362 16.45 137.063531  50.404485  5.024
 34    13.308 53422.50713426 15.92 137.062081  50.407725  5.024
 34    13.401 53422.50713491 15.51 137.060641  50.410955  5.024
 34    13.420 53422.50713555 15.59 137.059201  50.414185  5.024
 34    13.510 53422.50713620 15.69 137.057761  50.417425  5.024
 34    13.509 53422.50713684 15.27 137.056311  50.420655  5.024
 34    13.425 53422.50713749 15.42 137.054871  50.423885  5.024
 35    13.065 53457.50713351 11.27 137.065652  50.375657  3.428
 35    13.063 53457.50713415 11.98 137.064212  50.378897  3.428
 35    12.546 53457.50713480 12.47 137.062772  50.382127  3.428
 35    12.494 53457.50713544 13.32 137.061332  50.385357  3.428
 35    12.732 53457.50713609 13.22 137.059892  50.388587  3.428
 35    13.153 53457.50713673 11.42 137.058449  50.391828  3.902
 35    13.428 53457.50713738 11.63 137.057009  50.395058  3.902
 35    13.442 53457.50713802 11.97 137.055559  50.398288  3.902
 35    13.336 53457.50713866 11.39 137.054119  50.401528  3.902
 35    13.190 53457.50713931 11.28 137.052679  50.404758  3.902
 35    13.021 53457.50713995 10.97 137.051239  50.407988  3.902
 35    13.112 53457.50714060 11.57 137.049789  50.411218  3.902
 35    13.364 53457.50714124 10.50 137.048349  50.414458  3.902
 35    13.467 53457.50714189 10.93 137.046909  50.417688  3.902
 36    17.582 53492.50721900 25.60 137.059427  50.375334 10.801
 36    17.504 53492.50721965 25.21 137.057987  50.378564 10.801
 36    17.534 53492.50722029 24.04 137.056547  50.381794 10.801
 36    17.470 53492.50722094 25.62 137.055107  50.385034 10.801
 36    17.387 53492.50722158 26.08 137.053661  50.388258 25.938
 36    17.357 53492.50722223 25.77 137.052221  50.391498 25.938
 36    17.267 53492.50722287 26.50 137.050781  50.394728 25.938
 36    17.194 53492.50722351 25.38 137.049331  50.397968 25.938
 36    17.247 53492.50722416 23.58 137.047891  50.401198 25.938
 36    17.325 53492.50722480 23.73 137.046451  50.404428 25.938
 36    17.553 53492.50722545 23.18 137.045011  50.407658 25.938
 36    18.051 53492.50722609 23.88 137.043571  50.410898 25.938
 36    18.008 53492.50722674 30.56 137.042121  50.414128 25.938
 37    17.606 53527.50719903 29.33 137.072305  50.378267 37.288
 37    17.510 53527.50719968 28.86 137.070865  50.381507 37.288
 37    17.429 53527.50720032 29.67 137.069425  50.384737 37.288
 37    17.320 53527.50720097 29.49 137.067985  50.387967 37.288
 37    17.157 53527.50720161 28.83 137.066535  50.391207 37.288
 37    16.877 53527.50720226 29.69 137.065096  50.394433 10.389
 37    16.646 53527.50720290 29.37 137.063656  50.397673 10.389
 37    17.225 53527.50720355 26.43 137.062216  50.400903 10.389
 37    17.742 53527.50720419 26.34 137.060776  50.404133 10.389
 37    17.773 53527.50720484 28.89 137.059336  50.407373 10.389
 37    17.724 53527.50720548 36.15 137.057886  50.410603 10.389
 37    17.715 53527.50720612 32.95 137.056446  50.413833 10.389
 37    17.467 53527.50720677 21.83 137.055006  50.417073 10.389
 37    17.112 53527.50720741 21.88 137.053566  50.420303 10.389
 38    16.150 53562.50722823 37.57 137.064021  50.377580 21.069
 38    16.141 53562.50722887 37.26 137.062581  50.380820 21.069
 38    16.139 53562.50722952 40.58 137.061141  50.384050 21.069
 38    16.120 53562.50723016 42.40 137.059701  50.387280 21.069
 38    16.111 53562.50723081 38.35 137.058261  50.390520 21.069
 38    16.068 53562.50723145 39.94 137.056819  50.393745 14.220
 38    16.035 53562.50723210 39.74 137.055379  50.396985 14.220
 38    16.010 53562.50723274 40.83 137.053939  50.400215 14.220
 38    15.981 53562.50723339 42.15 137.052489  50.403445 14.220
 38    15.942 53562.50723403 36.33 137.051049  50.406685 14.220
 38    15.832 53562.50723468 31.87 137.049609  50.409915 14.220
 38    15.752 53562.50723532 30.05 137.048169  50.413145 14.220
 38    15.546 53562.50723596 28.46 137.046729  50.416385 14.220
 39    16.333 53597.50716829 24.01 137.075343  50.380947 32.173
 39    16.335 53597.50716893 23.46 137.073903  50.384177 32.173
 39    16.295 53597.50716958 24.27 137.072463  50.387407 32.173
 39    16.215 53597.50717022 24.86 137.071023  50.390647 32.173
 39    16.064 53597.50717087 22.75 137.069586  50.393872  7.899
 39    15.919 53597.50717151 22.45 137.068146  50.397112  7.899
 39    15.465 53597.50717216 21.68 137.066696  50.400342  7.899
 39    15.017 53597.50717280 21.89 137.065256  50.403572  7.899
 39    16.048 53597.50717345 19.14 137.063816  50.406812  7.899
 39    16.157 53597.50717409 24.69 137.062376  50.410042  7.899
 39    16.200 53597.50717473 25.21 137.060936  50.413272  7.899
 39    16.252 53597.50717538 24.82 137.059486  50.416512  7.899
 39    16.215 53597.50717602 16.97 137.058046  50.419742  7.899
 39    15.964 53597.50717667 16.13 137.056606  50.422972  7.899
 39    15.879 53597.50717731 15.01 137.055166  50.426212  7.899
 40    14.224 53632.50716262 19.14 137.057390  50.373186  6.488
 40    14.255 53632.50716327 18.14 137.055950  50.376426  6.488
 40    14.219 53632.50716391 16.75 137.054510  50.379656  6.488
 40    14.922 53632.50716456 15.81 137.053070  50.382886  6.488
 40    13.865 53632.50716520 15.41 137.051630  50.386116  6.488
 40    13.822 53632.50716585 15.83 137.050189  50.389357 15.502
 40    13.726 53632.50716649 15.93 137.048749  50.392587 15.502
 40    13.663 53632.50716714 15.52 137.047299  50.395817 15.502
 40    15.829 53632.50716778 14.61 137.045859  50.399057 15.502
 40    14.168 53632.50716843 15.47 137.044419  50.402287 15.502
 40    15.637 53632.50716907 15.36 137.042979  50.405517 15.502
 40    15.944 53632.50716972 16.30 137.041529  50.408757 15.502
 41    13.311 53667.50718525 51.42 137.062972  50.376050 36.677
 41    13.466 53667.50718589 45.50 137.061532  50.379290 36.677
 41    13.355 53667.50718654 45.44 137.060092  50.382520 36.677
 41    13.273 53667.50718718 38.05 137.058652  50.385750 36.677
 41    13.211 53667.50718783 33.25 137.057202  50.388990 36.677
 41    12.963 53667.50718847 26.25 137.055763  50.392223 17.099
 41    13.046 53667.50718912 22.98 137.054323  50.395453 17.099
 41    13.026 53667.50718976 23.14 137.052883  50.398683 17.099
 41    13.062 53667.50719041 22.69 137.051443  50.401913 17.099
 41    13.070 53667.50719105 24.63 137.050003  50.405153 17.099
 41    13.111 53667.50719170 23.17 137.048553  50.408383 17.099
 41    14.794 53667.50719234 27.94 137.047113  50.411613 17.099
 41    15.251 53667.50719298 23.36 137.045673  50.414853 17.099
 42    12.870 53702.50713134 43.19 137.074346  50.379499 13.575
 42    12.819 53702.50713198 26.63 137.072906  50.382729 13.575
 42    12.783 53702.50713263 20.37 137.071466  50.385959 13.575
 42    12.865 53702.50713327 20.94 137.070026  50.389199 13.575
 42    12.839 53702.50713392 21.45 137.068586  50.392429 13.575
 42    12.815 53702.50713456 20.35 137.067146  50.395659 13.575
 42    12.870 53702.50713521 24.49 137.065696  50.398899 13.575
 42    12.881 53702.50713585 26.31 137.064257  50.402132 15.391
 42    12.804 53702.50713650 23.71 137.062817  50.405362 15.391
 42    12.683 53702.50713714 24.01 137.061377  50.408592 15.391
 42    12.620 53702.50713779 26.61 137.059937  50.411822 15.391
 42    12.582 53702.50713843 25.63 137.058487  50.415062 15.391
 42    12.595 53702.50713908 22.60 137.057047  50.418292 15.391
 42    12.600 53702.50713972 21.43 137.055607  50.421522 15.391
 43    13.327 53737.50704490 19.85 137.073868  50.399500  5.829
 43    13.373 53737.50704555 21.85 137.072425  50.402725 10.662
 43    13.298 53737.50704619 22.00 137.070985  50.405965 10.662
 43    13.388 53737.50704684 20.22 137.069545  50.409195 10.662
 43    13.170 53737.50704748 22.13 137.068105  50.412435 10.662
 43    13.229 53737.50704813 20.61 137.066665  50.415665 10.662
 43    13.269 53737.50704877 20.53 137.065225  50.418895 10.662
 43    13.119 53737.50704941 19.24 137.063785  50.422125 10.662
 43    13.211 53737.50705006 18.15 137.062345  50.425365 10.662
 43    13.121 53737.50705070 18.53 137.060895  50.428595 10.662
 43    13.083 53737.50705135 16.38 137.059455  50.431825 10.662
 43    12.763 53737.50705199 17.09 137.058015  50.435065 10.662
 44    13.759 53772.50705166 11.51 137.070363  50.379712  3.577
 44    13.512 53772.50705231 11.89 137.068923  50.382952  3.577
 44    13.329 53772.50705295 12.04 137.067483  50.386182  3.577
 44    13.120 53772.50705360 12.36 137.066033  50.389412  3.577
 44    13.067 53772.50705424 11.41 137.064593  50.392652  3.577
 44    13.129 53772.50705488 11.70 137.063153  50.395882  3.577
 44    13.227 53772.50705553 11.43 137.061713  50.399112  3.577
 44    13.209 53772.50705617 10.97 137.060273  50.402352  3.577
 44    13.366 53772.50705682 11.49 137.058828  50.405584  3.404
 44    13.206 53772.50705746 10.95 137.057388  50.408814  3.404
 44    13.165 53772.50705811 11.73 137.055938  50.412044  3.404
 44    13.326 53772.50705875 11.07 137.054498  50.415284  3.404
 44    13.464 53772.50705940 10.63 137.053058  50.418514  3.404
 44    13.429 53772.50706004 10.96 137.051618  50.421744  3.404
 47    15.518 53877.50710861 21.97 137.067942  50.377432 25.338
 47    15.648 53877.50710926 22.01 137.066502  50.380672 25.338
 47    15.628 53877.50710990 22.07 137.065052  50.383902 25.338
 47    15.648 53877.50711055 21.61 137.063612  50.387132 25.338
 47    15.382 53877.50711119 22.21 137.062172  50.390372 25.338
 47    15.050 53877.50711184 23.55 137.060728  50.393605 11.483
 47    15.823 53877.50711248 22.31 137.059288  50.396835 11.483
 47    16.156 53877.50711313 21.07 137.057848  50.400065 11.483
 47    16.239 53877.50711377 20.40 137.056408  50.403295 11.483
 47    16.417 53877.50711442 27.23 137.054968  50.406535 11.483
 47    16.402 53877.50711506 31.17 137.053518  50.409765 11.483
 47    16.352 53877.50711571 28.06 137.052078  50.412995 11.483
 47    16.198 53877.50711635 27.25 137.050638  50.416235 11.483
 47    16.650 53877.50711699 20.99 137.049198  50.419465 11.483
 48    15.632 53912.50715994 16.02 137.061241  50.374251  5.078
 48    15.454 53912.50716058 16.48 137.059801  50.377481  5.078
 48    15.666 53912.50716123 14.94 137.058361  50.380721  5.078
 48    15.412 53912.50716187 15.08 137.056921  50.383951  5.078
 48    15.465 53912.50716251 14.35 137.055471  50.387181  5.078
 48    15.554 53912.50716316 13.78 137.054031  50.390421  5.078
 48    15.568 53912.50716380 13.50 137.052591  50.393651  5.078
 48    15.715 53912.50716445 12.39 137.051151  50.396881  5.078
 48    15.774 53912.50716509 11.76 137.049711  50.400121  5.078
 48    15.711 53912.50716574 12.27 137.048269  50.403354 17.023
 48    15.770 53912.50716638 14.38 137.046829  50.406584 17.023
 48    15.874 53912.50716703 14.87 137.045379  50.409814 17.023
 48    16.231 53912.50716767 15.71 137.043939  50.413054 17.023
 49    16.923 53947.50717495 18.12 137.062471  50.373718  6.740
 49    16.743 53947.50717559 18.23 137.061031  50.376948  6.740
 49    16.550 53947.50717624 18.67 137.059591  50.380188  6.740
 49    16.408 53947.50717688 18.35 137.058151  50.383418  6.740
 49    16.415 53947.50717753 18.19 137.056711  50.386648  6.740
 49    16.655 53947.50717817 17.02 137.055271  50.389888  6.740
 49    16.446 53947.50717882 16.81 137.053821  50.393118  6.740
 49    16.608 53947.50717946 16.70 137.052381  50.396348  6.740
 49    16.712 53947.50718011 16.68 137.050941  50.399588  6.740
 49    16.980 53947.50718075 16.09 137.049497  50.402824 21.827
 49    16.867 53947.50718140 19.31 137.048057  50.406054 21.827
 49    16.670 53947.50718204 20.56 137.046617  50.409284 21.827
 49    16.654 53947.50718269 21.88 137.045177  50.412514 21.827
 49    16.784 53947.50718333 20.98 137.043737  50.415754 21.827
 50    17.153 53982.50711781 19.28 137.071839  50.377724 25.304
 50    16.611 53982.50711845 19.24 137.070399  50.380954 25.304
 50    16.503 53982.50711910 19.83 137.068959  50.384184 25.304
 50    16.381 53982.50711974 21.52 137.067519  50.387424 25.304
 50    16.343 53982.50712039 21.32 137.066079  50.390654 25.304
 50    16.298 53982.50712103 19.63 137.064639  50.393884 25.304
 50    16.647 53982.50712168 19.00 137.063199  50.397124 25.304
 50    16.808 53982.50712232 18.25 137.061759  50.400354 25.304
 50    17.430 53982.50712297 20.77 137.060309  50.403584 25.304
 50    17.380 53982.50712361 22.23 137.058869  50.406824 25.304
 50    16.933 53982.50712426 33.67 137.057425  50.410058 11.235
 50    16.882 53982.50712490 38.85 137.055985  50.413288 11.235
 50    16.669 53982.50712555 27.81 137.054545  50.416518 11.235
 50    16.620 53982.50712619 23.13 137.053105  50.419758 11.235
 51    14.595 54017.50714481 18.14 137.064332  50.375248  8.030
 51    14.227 54017.50714545 17.92 137.062892  50.378488  8.030
 51    14.290 54017.50714610 17.91 137.061442  50.381718  8.030
 51    14.198 54017.50714674 18.35 137.060002  50.384948  8.030
 51    14.079 54017.50714738 19.40 137.058562  50.388188  8.030
 51    14.032 54017.50714803 19.52 137.057122  50.391418  8.030
 51    14.153 54017.50714867 18.75 137.055682  50.394648  8.030
 51    14.335 54017.50714932 16.38 137.054232  50.397888  8.030
 51    14.246 54017.50714996 15.59 137.052791  50.401120 21.248
 51    15.123 54017.50715061 16.13 137.051351  50.404350 21.248
 51    15.689 54017.50715125 17.27 137.049911  50.407580 21.248
 51    15.407 54017.50715190 18.20 137.048461  50.410820 21.248
 51    16.385 54017.50715254 18.76 137.047021  50.414050 21.248
 51    17.159 54017.50715319 19.00 137.045581  50.417280 21.248
 52    13.177 54052.50714048 37.28 137.074823  50.379083 23.030
 52    13.259 54052.50714112 34.68 137.073383  50.382313 23.030
 52    13.221 54052.50714177 36.80 137.071943  50.385543 23.030
 52    13.101 54052.50714241 35.11 137.070503  50.388783 23.030
 52    13.126 54052.50714305 34.77 137.069063  50.392013 23.030
 52    13.033 54052.50714370 34.68 137.067613  50.395243 23.030
 52    12.937 54052.50714434 33.18 137.066173  50.398483 23.030
 52    12.948 54052.50714499 31.69 137.064733  50.401713 23.030
 52    13.233 54052.50714563 40.63 137.063293  50.404943 23.030
 52    13.105 54052.50714628 38.40 137.061853  50.408183 23.030
 52    12.939 54052.50714692 35.82 137.060405  50.411415 37.013
 52    12.933 54052.50714757 32.54 137.058965  50.414645 37.013
 52    12.886 54052.50714821 31.39 137.057525  50.417875 37.013
 52    12.859 54052.50714886 32.35 137.056075  50.421115 37.013
 52    12.866 54052.50714950 34.06 137.054635  50.424345 37.013
 53    13.434 54087.50713212 20.73 137.072552  50.377779  9.058
 53    13.403 54087.50713277 21.96 137.071112  50.381009  9.058
 53    13.248 54087.50713341 22.07 137.069672  50.384239  9.058
 53    13.286 54087.50713406 21.96 137.068232  50.387479  9.058
 53    13.281 54087.50713470 22.85 137.066792  50.390709  9.058
 53    13.277 54087.50713535 21.72 137.065352  50.393939  9.058
 53    13.188 54087.50713599 20.40 137.063912  50.397169  9.058
 53    13.199 54087.50713664 19.19 137.062462  50.400409  9.058
 53    13.190 54087.50713728 19.25 137.061022  50.403639  9.058
 53    13.170 54087.50713793 19.73 137.059582  50.406869  9.058
 53    13.164 54087.50713857 20.38 137.058145  50.410111 12.826
 53    13.066 54087.50713922 22.34 137.056695  50.413341 12.826
 53    13.032 54087.50713986 21.54 137.055255  50.416571 12.826
 53    12.929 54087.50714051 20.30 137.053815  50.419811 12.826
 54    13.325 54122.50705863 16.97 137.074010  50.392038  6.780
 54    13.354 54122.50705928 16.75 137.072570  50.395268  6.780
 54    13.224 54122.50705992 17.02 137.071130  50.398508  6.780
 54    13.260 54122.50706057 17.11 137.069690  50.401738  6.780
 54    13.196 54122.50706121 16.19 137.068250  50.404968  6.780
 54    13.194 54122.50706186 17.03 137.066810  50.408208  6.780
 54    13.200 54122.50706250 16.08 137.065371  50.411434  9.867
 54    13.211 54122.50706315 15.12 137.063931  50.414674  9.867
 54    13.185 54122.50706379 16.05 137.062481  50.417904  9.867
 54    13.087 54122.50706444 16.41 137.061041  50.421134  9.867
 54    13.015 54122.50706508 17.35 137.059601  50.424374  9.867
 54    13.082 54122.50706573 17.73 137.058161  50.427604  9.867
 54    13.082 54122.50706637 16.68 137.056721  50.430834  9.867
 55    13.324 54157.50709422 12.83 137.067563  50.377276  4.164
 55    13.417 54157.50709487 13.11 137.066123  50.380506  4.164
 55    13.506 54157.50709551 12.97 137.064683  50.383746  4.164
 55    13.280 54157.50709616 12.90 137.063243  50.386976  4.164
 55    13.461 54157.50709680 12.72 137.061793  50.390206  4.164
 55    13.402 54157.50709745 12.79 137.060353  50.393446  4.164
 55    13.449 54157.50709809 12.43 137.058913  50.396676  4.164
 55    13.482 54157.50709873 12.68 137.057473  50.399906  4.164
 55    13.618 54157.50709938 11.48 137.056033  50.403146  4.164
 55    13.329 54157.50710002 12.16 137.054591  50.406379  4.412
 55    13.172 54157.50710067 11.98 137.053151  50.409609  4.412
 55    12.918 54157.50710131 11.78 137.051701  50.412839  4.412
 55    12.780 54157.50710196 12.07 137.050261  50.416069  4.412
 55    12.629 54157.50710260 12.65 137.048821  50.419309  4.412
 56    13.698 54192.50705583 24.68 137.075600  50.381039 14.696
 56    13.642 54192.50705648 21.69 137.074160  50.384269 14.696
 56    12.942 54192.50705712 26.09 137.072720  50.387499 14.696
 56    12.831 54192.50705777 26.45 137.071280  50.390739 14.696
 56    12.973 54192.50705841 25.31 137.069840  50.393969 14.696
 56    13.455 54192.50705906 22.09 137.068400  50.397199 14.696
 56    13.403 54192.50705970 21.56 137.066960  50.400439 14.696
 56    13.210 54192.50706035 23.42 137.065520  50.403669 14.696
 56    13.167 54192.50706099 22.94 137.064080  50.406899 14.696
 56    13.157 54192.50706163 23.76 137.062640  50.410139 14.696
 56    15.046 54192.50706228 22.84 137.061200  50.413369 14.696
 56    14.480 54192.50706292 27.74 137.059760  50.416599 14.696
 56    14.782 54192.50706357 21.10 137.058310  50.419839 14.696
 56    14.360 54192.50706421 20.68 137.056870  50.423069 14.696
 56    14.592 54192.50706486 20.94 137.055430  50.426299 14.696
 57    14.585 54227.50710583 18.26 137.067153  50.375597  7.627
 57    14.865 54227.50710647 17.39 137.065713  50.378827  7.627
 57    14.749 54227.50710711 16.95 137.064273  50.382057  7.627
 57    14.940 54227.50710776 16.30 137.062833  50.385297  7.627
 57    14.808 54227.50710840 17.79 137.061393  50.388527  7.627
 57    14.763 54227.50710905 17.45 137.059953  50.391757  7.627
 57    15.083 54227.50710969 16.21 137.058503  50.394997  7.627
 57    15.121 54227.50711034 16.08 137.057063  50.398227  7.627
 57    15.121 54227.50711098 16.98 137.055623  50.401457  7.627
 57    15.339 54227.50711163 15.74 137.054183  50.404697  7.627
 57    15.733 54227.50711227 24.30 137.052743  50.407927  7.627
 57    15.635 54227.50711292 20.78 137.051293  50.411157  7.627
 57    15.483 54227.50711356 20.99 137.049853  50.414397  7.627
 57    16.004 54227.50711421 20.43 137.048413  50.417627  7.627
 58    16.213 54262.50712518 30.82 137.067849  50.376611  9.185
 58    16.268 54262.50712582 22.68 137.066409  50.379841  9.185
 58    15.799 54262.50712647 20.20 137.064969  50.383071  9.185
 58    15.523 54262.50712711 20.92 137.063529  50.386311  9.185
 58    15.570 54262.50712776 20.15 137.062089  50.389541  9.185
 58    14.961 54262.50712840 21.30 137.060649  50.392771  9.185
 58    14.781 54262.50712905 21.41 137.059199  50.396011  9.185
 58    14.161 54262.50712969 21.71 137.057759  50.399241  9.185
 58    15.511 54262.50713034 20.29 137.056319  50.402471  9.185
 58    15.856 54262.50713098 20.40 137.054879  50.405711  9.185
 58    16.091 54262.50713163 29.57 137.053439  50.408941  9.185
 58    16.073 54262.50713227 24.06 137.051989  50.412171  9.185
 58    15.945 54262.50713292 17.84 137.050549  50.415411  9.185
 58    15.848 54262.50713356 17.76 137.049109  50.418641  9.185
 59    14.394 54297.50713031 33.02 137.069350  50.379429 25.333
 59    14.309 54297.50713095 27.16 137.067910  50.382669 25.333
 59    14.223 54297.50713160 24.94 137.066470  50.385899 25.333
 59    14.158 54297.50713224 25.05 137.065030  50.389129 25.333
 59    14.111 54297.50713289 26.53 137.063580  50.392359 25.333
 59    14.369 54297.50713353 27.83 137.062140  50.395599 25.333
 59    14.399 54297.50713417 34.81 137.060700  50.398829 25.333
 59    14.278 54297.50713482 35.17 137.059260  50.402059 25.333
 59    14.105 54297.50713546 30.89 137.057820  50.405299 25.333
 59    14.090 54297.50713611 34.75 137.056380  50.408529 25.333
 59    15.362 54297.50713675 40.54 137.054940  50.411759 25.333
 59    14.141 54297.50713740 40.37 137.053490  50.414999 25.333
 59    14.270 54297.50713804 40.95 137.052050  50.418229 25.333
 59    13.886 54297.50713869 36.33 137.050610  50.421459 25.333
 60    15.580 54332.50712023 17.56 137.072968  50.378118 15.302
 60    15.651 54332.50712087 18.15 137.071528  50.381348 15.302
 60    15.622 54332.50712151 21.01 137.070088  50.384578 15.302
 60    15.587 54332.50712216 22.77 137.068648  50.387818 15.302
 60    15.574 54332.50712280 21.41 137.067208  50.391048 15.302
 60    15.543 54332.50712345 18.62 137.065768  50.394278 15.302
 60    15.580 54332.50712409 15.47 137.064318  50.397518 15.302
 60    15.902 54332.50712474 17.38 137.062878  50.400748 15.302
 60    15.738 54332.50712538 16.04 137.061438  50.403978 15.302
 60    15.546 54332.50712603 15.90 137.059998  50.407218 15.302
 60    15.589 54332.50712667 25.40 137.058558  50.410448 15.302
 60    15.626 54332.50712732 33.43 137.057118  50.413678 15.302
 60    15.773 54332.50712796 38.60 137.055668  50.416918 15.302
 60    15.595 54332.50712861 28.30 137.054228  50.420148 15.302
 61    14.360 54367.50706186 27.93 137.074664  50.381081 17.645
 61    15.044 54367.50706251 25.71 137.073224  50.384311 17.645
 61    15.010 54367.50706315 24.41 137.071784  50.387541 17.645
 61    14.903 54367.50706380 23.70 137.070344  50.390781 17.645
 61    14.922 54367.50706444 24.02 137.068894  50.394011 17.645
 61    14.959 54367.50706509 26.77 137.067454  50.397241 17.645
 61    14.945 54367.50706573 33.35 137.066014  50.400481 17.645
 61    15.013 54367.50706638 24.73 137.064574  50.403711 17.645
 61    15.269 54367.50706702 21.91 137.063134  50.406941 17.645
 61    15.586 54367.50706767 22.32 137.061694  50.410181 17.645
 61    15.478 54367.50706831 24.80 137.060254  50.413411 17.645
 61    15.168 54367.50706896 32.76 137.058814  50.416641 17.645
 61    14.817 54367.50706960 31.84 137.057364  50.419881 17.645
 61    14.684 54367.50707025 27.03 137.055924  50.423111 17.645
 62    13.628 54402.50706299 48.20 137.070444  50.377381 27.601
 62    13.479 54402.50706364 39.46 137.069004  50.380621 27.601
 62    13.582 54402.50706428 36.48 137.067564  50.383851 27.601
 62    13.426 54402.50706493 33.22 137.066124  50.387091 27.601
 62    13.497 54402.50706557 30.01 137.064684  50.390321 27.601
 62    13.442 54402.50706622 25.05 137.063244  50.393551 27.601
 62    13.328 54402.50706686 27.20 137.061804  50.396791 27.601
 62    13.522 54402.50706751 32.30 137.060364  50.400021 27.601
 62    13.542 54402.50706815 35.63 137.058914  50.403251 27.601
 62    13.551 54402.50706880 37.63 137.057474  50.406481 27.601
 62    15.487 54402.50706944 39.45 137.056034  50.409721 27.601
 62    15.662 54402.50707009 40.38 137.054594  50.412951 27.601
 62    15.424 54402.50707073 24.39 137.053154  50.416181 27.601
 62    13.383 54402.50707138 22.82 137.051704  50.419421 27.601
 63    12.870 54437.50702070 21.83 137.071578  50.380832  9.587
 63    12.791 54437.50702135 23.48 137.070138  50.384062  9.587
 63    12.849 54437.50702199 23.19 137.068698  50.387292  9.587
 63    12.924 54437.50702264 25.31 137.067258  50.390532  9.587
 63    12.793 54437.50702328 23.60 137.065818  50.393762  9.587
 63    12.750 54437.50702393 24.82 137.064378  50.396992  9.587
 63    12.817 54437.50702457 25.47 137.062938  50.400232  9.587
 63    12.756 54437.50702522 24.72 137.061498  50.403462  9.587
 63    12.457 54437.50702586 24.42 137.060058  50.406692  9.587
 63    12.381 54437.50702651 24.44 137.058608  50.409932  9.587
 63    12.383 54437.50702715 23.30 137.057168  50.413162  9.587
 63    12.347 54437.50702780 22.31 137.055728  50.416392  9.587
 63    12.382 54437.50702844 22.92 137.054288  50.419632  9.587
 63    12.493 54437.50702908 21.23 137.052848  50.422862  9.587
 64    13.007 54472.50704812 21.93 137.067977  50.376356  8.768
 64    12.886 54472.50704877 21.17 137.066537  50.379586  8.768
 64    12.931 54472.50704941 22.26 137.065097  50.382816  8.768
 64    13.037 54472.50705006 21.94 137.063647  50.386046  8.768
 64    13.077 54472.50705070 22.50 137.062207  50.389286  8.768
 64    12.981 54472.50705135 22.73 137.060767  50.392516  8.768
 64    12.952 54472.50705199 21.99 137.059327  50.395746  8.768
 64    12.916 54472.50705263 22.52 137.057887  50.398986  8.768
 64    12.853 54472.50705328 21.35 137.056437  50.402216  8.768
 64    12.769 54472.50705392 21.90 137.054997  50.405446  8.768
 64    12.845 54472.50705457 21.43 137.053557  50.408686  8.768
 64    12.830 54472.50705521 21.31 137.052117  50.411916  8.768
 64    12.805 54472.50705586 20.94 137.050667  50.415146  8.768
 64    12.726 54472.50705650 19.87 137.049227  50.418386  8.768
 65    12.820 54507.50703159 17.55 137.075206  50.379032  4.787
 65    12.800 54507.50703224 17.36 137.073766  50.382272  4.787
 65    12.689 54507.50703288 17.73 137.072326  50.385502  4.787
 65    12.717 54507.50703352 18.44 137.070886  50.388732  4.787
 65    12.720 54507.50703417 18.08 137.069446  50.391972  4.787
 65    12.581 54507.50703481 18.65 137.068003  50.395197  6.729
 65    12.628 54507.50703546 18.82 137.066563  50.398437  6.729
 65    12.584 54507.50703610 18.88 137.065123  50.401667  6.729
 65    12.407 54507.50703675 18.56 137.063683  50.404897  6.729
 65    12.322 54507.50703739 18.63 137.062243  50.408137  6.729
 65    12.385 54507.50703804 18.75 137.060803  50.411367  6.729
 65    12.544 54507.50703868 17.61 137.059363  50.414597  6.729
 65    12.570 54507.50703933 17.03 137.057913  50.417837  6.729
 65    12.689 54507.50703997 16.20 137.056473  50.421067  6.729
 65    12.763 54507.50704062 16.47 137.055033  50.424297  6.729
 66    12.586 54542.50706270 28.64 137.070543  50.376841 16.465
 66    12.548 54542.50706334 29.19 137.069103  50.380081 16.465
 66    12.664 54542.50706398 26.97 137.067663  50.383311 16.465
 66    12.609 54542.50706463 26.90 137.066223  50.386541 16.465
 66    12.479 54542.50706527 25.44 137.064783  50.389781 16.465
 66    12.489 54542.50706592 25.81 137.063343  50.393011 16.465
 66    12.309 54542.50706656 26.38 137.061893  50.396241 16.465
 66    12.468 54542.50706721 26.01 137.060453  50.399481 16.465
 66    12.485 54542.50706785 27.05 137.059013  50.402711 16.465
 66    12.441 54542.50706850 27.43 137.057573  50.405941 16.465
 66    12.160 54542.50706914 26.71 137.056133  50.409181 16.465
 66    15.355 54542.50706979 27.16 137.054687  50.412413 18.803
 66    12.261 54542.50707043 26.35 137.053247  50.415643 18.803
 66    12.261 54542.50707108 24.26 137.051797  50.418873 18.803
 67    13.271 54577.50703444 52.58 137.074634  50.381044 31.500
 67    13.320 54577.50703508 51.18 137.073194  50.384284 31.500
 67    13.214 54577.50703573 53.40 137.071754  50.387514 31.500
 67    13.200 54577.50703637 53.17 137.070314  50.390744 31.500
 67    13.331 54577.50703702 48.75 137.068874  50.393984 31.500
 67    13.729 54577.50703766 39.98 137.067430  50.397210 42.849
 67    13.420 54577.50703831 43.29 137.065990  50.400450 42.849
 67    13.229 54577.50703895 54.22 137.064550  50.403680 42.849
 67    13.150 54577.50703960 51.49 137.063110  50.406910 42.849
 67    13.280 54577.50704024 40.20 137.061670  50.410150 42.849
 67    13.877 54577.50704088 37.55 137.060230  50.413380 42.849
 67    14.399 54577.50704153 36.43 137.058790  50.416610 42.849
 67    13.111 54577.50704217 39.03 137.057340  50.419850 42.849
 67    13.070 54577.50704282 45.44 137.055900  50.423080 42.849
 68    14.033 54612.50705387 20.12 137.070253  50.376813 20.907
 68    14.002 54612.50705452 24.32 137.068813  50.380053 20.907
 68    13.752 54612.50705516 24.26 137.067373  50.383283 20.907
 68    13.666 54612.50705581 19.22 137.065933  50.386513 20.907
 68    13.691 54612.50705645 19.00 137.064483  50.389753 20.907
 68    13.911 54612.50705710 18.91 137.063046  50.392988 14.275
 68    13.842 54612.50705774 23.48 137.061606  50.396218 14.275
 68    13.728 54612.50705839 26.20 137.060166  50.399448 14.275
 68    13.673 54612.50705903 28.35 137.058726  50.402688 14.275
 68    13.796 54612.50705967 29.15 137.057276  50.405918 14.275
 68    13.700 54612.50706032 23.91 137.055836  50.409148 14.275
 68    15.401 54612.50706096 19.60 137.054396  50.412378 14.275
 68    13.547 54612.50706161 21.03 137.052956  50.415618 14.275
 68    14.834 54612.50706225 21.70 137.051516  50.418848 14.275
 69    13.500 54647.50706101 47.00 137.067845  50.378121 24.425
 69    13.483 54647.50706165 45.10 137.066405  50.381361 24.425
 69    13.408 54647.50706230 44.71 137.064965  50.384591 24.425
 69    13.350 54647.50706294 49.05 137.063525  50.387821 24.425
 69    13.303 54647.50706359 50.01 137.062075  50.391061 24.425
 69    13.261 54647.50706423 47.84 137.060637  50.394294 24.804
 69    13.226 54647.50706488 45.59 137.059197  50.397524 24.804
 69    13.278 54647.50706552 44.58 137.057757  50.400754 24.804
 69    13.286 54647.50706617 41.78 137.056317  50.403984 24.804
 69    13.317 54647.50706681 42.49 137.054867  50.407224 24.804
 69    13.295 54647.50706746 44.18 137.053427  50.410454 24.804
 69    13.239 54647.50706810 43.83 137.051987  50.413684 24.804
 69    13.181 54647.50706875 33.43 137.050547  50.416924 24.804
 69    13.031 54647.50706939 25.87 137.049097  50.420154 24.804
 70    14.825 54682.50706182 39.28 137.070113  50.378834 21.769
 70    14.544 54682.50706246 22.84 137.068673  50.382074 21.769
 70    14.410 54682.50706311 21.06 137.067233  50.385304 21.769
 70    14.224 54682.50706375 22.63 137.065793  50.388534 21.769
 70    14.298 54682.50706440 20.18 137.064353  50.391774 21.769
 70    14.576 54682.50706504 20.69 137.062909  50.394998 19.490
 70    14.587 54682.50706569 23.84 137.061469  50.398238 19.490
 70    14.417 54682.50706633 23.96 137.060029  50.401468 19.490
 70    14.284 54682.50706698 22.21 137.058589  50.404708 19.490
 70    14.321 54682.50706762 19.92 137.057139  50.407938 19.490
 70    14.922 54682.50706827 30.57 137.055699  50.411168 19.490
 70    14.922 54682.50706891 22.04 137.054259  50.414398 19.490
 70    14.324 54682.50706955 32.04 137.052819  50.417638 19.490
 70    14.284 54682.50707020 32.16 137.051369  50.420868 19.490
 71    13.570 54717.50701008 44.66 137.075390  50.380865 26.584
 71    13.632 54717.50701072 48.06 137.073950  50.384095 26.584
 71    13.633 54717.50701137 47.35 137.072510  50.387325 26.584
 71    13.631 54717.50701201 45.17 137.071070  50.390565 26.584
 71    13.573 54717.50701266 42.93 137.069630  50.393795 26.584
 71    13.503 54717.50701330 37.44 137.068190  50.397025 26.584
 71    13.574 54717.50701394 32.62 137.066750  50.400265 26.584
 71    13.439 54717.50701459 40.29 137.065309  50.403492 22.051
 71    13.421 54717.50701523 51.08 137.063869  50.406732 22.051
 71    13.425 54717.50701588 45.33 137.062429  50.409962 22.051
 71    14.743 54717.50701652 26.04 137.060979  50.413192 22.051
 71    13.276 54717.50701717 25.42 137.059539  50.416432 22.051
 71    13.360 54717.50701781 30.59 137.058099  50.419662 22.051
 71    13.354 54717.50701846 44.27 137.056659  50.422892 22.051
 71    13.333 54717.50701910 46.54 137.055219  50.426132 22.051
 72    14.251 54752.50703336 14.16 137.066817  50.375229  7.160
 72    14.268 54752.50703401 13.91 137.065377  50.378469  7.160
 72    14.280 54752.50703465 14.63 137.063937  50.381699  7.160
 72    13.977 54752.50703530 15.63 137.062487  50.384929  7.160
 72    13.971 54752.50703594 17.49 137.061047  50.388169  7.160
 72    14.083 54752.50703659 19.10 137.059606  50.391402 15.370
 72    14.093 54752.50703723 20.04 137.058166  50.394632 15.370
 72    14.162 54752.50703787 17.14 137.056726  50.397862 15.370
 72    13.914 54752.50703852 17.78 137.055286  50.401102 15.370
 72    13.724 54752.50703916 16.24 137.053846  50.404332 15.370
 72    14.026 54752.50703981 16.48 137.052396  50.407562 15.370
 72    14.709 54752.50704045 17.61 137.050956  50.410792 15.370
 72    14.183 54752.50704110 17.73 137.049516  50.414032 15.370
 72    14.005 54752.50704174 20.68 137.048066  50.417262 15.370
 73    12.991 54787.50700013 35.46 137.072080  50.380779 17.997
 73    12.960 54787.50700077 32.81 137.070640  50.384009 17.997
 73    12.957 54787.50700142 34.58 137.069200  50.387249 17.997
 73    12.925 54787.50700206 33.66 137.067760  50.390479 17.997
 73    12.857 54787.50700271 32.34 137.066320  50.393709 17.997
 73    12.836 54787.50700335 33.08 137.064880  50.396949 17.997
 73    12.771 54787.50700400 32.99 137.063438  50.400181 33.756
 73    12.826 54787.50700464 35.16 137.061998  50.403411 33.756
 73    12.857 54787.50700529 36.47 137.060558  50.406641 33.756
 73    12.823 54787.50700593 34.65 137.059118  50.409881 33.756
 73    12.690 54787.50700658 33.92 137.057668  50.413111 33.756
 73    12.546 54787.50700722 32.33 137.056228  50.416341 33.756
 73    12.577 54787.50700786 31.52 137.054788  50.419581 33.756
 73    12.592 54787.50700851 30.49 137.053348  50.422811 33.756
 74    13.136 54822.50702791 18.29 137.066572  50.376003  6.299
 74    13.330 54822.50702855 18.70 137.065132  50.379233  6.299
 74    13.449 54822.50702920 21.14 137.063682  50.382463  6.299
 74    13.510 54822.50702984 22.50 137.062242  50.385703  6.299
 74    13.402 54822.50703049 19.35 137.060802  50.388936  5.140
 74    13.218 54822.50703113 18.60 137.059362  50.392166  5.140
 74    13.147 54822.50703178 18.01 137.057922  50.395396  5.140
 74    13.093 54822.50703242 16.91 137.056482  50.398626  5.140
 74    13.136 54822.50703307 16.01 137.055042  50.401866  5.140
 74    12.963 54822.50703371 15.78 137.053592  50.405096  5.140
 74    12.774 54822.50703436 15.78 137.052152  50.408326  5.140
 74    12.644 54822.50703500 15.86 137.050712  50.411566  5.140
 74    12.722 54822.50703565 15.09 137.049262  50.414796  5.140
 74    12.863 54822.50703629 15.14 137.047822  50.418026  5.140
 75    13.420 54857.50699602 10.86 137.073423  50.379551  3.983
 75    13.259 54857.50699667 10.85 137.071983  50.382781  3.983
 75    13.220 54857.50699731 10.61 137.070543  50.386021  3.983
 75    12.910 54857.50699796 13.16 137.069103  50.389251  3.983
 75    12.943 54857.50699860 11.61 137.067663  50.392481  3.983
 75    13.270 54857.50699925 10.26 137.066223  50.395721  3.983
 75    13.373 54857.50699989 10.81 137.064781  50.398946  3.720
 75    13.436 54857.50700054  9.72 137.063341  50.402186  3.720
 75    13.487 54857.50700118  9.79 137.061901  50.405416  3.720
 75    13.222 54857.50700183 10.19 137.060461  50.408656  3.720
 75    13.029 54857.50700247  9.89 137.059011  50.411886  3.720
 75    12.867 54857.50700312  9.86 137.057571  50.415116  3.720
 75    12.889 54857.50700376  9.71 137.056131  50.418356  3.720
 75    12.742 54857.50700440 10.25 137.054691  50.421586  3.720
 76    12.805 54892.50703095  8.80 137.068439  50.378702  3.373
 76    12.947 54892.50703160  8.66 137.066999  50.381932  3.373
 76    13.084 54892.50703224  8.72 137.065559  50.385162  3.373
 76    12.750 54892.50703288  8.54 137.064119  50.388402  3.373
 76    12.982 54892.50703353  8.12 137.062678  50.391635  3.040
 76    13.142 54892.50703417  8.75 137.061238  50.394865  3.040
 76    13.447 54892.50703482  8.51 137.059788  50.398095  3.040
 76    13.514 54892.50703546  8.10 137.058348  50.401325  3.040
 76    13.320 54892.50703611  7.62 137.056908  50.404565  3.040
 76    13.370 54892.50703675  7.73 137.055468  50.407795  3.040
 76    12.973 54892.50703740  7.81 137.054028  50.411025  3.040
 76    12.630 54892.50703804  8.19 137.052588  50.414265  3.040
 76    12.589 54892.50703869  8.55 137.051138  50.417495  3.040
 76    11.745 54892.50703933  8.73 137.049698  50.420725  3.040
 77    13.844 54927.50699407 13.97 137.074156  50.379617  8.596
 77    13.735 54927.50699472 18.31 137.072716  50.382847  8.596
 77    13.781 54927.50699536 14.45 137.071276  50.386087  8.596
 77    13.508 54927.50699601 15.08 137.069836  50.389317  8.596
 77    13.497 54927.50699665 17.01 137.068396  50.392547  8.596
 77    13.453 54927.50699730 23.04 137.066956  50.395787  8.596
 77    13.574 54927.50699794 19.12 137.065522  50.399011 16.280
 77    13.433 54927.50699859 20.01 137.064072  50.402251 16.280
 77    13.480 54927.50699923 18.76 137.062632  50.405481 16.280
 77    13.388 54927.50699988 19.31 137.061192  50.408721 16.280
 77    14.442 54927.50700052 19.01 137.059752  50.411951 16.280
 77    13.329 54927.50700116 18.17 137.058312  50.415181 16.280
 77    13.484 54927.50700181 20.32 137.056872  50.418411 16.280
 77    13.349 54927.50700245 21.30 137.055432  50.421651 16.280
 78    16.000 54962.50703031 52.16 137.066323  50.377018 39.170
 78    15.984 54962.50703096 52.51 137.064883  50.380248 39.170
 78    15.966 54962.50703160 52.77 137.063443  50.383478 39.170
 78    15.943 54962.50703225 51.37 137.061993  50.386718 39.170
 78    15.930 54962.50703289 52.07 137.060555  50.389944 50.974
 78    15.914 54962.50703353 54.31 137.059115  50.393184 50.974
 78    15.894 54962.50703418 53.28 137.057675  50.396414 50.974
 78    15.875 54962.50703482 53.21 137.056235  50.399644 50.974
 78    15.859 54962.50703547 54.06 137.054795  50.402884 50.974
 78    15.831 54962.50703611 53.04 137.053345  50.406114 50.974
 78    15.812 54962.50703676 53.07 137.051905  50.409344 50.974
 78    15.790 54962.50703740 51.72 137.050465  50.412584 50.974
 78    15.766 54962.50703805 51.61 137.049015  50.415814 50.974
 78    15.739 54962.50703869 51.96 137.047575  50.419044 50.974
 79    14.529 54997.50705127 51.03 137.066261  50.378190 26.284
 79    14.501 54997.50705191 51.08 137.064821  50.381420 26.284
 79    14.476 54997.50705256 49.68 137.063381  50.384650 26.284
 79    14.462 54997.50705320 52.43 137.061941  50.387890 26.284
 79    14.402 54997.50705385 48.83 137.060496  50.391114 17.636
 79    14.390 54997.50705449 47.53 137.059056  50.394354 17.636
 79    14.335 54997.50705513 42.99 137.057616  50.397584 17.636
 79    14.258 54997.50705578 38.73 137.056176  50.400824 17.636
 79    14.166 54997.50705642 37.57 137.054726  50.404054 17.636
 79    14.015 54997.50705707 37.50 137.053286  50.407284 17.636
 79    13.939 54997.50705771 34.41 137.051846  50.410514 17.636
 79    14.041 54997.50705836 32.27 137.050406  50.413754 17.636
 79    14.127 54997.50705900 29.93 137.048956  50.416984 17.636
 80    17.268 55032.50704085 23.31 137.068043  50.379124 42.017
 80    16.982 55032.50704149 23.94 137.066603  50.382354 42.017
 80    16.944 55032.50704213 21.77 137.065163  50.385584 42.017
 80    16.864 55032.50704278 22.08 137.063723  50.388824 42.017
 80    16.532 55032.50704342 22.59 137.062280  50.392048 10.148
 80    16.402 55032.50704407 21.49 137.060840  50.395288 10.148
 80    17.199 55032.50704471 19.61 137.059400  50.398518 10.148
 80    17.746 55032.50704536 19.14 137.057960  50.401758 10.148
 80    17.827 55032.50704600 25.41 137.056510  50.404988 10.148
 80    17.891 55032.50704665 33.74 137.055070  50.408218 10.148
 80    17.929 55032.50704729 34.28 137.053630  50.411448 10.148
 80    17.769 55032.50704794 22.14 137.052190  50.414688 10.148
 80    17.344 55032.50704858 20.10 137.050740  50.417918 10.148
 81    18.031 55067.50702981 26.23 137.071689  50.380464 31.483
 81    17.978 55067.50703045 25.74 137.070249  50.383704 31.483
 81    17.948 55067.50703110 24.90 137.068809  50.386934 31.483
 81    17.915 55067.50703174 24.83 137.067369  50.390164 31.483
 81    17.609 55067.50703239 26.27 137.065929  50.393404 31.483
 81    17.255 55067.50703303 27.46 137.064487  50.396629 13.226
 81    17.230 55067.50703368 26.94 137.063047  50.399869 13.226
 81    18.268 55067.50703432 24.08 137.061607  50.403099 13.226
 81    18.330 55067.50703497 32.25 137.060157  50.406339 13.226
 81    18.419 55067.50703561 36.26 137.058717  50.409569 13.226
 81    18.364 55067.50703625 41.18 137.057277  50.412799 13.226
 81    18.354 55067.50703690 28.16 137.055837  50.416029 13.226
 81    18.145 55067.50703754 19.46 137.054397  50.419269 13.226
 81    17.795 55067.50703819 20.65 137.052947  50.422499 13.226
 82    18.540 55102.50696916 42.88 137.074032  50.381083 22.570
 82    18.528 55102.50696981 42.59 137.072592  50.384313 22.570
 82    18.413 55102.50697045 42.47 137.071152  50.387543 22.570
 82    18.375 55102.50697110 39.90 137.069712  50.390783 22.570
 82    18.546 55102.50697174 40.63 137.068272  50.394013 22.570
 82    18.650 55102.50697238 44.81 137.066832  50.397243 22.570
 82    18.611 55102.50697303 41.03 137.065392  50.400483 22.570
 82    18.552 55102.50697367 41.95 137.063952  50.403713 22.570
 82    18.470 55102.50697432 42.26 137.062512  50.406943 22.570
 82    18.525 55102.50697496 46.54 137.061072  50.410183 22.570
 82    18.503 55102.50697561 46.48 137.059632  50.413413 22.570
 82    18.539 55102.50697625 50.11 137.058182  50.416643 22.570
 82    18.320 55102.50697690 46.03 137.056742  50.419883 22.570
 82    18.216 55102.50697754 41.70 137.055302  50.423113 22.570
 83    14.973 55137.50697539 43.28 137.067766  50.376747 22.539
 83    14.878 55137.50697604 46.03 137.066326  50.379987 22.539
 83    14.816 55137.50697668 44.42 137.064886  50.383217 22.539
 83    14.771 55137.50697732 45.51 137.063446  50.386447 22.539
 83    14.753 55137.50697797 44.29 137.061996  50.389687 22.539
 83    14.869 55137.50697861 42.84 137.060557  50.392919 42.448
 83    14.880 55137.50697926 42.80 137.059117  50.396149 42.448
 83    14.881 55137.50697990 46.99 137.057677  50.399379 42.448
 83    14.883 55137.50698055 47.71 137.056237  50.402619 42.448
 83    14.847 55137.50698119 49.42 137.054797  50.405849 42.448
 83    14.846 55137.50698184 50.52 137.053347  50.409079 42.448
 83    14.825 55137.50698248 49.44 137.051907  50.412309 42.448
 83    14.788 55137.50698313 48.38 137.050467  50.415549 42.448
 83    14.751 55137.50698377 44.33 137.049027  50.418779 42.448
 84    14.033 55172.50693768 18.74 137.072876  50.381171  4.634
 84    14.055 55172.50693832 19.74 137.071436  50.384411  4.634
 84    14.164 55172.50693896 21.44 137.069996  50.387641  4.634
 84    14.045 55172.50693961 21.39 137.068556  50.390871  4.634
 84    13.954 55172.50694025 19.95 137.067116  50.394111  4.634
 84    13.904 55172.50694090 19.32 137.065678  50.397335  7.679
 84    13.821 55172.50694154 19.96 137.064238  50.400575  7.679
 84    13.740 55172.50694219 25.42 137.062798  50.403805  7.679
 84    13.913 55172.50694283 20.31 137.061348  50.407035  7.679
 84    13.582 55172.50694348 19.63 137.059908  50.410275  7.679
 84    13.525 55172.50694412 18.99 137.058468  50.413505  7.679
 84    13.387 55172.50694477 19.59 137.057028  50.416735  7.679
 84    13.368 55172.50694541 18.68 137.055588  50.419975  7.679
 84    13.178 55172.50694606 19.18 137.054138  50.423205  7.679
 85    13.992 55207.50697009 12.65 137.065884  50.378162  3.035
 85    13.986 55207.50697073 12.10 137.064444  50.381392  3.035
 85    14.015 55207.50697138 12.53 137.062994  50.384622  3.035
 85    14.033 55207.50697202 12.81 137.061554  50.387862  3.035
 85    13.995 55207.50697267 12.59 137.060114  50.391086  3.897
 85    14.022 55207.50697331 12.64 137.058674  50.394326  3.897
 85    14.020 55207.50697396 12.65 137.057234  50.397556  3.897
 85    14.090 55207.50697460 12.11 137.055794  50.400796  3.897
 85    14.125 55207.50697525 11.92 137.054354  50.404026  3.897
 85    14.117 55207.50697589 11.82 137.052904  50.407256  3.897
 85    13.972 55207.50697654 11.94 137.051464  50.410486  3.897
 85    13.726 55207.50697718 12.27 137.050024  50.413726  3.897
 85    13.640 55207.50697783 13.12 137.048574  50.416956  3.897
 86    14.226 55242.50694232 10.25 137.073512  50.381336  5.463
 86    14.066 55242.50694296 17.20 137.072072  50.384566  5.463
 86    14.011 55242.50694361 22.61 137.070632  50.387806  5.463
 86    13.866 55242.50694425 23.94 137.069192  50.391036  5.463
 86    13.871 55242.50694489 12.50 137.067752  50.394266  5.463
 86    13.897 55242.50694554  9.27 137.066312  50.397506  5.463
 86    13.935 55242.50694618  9.13 137.064874  50.400730  4.595
 86    14.029 55242.50694683  8.94 137.063434  50.403970  4.595
 86    13.970 55242.50694747  8.84 137.061984  50.407200  4.595
 86    13.876 55242.50694812  9.57 137.060544  50.410440  4.595
 86    13.803 55242.50694876  9.46 137.059104  50.413670  4.595
 86    13.716 55242.50694941  9.56 137.057664  50.416900  4.595
 86    13.563 55242.50695005  9.71 137.056224  50.420130  4.595
 86    13.714 55242.50695070  9.94 137.054784  50.423370  4.595
 87    13.946 55277.50696380  8.27 137.070167  50.378382  2.810
 87    14.052 55277.50696445  8.30 137.068727  50.381612  2.810
 87    13.972 55277.50696509  8.27 137.067287  50.384842  2.810
 87    13.899 55277.50696574  8.57 137.065847  50.388082  2.810
 87    14.094 55277.50696638  8.23 137.064408  50.391315  3.699
 87    14.155 55277.50696703  8.18 137.062968  50.394545  3.699
 87    14.323 55277.50696767  7.96 137.061528  50.397775  3.699
 87    14.377 55277.50696831  7.14 137.060078  50.401015  3.699
 87    14.087 55277.50696896  7.68 137.058638  50.404245  3.699
 87    13.980 55277.50696960  7.25 137.057198  50.407475  3.699
 87    13.906 55277.50697025  6.91 137.055758  50.410705  3.699
 87    13.468 55277.50697089  8.01 137.054318  50.413945  3.699
 87    13.979 55277.50697154  6.86 137.052868  50.417175  3.699
 87    13.612 55277.50697218  7.83 137.051428  50.420405  3.699
 88    15.309 55312.50692765 32.00 137.074499  50.379264 34.746
 88    15.406 55312.50692830 33.98 137.073059  50.382494 34.746
 88    15.329 55312.50692894 35.59 137.071619  50.385734 34.746
 88    15.277 55312.50692958 32.47 137.070179  50.388964 34.746
 88    15.251 55312.50693023 37.33 137.068739  50.392194 34.746
 88    15.409 55312.50693087 49.82 137.067299  50.395434 34.746
 88    15.389 55312.50693152 51.63 137.065861  50.398661 37.361
 88    15.348 55312.50693216 47.38 137.064421  50.401901 37.361
 88    15.295 55312.50693281 49.15 137.062971  50.405131 37.361
 88    15.233 55312.50693345 46.02 137.061531  50.408361 37.361
 88    15.262 55312.50693410 41.56 137.060091  50.411601 37.361
 88    15.919 55312.50693474 35.50 137.058651  50.414831 37.361
 88    15.308 55312.50693539 42.38 137.057211  50.418061 37.361
 88    15.087 55312.50693603 43.96 137.055771  50.421301 37.361
 89    17.645 55347.50693435 23.74 137.069889  50.379903 34.606
 89    17.624 55347.50693500 23.92 137.068449  50.383133 34.606
 89    17.501 55347.50693564 26.53 137.067009  50.386373 34.606
 89    17.307 55347.50693628 27.70 137.065569  50.389599  8.305
 89    16.974 55347.50693693 26.23 137.064129  50.392839  8.305
 89    16.823 55347.50693757 25.61 137.062689  50.396069  8.305
 89    17.309 55347.50693822 22.02 137.061239  50.399299  8.305
 89    17.997 55347.50693886 19.44 137.059799  50.402539  8.305
 89    18.223 55347.50693951 20.25 137.058359  50.405769  8.305
 89    18.288 55347.50694015 25.25 137.056919  50.408999  8.305
 89    18.157 55347.50694080 20.35 137.055479  50.412239  8.305
 89    17.944 55347.50694144 18.41 137.054029  50.415469  8.305
 89    17.643 55347.50694209 18.38 137.052589  50.418699  8.305
 90    15.306 55382.50692479 17.86 137.071366  50.377628 24.762
 90    15.360 55382.50692543 17.90 137.069926  50.380868 24.762
 90    15.224 55382.50692608 19.38 137.068486  50.384098 24.762
 90    15.271 55382.50692672 19.20 137.067046  50.387328 24.762
 90    15.089 55382.50692737 19.47 137.065606  50.390568 24.762
 90    14.958 55382.50692801 19.06 137.064166  50.393802 13.001
 90    15.006 55382.50692865 18.98 137.062726  50.397032 13.001
 90    15.283 55382.50692930 17.25 137.061276  50.400262 13.001
 90    15.509 55382.50692994 16.17 137.059836  50.403492 13.001
 90    15.872 55382.50693059 23.94 137.058396  50.406732 13.001
 90    15.986 55382.50693123 34.50 137.056956  50.409962 13.001
 90    15.968 55382.50693188 31.87 137.055516  50.413192 13.001
 90    15.824 55382.50693252 31.96 137.054076  50.416432 13.001
 90    15.501 55382.50693317 23.43 137.052626  50.419662 13.001
 91    17.597 55417.50695302 30.75 137.066434  50.377195 34.287
 91    17.033 55417.50695367 25.92 137.064994  50.380425 34.287
 91    16.525 55417.50695431 25.48 137.063544  50.383655 34.287
 91    16.521 55417.50695496 24.68 137.062104  50.386895 34.287
 91    16.452 55417.50695560 24.72 137.060664  50.390129 19.007
 91    16.598 55417.50695625 23.74 137.059224  50.393359 19.007
 91    16.968 55417.50695689 22.73 137.057784  50.396589 19.007
 91    17.088 55417.50695754 22.23 137.056344  50.399819 19.007
 91    17.084 55417.50695818 22.00 137.054904  50.403059 19.007
 91    17.549 55417.50695883 22.47 137.053454  50.406289 19.007
 91    17.524 55417.50695947 26.90 137.052014  50.409519 19.007
 91    17.399 55417.50696012 22.62 137.050574  50.412759 19.007
 91    17.269 55417.50696076 22.26 137.049124  50.415989 19.007
 91    17.199 55417.50696140 21.54 137.047684  50.419219 19.007
 92    18.692 55452.50693499 33.00 137.073146  50.379849 31.177
 92    18.654 55452.50693563 32.53 137.071706  50.383079 31.177
 92    18.557 55452.50693628 32.60 137.070266  50.386319 31.177
 92    18.477 55452.50693692 33.49 137.068826  50.389549 31.177
 92    18.400 55452.50693757 32.67 137.067386  50.392779 31.177
 92    18.493 55452.50693821 31.60 137.065946  50.396019 31.177
 92    18.505 55452.50693886 31.75 137.064503  50.399245 10.181
 92    18.643 55452.50693950 30.68 137.063063  50.402485 10.181
 92    18.739 55452.50694015 29.87 137.061623  50.405715 10.181
 92    18.805 55452.50694079 31.07 137.060183  50.408955 10.181
 92    18.874 55452.50694144 36.68 137.058733  50.412185 10.181
 92    18.938 55452.50694208 40.06 137.057293  50.415415 10.181
 92    18.950 55452.50694272 33.02 137.055853  50.418645 10.181
 92    18.622 55452.50694337 31.39 137.054413  50.421885 10.181
 93    15.533 55487.50685735 19.34 137.076585  50.382672 18.266
 93    15.392 55487.50685800 22.64 137.075145  50.385902 18.266
 93    15.169 55487.50685864 21.32 137.073705  50.389132 18.266
 93    14.842 55487.50685929 23.27 137.072265  50.392372 18.266
 93    14.270 55487.50685993 27.19 137.070825  50.395602 18.266
 93    14.286 55487.50686057 32.50 137.069385  50.398832 18.266
 93    14.199 55487.50686122 32.86 137.067945  50.402072 18.266
 93    14.146 55487.50686186 28.76 137.066506  50.405297 14.405
 93    15.317 55487.50686251 21.86 137.065066  50.408537 14.405
 93    14.098 55487.50686315 29.74 137.063616  50.411767 14.405
 93    15.207 55487.50686380 27.22 137.062176  50.414997 14.405
 93    15.033 55487.50686444 25.67 137.060736  50.418237 14.405
 93    14.248 55487.50686509 34.99 137.059296  50.421467 14.405
 93    14.401 55487.50686573 33.66 137.057856  50.424697 14.405
 93    14.575 55487.50686638 32.38 137.056416  50.427937 14.405
