# NaN NaN NaN ;Mean Elev.(m), Avg Gradient(m/km), RMS Gradient(m/km) - SRTM1     
#   -2.986 -10.380  53.849 ;Mean Elev.(m), Avg Gradient(m/km), RMS Gradient(m/km) - ASTER GDEM
#    3.841 -10.543  54.238 ;Mean Elev.(m), Avg Gradient(m/km), RMS Gradient(m/km) - GMTED2010 
 10 138.821687  51.246111     9.168     8.232  5 52568.06095279 16.008
 11 138.806762  51.243989     5.637     5.681  6 52603.06094985 28.582
 12 138.818965  51.245419     6.653     5.907  5 52638.06092246 10.768
 13 138.811798  51.245427    14.765    14.428  6 52673.06092291  7.004
 14 138.820172  51.245777    13.710    13.429  6 52708.06092977  6.513
 15 138.806744  51.243474     6.033     5.907  6 52743.06096120 31.113
 17 138.819595  51.246073     6.677     6.629  5 52813.06098040 50.507
 18 138.820561  51.245347    10.118     9.594  6 52848.06103440 18.400
 19 138.811043  51.243423    11.165    11.046  6 52883.06107122 20.331
 20 138.812144  51.245989    10.788    10.816  6 52918.06102748 30.146
 21 138.827721  51.244563     8.058     8.058  5 52953.06098953 33.992
 22 138.824978  51.245321     7.293     7.209  6 52988.06100051 13.970
 23 138.816995  51.244764     7.257     7.290  5 53023.06098856 14.238
 24 138.825597  51.245327     7.727     7.552  5 53058.06098215  8.772
 25 138.801299  51.244559     7.662     7.594  6 53093.06102088  9.929
 26 138.824889  51.245917    13.769    13.419  5 53128.06099092 33.386
 28 138.816815  51.245193    10.136     9.914  6 53198.06105690 25.130
 29 138.820440  51.245030    10.430    10.410  5 53233.06103184 16.083
 30 138.803347  51.243009     9.086     8.925  6 53268.06100077 14.583
 31 138.811109  51.244064     7.513     7.662  6 53303.06105734 21.238
 32 138.812592  51.245960     9.022     8.664  6 53338.06102657 19.252
 35 138.806412  51.244249    16.645    16.089  6 53443.06098490  7.086
 36 138.812883  51.244344     7.253     7.234  6 53478.06105824 10.654
 37 138.814664  51.243996    11.118    11.059  6 53513.06106841 34.256
 38 138.807529  51.244734    11.732    11.729  6 53548.06108666 32.621
 39 138.812504  51.244756     9.530     9.525  6 53583.06105395 31.670
 40 138.802393  51.242802     8.259     8.258  6 53618.06101051 16.181
 41 138.818457  51.245620     7.882     6.601  6 53653.06103032 18.644
 43 138.809690  51.245459     8.839     8.615  6 53723.06095608 10.448
 44 138.829197  51.246157    12.274    11.754  5 53758.06089169  6.572
 45 138.816422  51.244875    16.133    15.913  6 53793.06091491  6.136
 46 138.827572  51.244988    14.895    13.954  5 53828.06088352 10.798
 47 138.819233  51.252204    13.944    13.944  2 53863.06096684 44.710
 48 138.817716  51.245624    10.201     9.468  6 53898.06099106 17.460
 49 138.803348  51.242435    11.487    11.457  6 53933.06103884 51.408
 50 138.806098  51.244523    11.788    11.621  6 53968.06101147 16.073
 51 138.827543  51.245339    10.359    10.530  6 54003.06097871 22.971
 52 138.821383  51.245740    11.151    11.161  5 54038.06101507 22.544
 53 138.814906  51.244185     7.037     7.327  6 54073.06101013 17.435
 54 138.804119  51.243754     6.831     6.407  7 54108.06095841 17.969
 55 138.818783  51.244547     6.691     5.867  5 54143.06094550 13.111
 56 138.808464  51.244752     8.218     8.260  6 54178.06094141  9.167
 57 138.817463  51.245970     7.910     7.882  6 54213.06095267 34.574
 58 138.816341  51.245359    12.009    11.271  6 54248.06098124 13.261
 60 138.815193  51.244834     8.821     8.852  5 54318.06098844 37.050
 61 138.810412  51.245463     9.396     9.327  6 54353.06095343 25.280
 62 138.817589  51.245439    10.652    10.700  6 54388.06092813 17.032
 63 138.811122  51.244996     6.096     6.115  6 54423.06090347 34.541
 64 138.821785  51.244116     4.923     4.999  5 54458.06090256 24.006
 65 138.812651  51.244827     5.228     5.183  6 54493.06090679 19.102
 66 138.820567  51.245167     5.922     5.872  6 54528.06091519 12.502
 67 138.808124  51.242851     6.057     5.968  6 54563.06091472 35.700
 68 138.815792  51.245534     7.238     7.251  6 54598.06091067 47.135
 69 138.813966  51.244691     7.434     7.452  6 54633.06092419 27.515
 70 138.812460  51.244019     7.284     7.313  6 54668.06092965 42.861
 71 138.810893  51.244253     7.925     7.900  6 54703.06089520 27.778
 72 138.820100  51.245567     7.386     7.394  5 54738.06089053 15.513
 73 138.813217  51.245438     7.822     8.509  6 54773.06087628 24.969
 74 138.819892  51.244994     6.534     6.522  6 54808.06088420 27.440
 75 138.813371  51.244864     6.258     6.518  5 54843.06087338 12.620
 76 138.816297  51.245745    11.024     9.277  5 54878.06088684  9.653
 77 138.806593  51.242586    17.454    17.445  6 54913.06087858  8.469
 78 138.816142  51.245277     9.113     9.149  6 54948.06087897 29.459
 79 138.814002  51.245236    10.144     9.617  5 54983.06090464 13.916
 80 138.815394  51.245289    10.525    10.041  5 55018.06090290 15.360
 81 138.814609  51.244987    12.466    12.499  6 55053.06089832 27.954
 82 138.808207  51.245452    12.468    12.487  6 55088.06086087 33.347
 83 138.819284  51.244671    10.628    10.609  5 55123.06083445 46.748
 84 138.810059  51.244617     7.239     7.218  6 55158.06082183 29.093
 85 138.820609  51.245787     8.267     8.235  5 55193.06082377 15.183
 86 138.809974  51.245542     7.853     8.204  6 55228.06082326 11.495
 87 138.816964  51.245342    11.237     9.401  5 55263.06081955  8.479
 88 138.810120  51.244778    16.528    16.119  6 55298.06080686  8.013
 89 138.812706  51.245278    11.191    11.191  6 55333.06079821 34.864
 90 138.814084  51.245754    14.241    12.555  6 55368.06079015 19.628
 91 138.819768  51.244993     9.959     9.767  5 55403.06080533 19.232
 92 138.814110  51.244794    12.102    12.174  6 55438.06080804 23.549
 93 138.809272  51.245873    10.612    10.557  6 55473.06075671 22.743
