# NaN NaN NaN ;Mean Elev.(m), Avg Gradient(m/km), RMS Gradient(m/km) - SRTM1     
#   44.748  -0.490   2.756 ;Mean Elev.(m), Avg Gradient(m/km), RMS Gradient(m/km) - ASTER GDEM
#   45.600  -0.328   1.474 ;Mean Elev.(m), Avg Gradient(m/km), RMS Gradient(m/km) - GMTED2010 
  6    51.064 52419.52251425 52.03 132.442136  47.723337 36.813
  6    51.314 52419.52251489 49.87 132.440816  47.726577 36.813
  6    51.122 52419.52251554 50.39 132.439496  47.729827 36.813
  6    51.133 52419.52251618 48.17 132.438176  47.733067 36.813
  7    49.833 52454.52253868 49.57 132.445682  47.721274 27.905
  7    49.961 52454.52253933 49.75 132.444362  47.724524 27.905
  7    49.769 52454.52253997 44.23 132.443042  47.727764 27.905
  7    49.890 52454.52254062 46.81 132.441722  47.731014 27.905
  7    49.725 52454.52254126 39.49 132.440402  47.734254 27.905
  8    50.860 52489.52251442 40.38 132.456839  47.717922 33.948
  8    50.551 52489.52251507 33.08 132.455529  47.721162 33.948
  8    50.474 52489.52251571 43.11 132.454209  47.724412 33.948
  8    50.594 52489.52251636 35.51 132.452889  47.727652 33.948
  8    50.647 52489.52251700 44.30 132.451562  47.730896 26.859
  9    50.106 52524.52249093 44.66 132.457095  47.716046 28.477
  9    49.763 52524.52249157 42.01 132.455775  47.719296 28.477
  9    49.981 52524.52249222 40.71 132.454455  47.722536 28.477
  9    50.125 52524.52249286 36.87 132.453135  47.725776 28.477
  9    49.942 52524.52249351 37.81 132.451815  47.729026 28.477
  9    50.076 52524.52249415 38.08 132.450505  47.732266 28.477
 10    49.195 52559.52254155 41.10 132.443861  47.720983 24.272
 10    49.111 52559.52254219 40.19 132.442541  47.724223 24.272
 10    49.013 52559.52254284 27.14 132.441231  47.727473 24.272
 10    49.465 52559.52254348 28.52 132.439911  47.730713 24.272
 10    49.100 52559.52254413 35.99 132.438591  47.733963 24.272
 11    48.208 52594.52254584 23.19 132.443946  47.721074  9.722
 11    48.241 52594.52254648 23.33 132.442624  47.724316 10.709
 11    48.390 52594.52254713 26.20 132.441304  47.727566 10.709
 11    48.455 52594.52254777 27.71 132.439994  47.730806 10.709
 11    48.398 52594.52254842 28.78 132.438674  47.734046 10.709
 13    48.731 52664.52250694 10.71 132.449309  47.718734  2.899
 13    48.954 52664.52250758 10.87 132.447989  47.721974  2.899
 13    48.772 52664.52250823 11.33 132.446679  47.725224  2.899
 13    49.025 52664.52250887 10.78 132.445359  47.728464  2.899
 13    48.665 52664.52250952 11.32 132.444040  47.731706  3.487
 14    49.657 52699.52248135  8.46 132.448221  47.720608  2.788
 14    49.758 52699.52248199  7.76 132.446901  47.723848  2.788
 14    49.779 52699.52248264  8.10 132.445581  47.727098  2.788
 14    49.062 52699.52248328  8.46 132.444261  47.730338  2.788
 14    48.872 52699.52248392  8.16 132.442941  47.733578  2.788
 15    48.567 52734.52250823 30.45 132.460152  47.715801 17.450
 15    48.794 52734.52250888 26.57 132.458832  47.719041 17.450
 15    48.475 52734.52250952 33.93 132.457522  47.722291 17.450
 15    48.238 52734.52251017 37.47 132.456202  47.725531 17.450
 15    48.370 52734.52251081 32.83 132.454882  47.728771 17.450
 16    48.521 52769.52250230 25.91 132.456693  47.716894 20.978
 16    48.316 52769.52250294 30.59 132.455373  47.720134 20.978
 16    48.417 52769.52250359 40.02 132.454053  47.723384 20.978
 16    48.613 52769.52250423 27.47 132.452733  47.726624 20.978
 16    48.183 52769.52250488 19.67 132.451423  47.729874 20.978
 17    50.287 52804.52253538 50.76 132.439889  47.725691 30.974
 17    50.158 52804.52253602 50.63 132.438569  47.728941 30.974
 17    50.106 52804.52253667 50.66 132.437249  47.732181 30.974
 18    52.697 52839.52259630 45.25 132.446860  47.720792 38.765
 18    52.700 52839.52259694 50.33 132.445540  47.724032 38.765
 18    52.765 52839.52259759 44.14 132.444220  47.727282 38.765
 18    52.830 52839.52259823 45.33 132.442900  47.730522 38.765
 18    52.859 52839.52259888 48.95 132.441580  47.733762 38.765
 19    52.968 52874.52263540 52.27 132.448132  47.719590 43.593
 19    53.016 52874.52263604 48.58 132.446812  47.722830 43.593
 19    53.104 52874.52263668 52.27 132.445492  47.726080 43.593
 19    53.141 52874.52263733 48.22 132.444172  47.729320 43.593
 19    53.116 52874.52263797 44.49 132.442852  47.732560 43.593
 21    50.189 52944.52254676 22.74 132.450663  47.717010 29.174
 21    50.018 52944.52254741 24.29 132.449343  47.720250 29.174
 21    50.180 52944.52254805 22.30 132.448023  47.723500 29.174
 21    50.017 52944.52254870 25.51 132.446713  47.726740 29.174
 21    50.126 52944.52254934 25.82 132.445393  47.729980 29.174
 21    50.110 52944.52254999 37.23 132.444073  47.733230 29.174
 22    49.027 52979.52259955 25.59 132.447582  47.720118  7.909
 22    48.956 52979.52260020 28.39 132.446262  47.723368  7.909
 22    48.891 52979.52260084 22.99 132.444942  47.726608  7.909
 22    48.936 52979.52260149 22.42 132.443622  47.729848  7.909
 22    48.933 52979.52260213 20.87 132.442302  47.733098  7.909
 23    48.882 53014.52259639 16.34 132.452526  47.716321  4.995
 23    49.036 53014.52259703 14.77 132.451216  47.719571  4.995
 23    49.061 53014.52259767 16.13 132.449896  47.722811  4.995
 23    49.237 53014.52259832 16.73 132.448576  47.726051  4.995
 23    49.119 53014.52259896 22.64 132.447256  47.729301  4.995
 23    49.288 53014.52259961 17.10 132.445936  47.732541  4.995
 24    48.919 53049.52257025 19.18 132.445402  47.720835  3.408
 24    49.238 53049.52257090 10.52 132.444082  47.724075  3.408
 24    49.567 53049.52257154 10.20 132.442762  47.727315  3.408
 24    49.411 53049.52257218 10.03 132.441442  47.730565  3.408
 24    49.577 53049.52257283  9.64 132.440118  47.733806  2.759
 25    51.592 53084.52260619  3.85 132.444965  47.722005  2.975
 25    51.889 53084.52260683  3.86 132.443645  47.725245  2.975
 25    51.536 53084.52260748  4.17 132.442325  47.728495  2.975
 25    51.406 53084.52260812  4.36 132.441001  47.731737  3.476
 26    50.021 53119.52257682 50.19 132.441845  47.723051 21.745
 26    49.995 53119.52257746 53.02 132.440525  47.726301 21.745
 26    49.775 53119.52257811 53.98 132.439207  47.729542 38.040
 26    49.876 53119.52257875 49.28 132.437887  47.732792 38.040
 27    53.787 53154.52262914 46.25 132.440778  47.723579 39.421
 27    53.791 53154.52262978 44.38 132.439458  47.726829 39.421
 27    53.798 53154.52263043 44.59 132.438138  47.730069 39.421
 27    53.792 53154.52263107 46.47 132.436818  47.733309 39.421
 28    50.980 53189.52261726 30.40 132.456474  47.718117 32.183
 28    50.860 53189.52261791 32.16 132.455150  47.721361 31.921
 28    50.854 53189.52261855 26.73 132.453830  47.724601 31.921
 28    50.848 53189.52261920 26.46 132.452520  47.727851 31.921
 28    50.813 53189.52261984 24.99 132.451200  47.731091 31.921
 29    50.710 53224.52262939 45.77 132.456312  47.716956 32.130
 29    50.683 53224.52263004 34.78 132.454992  47.720206 32.130
 29    50.693 53224.52263068 35.41 132.453672  47.723446 32.130
 29    50.656 53224.52263133 36.04 132.452352  47.726696 32.130
 29    50.645 53224.52263197 33.87 132.451032  47.729936 32.130
 30    51.063 53259.52260470 32.65 132.452413  47.718474 37.282
 30    51.074 53259.52260534 34.58 132.451093  47.721724 37.282
 30    50.972 53259.52260599 44.45 132.449773  47.724964 37.282
 30    50.932 53259.52260663 43.15 132.448453  47.728214 37.282
 30    50.863 53259.52260728 38.95 132.447143  47.731454 37.282
 31    50.005 53294.52263290 24.76 132.435010  47.727012 22.516
 31    50.180 53294.52263355 32.64 132.433690  47.730252 22.516
 32   263.902 53329.52260375 33.05 132.453024  47.717381 18.999
 32   263.625 53329.52260440 34.00 132.451704  47.720631 18.999
 32   263.550 53329.52260504 34.41 132.450384  47.723871 18.999
 32   263.104 53329.52260569 36.09 132.449068  47.727114 17.481
 32   263.116 53329.52260633 40.76 132.447748  47.730364 17.481
 33    48.588 53364.52255413 17.21 132.460236  47.716488  4.016
 33    48.841 53364.52255478 16.91 132.458926  47.719738  4.016
 33    48.904 53364.52255542 19.45 132.457606  47.722978  4.016
 33    48.924 53364.52255607 19.76 132.456286  47.726228  4.016
 33    48.957 53364.52255671 17.19 132.454966  47.729468  4.016
 35    48.744 53434.52256877 11.09 132.458121  47.717007  2.909
 35    48.976 53434.52256942 11.19 132.456801  47.720247  2.909
 35    49.102 53434.52257006 10.63 132.455481  47.723497  2.909
 35    48.932 53434.52257071 10.88 132.454161  47.726737  2.909
 35    48.962 53434.52257135 10.77 132.452841  47.729981  3.132
 36    49.151 53469.52261345 30.77 132.442901  47.721527 32.799
 36    49.132 53469.52261409 37.03 132.441581  47.724777 32.799
 36    49.135 53469.52261474 34.70 132.440261  47.728017 32.799
 36    49.255 53469.52261538 34.99 132.438941  47.731257 32.799
 36    49.265 53469.52261603 35.21 132.437621  47.734507 32.799
 37    51.057 53504.52265579 44.71 132.446065  47.720177 31.291
 37    51.052 53504.52265644 49.15 132.444745  47.723417 31.291
 37    50.882 53504.52265708 47.08 132.443419  47.726660 36.787
 37    50.842 53504.52265773 52.73 132.442109  47.729900 36.787
 37    50.861 53504.52265837 49.47 132.440789  47.733150 36.787
 38    52.116 53539.52265450 48.56 132.449323  47.719633 34.966
 38    52.127 53539.52265514 50.75 132.448001  47.722878 38.326
 38    52.012 53539.52265579 49.32 132.446681  47.726118 38.326
 38    52.137 53539.52265643 51.98 132.445371  47.729368 38.326
 38    52.113 53539.52265708 50.22 132.444051  47.732608 38.326
 39    51.523 53574.52265043 50.00 132.450719  47.717899 30.710
 39    51.573 53574.52265107 50.37 132.449399  47.721139 30.710
 39    51.503 53574.52265172 46.11 132.448079  47.724389 30.710
 39    51.436 53574.52265236 40.55 132.446759  47.727629 30.710
 39    51.418 53574.52265301 49.04 132.445436  47.730873 28.167
 40    50.824 53609.52260028 47.91 132.457026  47.716549 33.772
 40    50.660 53609.52260092 46.48 132.455706  47.719789 33.772
 40    50.690 53609.52260157 52.84 132.454386  47.723039 33.772
 40    50.700 53609.52260221 42.16 132.453066  47.726279 33.772
 40    50.602 53609.52260286 53.09 132.451752  47.729523 30.818
 41    49.666 53644.52260478 31.33 132.442337  47.724129 24.408
 41    49.608 53644.52260542 30.99 132.441017  47.727370 33.949
 41    49.722 53644.52260606 28.73 132.439697  47.730620 33.949
 41    49.695 53644.52260671 31.54 132.438377  47.733860 33.949
 42    48.822 53679.52262187 46.14 132.445304  47.722511 26.119
 42    48.918 53679.52262251 43.71 132.443994  47.725761 26.119
 42    48.473 53679.52262316 37.55 132.442674  47.729001 26.119
 42    48.716 53679.52262380 41.29 132.441356  47.732244 26.499
 43    47.969 53714.52254845 28.14 132.460277  47.716134 10.825
 43    47.967 53714.52254909 29.00 132.458967  47.719384 10.825
 43    48.298 53714.52254974 30.60 132.457647  47.722624 10.825
 43    48.578 53714.52255038 31.30 132.456327  47.725874 10.825
 43    48.860 53714.52255103 34.64 132.455007  47.729114 10.825
 44    48.224 53749.52246472 18.65 132.448518  47.718708  3.957
 44    48.925 53749.52246537 18.38 132.447198  47.721948  3.957
 44    49.075 53749.52246601 17.39 132.445878  47.725198  3.957
 44    49.008 53749.52246666 22.72 132.444554  47.728438  3.896
 44    49.074 53749.52246730 19.32 132.443234  47.731688  3.896
 45    48.503 53784.52249463 13.58 132.457234  47.716683  3.519
 45    48.727 53784.52249527 14.30 132.455924  47.719923  3.519
 45    48.892 53784.52249592 15.21 132.454604  47.723173  3.519
 45    48.879 53784.52249656 17.95 132.453284  47.726413  3.519
 45    48.991 53784.52249721 33.24 132.451969  47.729656  7.684
 46    50.567 53819.52245479  7.38 132.463961  47.715943  3.427
 46    50.678 53819.52245543  7.18 132.462651  47.719183  3.427
 46    50.430 53819.52245608  8.01 132.461331  47.722433  3.427
 46    50.441 53819.52245672  8.97 132.460011  47.725673  3.427
 46    50.198 53819.52245737  8.05 132.458691  47.728913  3.427
 47    49.950 53854.52253812 26.45 132.441285  47.722640 20.603
 47    49.887 53854.52253877 31.35 132.439965  47.725880 20.603
 47    49.837 53854.52253941 28.11 132.438645  47.729120 20.603
 47    49.946 53854.52254006 34.38 132.437325  47.732370 20.603
 48    50.129 53889.52254557 43.54 132.457644  47.716162 31.050
 48    50.042 53889.52254622 36.60 132.456324  47.719402 31.050
 48    50.019 53889.52254686 41.42 132.455009  47.722645 22.558
 48    49.988 53889.52254751 42.49 132.453689  47.725895 22.558
 48    49.646 53889.52254815 28.79 132.452369  47.729135 22.558
 49    51.688 53924.52261480 19.09 132.435607  47.727667 18.813
 49    51.155 53924.52261544 18.07 132.434287  47.730907 18.813
 49    51.309 53924.52261609 19.32 132.432971  47.734150 26.283
 50    52.173 53959.52260319 45.22 132.445771  47.721000 41.213
 50    52.113 53959.52260383 40.51 132.444451  47.724240 41.213
 50    52.091 53959.52260447 44.73 132.443131  47.727490 41.213
 50    52.040 53959.52260512 52.87 132.441811  47.730730 41.213
 50    52.101 53959.52260576 51.42 132.440501  47.733980 41.213
 51    51.219 53994.52253652 49.08 132.441782  47.722919 36.436
 51    51.216 53994.52253716 50.46 132.440462  47.726159 36.436
 51    51.139 53994.52253781 52.65 132.439142  47.729409 36.436
 51    51.109 53994.52253845 49.60 132.437828  47.732648 41.393
 52    49.748 54029.52259361 25.55 132.447853  47.718959 29.943
 52    49.722 54029.52259426 27.51 132.446533  47.722199 29.943
 52    49.790 54029.52259490 33.40 132.445213  47.725449 29.943
 52    49.856 54029.52259555 43.43 132.443893  47.728689 29.943
 52    49.929 54029.52259619 50.70 132.442573  47.731929 29.943
 53    48.325 54064.52258649 27.49 132.456855  47.716872 22.877
 53    47.969 54064.52258713 29.98 132.455535  47.720112 22.877
 53    48.056 54064.52258778 30.93 132.454215  47.723362 22.877
 53    48.237 54064.52258842 34.91 132.452895  47.726602 22.877
 53    48.370 54064.52258907 45.78 132.451575  47.729852 22.877
 54    48.733 54099.52255263 23.92 132.456172  47.718157  5.581
 54    49.053 54099.52255327 24.27 132.454852  47.721407  5.581
 54    49.404 54099.52255392 22.48 132.453532  47.724647  5.581
 54    49.565 54099.52255456 23.34 132.452212  47.727887  5.581
 54    49.526 54099.52255521 25.97 132.450892  47.731137  5.581
 55    49.527 54134.52251279 14.49 132.444641  47.721935  4.653
 55    49.589 54134.52251344 14.65 132.443321  47.725175  4.653
 55    49.546 54134.52251408 14.88 132.442001  47.728415  4.653
 55    49.389 54134.52251473 15.16 132.440681  47.731665  4.653
 57    49.912 54204.52251720 42.12 132.443158  47.723340 34.123
 57    49.766 54204.52251785 42.60 132.441838  47.726590 34.123
 57    49.838 54204.52251849 45.68 132.440518  47.729830 34.123
 57    49.828 54204.52251914 40.49 132.439198  47.733080 34.123
 58    50.663 54239.52255081 45.79 132.450814  47.719177 26.954
 58    50.172 54239.52255145 50.67 132.449494  47.722417 26.954
 58    50.191 54239.52255210 37.20 132.448184  47.725657 26.954
 58    50.267 54239.52255274 48.78 132.446864  47.728907 26.954
 58    50.150 54239.52255339 49.66 132.445544  47.732147 26.954
 59    50.161 54274.52256749 27.54 132.451822  47.718501 12.833
 59    50.084 54274.52256814 27.79 132.450502  47.721751 12.833
 59    50.250 54274.52256878 24.07 132.449192  47.724991 12.833
 59    50.331 54274.52256943 22.58 132.447872  47.728231 12.833
 59    50.048 54274.52257007 25.41 132.446552  47.731481 12.833
 61    51.673 54344.52254539 46.46 132.457731  47.718467 35.016
 61    51.632 54344.52254604 47.03 132.456420  47.721712 33.714
 61    51.701 54344.52254668 49.71 132.455100  47.724952 33.714
 61    51.818 54344.52254733 46.15 132.453780  47.728202 33.714
 61    51.892 54344.52254797 50.76 132.452460  47.731442 33.714
 62    50.219 54379.52250520 51.45 132.447217  47.719686 30.232
 62    50.398 54379.52250585 54.04 132.445905  47.722928 39.007
 62    50.126 54379.52250649 43.41 132.444585  47.726178 39.007
 62    50.035 54379.52250713 53.84 132.443265  47.729418 39.007
 62    50.079 54379.52250778 49.57 132.441945  47.732658 39.007
 63    48.868 54414.52249327 38.72 132.453639  47.716888 32.107
 63    48.789 54414.52249391 43.38 132.452319  47.720138 32.107
 63    48.797 54414.52249456 43.88 132.450999  47.723378 32.107
 63    48.561 54414.52249520 43.43 132.449677  47.726621 29.700
 63    48.603 54414.52249585 52.58 132.448357  47.729871 29.700
 63    48.675 54414.52249649 47.02 132.447047  47.733111 29.700
 64    48.941 54449.52247275 26.21 132.444555  47.721348  7.012
 64    49.170 54449.52247340 25.92 132.443235  47.724598  7.012
 64    48.990 54449.52247404 26.92 132.441915  47.727838  7.012
 64    49.209 54449.52247469 25.98 132.440595  47.731078  7.012
 64    49.032 54449.52247533 26.33 132.439275  47.734328  7.012
 65    48.082 54484.52248820 16.76 132.452449  47.718686  3.756
 65    48.766 54484.52248885 15.96 132.451129  47.721926  3.756
 65    48.961 54484.52248949 15.85 132.449809  47.725176  3.756
 65    49.059 54484.52249014 15.58 132.448489  47.728416  3.756
 65    49.216 54484.52249078 15.39 132.447169  47.731656  3.756
 66    48.924 54519.52248576 13.21 132.448266  47.719109  4.356
 66    49.015 54519.52248641 12.79 132.446946  47.722359  4.356
 66    49.083 54519.52248705 12.58 132.445626  47.725599  4.356
 66    49.242 54519.52248770 13.42 132.444306  47.728839  4.356
 66    49.252 54519.52248834 13.88 132.442986  47.732089  4.356
 67    49.206 54554.52249904 34.77 132.456459  47.715090 25.431
 67    49.324 54554.52249968 34.91 132.455139  47.718330 25.431
 67    49.174 54554.52250033 42.84 132.453819  47.721580 25.431
 67    49.023 54554.52250097 39.79 132.452499  47.724820 25.431
 67    48.993 54554.52250162 32.70 132.451181  47.728064 30.299
 67    49.232 54554.52250226 38.39 132.449861  47.731314 30.299
 68    48.700 54589.52248198 39.95 132.448546  47.719280 24.812
 68    48.583 54589.52248262 33.76 132.447226  47.722530 24.812
 68    48.518 54589.52248327 32.80 132.445906  47.725770 24.812
 68    48.287 54589.52248391 40.43 132.444586  47.729010 24.812
 68    48.222 54589.52248456 42.11 132.443266  47.732260 24.812
 69    49.409 54624.52249878 26.52 132.451837  47.719123 17.627
 69    49.353 54624.52249943 35.57 132.450517  47.722367 22.224
 69    49.231 54624.52250007 38.14 132.449197  47.725617 22.224
 69    49.326 54624.52250072 48.52 132.447887  47.728857 22.224
 69    49.394 54624.52250136 49.21 132.446567  47.732097 22.224
 70    49.031 54659.52250743 39.20 132.448384  47.719374 32.642
 70    49.196 54659.52250808 40.26 132.447074  47.722624 32.642
 70    48.762 54659.52250872 37.10 132.445754  47.725864 32.642
 70    48.777 54659.52250937 49.05 132.444434  47.729104 32.642
 70    48.985 54659.52251001 47.30 132.443114  47.732354 32.642
 71    50.454 54694.52248663 39.98 132.455028  47.716985 33.340
 71    50.254 54694.52248728 41.39 132.453708  47.720235 33.340
 71    50.351 54694.52248792 36.68 132.452398  47.723475 33.340
 71    50.261 54694.52248857 36.52 132.451078  47.726725 33.340
 71    50.168 54694.52248921 46.04 132.449758  47.729965 33.340
 72    50.586 54729.52246238 29.98 132.447005  47.720681 25.773
 72    50.472 54729.52246302 34.36 132.445685  47.723931 25.773
 72    50.481 54729.52246367 43.93 132.444365  47.727171 25.773
 72    50.686 54729.52246431 48.87 132.443045  47.730411 25.773
 72    50.584 54729.52246496 48.26 132.441725  47.733661 25.773
 73    49.782 54764.52246487 51.39 132.450778  47.718746 31.064
 73    49.592 54764.52246551 46.42 132.449458  47.721996 31.064
 73    49.366 54764.52246616 38.98 132.448138  47.725236 31.064
 73    49.435 54764.52246680 49.18 132.446820  47.728478 29.626
 73    49.581 54764.52246745 50.94 132.445500  47.731728 29.626
 74    48.711 54799.52245590 24.13 132.443548  47.721520 10.356
 74    48.513 54799.52245654 27.83 132.442228  47.724760 10.356
 74    48.574 54799.52245719 31.69 132.440908  47.728010 10.356
 74    48.668 54799.52245783 30.63 132.439588  47.731250 10.356
 74    48.579 54799.52245847 26.82 132.438268  47.734490 10.356
 75    48.896 54834.52245563 16.88 132.452199  47.716800  4.359
 75    48.981 54834.52245627 17.25 132.450879  47.720050  4.359
 75    49.072 54834.52245692 16.06 132.449559  47.723290  4.359
 75    49.117 54834.52245756 16.39 132.448244  47.726534  4.942
 75    49.203 54834.52245821 16.92 132.446924  47.729784  4.942
 75    49.280 54834.52245885 16.33 132.445604  47.733024  4.942
 76    49.184 54869.52245269 11.93 132.445664  47.720289  2.858
 76    49.251 54869.52245333 12.64 132.444344  47.723529  2.858
 76    49.353 54869.52245398 12.10 132.443024  47.726769  2.858
 76    49.274 54869.52245462 11.89 132.441704  47.730019  2.858
 76    49.158 54869.52245527 12.12 132.440384  47.733259  2.858
 77    48.920 54904.52246408  9.08 132.455256  47.715110  2.647
 77    48.903 54904.52246473  9.13 132.453936  47.718350  2.647
 77    49.105 54904.52246537  8.58 132.452616  47.721600  2.647
 77    49.137 54904.52246602  8.17 132.451296  47.724840  2.647
 77    48.913 54904.52246666  9.38 132.449980  47.728082  2.838
 77    49.036 54904.52246730  8.91 132.448660  47.731332  2.838
 78    50.512 54939.52244390 49.10 132.447499  47.719198 38.138
 78    50.544 54939.52244455 54.12 132.446179  47.722438 38.138
 78    50.568 54939.52244519 38.97 132.444859  47.725678 38.138
 78    50.517 54939.52244584 39.30 132.443539  47.728928 38.138
 78    50.485 54939.52244648 45.37 132.442219  47.732168 38.138
 79    50.316 54974.52247430 48.02 132.449122  47.718526 33.593
 79    50.511 54974.52247495 51.97 132.447802  47.721776 33.593
 79    50.388 54974.52247559 38.72 132.446492  47.725016 33.593
 79    50.215 54974.52247624 51.98 132.445172  47.728256 33.593
 79    50.385 54974.52247688 50.01 132.443852  47.731506 33.593
 80    51.387 55009.52248681 33.62 132.452103  47.717364 26.696
 80    51.300 55009.52248745 32.04 132.450783  47.720614 26.696
 80    51.365 55009.52248809 43.08 132.449463  47.723854 26.696
 80    51.560 55009.52248874 40.47 132.448139  47.727097 20.178
 80    51.260 55009.52248938 23.25 132.446829  47.730347 20.178
 81    53.700 55044.52247723 34.99 132.451072  47.717780 27.860
 81    53.456 55044.52247788 30.94 132.449752  47.721020 27.860
 81    53.630 55044.52247852 34.07 132.448436  47.724263 39.519
 81    53.580 55044.52247917 29.48 132.447116  47.727513 39.519
 81    53.529 55044.52247981 29.70 132.445796  47.730753 39.519
 82    52.780 55079.52245285 29.99 132.456949  47.715561 34.762
 82    52.630 55079.52245350 24.78 132.455629  47.718811 34.762
 82    52.962 55079.52245414 30.43 132.454319  47.722051 34.762
 82    52.903 55079.52245478 35.99 132.452999  47.725301 34.762
 82    52.858 55079.52245543 28.70 132.451679  47.728541 34.762
 82    52.880 55079.52245607 28.45 132.450357  47.731786 42.848
 83    52.165 55114.52240949 31.88 132.448825  47.718249 34.932
 83    51.879 55114.52241014 31.46 132.447505  47.721489 34.932
 83    52.087 55114.52241078 34.61 132.446185  47.724739 34.932
 83    52.035 55114.52241143 31.86 132.444871  47.727981 40.725
 83    52.053 55114.52241207 35.35 132.443551  47.731231 40.725
 84    49.299 55149.52240913 33.38 132.450766  47.717563 15.345
 84    49.213 55149.52240978 33.71 132.449446  47.720813 15.345
 84    49.115 55149.52241042 31.94 132.448126  47.724053 15.345
 84    49.240 55149.52241107 34.38 132.446801  47.727295 13.996
 84    49.238 55149.52241171 36.07 132.445491  47.730545 13.996
 85    50.384 55184.52239355 21.08 132.444708  47.720828 10.209
 85    50.546 55184.52239420 21.31 132.443388  47.724068 10.209
 85    50.452 55184.52239484 23.17 132.442068  47.727308 10.209
 85    50.520 55184.52239548 22.44 132.440748  47.730558 10.209
 85    50.531 55184.52239613 23.72 132.439428  47.733798 10.209
 86    50.548 55219.52240713 10.73 132.452257  47.717684  2.739
 86    50.401 55219.52240777 11.17 132.450937  47.720934  2.739
 86    50.207 55219.52240841 11.83 132.449617  47.724174  2.739
 86    50.190 55219.52240906 12.18 132.448294  47.727417  3.150
 86    50.036 55219.52240970 12.32 132.446974  47.730657  3.150
 87    50.263 55254.52238932  8.19 132.447694  47.721076  2.294
 87    50.324 55254.52238996  8.02 132.446374  47.724316  2.294
 87    50.188 55254.52239061  8.40 132.445054  47.727556  2.294
 87    50.234 55254.52239125  8.08 132.443734  47.730806  2.294
 88    50.468 55289.52239654 18.22 132.455846  47.716827  9.591
 88    50.451 55289.52239719 16.77 132.454526  47.720067  9.591
 88    50.632 55289.52239783 18.92 132.453206  47.723317  9.591
 88    50.421 55289.52239848 16.22 132.451886  47.726557  9.591
 88    50.194 55289.52239912 16.40 132.450568  47.729800 11.170
 89    50.792 55324.52237614 41.24 132.448606  47.719409 24.210
 89    50.923 55324.52237679 38.11 132.447282  47.722654 23.052
 89    50.851 55324.52237743 30.60 132.445962  47.725904 23.052
 89    50.696 55324.52237808 22.89 132.444652  47.729144 23.052
 89    50.852 55324.52237872 26.56 132.443332  47.732384 23.052
 90    51.282 55359.52237371 48.09 132.451358  47.719189 38.231
 90    51.270 55359.52237436 53.86 132.450038  47.722429 38.231
 90    51.260 55359.52237500 44.36 132.448715  47.725673 31.512
 90    51.244 55359.52237565 51.64 132.447395  47.728923 31.512
 90    51.262 55359.52237629 51.11 132.446085  47.732163 31.512
 91    50.805 55394.52237849 22.24 132.447002  47.720420 18.418
 91    50.850 55394.52237913 20.99 132.445682  47.723670 18.418
 91    50.848 55394.52237978 16.41 132.444362  47.726910 18.418
 91    50.913 55394.52238042 16.15 132.443042  47.730150 18.418
 91    50.965 55394.52238107 22.41 132.441722  47.733400 18.418
 92    53.823 55429.52238915 36.06 132.451975  47.717494 35.797
 92    53.547 55429.52238979 31.57 132.450665  47.720744 35.797
 92    53.667 55429.52239044 37.73 132.449345  47.723984 35.797
 92    53.690 55429.52239108 28.81 132.448026  47.727228 40.457
 92    53.617 55429.52239172 29.02 132.446706  47.730478 40.457
 93    50.583 55464.52235118 48.24 132.459401  47.716906 40.758
 93    50.559 55464.52235182 41.03 132.458091  47.720156 40.758
 93    50.580 55464.52235247 50.47 132.456771  47.723396 40.758
 93    50.576 55464.52235311 46.76 132.455451  47.726646 40.758
 93    50.690 55464.52235376 46.77 132.454131  47.729886 40.758
