-215723.150   644.806     0.00   60.56
-215346.287   631.185   -36.15   57.87
-214969.464   614.713   -43.72   54.20
-214592.682   601.395   -35.35   46.28
-214215.941   599.945    -3.85   53.96
-213839.241   612.861    34.30   64.41
-213462.582   646.661    89.75   70.47
-213085.963   666.384    52.38   51.53
-212709.386   665.128    -3.34   39.91
-212332.849   672.779    20.32   38.04
-211956.352   666.945   -15.50   46.02
-211579.897   658.495   -22.45   51.82
-211203.482   644.154   -38.11   63.13
-210827.108   618.572   -67.98   58.54
-210450.775   604.333   -37.84   56.55
-210074.482   595.864   -22.51   60.76
-209698.230   571.540   -64.66   58.86
-209322.019   562.022   -25.30   51.52
-208945.848   567.835    15.46   57.95
-208569.718   585.898    48.03   63.23
-208193.629   616.838    82.28   63.89
-207817.580   601.498   -40.80   78.00
-207441.572   571.764   -79.10   90.15
-207065.604   534.642   -98.76   83.81
-206689.677   498.545   -96.04   70.06
-206313.790   471.695   -71.45   52.13
-205937.944   449.361   -59.43   29.03
-205562.139   437.058   -32.74    8.32
-205186.374   433.135   -10.44    4.76
-204810.649   430.070    -8.16    4.02
-204434.965   430.055    -0.04    9.82
-204059.321   435.051    13.30   23.57
-203683.718   440.988    15.81   34.54
-203308.155   460.445    51.82   53.67
-202932.632   487.813    72.90   71.74
-202557.150   518.537    81.84   87.22
-202181.709   546.552    74.63   90.82
-201806.307   539.356   -19.17   82.57
-201430.946   515.016   -64.86   72.83
-201055.626   484.135   -82.29   50.15
-200680.345   476.390   -20.64   39.99
-200305.105   472.712    -9.80   34.46
-199929.905   476.143     9.15   41.79
-199554.746   488.432    32.76   48.99
-199179.627   498.730    27.46   57.78
-198804.548   508.731    26.67   56.12
-198429.509   527.596    50.31   58.73
-198054.510   528.177     1.55   54.24
-197679.552   510.815   -46.31   63.02
-197304.634   478.151   -87.14   66.33
-196929.756   448.505   -79.10   51.44
-196554.918   442.800   -15.22   44.50
-196180.120   464.098    56.84   48.26
-195805.363   487.830    63.34   46.81
-195430.645   508.622    55.50   53.46
-195055.968   536.301    73.89   61.50
-194681.330   561.379    66.95   70.85
-194306.733   597.607    96.73   74.07
-193932.176   626.441    77.00   75.60
-193557.659   646.246    52.89   72.95
-193183.182   675.867    79.11   68.12
-192808.745   676.491     1.67   74.48
-192434.347   669.995   -17.36   79.19
-192059.990   669.902    -0.25   77.72
-191685.673   687.457    46.91   71.16
-191311.396   694.195    18.00   63.21
-190937.159   660.838   -89.15   82.22
-190562.961   628.833   -85.55   80.61
-190188.804   612.111   -44.70   70.46
-189814.686   621.712    25.67   77.41
-189440.609   649.574    74.50   87.02
-189066.571   661.908    32.98   74.41
-188692.573   665.309     9.10   59.49
-188318.615   678.661    35.71   45.43
-187944.696   695.806    45.86   47.93
-187570.818   748.453   140.84   83.05
-187196.979   805.574   152.82   78.21
-186823.180   833.566    74.90   62.65
-186449.421   829.660   -10.45   67.98
-186075.702   794.195   -94.91   67.41
-185702.022   758.428   -95.73   53.95
-185328.382   745.274   -35.21   53.06
-184954.782   743.572    -4.56   60.83
-184581.221   760.822    46.19   67.06
-184207.700   789.932    77.95   88.49
-183834.219   832.077   112.86   99.79
-183460.778   866.121    91.18   89.52
-183087.376   885.397    51.63   86.49
-182714.014   887.309     5.12   87.24
-182340.691   894.847    20.20   85.01
-181967.408   920.436    68.56   79.16
-181594.164   949.730    78.50   64.01
-181220.960   960.659    29.29   50.82
-180847.796   926.428   -91.75   84.56
-180474.671   863.373  -169.02  105.77
-180101.586   799.627  -170.89  103.57
-179728.540   767.873   -85.14   74.07
-179355.534   786.373    49.61   85.60
-178982.567   822.441    96.72   85.20
-178609.640   841.000    49.78   81.71
-178236.752   833.229   -20.84   78.08
-177863.903   806.695   -71.18   77.41
-177491.094   789.796   -45.34   71.14
-177118.324   785.730   -10.91   73.82
-176745.594   806.288    55.16   73.50
-176372.903   833.084    71.91   68.31
-176000.252   844.626    30.98   64.56
-175627.640   841.498    -8.39   78.12
-175255.067   815.810   -68.96   90.59
-174882.534   778.052  -101.37   93.06
-174510.039   741.695   -97.62   96.35
-174137.585   710.898   -82.70   99.15
-173765.169   704.625   -16.85   87.49
-173392.793   705.333     1.90   85.09
-173020.456   714.838    25.53   93.70
-172648.158   711.281    -9.55   97.89
-172275.899   704.749   -17.55  101.49
-171903.680   713.678    23.99   93.73
-171531.500   712.040    -4.40   84.61
-171159.359   712.186     0.39   84.38
-170787.257   719.537    19.76   90.35
-170415.194   710.239   -25.00   89.96
-170043.171   708.320    -5.16   80.86
-169671.186   716.229    21.27   68.88
-169299.241   730.168    37.48   66.58
-168927.335   717.141   -35.03   80.46
-168555.468   687.678   -79.24  105.06
-168183.640   667.998   -52.94  117.02
-167811.851   642.229   -69.32  112.95
-167440.101   636.417   -15.64  111.55
-167068.390   629.085   -19.73  104.16
-166696.718   627.221    -5.01   98.21
-166325.086   634.924    20.73   97.32
-165953.492   672.905   102.23  102.48
-165581.937   720.344   127.70   89.73
-165210.421   760.361   107.73   63.89
-164838.944   771.626    30.33   53.62
-164467.506   769.221    -6.48   56.26
-164096.107   732.927   -97.74   65.67
-163724.747   698.746   -92.06   74.75
-163353.426   663.052   -96.14   78.91
-162982.143   623.154  -107.48   74.59
-162610.900   577.749  -122.32   73.52
-162239.695   533.835  -118.32   71.32
-161868.529   506.248   -74.34   53.39
-161497.402   501.315   -13.29   59.98
-161126.314   504.730     9.20   80.48
-160755.265   500.457   -11.52   88.93
-160384.254   478.160   -60.11  100.95
-160013.282   451.116   -72.91   99.72
-159642.349   433.695   -46.97   86.87
-159271.455   432.936    -2.05   83.99
-158900.599   442.623    26.13   78.23
-158529.782   443.602     2.64   67.70
-158159.004   390.288  -143.81   94.40
-157788.264   319.355  -191.36   91.72
-157417.564   265.559  -145.14   84.22
-157046.901   220.333  -122.03   35.88
-156676.278   213.133   -19.43   32.00
-156305.693   219.763    17.89   46.54
-155935.147   218.074    -4.56   45.54
-155564.639   212.281   -15.64   41.06
-155194.170   203.457   -23.82   33.91
-154823.739   196.160   -19.70   27.75
-154453.347   191.891   -11.53   24.87
-154077.600   187.169   -12.57   21.56
-153699.378   181.676   -14.53   11.82
-153321.196   178.266    -9.02    3.07
-152943.055   176.457    -4.78    2.82
-152564.954   175.367    -2.88    3.01
-152186.894   175.315    -0.14    3.52
-151808.874   175.576     0.69    4.23
-151430.894   175.390    -0.49    4.47
-151052.954   174.391    -2.64    4.57
-150675.054   172.932    -3.86    5.12
-150297.195   171.589    -3.55    5.56
-149919.376   170.591    -2.64    6.04
-149541.597   169.074    -4.02    5.82
-149163.858   168.610    -1.23    6.06
-148786.160   168.230    -1.01    6.21
-148408.501   168.213    -0.05    6.70
-148030.883   166.796    -3.75    5.22
-147653.304   165.730    -2.82    4.25
-147275.766   164.160    -4.16    3.84
-146898.268   163.254    -2.40    4.18
-146520.810   162.484    -2.04    4.23
-146143.392   161.593    -2.36    4.14
-145766.015   161.058    -1.42    4.13
-145388.677   160.798    -0.69    3.47
-145011.379   160.159    -1.69    4.05
-144634.121   158.595    -4.15    5.14
-144256.903   156.367    -5.91    5.44
-143879.725   154.281    -5.53    5.12
-143502.587   152.949    -3.53    5.17
-143125.489   151.537    -3.75    5.56
-142748.431   150.102    -3.81    5.19
-142371.413   148.010    -5.55    4.55
-141994.435   146.070    -5.15    3.81
-141617.497   144.367    -4.52    3.05
-141240.598   143.373    -2.64    3.02
-140863.739   142.677    -1.85    2.76
-140486.921   142.677     0.00    3.23
-140110.142   143.034     0.95    4.18
-139733.402   143.820     2.09    4.93
-139356.703   145.237     3.76    5.86
-138980.044   146.177     2.50    5.90
-138603.424   146.642     1.24    6.19
-138226.844   146.098    -1.44    7.28
-137850.303   144.729    -3.64    9.13
-137473.803   143.266    -3.88    9.15
-137097.342   142.998    -0.71    8.71
-136720.921   141.576    -3.78    6.34
-136344.539   141.248    -0.87    5.31
-135968.197   141.457     0.56    7.58
-135591.895   141.898     1.17   10.79
-135215.633   141.971     0.19   13.00
-134839.410   139.591    -6.33   13.37
-134463.226   136.355    -8.60   10.04
-134087.083   134.427    -5.13    7.13
-133710.979   134.287    -0.37    7.33
-133334.914   133.254    -2.75    7.08
-132958.889   131.730    -4.05    5.93
-132582.904   129.626    -5.60    4.89
-132206.958   129.559    -0.18    5.82
-131831.051   128.471    -2.90    5.11
-131455.185   127.419    -2.80    4.04
-131079.357   128.077     1.75    5.93
-130703.569   131.402     8.85   12.32
-130327.821   133.380     5.27   15.02
-129952.112   132.961    -1.11   15.06
-129576.442   130.534    -6.46   12.80
-129200.812   126.488   -10.77    9.22
-128825.221   124.195    -6.11    6.90
-128449.670   121.677    -6.71    4.42
-128074.158   120.828    -2.26    3.42
-127698.685   120.306    -1.39    3.51
-127323.252   120.246    -0.16    3.62
-126947.858   120.804     1.48    4.21
-126572.503   120.508    -0.79    5.23
-126197.188   120.623     0.31    6.08
-125821.911   121.057     1.16    6.53
-125446.675   122.367     3.49    6.56
-125071.477   123.230     2.30    6.95
-124696.319   128.186    13.21   14.16
-124321.200   134.287    16.27   20.15
-123946.120   140.660    16.99   21.50
-123571.079   140.567    -0.25   21.39
-123196.078   135.040   -14.74   17.84
-122821.116   131.333    -9.89   13.88
-122446.192   132.271     2.50   14.78
-122071.308   141.229    23.90   22.58
-121696.464   147.605    17.01   23.82
-121321.658   154.796    19.19   22.92
-120946.891   152.502    -6.12   21.76
-120572.164   141.940   -28.19   24.26
-120197.475   137.822   -10.99   26.31
-119822.826   137.229    -1.58   25.12
-119448.216   155.554    48.92   45.53
-119073.644   187.367    84.94   54.97
-118699.112   215.591    75.37   44.77
-118324.619   232.998    46.49   36.21
-117950.165   236.895    10.41   36.05
-117575.750   242.619    15.29   35.65
-117201.373   244.028     3.76   34.72
-116827.036   225.531   -49.42   48.78
-116452.738   196.484   -77.61   55.55
-116078.478   164.820   -84.62   38.15
-115704.258   153.143   -31.21   15.73
-115330.076   164.660    30.78   22.67
-114955.933   183.607    50.65   30.18
-114581.829   200.628    45.50   32.60
-114207.764   214.287    36.52   32.11
-113833.738   232.338    48.26   33.88
-113459.751   245.349    34.80   33.64
-113085.802   255.607    27.43   41.11
-112711.892   267.730    32.43   54.89
-112338.022   277.017    24.84   74.18
-111964.189   288.537    30.82   84.58
-111590.396   291.105     6.87   80.49
-111216.641   315.864    66.25   72.97
-110842.925   333.766    47.91   62.34
-110469.248   344.344    28.31   63.88
-110095.610   348.806    11.94   77.44
-109722.010   340.091   -23.33   80.09
-109348.449   332.230   -21.05   69.36
-108974.927   350.966    50.16   70.52
-108601.443   410.537   159.52   85.66
-108227.998   449.070   103.19   66.68
-107854.591   452.383     8.87   67.47
-107481.223   440.274   -32.44   73.13
-107107.894   400.847  -105.62   75.71
-106734.603   357.658  -115.71   83.23
-106361.351   295.168  -167.44   91.94
-105988.137   224.584  -189.15   66.49
-105614.962   191.695   -88.14   39.02
-105241.826   191.141    -1.48   42.46
-104868.728   221.453    81.25   64.04
-104495.668   257.881    97.66   58.16
-104122.647   273.927    43.02   49.83
-103749.665   267.017   -18.53   51.36
-103376.721   253.567   -36.07   50.41
-103003.815   260.239    17.89   57.35
-102630.948   289.491    78.46   73.88
-102258.119   304.847    41.19   68.35
-101885.329   314.463    25.80   52.82
-101512.577   312.712    -4.70   42.95
-101139.864   300.815   -31.92   46.12
-100767.188   278.975   -58.61   51.77
-100394.552   245.298   -90.38   43.90
-100021.953   223.419   -58.73   34.27
 -99649.393   206.909   -44.32   29.73
 -99276.871   198.131   -23.57   33.41
 -98904.388   193.254   -13.09   37.94
 -98531.942   188.427   -12.96   41.81
 -98159.535   173.118   -41.11   42.80
 -97787.167   155.070   -48.47   45.81
 -97414.836   135.116   -53.60   39.91
 -97042.544   115.063   -53.87   25.02
 -96670.290   104.993   -27.05   18.24
 -96298.074   103.344    -4.43   22.59
 -95925.896   111.677    22.39   39.83
 -95553.757   118.519    18.39   46.02
 -95181.656   122.766    11.41   45.57
 -94809.593   113.498   -24.91   40.50
 -94437.568    99.695   -37.11   31.30
 -94065.581    84.453   -40.98   26.51
 -93693.632    69.822   -39.34   16.60
 -93321.722    59.818   -26.90   10.45
 -92949.849    53.123   -18.00    7.08
 -92578.015    48.695   -11.91    5.29
 -92206.218    45.467    -8.68    4.26
 -91834.460    43.397    -5.57    3.98
 -91462.739    40.811    -6.96    3.66
 -91091.057    38.747    -5.55    2.95
 -90719.413    36.798    -5.25    2.18
 -90347.807    35.306    -4.02    2.07
 -89976.238    34.028    -3.44    1.87
 -89604.708    33.544    -1.30    1.80
 -89233.216    34.576     2.78    2.84
 -88861.761    36.230     4.45    2.89
 -88490.345    37.660     3.85    2.35
 -88118.966    38.505     2.28    2.06
 -87747.625    39.505     2.69    2.09
 -87376.322    39.591     0.23    2.12
 -87005.057    38.905    -1.85    3.46
 -86633.830    38.498    -1.10    3.86
 -86262.641    38.131    -0.99    4.02
 -85891.490    37.729    -1.08    4.01
 -85520.376    37.802     0.20    3.87
 -85149.300    36.034    -4.77    4.18
 -84778.262    34.445    -4.28    3.58
 -84407.262    33.765    -1.83    3.31
 -84036.300    32.888    -2.36    1.73
 -83665.375    32.940     0.14    1.62
 -83294.488    32.940     0.00    1.62
 -82923.639    32.712    -0.62    1.42
 -82552.828    32.625    -0.24    1.33
 -82182.054    32.445    -0.49    1.44
 -81811.318    32.881     1.18    1.77
 -81440.619    32.986     0.28    1.94
 -81069.959    33.302     0.85    2.24
 -80699.336    33.398     0.26    2.20
 -80328.750    32.379    -2.75    2.32
 -79958.202    31.320    -2.86    2.25
 -79587.692    30.474    -2.28    1.91
 -79212.421    29.677    -2.13    1.89
 -78834.287    29.534    -0.38    2.10
 -78456.193    29.471    -0.17    2.26
 -78078.137    29.572     0.27    2.29
 -77700.121    29.593     0.06    2.45
 -77322.144    28.967    -1.66    2.15
 -76944.207    28.141    -2.19    2.32
 -76566.308    27.074    -2.82    2.04
 -76188.449    26.367    -1.87    1.66
 -75810.629    26.213    -0.41    1.64
 -75432.848    25.822    -1.03    1.38
 -75055.106    25.966     0.38    1.51
 -74677.404    26.040     0.20    1.60
 -74299.740    25.576    -1.23    1.83
 -73922.116    24.905    -1.78    1.87
 -73544.531    24.256    -1.72    1.63
 -73166.984    23.644    -1.62    1.21
 -72789.477    23.480    -0.43    1.20
 -72412.009    23.168    -0.83    1.31
 -72034.580    23.028    -0.37    1.41
 -71657.191    22.642    -1.02    1.61
 -71279.840    22.070    -1.52    1.59
 -70902.528    21.729    -0.90    1.44
 -70525.255    21.274    -1.21    1.35
 -70148.021    21.088    -0.49    1.41
 -69770.826    20.746    -0.91    1.58
 -69393.670    20.445    -0.80    1.55
 -69016.553    20.414    -0.08    1.68
 -68639.475    20.116    -0.79    1.76
 -68262.436    19.888    -0.60    1.81
 -67885.435    19.333    -1.47    1.56
 -67508.474    18.838    -1.31    1.49
 -67131.551    18.605    -0.62    1.37
 -66754.668    18.732     0.34    1.30
 -66377.823    18.610    -0.32    1.49
 -66001.017    18.445    -0.44    1.65
 -65624.250    18.384    -0.16    1.80
 -65247.521    17.891    -1.31    1.59
 -64870.832    17.784    -0.28    1.74
 -64494.181    17.763    -0.06    2.11
 -64117.569    17.547    -0.57    2.16
 -63740.995    17.445    -0.27    2.23
 -63364.461    17.495     0.13    2.46
 -62987.965    17.063    -1.15    2.28
 -62611.508    16.373    -1.83    2.49
 -62235.089    16.063    -0.82    2.37
 -61858.709    16.133     0.19    2.43
 -61482.368    16.463     0.87    2.48
 -61106.066    16.508     0.12    2.32
 -60729.802    16.331    -0.47    2.11
 -60353.577    16.063    -0.71    1.51
 -59977.390    15.835    -0.61    1.29
 -59601.242    15.802    -0.09    1.36
 -59225.133    15.800    -0.00    1.36
 -58849.062    16.028     0.61    1.58
 -58473.030    17.409     3.67    2.96
 -58097.036    18.639     3.27    2.92
 -57721.081    19.525     2.36    2.31
 -57345.164    19.855     0.88    1.56
 -56969.286    19.237    -1.65    1.18
 -56593.446    18.905    -0.88    1.05
 -56217.645    18.975     0.19    1.19
 -55841.882    18.833    -0.38    1.15
 -55466.158    18.748    -0.22    1.17
 -55090.472    18.625    -0.33    1.18
 -54714.824    18.213    -1.09    0.97
 -54339.215    18.028    -0.49    0.91
 -53963.645    17.838    -0.51    1.10
 -53588.112    17.661    -0.47    1.11
 -53212.618    17.467    -0.52    1.05
 -52837.163    17.570     0.27    0.99
 -52461.746    17.542    -0.07    0.89
 -52086.367    17.397    -0.39    0.96
 -51711.026    17.419     0.06    0.93
 -51335.724    17.361    -0.15    0.95
 -50960.460    17.248    -0.30    0.87
 -50585.234    17.230    -0.05    0.85
 -50210.047    17.350     0.32    1.41
 -49834.898    17.449     0.26    1.85
 -49459.787    17.927     1.27    2.33
 -49084.714    18.333     1.08    2.30
 -48709.679    18.131    -0.54    2.18
 -48334.683    17.898    -0.62    2.21
 -47959.725    17.121    -2.07    1.34
 -47584.805    16.940    -0.48    1.35
 -47209.923    16.589    -0.94    0.98
 -46835.079    16.432    -0.42    1.08
 -46460.274    16.712     0.75    1.45
 -46085.506    16.782     0.19    1.60
 -45710.777    16.784     0.00    1.60
 -45336.086    16.618    -0.44    1.53
 -44961.432    16.186    -1.15    1.06
 -44586.817    16.326     0.37    1.53
 -44212.240    16.298    -0.08    1.51
 -43837.701    16.291    -0.02    1.58
 -43463.200    16.159    -0.35    1.56
 -43088.737    15.781    -1.01    1.41
 -42714.312    15.586    -0.52    1.38
 -42339.925    15.195    -1.04    1.06
 -41965.576    14.954    -0.64    1.10
 -41591.265    14.747    -0.55    1.23
 -41216.992    14.449    -0.80    1.15
 -40842.756    14.367    -0.22    1.18
 -40468.559    14.659     0.78    1.19
 -40094.400    14.905     0.66    1.13
 -39720.278    14.988     0.22    1.08
 -39346.194    14.877    -0.30    1.02
 -38972.149    14.850    -0.07    1.06
 -38598.141    14.695    -0.41    0.97
 -38224.170    14.940     0.66    1.27
 -37850.238    15.317     1.01    1.21
 -37476.344    15.281    -0.10    1.23
 -37102.487    15.195    -0.23    1.39
 -36728.668    14.884    -0.83    1.39
 -36354.887    14.554    -0.88    1.16
 -35981.144    14.495    -0.16    1.10
 -35607.438    14.178    -0.85    0.86
 -35233.770    13.959    -0.59    0.81
 -34860.140    13.855    -0.28    0.83
 -34486.547    13.843    -0.03    0.86
 -34112.992    13.765    -0.21    0.86
 -33739.475    13.623    -0.38    0.87
 -33365.996    13.379    -0.65    0.93
 -32992.554    13.519     0.38    0.89
 -32619.150    13.605     0.23    0.94
 -32245.783    13.764     0.42    1.51
 -31872.455    13.373    -1.05    1.72
 -31499.163    13.028    -0.92    1.75
 -31125.910    12.733    -0.79    1.64
 -30752.693    12.891     0.42    1.55
 -30379.515    13.047     0.42    1.58
 -30006.374    12.660    -1.04    1.70
 -29633.270    12.391    -0.72    1.93
 -29260.204    11.940    -1.21    2.44
 -28887.176    11.502    -1.18    2.17
 -28514.185    11.349    -0.41    2.14
 -28141.231    11.212    -0.37    1.69
 -27768.315    11.223     0.03    1.59
 -27395.437    11.159    -0.17    1.33
 -27022.596    11.306     0.39    1.58
 -26649.792    11.802     1.33    1.61
 -26277.026    11.820     0.05    1.68
 -25904.297    11.432    -1.04    1.85
 -25531.605    10.800    -1.69    1.91
 -25158.951    10.168    -1.69    1.57
 -24786.334     9.712    -1.22    1.64
 -24413.755     9.641    -0.19    1.61
 -24041.213     9.542    -0.27    1.49
 -23668.708     9.156    -1.04    1.64
 -23296.241     8.782    -1.00    1.31
 -22923.811     8.786     0.01    1.24
 -22551.418     8.870     0.23    1.39
 -22179.063     8.804    -0.18    1.40
 -21806.744     8.765    -0.10    1.64
 -21434.463     8.414    -0.94    1.63
 -21062.220     8.034    -1.02    1.63
 -20690.013     8.126     0.25    1.53
 -20317.844     8.213     0.23    1.58
 -19945.712     8.011    -0.54    1.61
 -19573.617     8.156     0.39    1.53
 -19201.559     8.141    -0.04    1.55
 -18829.538     7.846    -0.79    2.01
 -18457.555     7.850     0.01    2.14
 -18085.609     7.495    -0.95    2.02
 -17713.699     7.480    -0.04    1.92
 -17341.827     7.870     1.05    1.70
 -16969.992     7.945     0.20    1.44
 -16598.194     7.881    -0.17    1.41
 -16226.434     7.677    -0.55    1.31
 -15854.710     7.958     0.76    1.71
 -15483.023     7.787    -0.46    1.92
 -15111.373     7.853     0.18    1.91
 -14739.761     8.034     0.49    1.99
 -14368.185     7.850    -0.50    1.82
 -13996.646     7.802    -0.13    1.94
 -13625.145     7.367    -1.17    1.93
 -13253.680     6.945    -1.14    1.76
 -12882.252     6.695    -0.67    1.56
 -12510.862     6.660    -0.09    1.65
 -12139.508     6.588    -0.19    1.56
 -11768.191     6.498    -0.24    1.26
 -11396.911     6.313    -0.50    1.27
 -11025.667     5.998    -0.85    1.19
 -10654.461     5.926    -0.20    1.25
 -10283.292     5.712    -0.58    1.15
  -9912.159     5.313    -1.08    1.11
  -9541.064     5.414     0.27    1.11
  -9170.005     5.463     0.13    1.13
  -8798.983     5.480     0.05    1.16
  -8427.997     5.105    -1.01    1.11
  -8057.049     4.909    -0.53    1.07
  -7686.137     4.516    -1.06    1.11
  -7315.262     4.077    -1.19    1.27
  -6944.424     3.870    -0.56    1.40
  -6573.623     3.787    -0.22    1.64
  -6202.858     3.660    -0.34    1.66
  -5832.130     3.563    -0.26    1.49
  -5461.439     3.625     0.17    1.49
  -5090.784     3.677     0.14    1.29
  -4720.167     4.338     1.78    1.59
  -4345.304     4.891     1.48    1.73
  -3967.250     5.284     1.04    1.59
  -3589.235     5.802     1.37    1.70
  -3211.258     6.449     1.71    2.00
  -2833.319     6.397    -0.14    2.20
  -2455.418     6.409     0.03    2.45
  -2077.556     6.379    -0.08    2.54
  -1699.732     5.534    -2.24    2.29
  -1321.946     5.141    -1.04    2.36
   -944.198     4.143    -2.64    2.55
   -566.488     2.732    -3.74    2.62
   -188.817     1.177    -4.12    2.78
    188.817     0.250    -2.45    2.56
    566.412     0.641     1.04    2.72
    943.969     1.840     3.18    2.76
   1321.488     2.820     2.59    2.16
   1698.969     3.838     2.70    1.62
   2076.412     3.454    -1.02    2.52
   2453.817     2.052    -3.72    3.23
   2831.184     0.623    -3.79    3.21
   3208.512    -0.219    -2.23    2.54
   3585.803     0.427     1.71    2.43
   3963.056     1.748     3.50    2.73
   4340.271     2.730     2.60    2.45
   4717.447     3.141     1.09    2.47
   5094.586     3.320     0.47    2.62
   5471.687     3.657     0.89    2.79
   5848.750     3.927     0.72    2.61
   6225.775     4.877     2.52    1.82
   6602.762     5.266     1.03    2.59
   6979.711    13.945    23.02   16.08
   7356.623    29.222    40.53   25.98
   7733.496    57.088    73.94   38.80
   8110.332    89.072    84.88   41.35
   8487.129   108.274    50.96   37.90
   8863.889   115.367    18.83   35.22
   9240.611   120.221    12.88   37.57
   9617.296   130.046    26.08   42.71
   9993.942   135.258    13.84   44.31
  10370.551   147.975    33.77   48.35
  10747.122   157.829    26.17   55.32
  11123.655   161.641    10.12   55.64
  11500.150   164.313     7.10   56.23
  11876.608   168.853    12.06   63.12
  12253.028   160.414   -22.42   67.66
  12629.410   151.730   -23.07   62.19
  13005.755   137.748   -37.15   50.17
  13382.062   132.772   -13.22   48.48
  13758.331   136.781    10.66   57.57
  14134.563   155.927    50.89   74.26
  14510.757   167.537    30.86   64.55
  14886.913   178.034    27.91   55.65
  15263.032   173.105   -13.10   47.33
  15639.113   161.151   -31.79   49.15
  16015.157   140.732   -54.30   43.68
  16391.163   121.204   -51.94   41.10
  16767.131    99.843   -56.81   32.39
  17143.062    84.623   -40.48   26.06
  17518.956    70.077   -38.70   12.90
  17894.811    63.113   -18.53    6.48
  18270.630    59.266   -10.24    4.19
  18646.411    58.113    -3.07    5.17
  19022.154    58.471     0.95    7.78
  19397.860    59.840     3.65   10.26
  19773.528    59.983     0.38   10.29
  20149.159    58.824    -3.08    8.57
  20524.753    58.302    -1.39    5.79
  20900.309    61.463     8.42    9.20
  21275.828    72.552    29.53   22.75
  21651.309    89.642    45.51   29.52
  22026.753   102.731    34.86   28.40
  22402.160   118.958    43.22   33.87
  22777.529   128.310    24.91   34.86
  23152.861   148.833    54.68   46.35
  23528.156   164.498    41.74   45.84
  23903.413   164.028    -1.25   42.05
  24278.633   151.168   -34.27   49.05
  24653.816   122.640   -76.04   47.34
  25028.961    84.902  -100.59   33.80
  25404.070    61.618   -62.07   20.13
  25779.141    48.623   -34.64   13.78
  26154.174    39.040   -25.55    6.97
  26529.171    34.463   -12.21    4.46
  26904.130    31.695    -7.38    2.72
  27279.052    30.058    -4.36    2.04
  27653.937    29.034    -2.73    1.73
  28028.785    28.549    -1.29    1.65
  28403.595    27.572    -2.61    1.40
  28778.369    26.917    -1.75    1.40
  29153.105    25.923    -2.65    1.73
  29527.804    24.963    -2.56    1.72
  29902.466    24.116    -2.26    1.56
  30277.091    23.409    -1.89    1.42
  30651.679    22.818    -1.58    1.21
  31026.230    22.361    -1.22    1.24
  31400.744    21.880    -1.29    1.40
  31775.220    21.427    -1.21    1.43
  32149.660    20.772    -1.75    1.51
  32524.063    20.266    -1.35    1.40
  32898.428    19.895    -0.99    1.30
  33272.757    19.730    -0.44    1.21
  33647.049    19.498    -0.62    1.15
  34021.303    19.195    -0.81    1.16
  34395.521    18.800    -1.05    1.16
  34769.702    18.604    -0.52    1.06
  35143.846    18.502    -0.27    1.13
  35517.953    18.483    -0.05    1.14
  35892.023    18.302    -0.48    1.17
  36266.056    18.277    -0.07    1.18
  36640.052    18.344     0.18    1.27
  37014.012    18.159    -0.49    1.62
  37387.934    18.063    -0.26    1.72
  37761.820    18.123     0.16    1.87
  38135.669    17.769    -0.95    1.92
  38509.481    17.695    -0.20    1.72
  38883.256    17.549    -0.39    1.68
  39256.995    16.958    -1.58    1.67
  39630.696    16.619    -0.91    1.55
  40004.361    16.445    -0.47    1.58
  40377.989    16.266    -0.48    1.62
  40751.581    16.248    -0.05    1.64
  41125.136    16.063    -0.50    1.47
  41498.654    15.870    -0.52    1.44
  41872.135    15.730    -0.37    1.45
  42245.579    15.695    -0.10    1.60
  42618.987    15.661    -0.09    1.50
  42992.359    15.748     0.23    1.31
  43365.693    15.909     0.43    1.07
  43738.991    15.927     0.05    1.10
  44112.253    15.927     0.00    1.08
  44485.477    15.588    -0.91    1.15
  44858.665    15.802     0.57    1.37
  45231.817    15.730    -0.19    1.29
  45604.932    15.639    -0.24    1.12
  45978.010    15.589    -0.13    1.14
  46351.052    15.560    -0.08    1.05
  46724.057    15.432    -0.34    1.25
  47097.026    15.495     0.17    1.37
  47469.958    15.537     0.11    1.66
  47842.854    15.105    -1.16    1.63
  48215.713    14.980    -0.34    1.49
  48588.536    14.586    -1.06    1.26
  48961.322    14.531    -0.15    1.05
  49334.072    14.409    -0.33    1.07
  49706.785    14.291    -0.32    1.07
  50079.462    14.534     0.65    1.06
  50452.103    14.695     0.43    1.09
  50824.707    14.853     0.42    1.26
  51197.275    14.677    -0.47    1.35
  51569.806    14.531    -0.39    1.46
  51942.301    14.309    -0.60    1.50
  52314.760    14.159    -0.40    1.40
  52687.182    14.204     0.12    1.40
  53059.568    13.949    -0.68    1.17
  53431.918    14.088     0.37    1.26
  53804.231    13.849    -0.64    1.33
  54176.508    13.659    -0.51    1.21
  54548.749    13.732     0.20    1.41
  54920.953    13.642    -0.24    1.32
  55293.122    13.659     0.05    1.29
  55665.254    13.567    -0.25    1.16
  56037.349    13.623     0.15    1.09
  56409.409    13.404    -0.59    1.08
  56781.432    13.326    -0.21    1.01
  57153.419    13.306    -0.06    1.00
  57525.370    13.326     0.06    0.94
  57897.285    13.560     0.63    1.10
  58269.164    13.784     0.60    1.15
  58641.006    13.804     0.05    1.10
  59012.813    13.660    -0.39    1.09
  59384.583    13.534    -0.34    1.11
  59756.317    13.552     0.05    1.07
  60128.015    13.516    -0.10    1.10
  60499.677    13.422    -0.25    1.08
  60871.303    13.309    -0.30    1.16
  61242.892    13.250    -0.16    1.04
  61614.446    13.326     0.20    0.94
  61985.964    13.464     0.37    0.94
  62357.446    13.391    -0.20    0.89
  62728.891    13.440     0.13    0.99
  63100.301    13.373    -0.18    1.11
  63471.675    13.295    -0.21    1.13
  63843.012    13.331     0.10    1.14
  64214.314    13.695     0.98    1.35
  64585.580    13.713     0.05    1.38
  64956.810    13.853     0.38    1.41
  65328.004    14.123     0.73    1.48
  65699.162    14.414     0.78    1.86
  66070.284    14.772     0.96    1.92
  66441.370    14.713    -0.16    1.54
  66812.420    14.619    -0.25    1.45
  67183.435    14.695     0.20    1.32
  67554.413    14.913     0.59    1.20
  67925.356    14.980     0.18    1.11
  68296.263    15.052     0.19    1.14
  68667.134    14.498    -1.49    1.44
  69037.969    13.748    -2.02    1.71
  69408.769    13.149    -1.62    1.69
  69779.533    12.588    -1.51    1.40
  70150.260    12.404    -0.50    0.94
  70524.801    12.445     0.11    0.88
  70902.773    12.563     0.31    1.00
  71280.708    12.677     0.30    1.00
  71658.605    12.605    -0.19    1.03
  72036.465    12.713     0.28    1.10
  72414.288    12.659    -0.14    1.01
  72792.073    12.770     0.29    0.96
  73169.822    12.891     0.32    0.92
  73547.533    12.843    -0.13    0.90
  73925.207    12.927     0.22    0.87
  74302.843    12.927     0.00    0.81
  74680.443    12.931     0.01    0.90
  75058.005    12.909    -0.06    0.89
  75435.531    12.752    -0.41    1.00
  75813.019    12.660    -0.25    1.03
  76190.470    12.713     0.14    0.97
  76567.884    12.607    -0.28    0.99
  76945.261    12.787     0.48    1.00
  77322.601    12.787     0.00    1.09
  77699.904    12.820     0.09    1.15
  78077.169    12.983     0.43    1.09
  78454.398    12.891    -0.24    1.05
  78831.590    13.022     0.35    1.04
  79208.744    12.980    -0.11    1.02
  79585.862    13.004     0.06    1.05
  79962.943    12.949    -0.14    1.09
  80339.986    12.891    -0.15    1.00
  80716.993    12.902     0.03    0.93
  81093.963    12.909     0.02    0.89
  81470.896    13.077     0.44    0.89
  81847.792    12.820    -0.68    1.11
  82224.651    12.766    -0.14    1.09
  82601.473    12.986     0.58    1.03
  82978.258    13.022     0.10    0.96
  83355.007    13.284     0.70    0.87
  83731.718    13.361     0.21    1.01
  84108.393    13.522     0.43    0.96
  84485.031    13.463    -0.16    1.11
  84861.632    13.338    -0.33    1.07
  85238.196    13.361     0.06    1.09
  85614.723    13.467     0.28    1.00
  85991.214    13.510     0.11    0.99
  86367.668    13.570     0.16    0.97
  86744.085    13.772     0.54    0.93
  87120.465    13.993     0.59    0.96
  87496.809    14.495     1.33    1.06
  87873.116    15.028     1.42    1.12
  88249.386    15.397     0.98    0.98
  88625.620    15.547     0.40    0.88
  89001.817    15.445    -0.27    0.88
  89377.977    15.186    -0.69    0.74
  89754.100    16.133     2.52    2.97
  90130.187    16.991     2.28    3.42
  90506.237    16.855    -0.36    3.39
  90882.251    16.513    -0.91    3.24
  91258.228    15.891    -1.65    1.95
  91634.168    15.344    -1.46    0.92
  92010.072    15.374     0.08    0.92
  92385.939    15.534     0.43    0.91
  92761.770    15.695     0.43    1.06
  93137.564    15.940     0.65    1.29
  93513.322    16.373     1.15    1.29
  93889.043    17.077     1.87    1.39
  94264.727    17.873     2.12    1.57
  94640.376    18.435     1.50    1.58
  95015.987    18.640     0.54    1.64
  95391.562    18.380    -0.69    1.87
  95767.101    17.963    -1.11    1.94
  96142.603    17.435    -1.40    1.44
  96518.069    16.980    -1.21    1.41
  96893.498    16.622    -0.95    1.35
  97268.891    16.195    -1.14    1.44
  97644.248    15.641    -1.47    1.31
  98019.568    15.336    -0.81    1.16
  98394.852    15.213    -0.33    0.97
  98770.099    15.280     0.18    1.03
  99145.310    15.046    -0.62    0.99
  99520.485    14.695    -0.94    0.89
  99895.623    14.640    -0.15    0.99
 100270.725    14.552    -0.24    1.03
 100645.791    14.584     0.08    1.04
 101020.821    14.445    -0.37    1.07
 101395.814    14.232    -0.57    0.95
 101770.771    14.355     0.33    0.96
 102145.692    14.306    -0.13    0.96
 102520.576    14.373     0.18    0.79
 102895.425    14.313    -0.16    0.89
 103270.237    14.159    -0.41    1.01
 103645.013    14.116    -0.12    1.07
 104019.752    14.129     0.03    1.05
 104394.456    14.195     0.18    1.08
 104769.123    14.272     0.21    0.89
 105143.754    14.391     0.32    0.93
 105518.349    14.477     0.23    1.10
 105892.908    14.563     0.23    1.18
 106267.431    14.730     0.45    1.17
 106641.918    14.658    -0.19    1.08
 107016.368    14.349    -0.82    1.19
 107390.783    14.213    -0.36    1.21
 107765.161    13.980    -0.62    1.12
 108139.504    14.176     0.52    1.00
 108513.810    14.195     0.05    0.87
 108888.080    14.195     0.00    1.31
 109262.315    13.873    -0.86    1.76
 109636.513    13.195    -1.81    1.87
 110010.675    12.386    -2.16    1.32
 110384.801    12.052    -0.89    0.96
 110758.892    11.921    -0.35    0.93
 111132.946    11.820    -0.27    0.95
 111506.965    11.940     0.32    0.98
 111880.947    11.877    -0.17    0.96
 112254.894    11.750    -0.34    1.09
 112628.804    11.695    -0.15    1.11
 113002.679    11.713     0.05    1.15
 113376.518    11.840     0.34    1.28
 113750.321    11.713    -0.34    1.37
 114124.088    12.022     0.83    1.48
 114497.820    12.177     0.42    1.85
 114871.515    12.374     0.53    1.74
 115245.175    12.855     1.29    2.07
 115618.799    13.386     1.42    2.19
 115992.387    13.784     1.07    2.04
 116365.939    14.409     1.67    2.21
 116739.455    14.549     0.38    2.00
 117112.936    14.123    -1.14    1.59
 117486.381    14.317     0.52    1.55
 117859.790    14.804     1.30    2.20
 118233.164    15.454     1.74    2.21
 118606.502    15.167    -0.77    1.91
 118979.804    15.034    -0.36    1.96
 119353.070    14.534    -1.34    1.56
 119726.301    14.022    -1.37    0.90
 120099.496    13.891    -0.35    0.77
 120472.655    13.766    -0.33    0.81
 120845.779    13.600    -0.44    0.90
 121218.867    13.391    -0.56    0.87
 121591.919    13.214    -0.47    0.90
 121964.936    13.331     0.31    0.87
 122337.917    13.582     0.67    0.75
 122710.863    13.713     0.35    0.74
 123083.773    14.034     0.86    0.90
 123456.648    14.010    -0.07    1.01
 123829.487    13.873    -0.37    1.03
 124202.290    13.713    -0.43    1.06
 124575.058    13.642    -0.19    1.11
 124947.791    13.599    -0.12    1.14
 125320.487    13.195    -1.08    1.36
 125693.149    12.959    -0.63    1.39
 126065.775    12.641    -0.85    1.29
 126438.365    12.404    -0.64    0.99
 126810.920    12.409     0.01    1.17
 127183.440    12.320    -0.24    1.24
 127555.924    12.513     0.52    1.11
 127928.373    12.570     0.15    1.27
 128300.786    12.808     0.64    1.33
 128673.164    13.113     0.82    1.32
 129045.506    13.599     1.30    1.69
 129417.814    13.622     0.06    1.57
 129790.085    13.638     0.04    1.45
 130162.322    13.195    -1.19    1.24
 130534.523    12.840    -0.95    1.08
 130906.689    12.677    -0.44    1.04
 131278.819    12.570    -0.29    1.01
 131650.914    12.787     0.58    1.09
 132022.974    12.927     0.38    1.16
 132394.999    13.118     0.51    1.49
 132766.988    13.802     1.84    1.52
 133138.942    14.272     1.26    1.49
 133510.861    14.588     0.85    1.27
 133882.745    14.454    -0.36    1.10
 134254.593    14.373    -0.22    1.06
 134626.406    14.131    -0.65    0.96
 134998.184    14.105    -0.07    1.06
 135369.927    14.158     0.14    1.06
 135741.635    14.167     0.03    1.02
 136113.307    14.186     0.05    0.96
 136484.944    14.176    -0.03    0.90
 136856.547    14.177     0.00    1.03
 137228.114    14.280     0.28    1.12
 137599.646    14.302     0.06    0.98
 137971.143    14.374     0.19    0.92
 138342.604    14.510     0.36    0.99
 138714.031    14.570     0.16    0.88
 139085.423    14.676     0.29    0.90
 139456.779    14.940     0.71    1.11
 139828.101    14.898    -0.11    1.22
 140199.387    14.940     0.11    1.26
 140570.638    14.906    -0.09    1.36
 140941.855    14.677    -0.62    1.36
 141313.036    14.355    -0.87    1.25
 141684.183    14.123    -0.62    1.22
 142055.294    13.895    -0.62    0.95
 142426.371    13.945     0.13    0.94
 142797.412    14.040     0.26    1.04
 143168.419    14.131     0.24    1.12
 143539.391    14.016    -0.31    1.13
 143910.327    14.028     0.03    1.03
 144281.229    14.149     0.33    1.18
 144652.096    14.329     0.49    1.14
 145022.928    14.502     0.46    1.01
 145397.213    14.637     0.36    0.83
 145775.108    14.623    -0.04    0.91
 146152.967    14.767     0.38    0.92
 146530.789    14.963     0.52    1.00
 146908.576    15.213     0.66    0.99
 147286.326    15.343     0.34    0.99
 147664.039    15.409     0.18    1.06
 148041.717    15.619     0.56    1.50
 148419.358    15.713     0.25    1.74
 148796.963    15.584    -0.34    1.67
 149174.532    15.513    -0.19    1.63
 149552.065    15.427    -0.23    1.39
 149929.561    15.449     0.06    1.24
 150307.022    15.373    -0.20    1.31
 150684.446    15.600     0.60    1.26
 151061.834    15.440    -0.42    1.28
 151439.186    15.458     0.05    1.15
 151816.501    15.367    -0.24    1.22
 152193.781    15.338    -0.08    1.26
 152571.024    15.166    -0.45    1.19
 152948.232    15.230     0.17    1.21
 153325.403    15.336     0.28    1.43
 153702.538    15.058    -0.74    1.41
 154079.637    14.935    -0.33    1.40
 154456.701    15.058     0.33    1.38
 154833.728    15.113     0.14    1.38
 155210.719    15.280     0.44    1.59
 155587.674    15.213    -0.18    1.48
 155964.593    15.563     0.93    1.93
 156341.476    16.266     1.87    2.01
 156718.323    16.491     0.60    2.01
 157095.134    16.605     0.30    2.12
 157471.910    15.909    -1.85    2.10
 157848.649    15.563    -0.92    1.92
 158225.352    15.641     0.21    2.02
 158602.020    15.964     0.86    1.90
 158978.651    15.913    -0.14    1.86
 159355.247    15.622    -0.77    1.74
 159731.807    15.528    -0.25    1.45
 160108.331    15.623     0.25    1.23
 160484.819    15.473    -0.40    1.02
 160861.271    15.695     0.59    1.09
 161237.688    15.926     0.61    1.06
 161614.068    15.967     0.11    1.22
 161990.413    16.102     0.36    1.32
 162366.722    16.195     0.25    1.31
 162742.995    16.361     0.44    1.27
 163119.233    16.287    -0.20    1.41
 163495.434    16.349     0.16    1.36
 163871.600    16.118    -0.62    1.45
 164247.731    16.266     0.39    1.44
 164623.825    16.317     0.14    1.26
 164999.884    16.230    -0.23    1.44
 165375.907    16.139    -0.24    1.45
 165751.895    16.139     0.00    1.45
 166127.846    15.945    -0.52    1.34
 166503.763    16.022     0.20    1.40
 166879.643    15.963    -0.16    1.15
 167255.488    16.148     0.49    1.17
 167631.297    16.277     0.34    1.13
 168007.071    16.258    -0.05    1.36
 168382.809    16.299     0.11    1.52
 168758.511    16.480     0.48    1.57
 169134.178    16.250    -0.61    1.57
 169509.809    16.349     0.26    1.60
 169885.405    16.233    -0.31    1.58
 170260.965    16.240     0.02    1.50
 170636.490    16.204    -0.10    1.60
 171011.979    16.141    -0.17    1.43
 171387.433    16.137    -0.01    1.38
 171762.851    15.917    -0.59    1.18
 172138.234    15.822    -0.25    1.14
 172513.581    16.060     0.63    1.14
 172888.893    16.204     0.38    1.22
 173264.169    16.329     0.33    1.17
 173639.410    16.302    -0.07    1.19
 174014.615    16.404     0.27    1.31
 174389.785    16.343    -0.16    1.32
 174764.920    16.338    -0.01    1.18
 175140.019    16.525     0.50    1.14
 175515.083    16.516    -0.02    1.11
 175890.112    16.695     0.48    1.17
 176265.105    16.858     0.44    1.21
 176640.063    16.843    -0.04    1.31
 177014.985    16.880     0.10    1.23
 177389.872    16.998     0.32    1.11
 177764.724    16.991    -0.02    1.16
 178139.541    17.204     0.57    1.15
 178514.322    17.381     0.47    1.30
 178889.068    17.804     1.13    1.40
 179263.779    18.034     0.62    1.37
 179638.455    18.391     0.95    1.08
 180013.095    18.435     0.12    1.29
 180387.700    18.313    -0.33    1.43
 180762.270    18.338     0.07    1.42
 181136.804    18.028    -0.83    1.35
 181511.304    17.838    -0.51    1.23
 181885.768    17.945     0.29    1.43
 182260.197    17.873    -0.19    1.39
 182634.591    17.827    -0.12    1.35
 183008.950    17.582    -0.66    1.28
 183383.274    17.445    -0.37    1.18
 183757.563    17.398    -0.12    1.24
 184131.816    17.586     0.50    1.23
 184506.035    17.978     1.05    1.12
 184880.218    18.338     0.96    1.12
 185254.366    18.577     0.64    0.99
 185628.480    18.640     0.17    0.87
 186002.558    18.695     0.15    0.93
 186376.601    18.659    -0.10    1.01
 186750.609    18.750     0.24    1.04
 187124.582    18.858     0.29    1.17
 187498.520    18.767    -0.24    1.20
 187872.423    18.808     0.11    1.09
 188246.291    18.895     0.23    1.06
 188620.125    18.868    -0.07    1.06
 188993.923    18.820    -0.13    0.99
 189367.686    18.883     0.17    0.88
 189741.414    18.902     0.05    0.91
 190115.108    18.963     0.16    0.86
 190488.766    19.313     0.94    0.99
 190862.390    19.373     0.16    0.97
 191235.979    19.506     0.36    0.90
 191609.533    19.622     0.31    1.00
 191983.052    19.599    -0.06    1.01
 192356.536    19.677     0.21    1.05
 192729.985    19.808     0.35    1.20
 193103.400    19.909     0.27    1.14
 193476.779    20.185     0.74    1.17
 193850.124    20.454     0.72    1.20
 194223.434    20.931     1.28    1.44
 194596.709    21.487     1.49    1.56
 194969.950    21.873     1.03    1.66
 195343.156    22.115     0.65    1.67
 195716.327    22.070    -0.12    1.59
 196089.463    21.600    -1.26    1.30
 196462.565    21.659     0.16    1.21
 196835.631    21.873     0.57    1.10
 197208.664    22.047     0.46    1.28
 197581.661    22.355     0.83    1.35
 197954.624    22.750     1.06    1.25
 198327.552    22.732    -0.05    1.13
 198700.445    22.795     0.17    1.09
 199073.304    22.749    -0.12    1.11
 199446.128    23.053     0.82    1.49
 199818.918    23.713     1.77    1.83
 200191.673    24.072     0.96    1.72
 200564.393    24.213     0.38    1.63
 200937.079    24.176    -0.10    1.18
 201309.730    24.016    -0.43    1.12
 201682.347    23.840    -0.47    1.03
 202054.929    23.734    -0.29    1.04
 202427.476    23.767     0.09    1.10
 202799.989    23.751    -0.04    1.10
 203172.468    24.102     0.94    1.31
 203544.912    25.034     2.50    1.64
 203917.321    25.560     1.41    1.53
 204289.696    25.927     0.98    1.32
 204662.037    26.010     0.22    1.11
 205034.343    26.306     0.80    1.27
 205406.614    26.945     1.72    1.56
 205778.852    27.838     2.40    1.67
 206151.054    29.579     4.68    2.74
 206523.223    32.895     8.91    4.83
 206895.357    37.324    11.90    6.48
 207267.456    41.445    11.07    6.45
 207639.521    44.417     7.99    5.79
 208011.552    45.787     3.68    5.90
 208383.548    46.113     0.88    5.03
 208755.510    47.695     4.25    4.81
 209127.438    49.784     5.62    5.40
 209499.332    53.041     8.76    5.67
 209871.191    57.052    10.78    7.21
 210243.015    62.676    15.12    9.03
 210614.806    71.058    22.54   12.33
 210986.562    81.658    28.51   11.96
 211358.284    87.676    16.19    8.64
 211729.972    90.786     8.36    7.27
 212101.625    90.313    -1.27    8.75
 212473.244    86.978    -8.97   10.30
 212844.829    83.954    -8.14   11.74
 213216.380    85.058     2.97   13.67
 213587.897    88.349     8.85   15.71
 213959.379    95.320    18.76   15.97
 214330.827   104.272    24.09   15.00
 214702.241   108.480    11.33   14.50
 215073.621   110.531     5.52   13.09
 215444.967   112.034     4.05   12.04
 215816.278   111.463    -1.54   10.31
 216187.555   108.435    -8.15   10.52
 216558.799   106.445    -5.36   12.00
 216930.008   103.528    -7.86   10.88
 217301.183    99.531   -10.77    9.15
 217672.324    98.560    -2.62    8.56
 218043.431    94.986    -9.63    7.61
 218414.504    90.502   -12.08    6.18
 218785.543    86.843    -9.86    6.12
 219156.548    82.102   -12.78    5.73
 219527.519    78.445    -9.86    5.80
 219898.455    74.079   -11.77    5.27
 220272.553    70.491    -9.59    4.62
 220650.368    66.621   -10.24    3.71
 221028.147    63.926    -7.13    3.04
 221405.891    61.604    -6.14    2.53
 221783.600    59.479    -5.62    2.58
 222161.274    57.963    -4.01    2.26
 222538.912    57.095    -2.30    1.86
 222916.514    56.991    -0.27    2.26
 223294.082    57.713     1.91    3.19
 223671.614    59.195     3.92    3.78
 224049.111    61.167     5.22    4.20
 224426.573    64.034     7.59    5.74
 224803.999    67.510     9.21    8.94
 225181.390    72.284    12.65   13.11
 225558.746    75.898     9.58   15.44
 225936.067    75.295    -1.60   17.35
 226313.352    70.772   -11.99   17.10
 226690.603    64.047   -17.82   12.22
 227067.818    58.361   -15.07    2.36
 227444.998    60.849     6.59    6.38
 227822.143    72.186    30.05   18.35
 228199.252    85.355    34.91   20.99
 228576.327    97.695    32.72   15.67
 228953.366   103.591    15.63   10.13
 229330.371   100.713    -7.63   11.58
 229707.340    98.695    -5.35   11.27
 230084.274    99.967     3.38   11.35
 230461.173   104.808    12.84   11.36
 230838.037   109.602    12.72   13.12
 231214.866   119.077    25.14   17.06
 231591.660   130.349    29.91   19.91
 231968.419   141.931    30.74   23.48
 232345.142   156.732    39.28   26.46
 232721.831   170.427    36.35   28.84
 233098.485   189.393    50.34   33.70
 233475.104   209.158    52.47   38.15
 233851.688   221.088    31.67   36.11
 234228.237   228.035    18.45   29.50
 234604.751   213.016   -39.88   37.74
 234981.230   192.584   -54.26   44.57
 235357.674   183.949   -22.93   44.06
 235734.083   186.121     5.77   49.17
 236110.457   199.010    34.24   48.64
 236486.797   212.641    36.21   37.38
 236863.101   207.502   -13.65   37.21
 237239.371   193.159   -38.11   41.95
 237615.605   181.940   -29.81   44.78
 237991.805   180.261    -4.46   40.30
 238367.970   181.784     4.05   33.88
 238744.101   194.176    32.94   43.13
 239120.196   216.767    60.05   48.83
 239496.257   239.829    61.31   46.20
 239872.283   256.095    43.25   37.66
 240248.274   276.915    55.36   37.03
 240624.230   299.787    60.82   43.55
 241000.152   329.621    79.34   51.74
 241376.038   355.787    69.60   51.90
 241751.891   383.810    74.54   44.37
 242127.708   402.242    49.03   40.26
 242503.491   418.010    41.95   30.45
 242879.239   416.849    -3.09   32.92
 243254.952   399.909   -45.08   34.46
 243630.630   377.280   -60.22   38.56
 244006.274   357.498   -52.65   42.41
 244381.884   350.510   -18.60   37.96
 244757.458   349.846    -1.77   31.14
 245132.998   356.838    18.61   28.91
 245508.504   365.602    23.33   24.59
