# NaN NaN NaN ;Mean Elev.(m), Avg Gradient(m/km), RMS Gradient(m/km) - SRTM1     
#  108.123  -4.979  15.614 ;Mean Elev.(m), Avg Gradient(m/km), RMS Gradient(m/km) - ASTER GDEM
#  117.000  -5.863  15.945 ;Mean Elev.(m), Avg Gradient(m/km), RMS Gradient(m/km) - GMTED2010 
  7 127.587326  50.255585   123.396   121.650  4 52468.09109341 28.301
  8 127.586545  50.259425   117.661   117.665  4 52503.09108208 43.624
 10 127.587016  50.254497   120.800   120.762  4 52573.09110774 47.815
 11 127.588085  50.254909   121.569   121.582  3 52608.09106574 32.010
 12 127.590018  50.249857   121.207   121.207  2 52643.09106275 20.265
 13 127.587768  50.252929   121.291   121.288  3 52678.09104539 20.726
 14 127.589495  50.249261   127.404   127.404  2 52713.09108273 23.269
 15 127.582188  50.271153   120.875   120.865  5 52748.09110519 48.786
 16 127.593153  50.248810   120.651   120.651  2 52783.09104919 50.910
 17 127.591837  50.249066   121.790   121.730  3 52818.09112719 27.804
 18 127.591770  50.248945   123.394   123.394  2 52853.09117704 25.281
 20 127.586020  50.262135   122.211   122.255  4 52923.09116319 29.569
 21 127.595971  50.243687   120.128   120.115  3 52958.09113237 41.253
 22 127.591169  50.247495   127.621   127.621  2 52993.09115723 21.658
 23 127.587684  50.254265   124.568   122.466  3 53028.09112090 14.642
 24 127.593326  50.245903   121.629   121.629  2 53063.09113066 13.699
 25 127.581937  50.263824   129.834   129.918  3 53098.09114560 16.777
 26 127.595731  50.244502   125.675   125.675  2 53133.09112852 17.615
 28 127.588253  50.253788   121.214   121.150  3 53203.09120231 29.121
 29 127.589587  50.251150   121.892   121.892  2 53238.09117151 28.542
 30 127.596756  50.243036   122.378   122.378  2 53273.09113208 30.024
 31 127.587094  50.255507   121.169   121.158  3 53308.09118999 50.844
 33 127.597553  50.241167   121.003   121.003  2 53378.09109886 19.394
 34 127.591363  50.249762   127.456   127.456  2 53413.09113369 16.292
 35 127.594811  50.243434   120.763   120.763  2 53448.09112220 25.410
 36 127.586717  50.257170   121.947   121.963  4 53483.09120510 46.719
 37 127.588314  50.252758   122.871   122.871  2 53518.09120565 23.236
 38 127.584940  50.261698   122.568   122.549  3 53553.09122580 34.203
 39 127.589061  50.252513   121.255   121.255  2 53588.09117791 49.589
 40 127.589146  50.249513   121.245   121.245  2 53623.09114916 28.698
 41 127.589328  50.249608   120.959   120.959  2 53658.09117669 45.560
 42 127.586687  50.259099   120.265   120.265  3 53693.09115687 47.414
 43 127.586732  50.260987   121.972   122.009  4 53728.09107975 21.840
 44 127.596532  50.241615   120.988   120.988  2 53763.09104087 20.641
 45 127.587780  50.254819   121.804   121.765  4 53798.09104861 18.005
 47 127.589533  50.251592   121.351   121.359  3 53868.09110865 22.728
 48 127.588067  50.253662   129.961   129.942  3 53903.09113984 23.550
 49 127.583551  50.263073   128.306   130.059  4 53938.09117453 27.544
 50 127.585007  50.263091   124.382   122.534  4 53973.09113736 27.229
 52 127.593785  50.244758   120.076   120.076  2 54043.09115213 44.767
 53 127.586653  50.256241   122.202   122.228  4 54078.09114409 35.440
 56 127.584553  50.261706   121.810   121.744  3 54183.09107020 41.453
 57 127.590244  50.250754   121.678   121.678  2 54218.09109759 29.435
 58 127.588063  50.251393   123.185   123.191  3 54253.09112268 21.870
 59 127.588912  50.252336   122.344   122.374  3 54288.09112691 44.132
 60 127.589098  50.251448   123.089   123.089  2 54323.09112437 28.283
 61 127.586233  50.262152   123.147   123.163  4 54358.09107969 34.964
 62 127.589498  50.250870   121.229   121.229  2 54393.09106490 26.858
 63 127.587532  50.254945   120.284   120.297  4 54428.09103135 34.651
 65 127.587468  50.253818   121.838   121.804  3 54498.09104063 27.873
 66 127.591017  50.250602   121.657   121.657  2 54533.09105685 28.439
 67 127.586136  50.260850   122.001   121.966  3 54568.09104353 29.886
 68 127.589371  50.251610   121.311   121.311  2 54603.09105147 30.664
 69 127.587643  50.254975   120.996   121.017  3 54638.09106209 30.677
 70 127.587219  50.254859   121.629   121.627  4 54673.09106503 27.447
 71 127.587274  50.255919   121.457   121.408  3 54708.09102358 38.597
 72 127.589427  50.250153 14568.945 14568.945  2 54743.09103162 34.700
 73 127.587515  50.252413   121.197   121.193  3 54778.09100673 44.390
 74 127.592077  50.249823   122.053   122.053  2 54813.09102495 28.392
 75 127.587183  50.257033   122.062   122.063  4 54848.09100543 19.670
 76 127.589595  50.252257   122.264   122.264  2 54883.09102816 12.810
 77 127.583924  50.263336   130.398   130.354  3 54918.09100695  9.751
 78 127.589350  50.251960   123.157   123.157  2 54953.09102198 19.896
 79 127.588195  50.254754   122.161   122.155  3 54988.09104589 26.787
 80 127.587876  50.252152   122.263   122.273  3 55023.09103863 31.636
 81 127.588627  50.254796   122.868   122.874  3 55058.09103344 24.543
 82 127.585374  50.261194   123.468   123.469  4 55093.09098756 36.213
 83 127.589457  50.252089   122.033   122.033  2 55128.09097478 39.269
 84 127.587024  50.254667 14566.484 14566.492  3 55163.09095033 44.647
 85 127.590108  50.249535   128.056   128.056  2 55198.09096626 19.741
 86 127.586282  50.260984   127.960   127.940  3 55233.09095362 11.714
 87 127.589434  50.251766   131.358   131.358  2 55268.09096070  9.788
 88 127.586505  50.259650   121.730   121.715  4 55303.09093316 24.247
 89 127.588645  50.254135   122.815   122.820  3 55338.09093361 26.036
 90 127.588069  50.252677   122.990   122.982  3 55373.09092469 29.777
 91 127.591116  50.249795   123.113   123.113  2 55408.09094555 32.419
 92 127.588260  50.254140   123.033   123.022  3 55443.09094250 35.497
 93 127.585885  50.261474   121.647   121.661  4 55478.09088071 49.539
