-277118.520   542.618     0.00   66.65
-276743.904   593.804   136.60  110.77
-276369.250   676.983   221.95  143.15
-275994.560   779.998   274.86  149.06
-275619.832   835.858   149.03  127.54
-275245.066   855.892    53.44  135.15
-274870.264   829.433   -70.58  152.99
-274495.423   799.209   -80.61  148.23
-274120.546   783.081   -43.01  131.76
-273745.631   758.787   -64.78  118.60
-273370.679   763.437    12.40  105.18
-272995.689   786.233    60.78   96.69
-272620.662   787.983     4.67   86.20
-272245.598   791.858    10.33   93.80
-271870.496   777.572   -38.08   94.13
-271495.356   765.302   -32.70  102.88
-271120.179   759.682   -14.97  110.73
-270744.965   742.895   -44.73  116.16
-270369.713   725.752   -45.67   99.54
-269994.424   732.894    19.02   90.87
-269619.097   730.440    -6.54   90.51
-269243.732   733.788     8.92   76.64
-268868.330   731.186    -6.93   63.67
-268492.891   746.103    39.72   60.72
-268117.414   789.495   115.53   71.08
-267741.899   867.279   207.08   96.04
-267366.347   950.465   221.44  101.95
-266990.757  1006.823   150.01   83.70
-266615.129  1047.384   107.95   83.35
-266239.464  1062.894    41.27   94.03
-265863.761  1042.495   -54.28   95.38
-265488.020  1046.970    11.91   80.92
-265112.242  1005.858  -109.38   94.77
-264736.426   968.822   -98.52   88.11
-264360.573   986.072    45.89   92.43
-263984.681  1024.001   100.88   98.68
-263608.752  1073.595   131.89   99.56
-263232.785  1108.894    93.86   88.94
-262856.781  1101.931   -18.51  110.46
-262480.738  1078.001   -63.62  120.71
-262104.658  1057.695   -53.98  135.62
-261728.540  1037.926   -52.54  135.19
-261352.384  1000.537   -99.37  124.83
-260976.191   977.376   -61.55  101.50
-260599.959   959.402   -47.76  100.40
-260223.690   979.787    54.16  109.39
-259847.383  1043.472   169.19  124.49
-259471.038  1080.129    97.38  131.28
-259094.655  1118.715   102.49  115.59
-258718.234  1109.394   -24.76  111.83
-258341.775  1073.524   -95.26   94.32
-257965.279  1041.928   -83.90   89.93
-257588.744   991.805  -133.08   92.73
-257212.171   928.233  -168.77   98.25
-256835.561   865.282  -167.11   98.52
-256458.912   873.185    20.98   98.16
-256082.226   915.240   111.62  114.87
-255705.501   940.384    66.73  107.83
-255328.739   932.162   -21.82  108.12
-254951.938   893.715  -102.01  108.52
-254575.099   875.082   -49.43   85.66
-254198.223   887.263    32.31   95.32
-253821.308   928.349   108.98   99.52
-253444.355   965.767    99.24  108.48
-253067.364   982.945    45.55  105.44
-252690.335  1022.875   105.88  111.52
-252313.268  1062.542   105.17  104.15
-251936.162  1082.144    51.97   98.82
-251559.019  1089.331    19.05   95.48
-251181.837  1016.722  -192.46  135.72
-250804.617   909.419  -284.38  117.81
-250427.359   835.630  -195.54   92.99
-250050.063   788.331  -125.33   45.16
-249672.728   781.429   -18.29   43.81
-249295.356   782.892     3.87   42.69
-248917.945   789.953    18.71   41.87
-248540.495   797.858    20.94   41.34
-248163.008   796.258    -4.24   33.12
-247785.482   816.086    52.51   46.19
-247407.918   878.251   164.61   96.12
-247030.315   947.016   182.06  106.53
-246652.675  1003.612   149.83   79.25
-246274.996  1051.586   126.99   63.37
-245897.278  1081.603    79.45   85.58
-245519.522  1096.313    38.93   89.34
-245141.728  1084.296   -31.80   80.79
-244763.895  1052.840   -83.23   87.69
-244386.024  1006.983  -121.33   65.01
-244008.115   951.375  -147.11   53.61
-243630.167   912.897  -101.78   57.91
-243257.397   898.349   -39.02   60.52
-242886.918   893.044   -14.32   71.37
-242516.401   899.108    16.36   80.43
-242145.847   885.733   -36.09   77.30
-241775.257   869.961   -42.55   62.91
-241404.629   868.622    -3.61   58.15
-241033.965   864.191   -11.95   55.92
-240663.264   868.998    12.96   53.76
-240292.526   864.840   -11.21   47.28
-239921.751   858.963   -15.85   41.47
-239550.939   861.269     6.22   37.86
-239180.090   867.054    15.60   38.19
-238809.204   869.067     5.42   38.43
-238438.281   866.722    -6.32   40.66
-238067.322   861.269   -14.70   42.33
-237696.325   854.416   -18.47   41.18
-237325.291   850.414   -10.78   37.83
-236954.220   843.733   -18.00   39.22
-236583.112   829.612   -38.04   36.00
-236211.967   818.577   -29.73   34.46
-235840.785   799.068   -52.55   31.45
-235469.566   780.612   -49.71   30.03
-235098.310   760.700   -53.62   23.49
-234727.017   753.162   -20.30   26.91
-234355.687   769.942    45.18   53.17
-233984.319   803.877    91.36   69.06
-233612.915   851.630   128.54   64.58
-233241.473   871.896    54.55   45.74
-232869.994   880.787    23.93   48.61
-232498.478   904.572    64.01   53.63
-232126.924   912.524    21.40   51.18
-231755.334   916.717    11.28   45.43
-231383.706   906.197   -28.30   55.61
-231012.041   868.051  -102.61   73.99
-230640.339   828.567  -106.20   59.67
-230268.600   810.219   -49.35   45.25
-229896.823   825.595    41.35   57.44
-229525.009   867.269   112.06   60.23
-229153.158   901.173    91.16   63.47
-228781.269   947.572   124.74   69.21
-228409.343   961.412    37.20   63.48
-228037.380   933.437   -75.19   78.48
-227665.379   920.437   -34.94   76.18
-227293.341   909.465   -29.48   65.18
-226921.266   912.202     7.35   60.85
-226549.153   945.715    90.04   57.06
-226177.003   972.281    71.37   62.01
-225804.816   989.840    47.17   54.72
-225432.591   980.244   -25.78   63.22
-225060.328   944.766   -95.28   80.02
-224688.029   896.892  -128.56   75.81
-224315.691   855.458  -111.25   56.96
-223943.317   821.998   -89.84   43.33
-223570.904   794.068   -74.98   43.21
-223198.455   767.554   -71.17   45.38
-222825.967   731.607   -96.49   40.15
-222453.443   707.095   -65.79   29.85
-222080.880   691.030   -43.11   15.90
-221708.281   710.118    51.22   58.05
-221335.643   776.823   178.97  106.98
-220962.968   865.368   237.54  126.09
-220590.255   934.247   184.76   95.88
-220217.505   978.447   118.55   77.43
-219844.717   998.202    52.98   91.77
-219471.892  1019.454    56.99  105.15
-219099.029  1036.967    46.96   98.15
-218726.128  1029.219   -20.77   80.22
-218353.190  1009.211   -53.64   76.19
-217980.214   972.928   -97.26   73.17
-217607.200   936.636   -97.27   67.86
-217234.148   911.735   -66.74   61.07
-216861.059   890.072   -58.05   62.86
-216487.932   877.230   -34.41   63.77
-216114.768   852.358   -66.64   51.48
-215741.565   822.108   -81.04   49.62
-215368.325   782.173  -106.97   59.53
-214995.047   744.465  -101.00   54.37
-214621.731   730.099   -38.47   48.64
-214248.377   729.377    -1.93   56.22
-213874.986   763.700    91.90   70.90
-213501.557   816.538   141.46   74.21
-213128.089   844.789    75.63   59.56
-212754.584   828.465   -43.70   72.60
-212381.041   817.965   -28.10   71.06
-212007.461   824.928    18.63   75.09
-211633.842   835.367    27.94   82.31
-211260.185   869.976    92.60   74.03
-210886.491   872.099     5.68   76.89
-210512.758   864.447   -20.47   70.04
-210138.988   853.896   -28.22   59.25
-209765.179   846.840   -18.87   53.77
-209391.333   862.662    42.31   53.92
-209017.449   862.375    -0.77   54.44
-208643.526   840.647   -58.09   67.43
-208269.566   814.394   -70.19   71.86
-207895.567   779.909   -92.19   54.68
-207521.531   773.700   -16.60   49.66
-207147.456   778.823    13.69   53.70
-206773.343   804.988    69.93   62.30
-206399.193   830.126    67.17   66.35
-206025.004   838.895    23.43   68.68
-205650.777   852.013    35.05   72.09
-205276.512   854.910     7.74   73.90
-204902.208   857.647     7.31   71.05
-204527.867   857.156    -1.31   66.96
-204153.487   862.261    13.63   61.54
-203779.069   857.891   -11.67   49.65
-203404.613   850.282   -20.31   41.94
-203030.119   859.965    25.85   49.41
-202655.587   870.156    27.20   48.86
-202281.016   881.103    29.22   52.02
-201906.407   898.559    46.59   58.60
-201531.760   926.033    73.32   80.23
-201157.075   964.981   103.93   87.10
-200782.351   978.640    36.45   86.45
-200407.589   991.942    35.49   78.39
-200032.788   993.386     3.85   66.07
-199657.950  1006.013    33.68   64.19
-199283.073  1025.981    53.25   54.38
-198908.157  1029.402     9.12   55.53
-198533.203  1004.409   -66.64   74.84
-198158.211   960.928  -115.93   81.02
-197783.181   910.840  -133.53   64.60
-197408.112   887.618   -61.90   64.81
-197033.004   872.230   -41.01   68.47
-196657.859   844.331   -74.35   71.97
-196282.674   812.027   -86.09   72.72
-195907.451   795.612   -43.74   69.76
-195532.190   794.524    -2.90   70.53
-195156.890   791.665    -7.62   74.90
-194781.552   798.179    17.35   76.80
-194406.175   777.394   -55.36   66.94
-194030.760   738.933  -102.43   61.35
-193655.306   712.787   -69.63   53.44
-193279.814   701.733   -29.43   42.48
-192904.283   705.840    10.93   42.11
-192528.713   730.358    65.27   54.81
-192153.105   764.251    90.22   61.09
-191777.458   801.973   100.40   64.00
-191401.773   839.735   100.49   74.35
-191026.049   887.086   126.00   74.13
-190650.286   909.136    58.67   65.44
-190274.485   900.358   -23.35   78.41
-189898.645   871.769   -76.05   86.63
-189522.766   856.168   -41.50   74.86
-189146.848   841.524   -38.95   52.33
-188770.892   854.116    33.49   58.66
-188394.897   895.789   110.81   78.70
-188018.864   947.376   137.16   76.82
-187642.791   999.179   137.72   80.67
-187266.680  1054.765   147.76   90.77
-186890.530  1096.929   112.07   85.20
-186514.341  1107.564    28.26   84.75
-186138.113  1106.697    -2.30   93.70
-185761.847  1087.279   -51.60  105.20
-185385.542  1076.058   -29.81  113.80
-185009.197  1077.612     4.13   99.26
-184632.814  1077.549    -0.17   88.28
-184256.392  1045.073   -86.26   91.67
-183879.931  1010.501   -91.82  103.82
-183503.432   989.156   -56.68  110.06
-183126.893   956.772   -85.99   97.91
-182750.315   928.769   -74.35  106.86
-182373.699   886.288  -112.77  125.51
-181997.043   823.081  -167.78  125.68
-181620.348   773.314  -132.09   86.67
-181243.615   769.858    -9.17   83.56
-180866.842   803.323    88.80   99.04
-180490.031   886.384   220.39  102.23
-180113.180   952.296   174.87   83.31
-179736.290   960.484    21.72   69.06
-179359.362   930.149   -80.46   81.31
-178982.394   862.094  -180.50  107.02
-178605.387   778.331  -222.14   89.81
-178228.341   731.912  -123.09   67.56
-177851.255   721.806   -26.80   53.29
-177474.131   732.806    29.16   61.61
-177096.968   762.251    78.06   81.15
-176719.765   790.204    74.09   81.04
-176342.523   811.264    55.82   79.04
-175965.242   822.986    31.06   84.26
-175587.922   821.671    -3.48   81.57
-175210.562   826.928    13.93   80.45
-174833.164   824.840    -5.53   68.27
-174455.726   835.027    26.98   58.92
-174078.249   846.947    31.57   63.15
-173700.732   873.068    69.18   74.19
-173323.176   917.636   118.02   78.31
-172945.581   935.771    48.02   74.33
-172567.947   952.895    45.34   68.07
-172190.273   962.478    25.37   69.10
-171812.560   946.419   -42.51   85.26
-171434.808   918.269   -74.51   96.26
-171057.016   892.190   -69.02   90.58
-170679.185   900.173    21.13  101.43
-170301.314   976.685   202.45  115.07
-169923.404  1034.366   152.61  100.53
-169545.455  1054.402    53.00   80.80
-169167.466  1054.366    -0.09   81.04
-168789.438  1040.840   -35.78   82.66
-168415.977   995.769  -120.67   91.21
-168045.611   958.255  -101.27   96.54
-167675.207   901.603  -152.92   98.91
-167304.765   842.495  -159.53   82.98
-166934.286   800.874  -112.32   84.33
-166563.769   779.001   -59.02   91.51
-166193.214   754.983   -64.81   85.80
-165822.621   737.202   -47.97   80.51
-165451.990   735.402    -4.86   81.63
-165081.322   750.366    40.37   87.42
-164710.615   768.547    49.03   90.47
-164339.871   796.944    76.58   77.99
-163969.089   813.072    43.49   84.62
-163598.268   843.179    81.18   90.38
-163227.410   912.085   185.77   89.52
-162856.514   950.719   104.15   96.20
-162485.580   975.877    67.81   87.10
-162114.608   988.254    33.36   81.68
-161743.599   983.108   -13.87   77.73
-161372.551   982.281    -2.23   71.90
-161001.465   947.444   -93.86   77.14
-160630.341   903.752  -117.71   83.21
-160259.179   851.702  -140.21   87.23
-159887.979   800.209  -138.70   82.64
-159516.741   763.858   -97.90   68.42
-159145.465   739.313   -66.10   79.42
-158774.150   732.702   -17.80   77.46
-158402.798   738.131    14.62   66.45
-158031.408   737.457    -1.82   53.63
-157659.979   750.931    36.27   45.12
-157288.512   746.033   -13.18   46.37
-156917.007   725.981   -53.97   56.85
-156545.464   700.752   -67.89   48.60
-156173.883   698.051    -7.27   59.57
-155802.264   718.261    54.38   77.24
-155430.606   748.928    82.50   70.33
-155058.910   766.197    46.45   60.82
-154687.176   746.790   -52.20   81.13
-154315.404   707.077  -106.81   84.84
-153943.593   690.537   -44.48   76.40
-153571.744   709.062    49.81   81.58
-153199.857   747.910   104.45   96.15
-152827.932   831.162   223.80  102.62
-152455.968   902.529   191.84  114.37
-152083.966  1001.233   265.29  121.08
-151711.926  1084.419   223.56  108.87
-151339.847  1151.707   180.82   85.23
-150967.730  1193.501   112.30   63.25
-150595.574  1215.077    57.97   54.59
-150223.380  1208.349   -18.07   61.87
-149851.148  1180.419   -75.02   77.65
-149478.877  1134.994  -122.00   84.06
-149106.568  1071.806  -169.69   89.37
-148734.220   996.447  -202.36   81.98
-148361.834   945.771  -136.06   69.46
-147989.410   923.874   -58.79   69.15
-147616.947   913.998   -26.51   72.50
-147244.445   924.840    29.10   72.80
-146871.905   924.116    -1.94   58.00
-146499.326   915.269   -23.74   58.80
-146126.709   918.604     8.95   71.52
-145754.053   932.416    37.06   90.89
-145381.359   940.162    20.78   90.22
-145008.626   932.620   -20.23   87.73
-144635.855   943.108    28.13   90.20
-144263.045   933.179   -26.63   89.27
-143890.196   948.357    40.70   85.46
-143517.309   971.926    63.20   67.29
-143144.382   977.261    14.30   52.85
-142771.418   960.770   -44.21   54.57
-142398.414   916.490  -118.69   68.13
-142025.372   878.501  -101.82   51.02
-141652.292   871.484   -18.80   41.06
-141279.172   871.331    -0.41   49.01
-140906.014   862.715   -23.09   60.14
-140532.817   837.244   -68.24   73.36
-140159.581   791.340  -122.97   69.83
-139786.307   735.735  -148.95   69.42
-139412.993   704.737   -83.02   61.60
-139039.641   683.771   -56.15   66.25
-138666.250   679.735   -10.81   78.25
-138292.821   680.806     2.87   77.60
-137919.352   673.302   -20.09   72.50
-137545.845   657.209   -43.08   66.51
-137172.298   627.304   -80.04   69.68
-136798.713   582.823  -119.05   78.23
-136425.089   553.261   -79.11   65.76
-136051.426   555.315     5.49   71.99
-135677.724   558.099     7.45   78.49
-135303.983   548.304   -26.20   88.39
-134930.203   492.740  -148.63  101.27
-134556.384   411.991  -215.98   89.53
-134182.527   364.331  -127.46   67.43
-133808.630   353.313   -29.47   73.11
-133434.694   368.633    40.97   85.47
-133060.719   371.876     8.67   84.49
-132686.705   345.564   -70.34   83.57
-132312.652   299.858  -122.18   68.32
-131938.560   255.787  -117.79   44.62
-131564.429   230.973   -66.31   34.18
-131190.259   214.640   -43.65   18.61
-130816.050   203.770   -29.04    9.07
-130441.802   206.322     6.82   21.81
-130067.514   231.909    68.35   60.12
-129693.187   258.501    71.03   65.08
-129318.821   269.060    28.20   56.46
-128944.416   272.086     8.08   45.25
-128569.972   267.608   -11.96   37.88
-128195.489   268.490     2.36   36.89
-127820.966   280.440    31.90   38.43
-127446.404   304.454    64.10   34.14
-127071.803   329.951    68.06   51.24
-126697.163   345.392    41.21   53.23
-126322.483   347.559     5.78   53.70
-125947.764   334.264   -35.48   54.66
-125573.006   327.875   -17.05   58.09
-125198.208   343.340    41.26   69.62
-124823.372   366.240    61.09   59.44
-124448.495   366.054    -0.50   52.80
-124073.580   341.033   -66.73   56.21
-123698.625   302.748  -102.09   54.45
-123323.630   265.064  -100.48   43.85
-122948.597   245.893   -51.11   32.93
-122573.524   243.162    -7.28   34.35
-122198.411   244.717     4.15   36.64
-121823.259   247.144     6.47   33.73
-121448.067   236.590   -28.13   40.32
-121072.836   216.695   -53.02   41.64
-120697.566   192.054   -65.65   37.06
-120322.256   175.695   -43.58   26.00
-119946.907   164.840   -28.92   11.11
-119571.518   161.072   -10.04    4.76
-119196.089   161.247     0.47    4.62
-118820.621   160.823    -1.13    3.83
-118445.113   160.296    -1.40    2.23
-118069.566   160.157    -0.37    1.78
-117693.979   159.414    -1.98    2.01
-117318.353   183.893    65.16   44.99
-116942.687   214.713    82.03   56.49
-116566.981   239.665    66.41   47.25
-116191.235   238.519    -3.05   43.54
-115815.450   219.357   -50.98   41.48
-115439.626   210.033   -24.81   36.18
-115063.761   216.665    17.64   39.68
-114687.857   234.840    48.35   40.68
-114311.913   249.711    39.55   35.46
-113935.930   266.392    44.36   19.69
-113559.906   274.507    21.58    8.81
-113183.843   275.806     3.45    8.83
-112807.740   276.998     3.17    8.95
-112431.597   279.577     6.86    9.22
-112055.415   282.133     6.79    8.64
-111679.193   284.767     7.00    7.93
-111302.930   288.266     9.30    7.40
-110926.628   290.786     6.69    6.86
-110550.286   290.805     0.05    8.13
-110173.905   286.564   -11.27   12.96
-109797.483   279.454   -18.89   15.65
-109421.021   268.384   -29.40   13.86
-109044.520   259.090   -24.68   13.17
-108667.978   253.173   -15.71   13.45
-108291.397   244.929   -21.89   17.85
-107914.775   225.573   -51.39   32.36
-107538.114   198.121   -72.88   39.86
-107161.413   171.173   -71.53   30.74
-106784.671   153.281   -47.49   12.96
-106407.890   162.064    23.31   36.17
-106031.068   192.331    80.31   58.64
-105654.207   230.988   102.57   64.29
-105277.305   248.247    45.79   54.94
-104900.363   245.805    -6.48   56.52
-104523.382   238.201   -20.17   54.72
-104146.360   245.685    19.85   68.10
-103769.298   287.564   111.06   83.39
-103392.195   338.496   135.05   68.71
-103015.053   369.179    81.35   52.46
-102637.871   361.530   -20.28   51.92
-102260.648   339.749   -57.73   47.49
-101883.385   319.959   -52.45   41.42
-101506.082   303.700   -43.09   40.36
-101128.739   304.366     1.76   45.93
-100751.355   305.323     2.54   43.00
-100373.931   311.840    17.27   47.53
 -99996.467   321.298    25.05   45.40
 -99618.963   323.914     6.93   34.40
 -99241.418   328.162    11.25   20.77
 -98863.833   338.942    28.55   15.54
 -98486.208   348.373    24.97   14.02
 -98108.542   359.530    29.54   12.70
 -97730.836   367.151    20.17   10.37
 -97353.089   369.196     5.41   10.52
 -96975.303   365.769    -9.07   14.73
 -96597.475   357.640   -21.51   16.90
 -96219.608   349.416   -21.76   15.17
 -95841.700   346.082    -8.82   13.28
 -95463.751   345.892    -0.50   12.48
 -95085.762   344.349    -4.08   12.57
 -94707.733   338.197   -16.27   17.26
 -94329.663   319.072   -50.58   29.78
 -93951.552   312.340   -17.80   36.13
 -93577.297   315.103     7.38   41.43
 -93207.050   332.892    48.04   47.40
 -92836.764   350.942    48.74   44.00
 -92466.439   348.437    -6.76   47.80
 -92096.076   326.116   -60.26   60.91
 -91725.674   300.654   -68.74   51.54
 -91355.233   283.191   -47.14   34.26
 -90984.753   280.402    -7.53   29.88
 -90614.234   280.940     1.45   25.83
 -90243.677   260.404   -55.42   44.78
 -89873.081   241.857   -50.04   46.51
 -89502.446   237.359   -12.14   45.61
 -89131.772   260.168    61.53   52.93
 -88761.059   291.595    84.77   38.74
 -88390.307   307.676    43.37   21.69
 -88019.516   312.647    13.41    9.10
 -87648.687   308.033   -12.44   10.05
 -87277.818   302.772   -14.18    9.56
 -86906.911   297.358   -14.60   11.57
 -86535.965   292.998   -11.75   11.85
 -86164.979   291.647    -3.64   13.11
 -85793.955   292.281     1.71   14.88
 -85422.892   294.608     6.27   14.41
 -85051.789   293.135    -3.97   15.57
 -84680.648   285.840   -19.65   15.94
 -84309.468   272.910   -34.83   18.26
 -83938.248   260.622   -33.10   19.28
 -83566.990   251.599   -24.30   16.66
 -83195.692   244.912   -18.01   16.00
 -82824.355   241.742    -8.54   17.77
 -82452.979   236.963   -12.87   17.90
 -82081.564   234.547    -6.50   18.55
 -81710.110   236.357     4.87   18.30
 -81338.617   237.392     2.79   17.43
 -80967.085   239.644     6.06   20.15
 -80595.513   240.192     1.48   25.95
 -80223.902   243.298     8.36   27.78
 -79852.252   250.001    18.03   23.45
 -79480.563   249.179    -2.21   26.21
 -79108.834   235.357   -37.18   36.22
 -78737.067   214.981   -54.81   44.70
 -78365.260   189.179   -69.39   46.71
 -77993.413   160.010   -78.44   41.39
 -77621.528   133.323   -71.76   37.52
 -77249.603   109.332   -64.50   31.70
 -76877.639    88.660   -55.57   22.54
 -76505.635    80.366   -22.29   16.47
 -76133.592    79.399    -2.60   19.01
 -75761.510    83.692    11.54   25.32
 -75389.389    81.331    -6.34   26.13
 -75017.227    75.296   -16.22   25.90
 -74645.027    65.479   -26.37   22.66
 -74272.787    53.429   -32.37   10.97
 -73900.508    54.375     2.54   16.03
 -73528.189    62.657    22.24   23.73
 -73155.831    77.697    40.39   29.10
 -72783.433   101.495    63.90   26.45
 -72410.996   117.695    43.49   16.10
 -72038.519   120.722     8.13   11.80
 -71666.003   120.622    -0.27   10.87
 -71293.448   116.496   -11.07   11.15
 -70920.852   112.910    -9.62   10.27
 -70548.217   109.507    -9.13   11.33
 -70175.543   105.630   -10.40   12.58
 -69802.829   104.840    -2.12   13.82
 -69430.075    99.978   -13.04   13.21
 -69057.282    96.993    -8.01   13.45
 -68684.449    86.909   -27.04   19.28
 -68311.577    72.454   -38.76   20.25
 -67938.665    58.340   -37.85   18.55
 -67565.713    48.072   -27.53   10.80
 -67192.721    48.685     1.64   10.96
 -66819.690    48.001    -1.83   12.52
 -66446.619    46.463    -4.12   11.35
 -66073.508    46.804     0.91   11.22
 -65700.358    46.620    -0.49   10.80
 -65327.168    51.806    13.90   11.21
 -64953.938    56.507    12.59    8.73
 -64580.668    58.145     4.39    7.49
 -64207.358    56.167    -5.30    8.61
 -63834.009    50.735   -14.55    8.68
 -63460.620    46.376   -11.67    7.34
 -63087.191    44.184    -5.87    5.13
 -62713.722    44.981     2.13    5.96
 -62340.213    47.461     6.64    7.63
 -61966.664    49.857     6.42    8.82
 -61593.076    48.647    -3.24    9.18
 -61219.447    44.513   -11.07    8.77
 -60845.779    40.402   -11.00    6.55
 -60472.070    38.332    -5.54    4.42
 -60098.322    38.495     0.44    4.09
 -59724.533    39.971     3.95    3.72
 -59350.705    40.644     1.80    4.73
 -58976.837    39.542    -2.95    5.78
 -58602.928    37.908    -4.37    6.73
 -58228.980    36.357    -4.15    6.54
 -57854.991    34.340    -5.39    6.14
 -57480.963    32.383    -5.23    4.04
 -57106.894    31.450    -2.49    1.96
 -56732.786    31.754     0.81    1.47
 -56358.637    32.518     2.04    1.20
 -55984.448    32.986     1.25    1.19
 -55610.219    33.519     1.42    1.13
 -55235.950    33.995     1.27    1.04
 -54861.640    34.423     1.14    1.05
 -54487.291    35.030     1.62    1.23
 -54112.901    35.145     0.31    1.36
 -53738.471    35.430     0.76    1.26
 -53364.001    35.577     0.39    1.38
 -52989.490    35.557    -0.05    1.01
 -52614.940    35.544    -0.03    0.92
 -52240.349    35.823     0.74    1.07
 -51865.717    35.788    -0.09    1.16
 -51491.046    35.618    -0.46    1.34
 -51116.334    35.156    -1.23    1.38
 -50741.582    34.595    -1.50    1.14
 -50366.789    34.348    -0.66    1.12
 -49991.957    34.288    -0.16    1.16
 -49617.083    33.840    -1.20    1.14
 -49242.170    33.562    -0.74    1.22
 -48867.216    33.772     0.56    1.42
 -48492.221    34.191     1.12    1.45
 -48117.186    34.332     0.38    1.43
 -47742.111    34.552     0.59    1.34
 -47366.995    34.599     0.12    1.35
 -46991.839    34.688     0.24    1.39
 -46616.643    34.961     0.73    1.40
 -46241.405    35.233     0.73    1.50
 -45866.128    35.501     0.71    1.79
 -45490.809    36.168     1.78    2.86
 -45115.451    36.752     1.56    4.11
 -44740.051    36.754     0.00    4.31
 -44364.611    36.145    -1.62    3.59
 -43989.131    35.564    -1.55    3.26
 -43613.610    34.875    -1.84    3.17
 -43238.048    33.840    -2.75    2.93
 -42862.445    33.383    -1.22    2.61
 -42486.802    33.447     0.17    2.63
 -42111.119    33.070    -1.01    2.66
 -41735.394    31.892    -3.13    2.08
 -41359.629    30.875    -2.71    1.88
 -40983.823    30.010    -2.30    1.35
 -40607.977    29.738    -0.72    1.23
 -40232.090    30.103     0.97    1.76
 -39856.162    32.197     5.57    5.38
 -39480.193    37.738    14.74    9.03
 -39104.183    44.162    17.08   10.64
 -38728.133    51.086    18.41   11.04
 -38352.042    58.399    19.45   12.45
 -37975.910    65.202    18.09   13.16
 -37599.737    75.467    27.29   17.18
 -37223.523    87.637    32.35   23.16
 -36847.269   102.595    39.75   27.43
 -36470.973   119.524    44.99   29.26
 -36094.637   141.316    57.90   32.65
 -35718.260   159.419    48.10   33.02
 -35341.841   162.288     7.62   32.36
 -34965.382   151.390   -28.95   40.59
 -34588.882   130.419   -55.70   44.00
 -34212.341   102.191   -74.96   27.72
 -33835.759    85.295   -44.87   17.36
 -33459.136    78.230   -18.76   11.38
 -33082.472    80.126     5.03   12.30
 -32705.767    90.742    28.18   20.62
 -32329.020   106.705    42.37   23.73
 -31952.233   125.409    49.64   25.85
 -31575.405   148.073    60.14   28.93
 -31198.535   165.416    46.02   25.62
 -30821.625   171.507    16.16   23.67
 -30444.673   161.787   -25.79   33.45
 -30067.680   136.824   -66.21   38.55
 -29690.646   106.296   -80.96   29.47
 -29313.571    84.702   -57.27   22.83
 -28936.455    67.973   -44.36   20.21
 -28559.297    54.719   -35.14   14.31
 -28182.099    43.754   -29.07   11.41
 -27804.859    37.058   -17.75    8.04
 -27427.577    36.535    -1.39    8.43
 -27050.255    39.358     7.48   10.45
 -26672.891    45.582    16.49    9.82
 -26295.486    51.857    16.63   11.32
 -25918.040    59.513    20.28   20.07
 -25540.552    61.523     5.33   23.39
 -25163.023    58.133    -8.98   26.42
 -24785.452    49.426   -23.06   26.00
 -24407.841    37.304   -32.10    9.97
 -24030.187    38.463     3.07   11.75
 -23652.493    40.001     4.07   11.63
 -23274.757    35.513   -11.88   13.04
 -22896.980    29.496   -15.93   13.86
 -22519.161    23.279   -16.45   14.89
 -22141.300    19.366   -10.36   15.66
 -21763.399    16.988    -6.29   16.16
 -21385.455    10.907   -16.09   11.64
 -21007.470     7.647    -8.62    6.21
 -20629.444     6.217    -3.78    1.10
 -20251.376     6.426     0.55    1.16
 -19873.267     6.787     0.95    1.17
 -19495.116     6.906     0.32    1.24
 -19116.923     7.019     0.30    1.36
 -18741.763     7.133     0.31    1.40
 -18371.634     6.998    -0.37    1.59
 -18001.465     6.971    -0.07    1.97
 -17631.257     7.016     0.12    2.22
 -17261.009     6.961    -0.15    2.44
 -16890.722     6.840    -0.33    2.39
 -16520.394     6.959     0.32    2.05
 -16150.027     7.064     0.28    1.39
 -15779.620     7.060    -0.01    1.15
 -15409.173     6.978    -0.22    1.08
 -15038.687     6.945    -0.09    1.05
 -14668.160     7.053     0.29    0.99
 -14297.594     7.173     0.32    1.09
 -13926.988     7.185     0.03    1.07
 -13556.341     6.970    -0.58    1.41
 -13185.656     6.290    -1.83    1.48
 -12814.930     6.013    -0.75    1.31
 -12444.164     5.807    -0.55    1.40
 -12073.358     5.145    -1.79    2.66
 -11702.512     4.564    -1.57    3.22
 -11331.627     4.128    -1.18    3.52
 -10960.701     3.507    -1.68    3.53
 -10589.736     3.444    -0.17    3.47
 -10218.730     3.264    -0.48    3.42
  -9847.684     3.037    -0.61    3.59
  -9476.599     3.247     0.57    3.89
  -9105.473     4.179     2.51    4.27
  -8734.307     6.377     5.92    3.64
  -8363.101     7.586     3.26    1.95
  -7991.855     7.384    -0.54    1.60
  -7620.569     7.119    -0.71    1.45
  -7249.243     6.688    -1.16    1.47
  -6877.877     6.547    -0.38    1.36
  -6506.470     6.366    -0.49    1.32
  -6135.024     6.332    -0.09    1.26
  -5763.537     6.564     0.63    1.32
  -5392.010     6.573     0.02    1.19
  -5020.442     6.627     0.14    1.24
  -4648.835     6.288    -0.91    2.11
  -4277.187     5.281    -2.71    3.08
  -3905.499     4.062    -3.28    3.61
  -3533.771     2.890    -3.15    3.73
  -3162.002     1.771    -3.01    3.36
  -2790.194     1.348    -1.14    3.11
  -2418.345     0.688    -1.78    2.38
  -2046.455     0.340    -0.93    1.88
  -1674.525     0.077    -0.71    1.29
  -1302.555    -0.160    -0.64    0.00
   -930.545    -0.160     0.00    0.00
   -558.494    -0.024     0.36    1.04
   -186.402     0.119     0.38    1.37
    185.729     0.287     0.45    1.76
    557.902     0.340     0.14    1.74
    930.114     0.322    -0.05    1.59
   1302.367     0.123    -0.53    1.22
   1674.661    -0.107    -0.62    0.40
   2046.995    -0.160    -0.14    0.00
   2419.370    -0.160     0.00    0.00
   2791.785    -0.160     0.00    0.00
   3164.240    -0.160     0.00    0.00
   3536.736    -0.160     0.00    0.00
   3909.273    -0.160     0.00    0.00
   4281.850    -0.160     0.00    0.00
   4654.468    -0.160     0.00    0.00
   5027.127    -0.160     0.00    0.00
   5399.826    -0.160     0.00    0.00
   5772.566    -0.105     0.15    0.40
   6145.346    -0.074     0.08    0.66
   6518.167     1.945     5.42    8.84
   6891.029     8.407    17.33   24.24
   7263.932    12.023     9.70   30.33
   7636.875    13.447     3.82   33.76
   8009.859    12.660    -2.11   32.06
   8382.883     7.304   -14.36   22.85
   8755.949     0.823   -17.37    4.68
   9129.055     0.086    -1.98    1.06
   9502.202    -0.094    -0.48    0.51
   9875.390    -0.160    -0.18    0.00
  10248.618    -0.160     0.00    0.00
  10621.888     0.281     1.18    1.78
  10995.198     0.959     1.82    2.82
  11368.549     2.306     3.61    3.75
  11741.941     3.196     2.38    3.90
  12115.374     3.824     1.68    3.81
  12488.848     3.185    -1.71    3.53
  12862.362     2.690    -1.32    3.33
  13235.918     2.804     0.30    4.20
  13609.515     5.535     7.31    6.93
  13983.152     9.230     9.89    7.61
  14356.831    12.729     9.36    6.12
  14730.550    15.586     7.64    2.35
  15104.311    16.010     1.13    2.28
  15478.113    17.364     3.62    2.83
  15851.955    18.755     3.72    2.90
  16225.839    20.244     3.98    2.85
  16599.764    21.967     4.61    2.38
  16973.730    22.250     0.76    2.26
  17347.737    22.822     1.53    1.62
  17721.785    23.840     2.72    2.58
  18095.874    25.264     3.81    2.79
  18470.004    27.501     5.98    3.27
  18844.176    29.892     6.39    3.04
  19218.388    31.529     4.37    3.15
  19592.642    32.806     3.41    2.35
  19966.937    34.384     4.22    2.24
  20341.274    40.316    15.85   12.03
  20715.651    45.358    13.47   14.09
  21090.070    47.191     4.90   11.44
  21464.530    47.633     1.18    8.64
  21839.032    46.190    -3.85    5.71
  22213.574    44.306    -5.03    4.43
  22588.158    43.857    -1.20    4.41
  22962.784    44.935     2.88    4.13
  23337.450    47.213     6.08    5.25
  23712.158    49.507     6.12    4.67
  24086.908    51.396     5.04    3.50
  24461.699    53.290     5.05    3.05
  24836.531    55.444     5.75    2.88
  25211.404    58.496     8.14    5.86
  25586.319    64.196    15.20   12.29
  25961.276    69.168    13.26   15.21
  26336.274    75.603    17.16   20.15
  26711.313    79.416    10.17   21.86
  27086.394    87.518    21.60   25.49
  27461.517    95.513    21.31   30.42
  27836.681    96.119     1.62   31.34
  28211.886    93.383    -7.29   27.13
  28587.133    84.702   -23.13   18.92
  28962.422    79.230   -14.58    5.57
  29337.752    82.298     8.17    8.02
  29713.124    89.271    18.58   11.91
  30088.538    96.944    20.44   12.46
  30463.993    99.053     5.62   11.07
  30839.490    99.162     0.29   10.64
  31215.028    97.907    -3.34   11.64
  31590.608    96.204    -4.53   10.97
  31966.230    96.030    -0.46    6.84
  32341.894   101.688    15.06   11.59
  32717.599   112.023    27.51   20.25
  33093.346   128.090    42.76   26.89
  33469.135   139.857    31.31   23.22
  33844.965   152.152    32.71   21.54
  34220.838   159.858    20.50   28.21
  34596.752   164.044    11.13   31.75
  34972.708   165.332     3.43   37.22
  35348.706   159.888   -14.48   39.06
  35724.745   145.925   -37.13   28.38
  36100.827   136.444   -25.21   20.34
  36476.950   128.953   -19.92    9.31
  36853.115   125.044   -10.39    5.23
  37229.323   121.620    -9.10    4.55
  37605.572   119.269    -6.25    3.13
  37981.863   117.614    -4.40    2.63
  38358.196   117.209    -1.08    3.00
  38734.571   117.450     0.64    4.25
  39110.988   118.152     1.86    6.05
  39487.447   119.557     3.73    8.09
  39863.948   120.426     2.31    9.93
  40240.491   124.131     9.84   15.14
  40617.077   128.857    12.55   20.74
  40993.704   135.530    17.72   26.06
  41370.373   145.561    26.63   32.16
  41747.085   157.908    32.78   34.07
  42123.838   168.620    28.43   30.41
  42500.634   179.789    29.64   24.89
  42877.472   186.668    18.25   18.08
  43254.352   187.257     1.56   19.25
  43631.274   183.737    -9.34   23.31
  44008.238   179.627   -10.90   24.10
  44385.245   173.772   -15.53   26.82
  44762.294   166.168   -20.17   28.59
  45139.385   155.807   -27.48   30.72
  45516.518   143.484   -32.68   30.57
  45893.694   127.788   -41.62   27.81
  46270.912   114.559   -35.07   24.07
  46648.172   103.266   -29.94   17.77
  47025.474    96.099   -19.00   15.14
  47402.819    91.547   -12.06   11.97
  47780.207    86.332   -13.82   11.03
  48157.636    80.823   -14.60    9.78
  48535.108    74.788   -15.99    8.74
  48912.622    69.620   -13.69    6.36
  49290.179    65.709   -10.36    3.55
  49667.779    63.626    -5.52    1.58
  50045.420    63.023    -1.60    1.41
  50423.104    62.693    -0.88    1.79
  50800.831    62.959     0.70    2.27
  51178.600    63.077     0.31    2.60
  51556.412    63.416     0.90    2.79
  51934.266    63.971     1.47    2.92
  52312.163    64.465     1.31    2.99
  52690.102    65.250     2.08    2.93
  53068.084    66.094     2.23    2.80
  53446.108    66.637     1.43    2.62
  53824.175    67.040     1.07    2.68
  54202.285    67.299     0.69    2.99
  54580.437    67.457     0.42    3.31
  54958.632    67.662     0.54    3.98
  55336.870    67.857     0.52    5.04
  55715.150    68.535     1.79    6.34
  56091.327    69.133     1.59    7.17
  56461.332    69.060    -0.20    8.46
  56831.378    68.316    -2.01    9.67
  57201.464    64.450   -10.44    9.03
  57571.592    60.340   -11.11    7.41
  57941.760    56.951    -9.16    4.67
  58311.969    56.240    -1.92    3.47
  58682.219    58.586     6.34    6.78
  59052.509    63.357    12.89    9.24
  59422.840    70.529    19.37   11.70
  59793.212    76.662    16.56   10.76
  60163.625    83.257    17.81   11.16
  60534.079    91.618    22.57   13.70
  60904.574   108.723    46.17   24.81
  61275.109   125.288    44.71   22.69
  61645.686   130.324    13.59   20.48
  62016.303   129.501    -2.22   25.47
  62386.962   121.340   -22.02   29.88
  62757.661   108.740   -33.99   29.29
  63128.401   102.552   -16.69   21.93
  63499.182   103.264     1.92   18.10
  63870.005   111.891    23.27   20.45
  64240.868   128.152    43.85   28.27
  64611.772   142.823    39.56   30.93
  64982.717   159.140    43.99   30.83
  65353.704   171.840    34.24   28.06
  65724.731   184.545    34.24   25.22
  66095.800   189.437    13.18   21.98
  66466.909   184.922   -12.17   23.88
  66838.060   170.196   -39.68   29.63
  67209.252   151.444   -50.52   29.40
  67580.485   131.907   -52.63   24.91
  67951.759   117.660   -38.38   21.62
  68323.074   103.823   -37.27   23.36
  68694.431    87.715   -43.38   20.89
  69065.829    74.053   -36.79   17.24
  69437.268    65.375   -23.37   11.93
  69808.748    58.688   -18.00    5.24
  70180.269    55.754    -7.90    2.73
  70551.832    57.529     4.78    9.43
  70923.436    61.507    10.71   12.95
  71295.081    62.705     3.22   12.26
  71666.768    60.264    -6.57   12.16
  72038.496    55.775   -12.08   11.03
  72410.265    48.586   -19.34    8.36
  72782.076    44.323   -11.46    4.48
  73153.928    42.114    -5.94    1.68
  73525.821    41.873    -0.65    1.44
  73897.756    42.392     1.39    1.76
  74269.732    43.630     3.33    2.40
  74641.750    45.340     4.60    2.86
  75013.809    47.340     5.38    3.03
  75385.910    49.758     6.50    4.18
  75758.052    53.072     8.91    4.93
  76130.235    56.976    10.49    6.16
  76502.460    61.925    13.30    7.56
  76874.727    67.983    16.27    9.12
  77247.035    76.757    23.57   11.90
  77619.385    85.247    22.80   13.88
  77991.776    95.906    28.62   17.01
  78364.209   107.925    32.27   21.59
  78736.683   123.722    42.41   26.76
  79109.199   139.651    42.76   32.01
  79481.757   155.496    42.53   36.45
  79854.357   167.547    32.35   40.60
  80226.998   169.247     4.56   38.21
  80599.680   169.357     0.30   34.44
  80972.405   174.179    12.94   31.74
  81345.171   182.399    22.05   32.86
  81717.979   197.373    40.17   33.40
  82090.828   213.598    43.52   28.74
  82463.720   214.573     2.62   29.89
  82836.653   198.047   -44.32   41.97
  83209.628   166.998   -83.25   41.75
  83582.645   135.098   -85.53   31.09
  83955.703   114.804   -54.40   22.75
  84328.804    99.840   -40.11   20.31
  84701.946    87.314   -33.57   14.02
  85075.130    79.944   -19.75    9.57
  85448.356    76.307    -9.74    7.99
  85821.624    75.004    -3.49    9.70
  86194.934    74.323    -1.82   10.63
  86568.286    72.685    -4.39   10.03
  86941.679    70.647    -5.46    9.46
  87315.115    67.752    -7.75    7.26
  87688.593    64.923    -7.58    5.60
  88062.112    62.651    -6.09    4.36
  88435.674    60.217    -6.51    2.63
  88809.278    58.552    -4.46    1.45
  89182.923    57.755    -2.13    1.10
  89556.611    57.433    -0.86    1.18
  89930.341    57.152    -0.75    1.19
  90304.113    57.128    -0.06    1.23
  90677.927    57.223     0.25    1.42
  91051.783    57.221    -0.01    1.28
  91425.681    57.271     0.13    1.22
  91799.622    57.234    -0.10    1.11
  92173.605    57.304     0.19    1.06
  92547.629    57.695     1.04    1.29
  92921.696    58.196     1.34    2.00
  93295.806    58.923     1.94    2.35
  93669.957    60.086     3.11    2.43
  94044.151    60.971     2.37    2.23
  94418.387    61.518     1.46    2.05
  94792.665    61.569     0.14    2.14
  95166.985    61.147    -1.13    2.00
  95541.348    60.876    -0.72    1.98
  95915.753    60.163    -1.90    2.35
  96290.201    59.715    -1.20    2.50
  96664.691    59.423    -0.78    2.47
  97039.223    62.807     9.03   14.06
  97413.798    74.856    32.17   26.55
  97788.415    97.742    61.10   35.71
  98163.074   119.376    57.75   33.07
  98537.776   132.184    34.19   25.68
  98912.520   136.037    10.28   27.57
  99287.307   133.135    -7.74   31.84
  99662.136   129.375   -10.03   33.04
 100037.008   129.243    -0.35   32.89
 100411.923   126.433    -7.50   28.46
 100786.879   129.501     8.18   24.47
 101161.879   132.940     9.17   22.86
 101536.921   137.020    10.88   20.83
 101912.005   136.722    -0.80   18.75
 102287.132   137.806     2.89   21.52
 102662.302   137.037    -2.05   28.61
 103037.515   133.314    -9.92   33.80
 103412.770   131.501    -4.83   31.68
 103788.067   132.806     3.48   32.06
 104163.408   142.047    24.62   34.36
 104538.791   157.414    40.94   31.99
 104914.216   164.742    19.52   35.37
 105289.685   162.364    -6.33   34.29
 105665.196   158.705    -9.75   34.40
 106040.750   139.808   -50.32   36.49
 106416.347   120.892   -50.37   28.14
 106791.986   114.693   -16.50   23.08
 107167.669   112.399    -6.10   18.02
 107543.394   120.757    22.25   19.26
 107919.162   128.529    20.68   15.21
 108294.973   128.705     0.47   14.27
 108670.827   123.107   -14.89   13.20
 109046.723   116.213   -18.34   14.29
 109422.663   110.020   -16.47   13.91
 109798.645   104.857   -13.73   11.36
 110174.670   109.290    11.79   15.01
 110550.739   111.755     6.56   13.24
 110926.850   109.707    -5.45   14.56
 111303.004   101.057   -23.00   17.70
 111679.202    90.557   -27.91   14.70
 112055.442    83.856   -17.81    7.40
 112431.725    83.010    -2.25    6.43
 112808.052    85.373     6.28    7.05
 113184.421    87.733     6.27    7.83
 113560.834    90.195     6.54   11.83
 113937.289    90.196     0.00   12.12
 114313.788    88.922    -3.38   10.72
 114690.330    84.627   -11.41    7.74
 115066.915    80.440   -11.12    5.76
 115443.543    76.705    -9.92    4.99
 115820.214    73.244    -9.19    5.06
 116196.929    69.922    -8.82    4.73
 116573.687    67.489    -6.46    3.32
 116950.488    65.922    -4.16    1.48
 117327.332    65.266    -1.74    1.12
 117704.219    65.266     0.00    1.04
 118081.150    65.399     0.35    1.00
 118458.124    65.281    -0.31    1.05
 118835.142    65.421     0.37    0.90
 119212.202    65.047    -0.99    1.09
 119589.306    64.709    -0.90    1.35
 119966.454    64.523    -0.49    1.41
 120343.645    64.077    -1.18    1.45
 120720.879    63.552    -1.39    1.25
 121098.156    63.162    -1.03    0.80
 121475.477    62.905    -0.68    0.36
 121852.842    62.840    -0.17    0.00
 122230.250    62.840     0.00    0.00
 122607.701    62.840     0.00    0.00
 122985.196    62.840     0.00    0.00
 123362.734    62.840     0.00    0.00
 123740.316    62.840     0.00    0.00
 124117.942    62.840     0.00    0.00
 124495.611    62.840     0.00    0.00
 124873.323    62.840     0.00    0.00
 125251.080    62.840     0.00    0.00
 125628.879    62.840     0.00    0.00
 126006.723    62.840     0.00    0.00
 126384.610    62.840     0.00    0.00
 126762.541    62.840     0.00    0.00
 127140.515    62.840     0.00    0.00
 127518.533    62.840     0.00    0.00
 127896.595    62.840     0.00    0.00
 128274.701    63.001     0.43    0.55
 128652.850    63.298     0.78    0.97
 129031.043    63.690     1.04    1.30
 129409.280    64.184     1.31    1.60
 129787.560    64.657     1.25    1.87
 130165.885    65.010     0.93    1.85
 130544.253    65.392     1.01    1.65
 130921.563    65.512     0.32    1.36
 131291.440    65.375    -0.37    1.33
 131661.359    65.324    -0.14    1.21
 132031.320    65.103    -0.60    1.09
 132401.322    65.496     1.06    2.00
 132771.366    65.823     0.88    1.97
 133141.452    66.570     2.02    2.50
 133511.580    67.140     1.54    2.62
 133881.749    66.993    -0.40    2.82
 134251.961    66.037    -2.58    3.05
 134622.214    65.070    -2.61    3.09
 134992.509    64.123    -2.56    2.26
 135362.846    63.637    -1.31    1.67
 135733.225    63.695     0.16    1.76
 136103.646    63.530    -0.45    1.47
 136474.109    63.390    -0.38    1.37
 136844.614    63.633     0.66    1.50
 137215.161    64.053     1.13    1.97
 137585.750    64.524     1.27    2.26
 137956.380    64.611     0.23    2.12
 138327.053    64.993     1.03    1.95
 138697.768    65.142     0.40    1.82
 139068.525    65.173     0.09    0.93
 139439.324    65.484     0.84    1.00
 139810.165    65.955     1.27    0.90
 140181.048    66.430     1.28    1.02
 140551.973    66.772     0.92    1.00
 140922.941    66.773     0.00    1.10
 141293.950    66.856     0.22    1.07
 141665.002    66.993     0.37    1.11
 142036.096    67.126     0.36    1.08
 142407.232    67.437     0.84    0.98
 142778.410    67.725     0.78    0.93
 143149.630    67.806     0.22    0.86
 143520.893    67.955     0.40    0.82
 143892.198    68.090     0.36    1.02
 144263.545    68.372     0.76    1.29
 144634.935    68.640     0.72    1.46
 145006.367    68.791     0.41    1.44
 145377.841    68.922     0.35    1.29
 145749.357    69.107     0.50    0.99
 146120.916    69.349     0.65    1.07
 146492.518    69.891     1.46    1.22
 146864.161    70.389     1.34    1.17
 147235.847    70.840     1.22    1.11
 147607.576    71.110     0.73    0.79
 147979.346    71.429     0.86    0.80
 148351.160    71.679     0.67    0.83
 148723.015    71.940     0.70    0.80
 149094.914    72.034     0.25    0.83
 149466.854    72.414     1.02    0.92
 149838.838    72.673     0.70    0.92
 150210.863    72.940     0.72    0.95
 150582.932    73.135     0.52    0.90
 150955.043    73.308     0.46    0.84
 151327.196    73.257    -0.14    0.87
 151699.392    73.130    -0.34    0.89
 152071.631    73.304     0.47    0.93
 152443.912    73.421     0.31    1.02
 152816.236    73.651     0.62    0.91
 153188.602    73.921     0.73    0.89
 153561.012    74.196     0.74    0.96
 153933.464    74.673     1.28    1.21
 154305.958    74.907     0.63    1.18
 154678.496    74.808    -0.27    1.09
 155051.076    74.594    -0.57    1.03
 155423.699    74.611     0.04    1.10
 155796.364    74.791     0.48    1.18
 156169.073    75.478     1.84    1.45
 156541.824    76.053     1.54    1.17
 156914.618    76.478     1.14    1.78
 157287.455    76.922     1.19    1.80
 157660.334    77.254     0.89    1.85
 158033.257    77.430     0.47    1.99
 158406.222    78.366     2.51    4.53
 158779.231    84.443    16.30   14.69
 159152.282    94.790    27.74   21.87
 159525.376   103.307    22.83   24.58
 159898.513   105.373     5.54   22.63
 160271.693   102.348    -8.11   20.34
 160644.916    94.184   -21.88   12.03
 161018.183    89.806   -11.73    6.66
 161391.492    91.332     4.09    5.76
 161764.844    95.489    11.14    8.94
 162138.239   100.922    14.55   11.24
 162511.677   107.213    16.85   10.75
 162885.158   112.110    13.11   10.51
 163258.683   117.457    14.32   10.43
 163632.250   122.490    13.48   12.20
 164005.861   130.640    21.82   14.86
 164379.515   135.922    14.14   14.86
 164753.212   141.332    14.48   12.47
 165126.952   146.064    12.66    9.20
 165500.735   142.102   -10.60   11.30
 165874.562   136.244   -15.68   14.29
 166248.431   131.955   -11.47   16.16
 166622.344   128.027   -10.51   15.41
 166996.301   124.459    -9.54   15.67
 167370.300   118.923   -14.80   15.92
 167744.343   110.990   -21.21   14.43
 168118.429   102.257   -23.35    8.12
 168492.559    98.693    -9.53    5.70
 168866.731    95.299    -9.07    5.95
 169240.948    91.271   -10.77    7.30
 169615.207    87.988    -8.77    7.42
 169989.510    86.030    -5.23    4.38
 170363.856    87.889     4.97    4.58
 170738.246    91.366     9.29    6.37
 171112.679    97.195    15.57    8.58
 171487.156   106.380    24.53   15.65
 171861.676   112.840    17.25   15.90
 172236.240   120.299    19.92   15.16
 172610.847   124.010     9.91   13.13
 172985.498   126.663     7.08    9.24
 173360.192   133.099    17.18   10.56
 173734.929   143.792    28.54   15.45
 174109.711   155.190    30.42   14.83
 174484.536   160.824    15.03   14.03
 174859.404   160.512    -0.83   17.13
 175234.316   156.578   -10.50   20.39
 175609.272   158.534     5.22   19.53
 175984.272   166.690    21.75   21.46
 176359.315   173.824    19.02   22.44
 176734.401   180.226    17.07   20.69
 177109.532   176.469   -10.02   23.35
 177484.706   170.823   -15.05   22.07
 177859.924   166.437   -11.69   18.24
 178235.186   159.348   -18.89   21.37
 178610.491   148.007   -30.22   24.61
 178985.841   130.707   -46.10   23.48
 179361.234   116.430   -38.04   18.25
 179736.671   105.179   -29.97   14.43
 180112.152    98.620   -17.47   12.40
 180487.676    96.221    -6.39   12.55
 180863.245   103.126    18.39   17.96
 181238.857   117.453    38.15   26.69
 181614.513   132.152    39.13   29.59
 181990.214   141.953    26.09   24.57
 182365.958   144.857     7.73   20.52
 182741.746   137.223   -20.32   21.19
 183117.578   125.540   -31.09   19.22
 183493.454   118.926   -17.60   14.59
 183869.374   121.447     6.71   14.66
 184245.338   126.513    13.48   17.13
 184621.347   134.001    19.92   17.91
 184997.399   134.760     2.02   20.57
