# NaN NaN NaN ;Mean Elev.(m), Avg Gradient(m/km), RMS Gradient(m/km) - SRTM1     
#   36.423   0.497   3.186 ;Mean Elev.(m), Avg Gradient(m/km), RMS Gradient(m/km) - ASTER GDEM
#   35.884  -0.293   1.713 ;Mean Elev.(m), Avg Gradient(m/km), RMS Gradient(m/km) - GMTED2010 
  8 133.926989  48.274613    39.425    39.425  2 52488.07151498 17.815
  9 133.921208  48.274403    38.963    38.938  3 52523.07148819 25.144
 10 133.926155  48.275950    38.572    38.572  2 52558.07153823 19.633
 11 133.920447  48.275057    36.787    36.793  3 52593.07153722 25.129
 13 133.924997  48.275607    36.344    36.454  3 52663.07149934 12.295
 15 133.934484  48.275363    37.268    37.268  2 52733.07149494 23.343
 16 133.916171  48.274220    36.500    36.464  3 52768.07150402 31.274
 20 133.927684  48.274261    41.651    41.651  2 52908.07160947 26.119
 23 133.921615  48.275203    38.467    38.509  3 53013.07159452 12.607
 24 133.932173  48.275958    38.735    38.735  2 53048.07156317  9.122
 25 133.917645  48.274562    41.284    41.284  2 53083.07159914  7.346
 26 133.927905  48.275645    38.729    38.729  2 53118.07156878 28.468
 27 133.923450  48.275606    42.919    42.871  3 53153.07161896 33.978
 29 133.926634  48.275265    39.729    39.716  3 53223.07162594 37.340
 30 133.916595  48.274317    39.223    39.223  2 53258.07160206 23.108
 31 133.924478  48.275294    38.624    38.624  2 53293.07162224 23.241
 32 133.928916  48.276628    37.054    37.054  2 53328.07159571 39.682
 35 133.925000  48.274689    38.150    38.150  2 53433.07156326  9.952
 37 133.921172  48.274484    40.285    40.285  2 53503.07165026 20.230
 38 133.925956  48.276041    42.007    42.007  2 53538.07164472 37.900
 39 133.920320  48.274970    40.663    40.663  2 53573.07164677 20.700
 40 133.919153  48.275255    40.028    40.028  2 53608.07159599 38.566
 42 133.921093  48.275050    37.309    37.360  3 53678.07161604 38.889
 43 133.925410  48.275676    37.178    37.178  2 53713.07154447 24.005
 45 133.930331  48.275965    37.862    37.862  2 53783.07148841 10.246
 46 133.921103  48.274468    38.210    38.210  2 53818.07145261  8.073
 47 133.927367  48.275437    38.884    38.884  2 53853.07152798 36.593
 48 133.936457  48.275526    38.562    38.562  2 53888.07153470 27.338
 50 133.916422  48.273440    41.818    41.818  2 53958.07159840 41.902
 52 133.934111  48.274718    38.542    38.542  2 54028.07158599 23.366
 54 133.921308  48.275300    38.160    38.219  3 54098.07154890 20.733
 56 133.922215  48.275661    38.282    38.323  3 54168.07152263  9.811
 58 133.929761  48.276040    38.861    38.861  2 54238.07154125 18.195
 59 133.927570  48.275337    38.712    38.712  2 54273.07156007 25.398
 60 133.928477  48.274472    39.842    39.842  2 54308.07156233 50.495
 61 133.923358  48.274357    40.664    40.642  3 54343.07154128 45.896
 62 133.930575  48.274897    38.746    38.746  2 54378.07149760 40.015
 63 133.925502  48.274612    37.006    37.006  2 54413.07148888 53.366
 65 133.929236  48.274709    37.027    37.027  2 54483.07148195 19.240
 67 133.923233  48.275744    37.399    37.400  3 54553.07149402 35.436
 68 133.929403  48.274507    37.142    37.142  2 54588.07147297 42.427
 69 133.926717  48.275876    37.779    37.779  2 54623.07149097 21.787
 70 133.925565  48.275086    37.225    37.197  3 54658.07150029 31.710
 71 133.925197  48.275423    38.954    38.964  3 54693.07148209 19.474
 72 133.932287  48.275498    38.931    38.931  2 54728.07145339 24.101
 73 133.926247  48.274899    38.465    38.465  2 54763.07146008 28.094
 74 133.932514  48.274574    37.451    37.451  2 54798.07144694 29.020
 75 133.926134  48.275036    38.291    38.313  3 54833.07144983 17.607
 76 133.933770  48.275173    37.784    37.784  2 54868.07144295 14.450
 77 133.920947  48.275066    38.239    38.275  3 54903.07146008  8.988
 79 133.928924  48.275604    39.243    39.243  2 54973.07146512 22.394
 80 133.924352  48.274804    40.367    40.367  2 55008.07148148 49.692
 82 133.923651  48.275415    42.332    42.305  3 55078.07144884 47.625
 83 133.930553  48.275115    41.572    41.572  2 55113.07140301 50.624
 84 133.925610  48.275712    38.462    38.462  2 55148.07140397 50.125
 86 133.923815  48.274328    38.458    38.458  2 55218.07140190 10.960
 87 133.933443  48.275934    38.114    38.114  2 55253.07138015 10.132
 88 133.921378  48.274902    38.533    38.601  3 55288.07139182  9.040
 89 133.925353  48.274823    40.878    41.091  3 55323.07136824 20.982
 90 133.925236  48.274621    40.849    40.849  2 55358.07136748 35.676
 91 133.929935  48.275108    39.598    39.598  2 55393.07137008 15.426
 92 133.928497  48.274681    42.099    42.099  2 55428.07138324 27.226
 93 133.923778  48.274532    40.208    40.085  3 55463.07134762 34.186
