# NaN NaN NaN ;Mean Elev.(m), Avg Gradient(m/km), RMS Gradient(m/km) - SRTM1     
#  110.210  -1.706   3.348 ;Mean Elev.(m), Avg Gradient(m/km), RMS Gradient(m/km) - ASTER GDEM
#  122.005  -1.396   2.489 ;Mean Elev.(m), Avg Gradient(m/km), RMS Gradient(m/km) - GMTED2010 
  7 127.725968  50.353441   124.816   124.809  7 52444.53305595 46.854
  8 127.729833  50.360432   125.142   125.162  6 52479.53305023 48.446
  9 127.736036  50.384208   123.363   123.355  5 52514.53300118 41.938
 10 127.725884  50.355479   124.901   124.914  8 52549.53304098 46.838
 11 127.733610  50.376039   124.943   124.927  7 52584.53303025 44.926
 12 127.732709  50.371305   125.093   125.093  9 52619.53300771 26.357
 13 127.732805  50.373642   125.202   125.198  8 52654.53299347 21.210
 14 127.733821  50.377816   125.650   125.684  6 52689.53298936 29.260
 15 127.729683  50.370803   125.304   125.338  9 52724.53303246 20.757
 16 127.729647  50.357732   124.938   124.956  8 52759.53304932 24.779
 17 127.728492  50.367817   127.213   127.206  9 52794.53300650 51.472
 18 127.729082  50.370658   127.159   127.151  9 52829.53307406 52.321
 19 127.733101  50.373032   125.665   125.738  7 52864.53311882 30.406
 20 127.730837  50.370779   126.256   126.271  9 52899.53314759 47.133
 21 127.732771  50.374419   125.356   125.354  7 52934.53309175 26.354
 22 127.730400  50.360168   125.766   125.777  6 52969.53310450 35.002
 23 127.729596  50.358323   125.602   125.601  8 53004.53312274 19.513
 24 127.724819  50.353553   125.293   125.232  8 53039.53307150 14.187
 25 127.729605  50.368739   125.822   125.841  9 53074.53310484 13.209
 26 127.723498  50.354374   126.087   126.115  6 53109.53307225 32.537
 27 127.730494  50.358301   127.051   127.057  8 53144.53311409 50.640
 28 127.733047  50.370158   126.648   126.668  9 53179.53313094 51.156
 29 127.728698  50.368968   126.570   126.548  9 53214.53315244 51.385
 30 127.733549  50.375460   125.758   125.790  7 53249.53312335 23.102
 31 127.725961  50.353854   125.738   125.716  8 53284.53311521 49.131
 32 127.732732  50.373351   124.857   124.831  8 53319.53310708 45.775
 33 127.735729  50.382523   125.740   125.751  6 53354.53307608 21.082
 34 127.728535  50.355738   125.389   125.385  7 53389.53307533 16.946
 35 127.734390  50.377864   125.854   125.872  6 53424.53307774 19.852
 36 127.729656  50.369535   125.655   125.638  8 53459.53308138 24.717
 37 127.727419  50.354701   126.077   126.062  7 53494.53316409 51.992
 38 127.734433  50.376257   126.607   126.597  6 53529.53314328 38.963
 39 127.728634  50.366275   125.796   125.781  7 53564.53317207 32.471
 40 127.734542  50.377530   125.332   125.349  6 53599.53311575 50.549
 41 127.726784  50.354332   125.619   125.620  8 53634.53310809 51.759
 42 127.729807  50.357005   124.535   124.540  8 53669.53312997 46.032
 43 127.734977  50.381273   125.647   125.647  5 53704.53307240 32.451
 44 127.737662  50.391114   125.862   125.855  5 53739.53298404 20.628
 45 127.733176  50.371254   125.634   125.638  9 53774.53299965 16.054
 46 127.735963  50.381921   125.796   125.819  5 53809.53298525 19.653
 47 127.728729  50.356978   125.848   125.842  8 53844.53302229 45.310
 48 127.731379  50.369017   125.870   125.907  9 53879.53305380 25.509
 49 127.728815  50.355938   125.601   125.611  7 53914.53310743 52.893
 50 127.729338  50.356077   125.523   125.507  7 53949.53311803 52.730
 51 127.734050  50.373357   126.599   126.710  7 53984.53305943 26.360
 52 127.730251  50.361268   125.994   126.035  7 54019.53309237 51.277
 53 127.734659  50.378447   124.834   124.824  5 54054.53308605 45.462
 54 127.734047  50.375373   126.103   126.094  6 54089.53307549 26.662
 55 127.729961  50.357388   125.536   125.544  7 54124.53299728 20.188
 56 127.730192  50.369821   125.756   125.734  8 54159.53304068 14.417
 57 127.730292  50.357480   125.343   125.330  8 54194.53299946 32.999
 58 127.730112  50.368246   125.336   125.350  9 54229.53305293 52.501
 59 127.729621  50.370897   125.770   125.762  9 54264.53307155 51.008
 60 127.731844  50.370384   126.493   126.488  9 54299.53307499 49.452
 61 127.733219  50.374035   126.631   126.645  7 54334.53306569 51.810
 63 127.732146  50.370895   124.888   124.900  8 54404.53300901 33.215
 64 127.728169  50.355134   125.603   125.597  7 54439.53296353 31.179
 65 127.731375  50.368731   125.712   125.706  9 54474.53299526 22.816
 66 127.729736  50.358362   125.559   125.541  7 54509.53297705 21.831
 67 127.732424  50.370632   125.926   125.932  9 54544.53300996 23.195
 68 127.729607  50.370358   125.308   125.279  9 54579.53297823 36.415
 69 127.732504  50.370046   125.329   125.317  9 54614.53299985 33.801
 70 127.728886  50.367616   124.524   124.542  9 54649.53300962 29.179
 71 127.733493  50.371025   126.357   126.329  8 54684.53300642 47.279
 72 127.730289  50.357715   125.236   125.312  7 54719.53295214 29.955
 73 127.729989  50.369086   125.453   125.444  9 54754.53297971 51.428
 74 127.728719  50.357070   124.441   124.439  7 54789.53294529 42.590
 75 127.728919  50.369243   126.066   126.077  9 54824.53297552 23.566
 76 127.730295  50.358340   125.682   125.728  7 54859.53293871 14.794
 77 127.731445  50.370545   125.914   125.872  8 54894.53297707 13.111
 78 127.729393  50.356778   125.379   125.293  8 54929.53293784 32.228
 79 127.729620  50.370027   126.894   126.914  9 54964.53297749 52.015
 80 127.729302  50.367933   126.158   126.111  9 54999.53299726 36.685
 81 127.729918  50.369196   125.693   125.719  9 55034.53298397 52.905
 82 127.733820  50.373584   125.930   125.943  7 55069.53297439 25.439
 83 127.729142  50.355957   126.164   126.111  7 55104.53291171 21.660
 84 127.731627  50.369313   125.287   125.299  9 55139.53292042 45.025
 85 127.729623  50.358172   126.077   126.096  8 55174.53287942 26.149
 86 127.729667  50.369093   126.013   126.012  9 55209.53291629 16.518
 87 127.730262  50.358041   125.706   125.725  7 55244.53288548 11.365
 88 127.732707  50.370133   125.917   125.933  8 55279.53291012 13.043
 89 127.729246  50.369230   125.803   125.802  8 55314.53287496 44.593
 90 127.733334  50.370407   126.631   126.609  9 55349.53288137 52.052
 91 127.729911  50.357433   127.008   127.020  7 55384.53287161 51.326
 92 127.730202  50.370338   126.877   126.879  9 55419.53290015 50.488
 93 127.733585  50.376023   125.900   125.886  7 55454.53287918 25.364
 94 127.736200  50.382242   125.654   125.663  6 55489.53279951 50.796
