-183793.830   143.404     0.00    5.53
-183420.541   141.790    -4.32    4.83
-183047.294   139.294    -6.69    3.53
-182674.089   137.928    -3.66    2.46
-182300.925   136.911    -2.73    1.22
-181927.803   136.476    -1.17    1.37
-181554.723   136.150    -0.87    1.24
-181181.684   136.122    -0.07    1.16
-180808.687   136.226     0.28    1.17
-180435.731   136.978     2.02    1.82
-180062.817   138.919     5.20    3.93
-179689.944   141.715     7.50    5.08
-179317.113   145.698    10.69    5.58
-178944.324   149.392     9.91    5.33
-178571.576   152.448     8.20    4.40
-178198.869   154.507     5.52    4.02
-177826.204   156.359     4.97    3.41
-177453.580   157.601     3.33    3.28
-177080.998   158.105     1.35    3.39
-176708.457   158.654     1.47    3.65
-176335.957   159.093     1.18    4.00
-175963.499   159.306     0.57    4.25
-175591.082   159.818     1.38    4.56
-175218.707   160.538     1.93    4.48
-174846.373   161.605     2.87    3.93
-174474.080   162.135     1.42    3.77
-174101.828   161.933    -0.54    3.59
-173729.618   161.783    -0.40    3.87
-173357.449   161.613    -0.46    3.97
-172985.321   160.766    -2.28    4.79
-172613.235   159.031    -4.66    5.33
-172241.190   158.618    -1.11    5.08
-171869.186   159.698     2.90    5.29
-171497.223   162.185     6.69    5.73
-171125.301   165.173     8.04    4.52
-170753.421   165.143    -0.08    4.90
-170381.581   165.159     0.04    5.39
-170009.783   165.597     1.18    5.28
-169638.026   166.520     2.48    5.76
-169266.310   166.875     0.96    5.98
-168894.635   165.135    -4.68    7.16
-168523.001   162.274    -7.70    6.58
-168151.409   161.143    -3.05    5.69
-167779.857   161.999     2.30    6.78
-167408.346   164.630     7.09    7.29
-167036.877   165.986     3.65    6.93
-166665.448   164.931    -2.84    7.40
-166294.060   163.258    -4.51    6.38
-165922.713   161.239    -5.44    6.08
-165551.408   159.289    -5.25    5.29
-165180.143   158.933    -0.96    4.46
-164808.919   159.556     1.68    5.54
-164437.736   163.526    10.70    9.02
-164066.594   169.050    14.89    9.72
-163695.492   174.670    15.15    8.57
-163324.432   177.122     6.61    7.14
-162953.413   175.359    -4.75    8.56
-162582.434   173.071    -6.17    7.89
-162211.496   172.239    -2.24    6.30
-161840.599   172.959     1.94    5.92
-161469.743   175.563     7.02    6.34
-161098.927   179.394    10.33    7.49
-160728.152   183.308    10.56    7.23
-160357.418   183.966     1.77    7.40
-159986.725   180.963    -8.10    8.59
-159616.072   175.130   -15.74    8.46
-159245.460   169.486   -15.23    6.73
-158874.889   166.113    -9.10    6.69
-158504.359   163.394    -7.34    6.38
-158133.869   161.376    -5.45    6.07
-157763.420   158.800    -6.95    5.62
-157393.011   156.732    -5.58    4.69
-157022.643   156.709    -0.06    5.08
-156652.315   158.523     4.90    6.81
-156282.029   163.444    13.29    7.91
-155911.782   167.445    10.81    8.98
-155541.577   169.666     6.00    8.37
-155171.411   169.290    -1.01    8.77
-154801.287   163.952   -14.42   12.15
-154426.892   155.663   -22.14   11.40
-154048.533   149.162   -17.18   10.21
-153670.216   143.618   -14.66    5.95
-153291.942   141.980    -4.33    3.34
-152913.711   141.933    -0.12    4.27
-152535.521   141.843    -0.24    4.05
-152157.375   140.721    -2.97    3.60
-151779.270   139.723    -2.64    2.41
-151401.208   140.026     0.80    1.70
-151023.189   140.342     0.84    1.66
-150645.212   141.343     2.65    1.99
-150267.277   142.509     3.09    2.19
-149889.384   143.563     2.79    2.64
-149511.534   144.241     1.79    2.68
-149133.726   145.105     2.29    2.99
-148755.960   146.709     4.25    3.39
-148378.237   148.681     5.22    4.06
-148000.555   150.569     5.00    4.22
-147622.916   152.105     4.07    4.29
-147245.320   152.687     1.54    3.94
-146867.765   153.976     3.41    4.30
-146490.253   155.833     4.92    4.87
-146112.782   158.143     6.12    4.93
-145735.354   160.429     6.06    5.40
-145357.968   160.999     1.51    5.33
-144980.625   160.693    -0.81    4.97
-144603.323   160.427    -0.70    4.75
-144226.063   159.117    -3.47    4.89
-143848.846   158.443    -1.79    4.92
-143471.670   157.815    -1.66    4.66
-143094.536   158.627     2.15    4.97
-142717.445   159.556     2.46    5.13
-142340.396   160.657     2.92    5.53
-141963.388   162.291     4.33    6.35
-141586.423   163.195     2.40    6.87
-141209.499   163.902     1.87    5.88
-140832.617   165.307     3.73    5.90
-140455.778   168.050     7.28    7.13
-140078.980   171.681     9.64    7.29
-139702.224   173.359     4.45    5.92
-139325.510   171.891    -3.90    6.65
-138948.838   168.698    -8.48    6.43
-138572.208   166.394    -6.12    6.85
-138195.619   164.529    -4.95    8.35
-137819.073   162.647    -5.00    8.59
-137442.568   158.173   -11.89    8.98
-137066.105   153.204   -13.20    8.67
-136689.684   147.540   -15.05    7.32
-136313.304   142.461   -13.50    4.04
-135936.966   140.566    -5.04    3.22
-135560.670   139.173    -3.70    2.05
-135184.416   139.224     0.14    1.54
-134808.203   140.480     3.34    2.02
-134432.033   141.342     2.29    2.50
-134055.903   143.540     5.84    2.99
-133679.816   145.913     6.31    2.62
-133303.770   148.359     6.51    3.31
-132927.765   150.980     6.97    3.66
-132551.803   152.739     4.68    3.62
-132175.881   154.291     4.13    3.85
-131800.002   155.274     2.62    4.36
-131424.164   156.009     1.96    4.50
-131048.367   156.687     1.80    5.46
-130672.612   158.835     5.72    5.92
-130296.899   160.270     3.82    5.63
-129921.227   163.043     7.38    4.81
-129545.596   165.868     7.52    4.78
-129170.007   167.687     4.84    5.63
-128794.460   170.647     7.88    6.13
-128418.954   173.176     6.73    6.60
-128043.489   175.720     6.78    7.34
-127668.066   177.497     4.73    7.41
-127292.684   179.900     6.40    7.18
-126917.343   182.433     6.75    6.60
-126542.044   185.572     8.37    6.73
-126166.786   189.895    11.52    6.41
-125791.570   192.443     6.79    6.49
-125416.394   190.876    -4.18    9.67
-125041.260   187.181    -9.85   13.68
-124666.168   179.793   -19.70   15.69
-124291.116   172.341   -19.87   15.09
-123916.106   167.769   -12.19   13.25
-123541.137   165.324    -6.52   11.96
-123166.210   163.720    -4.28   10.66
-122791.323   164.088     0.98    9.77
-122416.478   163.105    -2.62    7.68
-122041.674   164.009     2.41    7.67
-121666.911   164.800     2.11    7.76
-121292.189   165.652     2.28    8.23
-120917.509   167.201     4.13    8.75
-120542.869   168.769     4.19    9.43
-120168.271   168.806     0.10    9.00
-119793.713   170.276     3.93    9.76
-119419.197   172.014     4.64   10.22
-119044.722   172.876     2.30   10.77
-118670.288   173.342     1.24   10.07
-118295.895   173.113    -0.61    8.84
-117921.542   173.014    -0.26    8.33
-117547.231   174.377     3.64    8.36
-117172.961   175.540     3.11    8.14
-116798.732   176.502     2.57    8.39
-116424.544   178.101     4.27    8.20
-116050.396   182.236    11.06    9.44
-115676.290   187.917    15.19   10.70
-115302.225   194.815    18.44    7.69
-114928.200   197.054     5.99    6.78
-114554.216   194.818    -5.98    9.32
-114180.273   187.583   -19.35   11.89
-113806.371   177.393   -27.26   13.01
-113432.510   171.614   -15.46    9.96
-113058.690   171.659     0.12    9.40
-112684.910   175.984    11.57   10.98
-112311.171   184.212    22.02    9.94
-111937.473   190.635    17.19    7.55
-111563.816   192.566     5.17    7.49
-111190.200   191.020    -4.14    9.30
-110816.624   187.139   -10.39    9.98
-110443.089   181.635   -14.74    9.79
-110069.594   177.963    -9.83    8.56
-109696.141   174.326    -9.74   11.11
-109322.728   171.448    -7.71   13.97
-108949.355   167.243   -11.27   14.90
-108576.023   162.014   -14.01   14.18
-108202.732   156.715   -14.20   10.75
-107829.482   154.463    -6.04    7.53
-107456.272   153.698    -2.05    5.25
-107083.103   156.020     6.22    6.34
-106709.974   157.497     3.96    6.64
-106336.886   159.671     5.83    6.96
-105963.838   162.032     6.33    7.76
-105590.831   165.556     9.45    8.93
-105217.864   170.234    12.55   10.30
-104844.938   175.130    13.13   10.81
-104472.052   180.201    13.60    9.57
-104099.207   182.893     7.22    8.15
-103726.402   182.630    -0.70    9.82
-103353.638   182.204    -1.14   12.72
-102980.914   182.049    -0.42   13.13
-102608.230   181.609    -1.18   14.26
-102235.587   183.394     4.79   13.53
-101862.984   182.728    -1.79   14.33
-101490.422   180.425    -6.18   14.67
-101117.899   177.234    -8.57   13.50
-100745.418   174.670    -6.89   11.18
-100372.976   174.145    -1.41    9.69
-100000.575   176.835     7.22   10.98
 -99628.214   180.645    10.23   10.43
 -99255.893   181.885     3.33    9.62
 -98883.613   182.986     2.96    8.12
 -98511.373   186.359     9.06    8.67
 -98139.173   192.618    16.82    8.92
 -97767.013   196.079     9.30    7.23
 -97394.894   196.647     1.53    6.61
 -97022.814   195.675    -2.61    8.25
 -96650.775   191.982    -9.93    9.45
 -96278.776   188.271    -9.98    9.22
 -95906.817   185.170    -8.34    9.45
 -95534.899   180.500   -12.56   11.34
 -95163.020   173.618   -18.51   12.77
 -94791.181   168.026   -15.04   10.65
 -94419.383   164.959    -8.25   10.03
 -94047.625   165.426     1.26   12.70
 -93675.906   166.973     4.16   14.15
 -93304.228   169.020     5.51   14.56
 -92932.590   171.008     5.35   13.17
 -92560.991   167.876    -8.43   11.98
 -92189.433   162.798   -13.67   13.08
 -91817.915   156.654   -16.54   14.81
 -91446.436   151.505   -13.86   14.94
 -91074.998   146.020   -14.77   12.56
 -90703.599   141.447   -12.31    6.84
 -90332.241   140.428    -2.74    3.12
 -89960.922   142.886     6.62    3.99
 -89589.644   145.743     7.70    4.01
 -89218.405   148.851     8.37    3.37
 -88847.206   151.079     6.00    2.60
 -88476.046   152.982     5.13    2.68
 -88104.927   154.152     3.15    2.90
 -87733.848   155.877     4.65    3.54
 -87362.808   156.377     1.35    4.53
 -86991.808   156.999     1.68    5.06
 -86620.848   157.966     2.61    4.91
 -86249.927   159.576     4.34    5.21
 -85879.047   161.823     6.06    5.42
 -85508.206   164.956     8.45    4.92
 -85137.405   168.325     9.09    4.95
 -84766.643   171.458     8.45    5.44
 -84395.921   173.721     6.11    5.89
 -84025.239   175.583     5.02    7.18
 -83654.597   175.931     0.94    7.70
 -83283.994   175.546    -1.04    7.57
 -82913.431   173.745    -4.86    8.19
 -82542.907   171.305    -6.59    8.82
 -82172.423   169.647    -4.47    8.66
 -81801.979   168.198    -3.91    8.68
 -81431.574   166.043    -5.82    7.92
 -81061.209   164.431    -4.35    6.25
 -80690.883   164.622     0.52    5.71
 -80320.597   166.308     4.55    6.49
 -79950.351   168.843     6.85    7.07
 -79576.759   171.049     5.91    7.05
 -79198.488   172.325     3.37    7.18
 -78820.259   172.456     0.35    8.87
 -78442.071   170.323    -5.64   10.16
 -78063.925   161.919   -22.23   13.39
 -77685.819   156.468   -14.42   15.20
 -77307.756   156.101    -0.97   15.79
 -76929.733   156.500     1.06   15.12
 -76551.752   160.664    11.02   14.41
 -76173.812   164.411     9.91   14.19
 -75795.913   166.359     5.16   12.15
 -75418.055   168.097     4.60   11.11
 -75040.239   169.061     2.55    9.16
 -74662.464   166.903    -5.71    9.27
 -74284.730   162.376   -11.99    9.72
 -73907.037   159.105    -8.66    8.63
 -73529.386   158.239    -2.29    6.30
 -73151.775   159.049     2.15    6.24
 -72774.206   161.259     5.85    8.07
 -72396.678   160.895    -0.96    9.69
 -72019.191   156.843   -10.74   12.93
 -71641.745   153.190    -9.68   15.58
 -71264.340   148.131   -13.40   16.26
 -70886.976   141.997   -16.26   15.25
 -70509.654   136.850   -13.64   16.48
 -70132.372   137.190     0.90   16.40
 -69755.131   136.905    -0.76   15.59
 -69377.932   139.277     6.29   14.48
 -69000.773   139.980     1.86   13.66
 -68623.655   135.219   -12.63   17.26
 -68246.578   128.139   -18.78   17.25
 -67869.542   124.532    -9.57   16.18
 -67492.547   121.219    -8.79   16.53
 -67115.593   114.068   -18.97   17.24
 -66738.680   104.173   -26.26   17.80
 -66361.808   100.073   -10.88   15.73
 -65984.977   100.326     0.67   17.54
 -65608.186   100.766     1.17   18.55
 -65231.436   100.359    -1.08   18.82
 -64854.728   100.241    -0.31   19.58
 -64478.060   100.428     0.50   18.66
 -64101.432    95.657   -12.67   17.76
 -63724.846    93.377    -6.06   16.37
 -63348.300    99.048    15.06   19.32
 -62971.795   108.359    24.73   21.50
 -62595.331   119.066    28.44   17.66
 -62218.907   127.026    21.15   10.84
 -61842.524   127.482     1.21   12.23
 -61466.182   126.239    -3.30   13.07
 -61089.881   128.268     5.39   13.46
 -60713.620   125.241    -8.05   14.98
 -60337.400   117.341   -21.00   16.71
 -59961.220   113.326   -10.67   17.00
 -59585.081   108.428   -13.02   18.52
 -59208.983   103.236   -13.81   19.32
 -58832.925   102.523    -1.90   19.51
 -58456.908    99.083    -9.15   20.88
 -58080.931    91.236   -20.87   20.92
 -57704.995    87.693    -9.43   20.96
 -57329.100    81.580   -16.26   15.13
 -56953.245    80.184    -3.71   14.34
 -56577.430    81.959     4.72   16.96
 -56201.656    88.393    17.12   20.45
 -55825.922    92.980    12.21   19.99
 -55450.229    99.613    17.66   20.28
 -55074.577   107.657    21.41   17.91
 -54698.964   118.517    28.91   15.11
 -54323.392   118.288    -0.61   14.60
 -53947.861   112.159   -16.32   16.81
 -53572.370   111.728    -1.15   17.66
 -53196.919   113.739     5.36   17.73
 -52821.509   119.749    16.01   17.29
 -52446.139   124.745    13.31   15.04
 -52070.809   120.773   -10.58   15.10
 -51695.519   113.450   -19.51   16.71
 -51320.270   110.546    -7.74   16.51
 -50945.061   109.596    -2.53   15.29
 -50569.893   109.408    -0.50   15.51
 -50194.764   109.480     0.19   15.56
 -49819.676   105.535   -10.52   18.93
 -49444.628    96.543   -23.98   20.39
 -49069.621    89.221   -19.52   18.93
 -48694.653    82.640   -17.55   16.78
 -48319.726    78.741   -10.40   16.54
 -47944.838    73.088   -15.08   14.78
 -47569.991    69.663    -9.14   10.66
 -47195.184    68.726    -2.50   10.01
 -46820.418    67.911    -2.17   10.21
 -46445.691    67.445    -1.24   10.16
 -46071.004    69.868     6.47   11.11
 -45696.358    73.258     9.05   12.09
 -45321.751    77.394    11.04   12.34
 -44947.185    78.484     2.91   13.76
 -44572.658    80.461     5.28   13.88
 -44198.172    82.181     4.59   13.64
 -43823.726    88.309    16.37   15.42
 -43449.319    96.114    20.85   13.76
 -43074.953   102.377    16.73   10.81
 -42700.626   106.118     9.99    8.02
 -42326.340   108.952     7.57    8.95
 -41952.093   112.324     9.01    9.07
 -41577.887   112.587     0.70    8.12
 -41203.720   108.835   -10.03   11.41
 -40829.593   102.270   -17.55   13.90
 -40455.506    91.343   -29.21   15.22
 -40081.459    81.159   -27.23   11.70
 -39707.451    75.973   -13.87    7.22
 -39333.484    76.008     0.09    6.85
 -38959.556    81.342    14.27   10.36
 -38585.668    91.254    26.51   13.76
 -38211.820   104.798    36.23   19.07
 -37838.012   115.638    29.00   16.19
 -37464.243   122.832    19.25   11.11
 -37090.514   122.807    -0.07   11.77
 -36716.825   120.026    -7.44   13.56
 -36343.176   112.410   -20.38   14.33
 -35969.566   105.289   -19.06   14.56
 -35595.996    98.917   -17.06   14.58
 -35222.466    93.842   -13.59   13.88
 -34848.975    90.166    -9.84   15.11
 -34475.524    86.556    -9.67   16.15
 -34102.113    85.963    -1.59   16.61
 -33728.741    81.236   -12.66   15.91
 -33355.409    76.230   -13.41   14.09
 -32982.116    74.478    -4.69   14.12
 -32608.863    75.377     2.41   17.20
 -32235.649    76.884     4.04   18.09
 -31862.475    84.291    19.85   16.72
 -31489.341    90.187    15.80   15.58
 -31116.246   101.834    31.22   21.61
 -30743.191   113.597    31.53   19.09
 -30370.175   122.484    23.83   12.21
 -29997.198   124.931     6.56   12.83
 -29624.261   122.427    -6.71   14.13
 -29251.364   119.770    -7.13   15.84
 -28878.506   113.126   -17.82   16.43
 -28505.687   105.823   -19.59   12.43
 -28132.908   105.622    -0.54   10.16
 -27760.168   108.773     8.45   11.95
 -27387.467   113.105    11.62   11.82
 -27014.806   118.359    14.10    9.34
 -26642.184   118.618     0.69   10.94
 -26269.602   116.909    -4.59   14.24
 -25897.058   112.681   -11.35   15.14
 -25524.555   106.749   -15.92   13.55
 -25152.090   100.211   -17.55   10.36
 -24779.665    92.980   -19.42    9.64
 -24407.279    86.377   -17.73   10.02
 -24034.932    79.671   -18.01    9.81
 -23662.624    71.859   -20.98    8.67
 -23290.356    66.640   -14.02    7.88
 -22918.127    61.647   -13.41    6.44
 -22545.937    57.868   -10.15    6.10
 -22173.786    53.903   -10.65    6.15
 -21801.674    51.159    -7.37    6.29
 -21429.602    48.221    -7.90    4.96
 -21057.569    46.645    -4.24    3.68
 -20685.574    46.458    -0.50    4.53
 -20313.619    46.464     0.02    5.73
 -19941.703    47.131     1.79    6.44
 -19569.826    47.184     0.14    6.74
 -19197.988    47.480     0.80    7.09
 -18826.190    47.429    -0.14    7.15
 -18454.430    47.790     0.97    7.11
 -18082.709    48.980     3.20    6.56
 -17711.027    50.482     4.04    5.40
 -17339.385    51.309     2.23    4.17
 -16967.781    52.196     2.39    2.92
 -16596.216    52.480     0.77    1.94
 -16224.690    52.026    -1.22    1.43
 -15853.203    51.698    -0.88    1.37
 -15481.755    51.271    -1.15    1.52
 -15110.346    50.654    -1.66    1.46
 -14738.976    49.704    -2.56    1.92
 -14367.645    48.670    -2.79    2.15
 -13996.352    46.976    -4.56    2.98
 -13625.099    45.325    -4.45    3.43
 -13253.884    43.307    -5.44    3.48
 -12882.708    41.577    -4.66    3.65
 -12511.571    40.241    -3.60    4.00
 -12140.473    39.002    -3.34    4.52
 -11769.414    37.817    -3.19    4.70
 -11398.393    36.806    -2.73    5.18
 -11027.411    35.359    -3.90    5.23
 -10656.468    33.945    -3.81    5.67
 -10285.563    32.066    -5.07    5.49
  -9914.698    29.497    -6.93    5.31
  -9543.871    27.563    -5.22    4.67
  -9173.082    25.307    -6.08    4.78
  -8802.333    23.395    -5.16    4.63
  -8431.622    21.122    -6.13    4.38
  -8060.949    19.026    -5.65    3.46
  -7690.316    17.234    -4.83    3.43
  -7319.721    14.322    -7.86    4.84
  -6949.164    10.478   -10.37    5.95
  -6578.646     7.395    -8.32    4.91
  -6208.167     5.444    -5.27    2.30
  -5837.726     5.640     0.53    1.36
  -5467.324     6.091     1.22    1.07
  -5096.961     6.393     0.81    1.05
  -4724.070     6.444     0.14    1.02
  -4345.886     6.535     0.24    1.21
  -3967.742     6.825     0.77    1.55
  -3589.638     6.342    -1.28    2.54
  -3211.575     5.234    -2.93    3.23
  -2833.552     3.859    -3.64    3.59
  -2455.570     2.342    -4.01    3.51
  -2077.627     1.463    -2.33    3.18
  -1699.725     0.876    -1.55    3.12
  -1321.863     0.868    -0.02    3.49
   -944.041     1.163     0.78    3.57
   -566.259     1.693     1.40    3.63
   -188.518     2.020     0.87    3.69
    189.184     2.270     0.66    3.50
    566.845     2.394     0.33    3.46
    944.466     2.427     0.09    3.36
   1322.047     2.484     0.15    3.15
   1699.588     2.766     0.75    3.42
   2077.089     3.248     1.28    3.55
   2454.550     3.675     1.13    3.74
   2831.971     4.184     1.35    3.56
   3209.352     5.088     2.40    3.35
   3586.692     6.187     2.91    2.60
   3963.993     7.118     2.47    1.66
   4341.254     7.359     0.64    1.46
   4718.474     7.877     1.37    1.58
   5095.655     7.783    -0.25    1.66
   5472.796     7.450    -0.88    1.90
   5849.897     6.956    -1.31    3.06
   6226.958     5.204    -4.65    4.21
   6603.979     3.427    -4.71    4.25
   6980.960     5.079     4.38    7.80
   7357.902    11.073    15.90   12.84
   7734.803    24.495    35.61   18.29
   8111.665    37.931    35.65   16.06
   8488.487    53.461    41.21   18.53
   8865.269    66.756    35.28   19.51
   9242.011    78.500    31.17   20.77
   9618.713    91.859    35.46   19.05
   9995.376   100.798    23.73   16.72
  10371.999   101.752     2.53   19.12
  10748.582   100.730    -2.72   22.59
  11125.126   102.359     4.33   22.11
  11501.629   105.609     8.63   21.42
  11878.093   113.239    20.27   18.98
  12254.518   118.088    12.88   17.11
  12630.902   121.622     9.39   14.43
  13007.247   118.241    -8.99   15.85
  13383.553   113.068   -13.74   16.35
  13759.818   102.687   -27.59   18.38
  14136.044    92.288   -27.64   21.61
  14512.231    81.543   -28.56   21.56
  14888.378    73.913   -20.28   17.44
  15264.485    69.850   -10.80   14.36
  15640.553    67.495    -6.26   11.61
  16016.581    66.591    -2.40    7.29
  16392.570    68.258     4.43    5.83
  16768.519    73.100    12.88    9.82
  17144.429    82.681    25.49   17.14
  17520.299    95.377    33.78   21.23
  17896.129   107.463    32.16   20.04
  18271.921   120.480    34.64   17.07
  18647.672   129.652    24.41   15.87
  19023.385   134.766    13.61   13.54
  19399.058   137.973     8.54   13.99
  19774.691   142.986    13.35   14.05
  20150.285   146.433     9.18   14.77
  20525.840   150.609    11.12   15.06
  20901.356   149.359    -3.33   19.20
  21276.832   147.532    -4.87   23.55
  21652.268   141.583   -15.84   26.86
  22027.666   137.800   -10.08   27.68
  22403.024   132.159   -15.03   24.89
  22778.343   130.788    -3.65   20.86
  23153.622   130.732    -0.15   16.76
  23528.863   137.286    17.47   18.56
  23904.064   144.395    18.95   19.95
  24279.225   151.376    18.61   20.96
  24654.348   156.411    13.42   19.59
  25029.431   163.693    19.41   18.73
  25404.475   171.652    21.22   19.21
  25779.480   180.190    22.77   20.13
  26154.446   191.341    29.74   14.86
  26529.373   199.088    20.66   13.08
  26904.260   204.886    15.47   13.84
  27279.109   210.145    14.03   13.72
  27653.918   211.256     2.96   14.86
  28028.688   213.271     5.38   16.43
  28403.419   218.886    14.98   18.64
  28778.111   225.500    17.65   16.72
  29152.764   227.020     4.06   13.75
  29527.378   219.734   -19.45   21.59
  29901.953   202.817   -45.16   26.38
  30276.489   189.878   -34.55   17.86
  30650.986   190.043     0.44   16.12
  31025.444   198.412    22.35   20.07
  31399.863   209.980    30.90   18.82
  31774.242   219.096    24.35   15.99
  32148.583   225.394    16.82   15.62
  32522.886   237.221    31.60   19.40
  32897.149   250.686    35.98   18.00
  33271.373   260.427    26.03   14.23
  33645.558   268.377    21.25   12.84
  34019.705   273.956    14.91   14.97
  34393.812   280.535    17.59   15.87
  34767.881   285.745    13.93   14.29
  35141.911   286.307     1.50   11.65
  35515.902   283.079    -8.63   10.55
  35889.855   279.324   -10.04    9.07
  36263.768   276.609    -7.26    8.50
  36637.643   273.310    -8.82    9.73
  37011.479   270.014    -8.82    9.84
  37385.276   269.687    -0.87    9.10
  37759.035   271.622     5.18   11.03
  38132.754   274.886     8.73   12.76
  38506.435   279.903    13.43   11.78
  38880.078   279.219    -1.83   10.43
  39253.681   277.412    -4.84    6.90
  39627.246   276.002    -3.77    6.22
  40000.773   271.909   -10.96    7.18
  40374.260   269.323    -6.92    7.31
  40747.710   268.780    -1.45    7.45
  41121.120   269.232     1.21    6.62
  41494.492   267.886    -3.61    6.18
  41867.825   263.921   -10.62    8.05
  42241.120   261.135    -7.46    7.14
  42614.376   260.921    -0.57    7.80
  42987.593   262.728     4.84    8.85
  43360.772   269.986    19.45   10.24
  43733.913   277.159    19.22   12.38
  44107.015   284.376    19.34   11.69
  44480.078   289.748    14.40    7.71
  44853.104   289.448    -0.80    8.47
  45226.090   288.497    -2.55   10.74
  45599.038   289.307     2.17   10.34
  45971.948   288.842    -1.25    9.86
  46344.819   293.670    12.95   11.49
  46717.652   300.859    19.28   13.47
  47090.446   304.091     8.67   13.19
  47463.202   305.088     2.67   12.59
  47835.920   302.718    -6.36   14.68
  48208.599   296.079   -17.81   17.54
  48581.240   286.759   -25.01   15.41
  48953.843   278.359   -22.54   11.18
  49326.407   271.806   -17.59    9.14
  49698.933   266.851   -13.30    9.77
  50071.421   264.377    -6.64    9.31
  50443.870   258.341   -16.20   10.19
  50816.282   251.310   -18.88    9.47
  51188.655   251.163    -0.40    9.37
  51560.989   255.359    11.27   12.83
  51933.286   261.989    17.81   13.08
  52305.544   268.640    17.87   11.24
  52677.764   271.895     8.74   12.10
  53049.946   269.274    -7.04   14.78
  53422.090   262.412   -18.44   15.25
  53794.195   257.763   -12.49   11.80
  54166.263   258.114     0.94   10.56
  54538.292   265.431    19.67   14.68
  54910.283   278.307    34.61   15.80
  55282.236   285.056    18.14   12.48
  55654.151   285.482     1.15   13.38
  56026.028   281.925    -9.56   14.42
  56397.867   278.783    -8.45   10.45
  56769.667   277.741    -2.80    7.20
  57141.430   282.204    12.00    7.96
  57513.155   289.798    20.43    9.78
  57884.842   299.429    25.91   13.17
  58256.490   314.271    39.93   17.56
  58628.101   326.687    33.41   17.69
  58999.674   333.306    17.81   12.34
  59371.208   334.815     4.06   12.22
  59742.705   335.410     1.60   14.24
  60114.164   331.573   -10.33   14.59
  60485.585   329.698    -5.05   14.59
  60856.968   327.989    -4.60   15.59
  61228.313   327.127    -2.32   13.20
  61599.621   323.770    -9.04   15.21
  61970.890   319.790   -10.72   16.22
  62342.122   322.359     6.92   21.11
  62713.316   333.597    30.27   25.68
  63084.471   347.710    38.02   21.89
  63455.590   352.431    12.72   18.58
  63826.670   343.277   -24.67   24.38
  64197.712   332.859   -28.08   26.80
  64568.717   316.359   -44.47   23.12
  64939.684   307.359   -24.26   22.21
  65310.613   309.145     4.81   24.92
  65681.505   322.705    36.56   40.35
  66052.359   341.783    51.44   42.66
  66423.175   361.306    52.64   32.34
  66793.953   370.342    24.37   27.86
  67164.694   363.798   -17.65   29.36
  67535.397   353.710   -27.21   30.24
  67906.062   344.114   -25.89   28.45
  68276.690   343.324    -2.13   23.91
  68647.280   349.166    15.76   22.88
  69017.833   358.306    24.66   23.71
  69388.348   372.512    38.34   28.31
  69758.825   391.196    50.43   36.22
  70131.104   415.969    66.54   38.06
  70509.207   431.868    42.05   25.70
  70887.271   433.073     3.19   26.07
  71265.296   413.307   -52.28   30.84
  71643.282   389.532   -62.90   28.76
  72021.228   369.663   -52.57   32.18
  72399.135   347.996   -57.33   23.20
  72777.003   332.359   -41.38   11.51
  73154.832   324.640   -20.43    5.33
  73532.622   321.783    -7.56    3.82
  73910.372   319.984    -4.76    2.79
  74288.083   320.216     0.61    3.29
  74665.756   323.647     9.08    7.96
  75043.389   327.063     9.04   10.20
  75420.983   329.627     6.79   11.34
  75798.538   331.959     6.18   13.98
  76176.053   330.552    -3.73   13.07
  76553.530   327.056    -9.26   13.36
  76930.968   322.201   -12.86   14.13
  77308.367   315.745   -17.11    8.96
  77685.726   311.741   -10.61    6.53
  78063.047   309.258    -6.58    1.82
  78440.329   310.359     2.92    3.21
  78817.572   312.377     5.35    4.10
  79194.775   314.850     6.56    4.89
  79571.940   318.043     8.47    6.54
  79949.066   322.601    12.08    8.77
  80326.153   327.109    11.96   10.09
  80703.201   330.591     9.23    9.97
  81080.210   332.472     4.99    9.93
  81457.181   331.721    -1.99    8.87
  81834.112   334.127     6.38   10.33
  82211.005   340.377    16.58   15.24
  82587.859   351.500    29.51   19.95
  82964.674   367.270    41.85   23.22
  83341.450   382.444    40.27   24.14
  83718.187   397.167    39.08   23.14
  84094.886   411.394    37.77   28.41
  84471.546   421.109    25.79   32.11
  84848.167   428.289    19.06   31.12
  85224.749   424.324   -10.53   33.68
  85601.293   412.166   -32.29   37.49
  85977.797   394.868   -45.94   41.06
  86354.264   371.869   -61.09   34.50
  86730.691   359.902   -31.79   19.93
  87107.080   353.163   -17.90   13.25
  87483.430   349.114   -10.76    7.96
  87859.742   345.657    -9.18    9.01
  88236.015   338.622   -18.70   10.66
  88612.249   330.963   -20.36   10.47
  88988.445   327.196   -10.01    8.82
  89364.602   325.216    -5.26    5.26
  89740.720   327.680     6.55    7.16
  90116.800   329.945     6.02    7.73
  90492.842   333.913    10.55    7.19
  90868.845   339.773    15.58   12.28
  91244.809   346.991    19.20   14.36
  91620.735   353.323    16.84   13.44
  91996.622   359.698    16.96   10.98
  92372.471   362.906     8.54   10.93
  92748.282   370.341    19.78   15.98
  93124.054   381.177    28.83   20.45
  93499.787   390.289    24.25   21.49
  93875.482   400.698    27.70   17.13
  94251.139   404.886    11.14   13.83
  94626.757   415.026    26.99   19.07
  95002.337   425.127    26.89   25.92
  95377.879   441.885    44.62   30.36
  95753.382   463.609    57.85   35.17
  96128.847   485.201    57.50   39.70
  96504.273   513.468    75.29   39.35
  96879.661   535.091    57.60   32.83
  97255.011   552.868    47.36   22.01
  97630.323   563.886    29.35   18.17
  98005.596   575.377    30.62   19.99
  98380.831   587.941    33.48   21.73
  98756.028   599.675    31.27   22.11
  99131.186   600.159     1.29   29.46
  99506.307   602.986     7.54   36.34
  99881.389   611.289    22.13   37.69
 100256.433   614.307     8.05   34.04
 100631.438   617.096     7.44   29.54
 101006.406   618.032     2.50   21.98
 101381.335   619.938     5.08   16.60
 101756.227   622.970     8.09   13.87
 102131.080   621.770    -3.20   14.62
 102505.895   620.227    -4.12   16.38
 102880.672   617.597    -7.02   24.34
 103255.410   617.959     0.97   31.33
 103630.111   621.234     8.74   37.45
 104004.774   629.773    22.79   28.61
 104379.398   630.895     2.99   22.47
 104753.985   621.652   -24.67   22.79
 105128.533   606.532   -40.36   24.57
 105503.044   588.429   -48.33   26.39
 105877.517   573.632   -39.51   21.06
 106251.951   567.622   -16.05   18.98
 106626.348   562.502   -13.67   22.01
 107000.706   554.307   -21.89   30.20
 107375.027   541.096   -35.29   34.07
 107749.310   526.832   -38.11   33.92
 108123.554   521.342   -14.67   37.07
 108497.761   518.723    -7.00   41.03
 108871.930   508.163   -28.22   34.43
 109246.062   504.668    -9.34   34.18
 109620.155   496.288   -22.40   30.32
 109994.210   492.219   -10.88   31.27
 110368.228   487.377   -12.94   34.34
 110742.208   473.609   -36.81   29.46
 111116.149   462.091   -30.80   23.81
 111490.054   452.834   -24.76   19.05
 111863.920   446.923   -15.81   16.19
 112237.749   446.902    -0.06   19.00
 112611.539   451.982    13.59   21.38
 112985.292   463.645    31.20   22.78
 113359.008   478.500    39.74   26.17
 113732.685   491.236    34.08   32.56
 114106.325   506.429    40.66   31.84
 114479.927   510.745    11.55   29.59
 114853.492   503.984   -18.10   30.83
 115227.019   491.156   -34.34   28.84
 115600.508   478.427   -34.08   23.90
 115973.959   468.832   -25.69   18.80
 116347.373   472.342     9.40   20.15
 116720.750   481.432    24.34   19.36
 117094.088   483.163     4.64   15.87
 117467.389   489.464    16.88   20.45
 117840.653   493.833    11.70   28.63
 118213.879   493.323    -1.36   31.44
 118587.067   490.681    -7.08   34.24
 118960.218   482.377   -22.25   37.29
 119333.331   468.433   -37.37   29.59
 119706.407   459.549   -23.81   29.36
 120079.446   447.377   -32.62   30.40
 120452.446   445.921    -3.90   34.49
 120825.410   445.394    -1.41   39.52
 121198.336   445.991     1.60   38.46
 121571.224   458.482    33.49   38.46
 121944.075   464.806    16.96   38.07
 122316.889   479.484    39.37   32.99
 122689.665   496.793    46.43   20.48
 123062.404   504.630    21.02   26.24
 123435.105   515.109    28.11   32.45
 123807.769   527.359    32.87   26.92
 124180.396   529.174     4.87   24.26
 124552.985   522.341   -18.34   28.62
 124925.537   519.307    -8.14   28.41
 125298.052   526.859    20.27   27.30
 125670.529   532.991    16.46   21.87
 126042.969   532.500    -1.32   25.11
 126415.372   515.484   -45.68   36.39
 126787.737   493.821   -58.17   38.60
 127160.066   491.919    -5.11   41.70
 127532.357   500.123    22.03   45.74
 127904.610   520.118    53.71   39.35
 128276.827   533.520    36.00   22.57
 128649.006   527.556   -16.02   22.96
 129021.149   514.640   -34.70   22.17
 129393.254   510.288   -11.69   16.78
 129765.321   518.163    21.16   19.07
 130137.352   528.236    27.07   20.92
 130509.346   540.549    33.09   16.66
 130881.302   544.141     9.66   13.24
 131253.221   538.026   -16.44   21.84
 131625.104   523.604   -38.77   32.09
 131996.949   496.956   -71.66   35.87
 132368.757   470.061   -72.33   30.25
 132740.528   448.841   -57.07   29.12
 133112.262   442.502   -17.05   35.08
 133483.958   444.447     5.23   45.27
 133855.618   451.198    18.16   57.17
 134227.241   468.923    47.69   62.80
 134598.827   480.043    29.92   56.73
 134970.376   490.286    27.56   44.80
 135341.888   477.139   -35.38   44.67
 135713.363   446.859   -81.50   52.80
 136084.801   415.948   -83.21   46.57
 136456.202   402.663   -35.77   39.71
 136827.566   394.622   -21.65   44.30
 137198.893   393.716    -2.44   43.77
 137570.183   390.984    -7.36   43.92
 137941.437   389.886    -2.96   44.98
 138312.653   389.429    -1.23   44.68
 138683.833   387.101    -6.27   35.76
 139054.976   392.859    15.51   33.43
 139426.082   400.308    20.07   41.86
 139797.151   415.494    40.92   49.67
 140168.183   429.500    37.74   44.69
 140539.179   425.305   -11.31   41.62
 140910.137   417.114   -22.08   37.21
 141281.059   404.341   -34.43   34.74
 141651.945   390.061   -38.50   32.63
 142022.793   384.149   -15.94   32.73
 142393.605   375.127   -24.33   32.22
 142764.380   361.903   -35.66   28.32
 143135.118   368.796    18.59   36.42
 143505.820   398.825    80.99   57.67
 143876.485   434.906    97.33   54.69
 144247.113   467.038    86.68   37.96
 144617.705   483.821    45.28   30.74
 144989.475   475.114   -23.42   35.14
 145367.495   453.577   -56.96   47.74
 145745.476   415.181  -101.57   61.60
 146123.419   373.377  -110.59   48.03
 146501.323   356.396   -44.93   41.20
 146879.189   344.570   -31.29   45.14
 147257.018   345.767     3.17   46.56
 147634.808   350.271    11.92   36.63
 148012.559   351.681     3.73   29.28
 148390.273   357.502    15.41   25.81
 148767.949   360.535     8.03   30.24
 149145.586   352.486   -21.31   26.63
 149523.185   347.091   -14.29   22.46
 149900.747   340.548   -17.33   18.27
 150278.270   331.517   -23.92   18.85
 150655.755   320.741   -28.54   18.09
 151033.202   313.966   -17.95   16.07
 151410.611   313.622    -0.91   18.28
 151787.982   317.777    11.01   18.35
 152165.315   320.032     5.97   21.07
 152542.609   317.656    -6.30   23.26
 152919.866   321.535    10.28   20.40
 153297.085   325.868    11.49   20.52
 153674.266   331.198    14.13   24.08
 154051.409   338.705    19.90   28.45
 154428.514   344.091    14.28   26.01
 154805.581   344.627     1.42   25.87
 155182.611   337.970   -17.65   34.28
 155559.602   324.538   -35.63   37.90
 155936.555   299.931   -65.27   40.48
 156313.471   278.061   -58.01   36.01
 156690.349   257.324   -55.01   25.51
 157067.189   248.502   -23.41   23.26
 157443.991   256.447    21.08   27.08
 157820.755   269.415    34.41   24.80
 158197.481   280.687    29.92   22.60
 158574.170   293.265    33.39   20.80
 158950.821   297.216    10.49   24.44
 159327.434   298.645     3.79   27.46
 159704.009   301.377     7.25   29.91
 160080.546   303.823     6.50   32.29
 160457.046   307.214     9.00   35.69
 160833.508   309.627     6.41   34.58
 161209.933   306.955    -7.10   35.61
 161586.319   287.239   -52.38   33.37
 161962.668   266.268   -55.71   26.22
 162338.980   255.377   -28.94   26.60
 162715.253   251.127   -11.29   26.85
 163091.489   243.413   -20.50   31.02
 163467.688   236.859   -17.42   33.75
 163843.849   227.340   -25.30   33.31
 164219.972   209.693   -46.91   32.92
 164596.058   194.966   -39.15   28.80
 164972.106   182.710   -32.59   19.52
 165348.116   172.587   -26.92    8.61
 165724.089   178.627    16.06   25.17
 166100.025   185.288    17.71   29.02
 166475.922   192.359    18.81   28.43
 166851.783   196.935    12.17   26.32
 167227.606   195.378    -4.14   20.85
 167603.391   202.447    18.81   24.55
 167979.139   207.505    13.46   24.78
 168354.850   216.605    24.22   25.25
 168730.523   225.342    23.25   26.21
 169106.158   235.466    26.95   33.27
 169481.756   250.535    40.11   31.93
 169857.317   253.044     6.68   29.57
 170232.841   255.823     7.40   23.36
 170608.327   254.915    -2.42   21.14
 170983.775   254.020    -2.38   21.46
 171359.187   248.931   -13.55   23.53
 171734.560   240.341   -22.88   25.27
 172109.897   235.254   -13.55   26.55
 172485.196   226.214   -24.08   26.89
 172860.458   218.991   -19.24   23.27
 173235.683   216.878    -5.63   21.20
 173610.871   211.323   -14.80   20.36
 173986.021   203.931   -19.70   23.37
 174361.134   191.556   -32.98   22.41
 174736.209   178.236   -35.50   17.04
 175111.248   172.559   -15.13   13.47
 175486.249   166.645   -15.77   12.66
 175861.213   161.648   -13.32    7.27
 176236.140   159.484    -5.77    2.44
 176611.030   158.448    -2.76    1.91
 176985.882   157.973    -1.27    1.58
 177360.698   158.341     0.98    1.82
 177735.476   158.966     1.67    1.90
 178110.217   159.622     1.75    2.00
 178484.921   161.159     4.10    2.61
 178859.588   164.464     8.82    4.73
 179234.218   168.552    10.91    5.80
 179608.810   174.573    16.07    6.74
 179983.366   180.248    15.15    6.56
 180357.885   184.394    11.07    5.52
 180732.366   185.966     4.20    4.28
 181106.811   183.043    -7.80    7.73
 181481.218   177.254   -15.46   10.36
 181855.589   171.396   -15.64    8.26
 182229.923   169.101    -6.13    5.26
 182604.219   170.859     4.70    6.60
 182978.479   176.798    15.86    9.47
 183352.702   182.656    15.65    8.57
 183726.887   186.484    10.23    7.42
 184101.036   188.431     5.20    6.32
 184475.148   189.431     2.67    5.54
 184849.223   192.181     7.35    6.40
 185223.261   195.905     9.95    7.66
 185597.263   201.324    14.49    9.98
 185971.227   208.013    17.88    8.97
 186345.155   214.118    16.32    9.56
 186719.046   221.759    20.43   10.64
 187092.900   223.056     3.47   10.80
 187466.717   216.050   -18.74   18.10
 187840.497   207.342   -23.29   19.19
 188214.241   198.645   -23.26   11.12
 188587.947   198.730     0.23   10.44
 188961.618   201.728     8.02   11.66
 189335.251   202.137     1.10   11.99
 189708.847   200.181    -5.24   10.08
 190082.407   199.748    -1.16    6.82
 190455.930   202.627     7.71    7.73
 190829.417   205.734     8.32   12.15
 191202.867   201.614   -11.03   19.93
 191576.280   192.026   -25.67   26.07
 191949.656   183.959   -21.60   26.73
 192322.996   172.394   -30.97   19.90
 192696.299   167.032   -14.36   14.57
 193069.566   162.359   -12.52    5.04
 193442.796   161.433    -2.48    1.86
 193815.989   162.216     2.10    2.44
 194189.146   163.123     2.43    2.56
 194562.266   164.232     2.97    2.33
 194935.350   165.359     3.02    1.94
 195308.397   166.288     2.49    1.66
 195681.407   166.956     1.79    1.60
 196054.381   168.137     3.17    1.79
 196427.319   169.763     4.36    2.13
 196800.220   171.831     5.55    3.29
 197173.084   174.745     7.81    4.46
 197545.913   179.723    13.35    6.37
 197918.704   185.288    14.92    8.39
 198291.459   193.596    22.28   11.11
 198664.178   202.850    24.82   14.78
 199036.860   218.877    43.00   26.54
 199409.506   235.341    44.17   34.86
 199782.116   260.271    66.89   44.32
 200154.689   287.455    72.95   49.95
 200527.226   302.500    40.37   56.17
 200899.726   309.432    18.61   57.89
 201272.190   292.833   -44.56   49.81
 201644.618   283.377   -25.38   36.83
 202017.010   280.877    -6.71   29.63
 202389.365   298.591    47.56   40.12
 202761.683   323.196    66.07   45.69
 203133.966   343.538    54.63   45.17
 203506.212   359.614    43.18   46.00
 203878.422   366.520    18.55   46.53
 204250.596   361.821   -12.62   42.64
 204622.733   353.868   -21.37   35.66
 204994.835   351.359    -6.74   31.41
 205366.900   344.538   -18.33   31.53
 205738.929   336.650   -21.20   35.70
 206110.921   337.216     1.52   34.23
 206482.878   335.614    -4.31   30.01
 206854.798   328.941   -17.94   28.73
 207226.683   329.591     1.75   28.29
 207598.531   326.804    -7.50   27.42
 207970.343   336.745    26.73   30.37
 208342.118   356.975    54.40   33.57
 208713.858   369.464    33.59   30.57
 209085.562   383.668    38.20   30.71
 209457.229   401.520    48.02   38.76
 209828.861   425.216    63.75   54.36
 210200.456   463.535   103.10   64.66
 210572.016   510.541   126.48   61.49
 210943.539   542.577    86.21   49.91
 211315.026   564.201    58.20   46.45
 211686.478   569.793    15.05   45.46
 212057.893   550.127   -52.94   51.16
 212429.273   523.648   -71.28   62.48
 212800.616   481.216  -114.24   72.41
 213171.924   426.414  -147.56   59.10
 213543.195   401.913   -65.98   39.40
 213914.431   397.627   -11.54   33.98
 214285.630   411.131    36.37   41.89
 214656.794   424.977    37.30   43.19
 215027.922   429.822    13.05   41.36
 215399.014   434.359    12.22   36.23
 215770.070   441.804    20.06   36.46
 216141.090   464.859    62.13   50.34
 216512.075   502.248   100.76   59.06
 216883.023   546.984   120.57   56.49
 217253.936   575.850    77.81   46.28
 217624.813   590.131    38.50   45.85
 217995.654   603.377    35.71   57.98
 218366.460   622.984    52.86   70.33
 218737.229   674.723   139.51   85.20
 219107.963   718.609   118.35   88.80
 219478.661   769.026   135.97   72.42
 219849.997   794.341    68.16   53.43
 220227.938   780.948   -35.43   53.28
 220605.842   750.686   -80.06   67.56
 220983.709   693.645  -150.92   82.08
 221361.538   635.886  -152.83   85.96
 221739.331   586.796  -129.91   76.35
 222117.086   545.502  -109.29   74.29
 222494.804   516.952   -75.57   63.83
 222872.484   490.002   -71.34   55.64
 223250.128   463.494   -70.18   42.11
 223627.734   439.570   -63.34   40.60
 224005.304   413.723   -68.44   33.72
 224382.836   397.520   -42.91   26.53
 224760.331   382.752   -39.11   13.76
 225137.789   375.232   -19.92   12.65
 225515.210   371.698    -9.36   12.22
 225892.593   374.436     7.25   17.03
 226269.940   387.091    33.53   25.49
 226647.250   399.073    31.75   22.15
 227024.522   407.341    21.91   19.51
 227401.758   407.236    -0.28   21.49
 227778.956   404.489    -7.28   24.46
 228156.118   405.038     1.46   32.60
 228533.243   405.878     2.23   42.62
 228910.330   396.609   -24.58   44.03
 229287.381   371.450   -66.71   39.14
 229664.394   352.777   -49.52   27.37
 230041.371   343.823   -23.75   18.27
 230418.311   342.081    -4.62   17.16
 230795.214   347.341    13.95   23.27
 231172.080   360.577    35.11   34.93
 231548.909   363.181     6.91   29.53
 231925.701   368.081    13.00   26.69
 232302.457   374.770    17.75   28.05
 232679.175   381.141    16.91   29.96
 233055.857   392.268    29.53   39.40
 233432.502   402.966    28.40   45.64
 233809.110   395.648   -19.43   46.29
 234185.681   378.127   -46.52   40.43
 234562.216   362.470   -41.57   31.17
 234938.713   351.236   -29.83   23.51
 235315.174   342.131   -24.18   21.74
 235691.598   337.627   -11.96   26.06
 236067.986   332.163   -14.51   29.12
 236444.337   329.265    -7.70   31.24
 236820.651   322.734   -17.35   29.56
 237196.928   313.520   -24.48   26.31
 237573.169   306.614   -18.35   24.01
 237949.373   294.741   -31.55   18.44
 238325.540   288.412   -16.82   13.47
 238701.671   282.507   -15.69    6.59
 239077.765   280.996    -4.02    7.26
 239453.822   277.859    -8.34    6.19
 239829.843   276.186    -4.45    4.85
 240205.827   274.913    -3.39    4.41
 240581.775   277.396     6.60   12.47
 240957.686   280.359     7.88   17.77
 241333.560   281.841     3.94   20.90
 241709.398   280.681    -3.09   20.88
 242085.199   278.109    -6.84   18.25
 242460.964   276.417    -4.50   18.59
 242836.693   279.377     7.88   28.20
 243212.384   277.468    -5.08   30.39
 243588.040   270.038   -19.78   26.11
 243963.659   265.177   -12.94   21.11
 244339.241   261.323   -10.26   18.11
 244714.787   260.032    -3.44   20.12
 245090.297   255.284   -12.64   16.06
 245465.770   251.395   -10.35   10.29
 245841.206   252.705     3.49   13.22
 246216.607   256.948    11.30   21.52
 246591.971   259.396     6.52   26.53
 246967.298   259.163    -0.62   27.19
 247342.589   263.091    10.47   33.66
 247717.844   265.123     5.41   39.89
 248093.063   265.431     0.82   45.45
 248468.245   263.936    -3.98   48.12
 248843.391   255.466   -22.57   35.29
 249218.500   245.759   -25.87   21.88
 249593.573   241.645   -10.97   16.99
 249968.610   236.686   -13.22   14.24
 250343.611   232.448   -11.30   13.59
 250718.576   227.123   -14.20    7.18
 251093.504   226.632    -1.31    9.28
 251468.396   226.038    -1.58    8.77
 251843.251   229.821    10.09   15.67
 252218.071   236.359    17.44   23.93
 252592.854   239.941     9.55   25.94
 252967.602   243.429     9.31   28.06
 253342.313   240.675    -7.35   22.78
 253716.987   243.681     8.02   22.63
 254091.626   255.663    31.97   33.46
 254466.229   275.208    52.16   44.54
 254840.795   299.341    64.41   50.85
 255215.326   306.661    19.54   55.66
 255589.820   307.977     3.51   55.02
 255964.278   315.505    20.10   56.87
 256338.700   327.342    31.61   60.63
 256713.086   350.785    62.60   57.66
 257087.436   377.777    72.09   64.18
 257461.750   416.073   102.28   75.55
 257836.028   446.494    81.26   75.11
 258210.270   458.091    30.98   71.47
 258584.476   439.416   -49.89   85.19
 258958.646   411.806   -73.77   81.39
 259332.780   383.432   -75.82   57.80
 259706.878   373.618   -26.23   47.68
 260080.940   377.270     9.76   42.24
 260454.966   402.137    66.47   54.06
 260828.957   432.323    80.69   74.27
 261202.911   471.917   105.85   87.90
 261576.829   481.815    26.47   79.99
 261950.712   492.982    29.86   70.51
 262324.558   516.886    63.92   82.85
 262698.369   562.341   121.57   89.65
 263072.144   608.109   122.42   77.40
 263445.883   633.448    67.78   63.89
 263819.587   646.156    33.99   76.32
 264193.254   656.163    26.77   97.00
 264566.886   650.850   -14.22  107.68
 264940.481   670.323    52.11   97.18
 265314.042   681.189    29.08   80.61
 265687.566   698.886    47.37   86.62
 266061.054   715.396    44.19  101.31
 266434.507   745.637    80.95  108.12
 266807.924   746.833     3.20  106.65
 267181.306   742.007   -12.92   94.71
 267554.651   712.984   -77.72   88.97
 267927.961   663.963  -131.28   88.60
 268301.235   638.323   -68.67   98.81
 268674.474   620.227   -48.47   93.65
 269047.677   626.270    16.19   80.87
 269420.844   645.741    52.16   59.83
 269793.976   639.500   -16.72   52.03
 270167.072   620.464   -51.01   62.59
 270540.132   596.814   -63.38   69.36
 270913.157   564.270   -87.22   69.35
 271286.146   539.906   -65.30   68.54
 271659.100   519.609   -54.41   58.64
 272032.018   491.840   -74.44   56.82
 272404.901   454.429  -100.30   58.86
 272777.748   419.814   -92.82   43.74
 273150.559   406.056   -36.89   35.01
 273523.335   404.174    -5.05   42.94
 273896.075   409.559    14.44   57.93
 274268.780   410.832     3.41   65.42
 274641.450   420.748    26.60   87.36
 275014.084   440.823    53.86  110.09
 275386.682   466.705    69.44  124.27
 275759.245   459.681   -18.85  113.00
 276131.773   431.822   -74.76   95.76
 276504.265   403.931   -74.86   70.44
 276876.722   380.941   -61.71   50.71
 277249.144   381.831     2.39   42.41
 277621.530   395.686    37.20   46.62
 277993.880   401.026    14.34   41.90
