# NaN NaN NaN ;Mean Elev.(m), Avg Gradient(m/km), RMS Gradient(m/km) - SRTM1     
#  112.927  -4.264  21.785 ;Mean Elev.(m), Avg Gradient(m/km), RMS Gradient(m/km) - ASTER GDEM
#  119.304  -3.849  21.230 ;Mean Elev.(m), Avg Gradient(m/km), RMS Gradient(m/km) - GMTED2010 
  7 127.614604  50.317026   123.270   123.270  2 52468.09108116 10.349
  8 127.611669  50.316019   119.536   119.402  3 52503.09107080 25.831
 10 127.615020  50.317556   122.725   122.706  3 52573.09109517 45.209
 11 127.616077  50.317968   123.208   123.208  2 52608.09105317 40.526
 12 127.620183  50.317765   123.207   123.207  2 52643.09104921 20.961
 13 127.616479  50.317605   123.342   123.327  3 52678.09103250 19.444
 14 127.619657  50.317167   123.393   123.393  2 52713.09106920 23.276
 15 127.602289  50.316425   122.408   122.448  3 52748.09109617 38.502
 16 127.624045  50.318334   122.755   122.757  3 52783.09103533 25.172
 17 127.622732  50.318593   123.731   123.731  2 52818.09111333 22.452
 18 127.622649  50.318474   124.643   124.631  3 52853.09116317 50.637
 20 127.609707  50.315494   126.253   123.483  3 52923.09115255 20.292
 21 127.630446  50.321295   122.923   122.993  3 52958.09111690 38.110
 22 127.622755  50.318640   123.835   123.835  2 52993.09114305 22.533
 23 127.615673  50.317325   123.415   123.415  2 53028.09110832 15.956
 24 127.625635  50.318663   123.544   123.563  3 53063.09111616 14.627
 25 127.604905  50.315565   130.707   133.306  3 53098.09113529 21.251
 26 127.629482  50.320498   124.088   124.090  3 53133.09111337 23.350
 28 127.616254  50.316848   122.830   122.830  2 53203.09118974 23.404
 29 127.619010  50.317447   123.929   123.940  3 53238.09115830 30.046
 30 127.630525  50.319027   124.468   124.449  3 53273.09111693 45.037
 31 127.614385  50.316950   123.090   123.120  3 53308.09117774 40.608
 33 127.632754  50.320390   123.974   123.949  3 53378.09108306 19.123
 34 127.621518  50.317670   123.827   123.827  2 53413.09112015 16.856
 35 127.628577  50.319424   123.624   123.633  3 53448.09110705 20.909
 36 127.613288  50.316994   123.403   123.363  3 53483.09119317 38.454
 37 127.617032  50.317435   123.866   123.866  2 53518.09119275 22.892
 38 127.609353  50.316676   124.307   124.301  3 53553.09121484 34.273
 39 127.617770  50.317194   122.775   122.775  2 53588.09116501 49.871
 40 127.619322  50.317419   122.368   122.368  2 53623.09113562 18.565
 41 127.619490  50.317515   123.633   123.633  2 53658.09116315 17.407
 42 127.612532  50.317310   122.268   122.349  3 53693.09114527 44.502
 43 127.611846  50.317582   123.664   123.632  3 53728.09106847 22.883
 44 127.631722  50.320842   123.679   123.694  3 53763.09102507 20.693
 45 127.615771  50.317880   123.627   123.597  3 53798.09103604 16.885
 47 127.618976  50.317884   122.352   122.352  2 53868.09109544 21.507
 48 127.616068  50.316719   124.331   124.331  2 53903.09112727 31.285
 49 127.607246  50.316431   135.165   135.236  3 53938.09116389 19.698
 50 127.608694  50.316449   123.722   123.816  3 53973.09112672 29.484
 52 127.627539  50.320747   122.868   122.804  3 54043.09113698 49.516
 53 127.613211  50.316068   123.947   123.983  3 54078.09113217 30.470
 56 127.608952  50.316682   123.721   123.704  3 54183.09105924 30.140
 57 127.620402  50.318663   123.625   123.625  2 54218.09108406 21.566
 58 127.617496  50.317685   124.339   124.339  2 54253.09110946 32.761
 59 127.618341  50.318628   123.641   123.641  2 54288.09111369 31.171
 60 127.618532  50.317739   125.284   125.311  3 54323.09111115 33.185
 61 127.609914  50.315513   124.867   124.867  3 54358.09106905 38.569
 62 127.619655  50.318784   123.393   123.393  2 54393.09105136 23.772
 63 127.614805  50.316392   122.340   122.340  2 54428.09101910 41.140
 65 127.615460  50.316875   124.106   124.106  2 54498.09102805 23.452
 66 127.621172  50.318510   124.060   124.060  2 54533.09104331 27.737
 67 127.610535  50.315828   123.864   123.889  3 54568.09103257 35.365
 68 127.618809  50.317902   123.376   123.408  3 54603.09103826 47.945
 69 127.615639  50.318033   122.806   122.806  2 54638.09104952 22.947
 70 127.614499  50.316304   123.229   123.229  2 54673.09105279 31.220
 71 127.614544  50.317362   123.374   123.371  3 54708.09101133 43.120
 72 127.619582  50.318059 14572.056 14572.056  2 54743.09101808 39.792
 73 127.616227  50.317089   123.123   123.149  3 54778.09099383 41.967
 74 127.622238  50.317731   123.920   123.920  2 54813.09101141 23.361
 75 127.613742  50.316857   123.594   123.642  3 54848.09099350 18.132
 76 127.618312  50.316933   123.605   123.605  2 54883.09101526 13.291
 77 127.607607  50.316698   126.911   125.267  4 54918.09099631 11.568
 78 127.618069  50.316640   123.615   123.615  2 54953.09100909 22.100
 79 127.616195  50.317812   123.967   123.967  2 54988.09103332 28.101
 80 127.616590  50.316826   123.453   123.288  3 55023.09102574 24.952
 81 127.616626  50.317859   123.868   123.868  2 55058.09102087 39.267
 82 127.610491  50.317785   124.588   124.593  3 55093.09097627 38.245
 83 127.618172  50.316766   123.742   123.742  2 55128.09096189 48.296
 84 127.615020  50.317729 14568.103 14568.103  2 55163.09093776 47.015
 85 127.620265  50.317442   124.378   124.378  2 55198.09095272 31.249
 86 127.610686  50.315958   123.877   123.918  3 55233.09094266 15.251
 87 127.618871  50.318056   123.949   123.981  3 55268.09094749 13.583
 88 127.611621  50.316245   123.478   123.494  3 55303.09092188 25.614
 89 127.616643  50.317197   123.726   123.726  2 55338.09092104 19.754
 90 127.616781  50.317353   124.700   124.750  3 55373.09091180 30.941
 91 127.621271  50.317704   124.744   124.744  2 55408.09093201 30.433
 92 127.616258  50.317197   124.580   124.580  2 55443.09092993 35.533
 93 127.611002  50.318063   123.219   123.182  3 55478.09086943 49.770
