# NaN NaN NaN ;Mean Elev.(m), Avg Gradient(m/km), RMS Gradient(m/km) - SRTM1     
#   51.706   0.012   3.108 ;Mean Elev.(m), Avg Gradient(m/km), RMS Gradient(m/km) - ASTER GDEM
#   49.970  -0.313   1.407 ;Mean Elev.(m), Avg Gradient(m/km), RMS Gradient(m/km) - GMTED2010 
  6    56.713 52440.07763573 44.40 131.538780  47.733204 27.293
  6    56.365 52440.07763638 50.34 131.537460  47.729964 27.293
  6    56.433 52440.07763702 49.84 131.536140  47.726724 27.293
  7    56.971 52475.07763376 45.70 131.542851  47.731978 17.750
  7    56.780 52475.07763440 25.98 131.541531  47.728738 17.750
  7    56.334 52475.07763505 16.05 131.540211  47.725488 17.750
  8    56.010 52510.07759317 28.03 131.547164  47.729817  8.650
  8    55.666 52510.07759382 23.33 131.545844  47.726577  8.650
  8    55.835 52510.07759446 17.38 131.544524  47.723327  8.650
  9    55.275 52545.07760171 48.37 131.554180  47.725106 31.413
  9    56.074 52545.07760235 49.71 131.552860  47.721856 31.413
  9    55.495 52545.07760299 42.65 131.551540  47.718616 31.413
  9    55.195 52545.07760364 48.30 131.550220  47.715366 31.413
  9    55.388 52545.07760428 37.14 131.548900  47.712126 31.413
 10    54.305 52580.07763360 39.96 131.546245  47.728701 16.608
 10    54.282 52580.07763425 44.99 131.544925  47.725461 16.608
 10    54.168 52580.07763489 35.06 131.543615  47.722221 16.608
 11    54.188 52615.07760098 16.62 131.539718  47.733591  4.816
 11    54.259 52615.07760163 17.14 131.538408  47.730351  4.816
 11    53.966 52615.07760227 17.77 131.537088  47.727111  4.816
 12    53.865 52650.07758119 14.11 131.551551  47.724350  4.241
 12    53.988 52650.07758183 14.97 131.550231  47.721110  4.241
 12    54.361 52650.07758248 16.66 131.548911  47.717860  4.241
 12    54.123 52650.07758312 16.19 131.547601  47.714620  4.241
 13    53.667 52685.07756537 11.69 131.547544  47.728362  3.291
 13    53.936 52685.07756602 10.39 131.546224  47.725112  3.291
 13    53.894 52685.07756666 11.57 131.544904  47.721872  3.291
 14    53.932 52720.07761749 30.60 131.545623  47.727993 16.739
 14    54.101 52720.07761813 30.81 131.544313  47.724743 16.739
 14    58.153 52720.07761878 28.13 131.542993  47.721503 16.739
 15    54.050 52755.07764034 23.00 131.533206  47.736418  9.744
 15    53.844 52755.07764098 22.44 131.531896  47.733178  9.744
 15    53.485 52755.07764163 21.13 131.530576  47.729938  9.744
 16    55.881 52790.07758978 13.41 131.553325  47.726204  4.996
 16    55.927 52790.07759042 13.83 131.552005  47.722954  4.996
 16    56.020 52790.07759107 12.57 131.550685  47.719714  4.996
 16    56.096 52790.07759171 11.84 131.549365  47.716474  4.996
 16    56.081 52790.07759235 12.40 131.548045  47.713224  4.996
 17    56.610 52825.07765992 13.00 131.552509  47.725472  6.051
 17    56.660 52825.07766057 12.30 131.551189  47.722222  6.051
 17    56.460 52825.07766121 12.71 131.549869  47.718982  6.051
 17    56.655 52825.07766186 11.21 131.548559  47.715742  6.051
 18    60.721 52860.07770594 43.66 131.553582  47.724934 14.915
 18    60.701 52860.07770658 43.63 131.552262  47.721684 14.915
 18    60.516 52860.07770723 42.93 131.550942  47.718444 14.915
 18    60.511 52860.07770787 44.41 131.549622  47.715204 14.915
 18    60.418 52860.07770852 48.93 131.548312  47.711954 14.915
 19    58.357 52895.07773598 38.04 131.543506  47.730489 26.358
 19    58.214 52895.07773662 23.76 131.542186  47.727249 26.358
 19    58.068 52895.07773727 34.11 131.540866  47.723999 26.358
 20    56.892 52930.07768462 18.32 131.538348  47.734070 13.105
 20    56.879 52930.07768527 16.25 131.537028  47.730830 13.105
 20    58.806 52930.07768591 14.25 131.535718  47.727580 13.105
 21    55.000 52965.07767645 30.99 131.554433  47.724110  9.182
 21    54.974 52965.07767709 32.14 131.553113  47.720870  9.182
 21    54.941 52965.07767774 32.81 131.551793  47.717620  9.182
 21    54.956 52965.07767838 41.19 131.550474  47.714377 17.673
 21    54.981 52965.07767903 36.34 131.549154  47.711137 17.673
 22    56.018 53000.07770966 17.86 131.541253  47.734430  4.341
 22    56.170 53000.07771031 17.85 131.539933  47.731180  4.341
 22    56.197 53000.07771095 18.96 131.538613  47.727940  4.341
 22    56.014 53000.07771160 19.13 131.537303  47.724690  4.341
 23    56.229 53035.07765906 10.54 131.539927  47.734222  3.625
 23    56.334 53035.07765971 10.75 131.538617  47.730982  3.625
 23    56.474 53035.07766035 11.34 131.537297  47.727742  3.625
 24    56.187 53070.07767892  7.58 131.547174  47.726974  2.554
 24    55.946 53070.07767956  8.03 131.545864  47.723724  2.554
 24    55.946 53070.07768021  8.09 131.544544  47.720484  2.554
 25    55.144 53105.07766070 41.64 131.537293  47.734174 25.751
 25    55.256 53105.07766134 26.58 131.535983  47.730934 25.751
 25    58.291 53105.07766199 23.83 131.534663  47.727684 25.751
 26    60.048 53140.07768461 51.36 131.551008  47.726956 12.072
 26    60.101 53140.07768526 52.65 131.549688  47.723706 12.072
 26    60.007 53140.07768590 43.00 131.548368  47.720466 12.072
 26    59.787 53140.07768655 46.85 131.547051  47.717220 17.691
 27    57.599 53175.07771935 45.16 131.547024  47.727592 14.800
 27    57.072 53175.07772000 46.46 131.545704  47.724352 14.800
 27    57.052 53175.07772064 45.85 131.544394  47.721102 14.800
 28    61.342 53210.07773670 10.36 131.544373  47.730958  8.770
 28    60.178 53210.07773735 11.90 131.543063  47.727718  8.770
 28    58.292 53210.07773799 13.38 131.541743  47.724468  8.770
 29    56.032 53245.07770457 23.67 131.545867  47.730733 12.079
 29    56.118 53245.07770521 25.40 131.544547  47.727493 12.079
 29    56.131 53245.07770586 22.04 131.543227  47.724243 12.079
 30    56.746 53280.07768744 12.08 131.550123  47.725054  4.012
 30    56.648 53280.07768809 14.44 131.548803  47.721804  4.012
 30    56.780 53280.07768873 16.96 131.547488  47.718560 26.850
 31    55.621 53315.07770531 36.50 131.547853  47.728520 14.040
 31    55.415 53315.07770595 34.87 131.546533  47.725280 14.040
 31    54.745 53315.07770660 34.23 131.545223  47.722040 14.040
 32    55.481 53350.07767099 20.79 131.547625  47.728858  6.461
 32    55.461 53350.07767164 25.60 131.546315  47.725608  6.461
 32    55.521 53350.07767228 26.94 131.544995  47.722368  6.461
 33    55.278 53385.07764998 12.91 131.551705  47.726622  3.424
 33    55.539 53385.07765062 13.94 131.550385  47.723382  3.424
 33    55.494 53385.07765127 14.06 131.549065  47.720132  3.424
 33    55.402 53385.07765191 14.36 131.547743  47.716888  5.970
 34    55.355 53420.07765548 11.98 131.552697  47.724831  3.515
 34    55.398 53420.07765613 13.40 131.551387  47.721581  3.515
 34    55.395 53420.07765677 13.86 131.550067  47.718341  3.515
 34    55.265 53420.07765742 13.44 131.548747  47.715091  3.515
 35    54.664 53455.07766151 27.21 131.555082  47.722457 12.683
 35    54.526 53455.07766215 26.16 131.553762  47.719217 12.683
 35    54.525 53455.07766280 22.64 131.552442  47.715967 12.683
 35    54.569 53455.07766344 18.60 131.551119  47.712724 10.162
 35    54.417 53455.07766409 17.76 131.549809  47.709484 10.162
 35    54.215 53455.07766473 18.85 131.548489  47.706234 10.162
 36    56.379 53490.07774487 24.23 131.542004  47.733409 14.252
 36    56.178 53490.07774551 25.29 131.540684  47.730169 14.252
 36    59.679 53490.07774616 20.87 131.539364  47.726919 14.252
 37    60.397 53525.07773043 45.40 131.550341  47.728455 17.309
 37    60.441 53525.07773108 54.29 131.549031  47.725215 17.309
 37    60.110 53525.07773172 54.46 131.547711  47.721975 17.309
 37    60.150 53525.07773237 52.68 131.546391  47.718725 17.309
 38    57.495 53560.07775729 11.29 131.539878  47.734138  9.832
 38    57.226 53560.07775794 11.76 131.538558  47.730888  9.832
 38    57.119 53560.07775858 12.49 131.537248  47.727648  9.832
 39    55.870 53595.07769641 48.67 131.547267  47.727880 14.882
 39    55.602 53595.07769706 48.62 131.545947  47.724630 14.882
 39    55.457 53595.07769770 46.50 131.544627  47.721390 14.882
 40    55.078 53630.07768978 23.07 131.548747  47.726646 10.591
 40    55.141 53630.07769042 30.34 131.547427  47.723406 10.591
 40    55.135 53630.07769107 33.51 131.546107  47.720166 10.591
 42    54.806 53700.07766835 38.12 131.545792  47.728349 14.176
 42    54.888 53700.07766899 43.80 131.544482  47.725109 14.176
 42    54.559 53700.07766964 30.43 131.543162  47.721869 14.176
 43    55.934 53735.07759003 18.86 131.544378  47.730766  5.140
 43    55.847 53735.07759067 19.89 131.543068  47.727516  5.140
 43    55.945 53735.07759132 20.53 131.541748  47.724276  5.140
 44    55.559 53770.07757867 15.00 131.552660  47.723669  4.843
 44    55.521 53770.07757932 15.12 131.551340  47.720429  4.843
 44    55.517 53770.07757996 15.79 131.550030  47.717179  4.843
 44    55.249 53770.07758061 16.70 131.548710  47.713939  4.843
 45    55.548 53805.07757143  9.51 131.546316  47.730521  2.821
 45    55.759 53805.07757207 10.07 131.545006  47.727281  2.821
 45    55.692 53805.07757272 10.45 131.543686  47.724041  2.821
 47    57.087 53875.07763832 31.15 131.549980  47.727916 11.076
 47    57.332 53875.07763896 33.05 131.548660  47.724666 11.076
 47    57.644 53875.07763961 34.84 131.547340  47.721426 11.076
 47    57.087 53875.07764025 27.11 131.546020  47.718176 11.076
 49    58.793 53945.07770445 31.42 131.538701  47.734548 13.614
 49    58.824 53945.07770510 31.76 131.537381  47.731298 13.614
 49    58.721 53945.07770574 31.15 131.536061  47.728058 13.614
 50    57.086 53980.07765219 38.05 131.541773  47.733795 20.705
 50    56.855 53980.07765284 23.16 131.540453  47.730555 20.705
 50    56.699 53980.07765348 16.37 131.539133  47.727305 20.705
 51    56.707 54015.07767110 45.95 131.553722  47.723038 18.926
 51    56.695 54015.07767175 47.40 131.552402  47.719788 18.926
 51    56.735 54015.07767239 44.63 131.551082  47.716548 18.926
 51    56.596 54015.07767304 44.04 131.549762  47.713308 18.926
 52    53.936 54050.07767402 45.61 131.553079  47.724629 25.086
 52    54.020 54050.07767467 51.59 131.551759  47.721379 25.086
 52    54.129 54050.07767531 46.07 131.550439  47.718139 25.086
 52    53.755 54050.07767596 38.49 131.549119  47.714899 25.086
 54    56.294 54120.07759183 15.57 131.539951  47.735228  5.928
 54    56.337 54120.07759248 17.25 131.538641  47.731978  5.928
 54    56.611 54120.07759312 19.70 131.537321  47.728738  5.928
 54    56.565 54120.07759377 20.40 131.536001  47.725488  5.928
 55    56.350 54155.07762264  7.18 131.546343  47.729846  3.048
 55    56.222 54155.07762329  8.16 131.545023  47.726606  3.048
 55    56.159 54155.07762393  8.41 131.543703  47.723356  3.048
 56    55.281 54190.07758890 27.76 131.541622  47.732743 19.556
 56    55.382 54190.07758954 26.43 131.540302  47.729493 19.556
 56    59.316 54190.07759019 23.39 131.538982  47.726253 19.556
 57    55.654 54225.07763370 19.28 131.547162  47.727357 14.816
 57    55.902 54225.07763434 18.60 131.545842  47.724107 14.816
 57    55.720 54225.07763499 20.01 131.544532  47.720867 14.816
 58    57.188 54260.07765406 10.35 131.547259  47.728087  6.386
 58    57.371 54260.07765471 11.04 131.545949  47.724837  6.386
 58    57.521 54260.07765535 17.52 131.544629  47.721597  6.386
 59    56.032 54295.07765788 17.80 131.547736  47.729014  5.544
 59    56.087 54295.07765852 18.26 131.546426  47.725774  5.544
 59    56.097 54295.07765917 18.06 131.545106  47.722524  5.544
 60    57.964 54330.07765062 52.30 131.546417  47.730016 14.567
 60    58.401 54330.07765127 48.49 131.545097  47.726776 14.567
 60    57.967 54330.07765191 51.04 131.543777  47.723526 14.567
 61    57.068 54365.07759546 17.89 131.540968  47.731609 11.434
 61    57.128 54365.07759610 12.83 131.539648  47.728359 11.434
 61    57.392 54365.07759675 12.50 131.538328  47.725119 11.434
 62    54.789 54400.07759258 24.23 131.548011  47.727009  9.415
 62    54.838 54400.07759323 30.90 131.546701  47.723759  9.415
 62    54.714 54400.07759387 36.39 131.545381  47.720519  9.415
 63    54.499 54435.07754906 21.08 131.543912  47.733160  4.731
 63    54.622 54435.07754971 21.21 131.542592  47.729920  4.731
 63    54.675 54435.07755035 22.85 131.541272  47.726670  4.731
 63    54.447 54435.07755100 23.31 131.539952  47.723430  4.731
 64    55.114 54470.07757649 17.25 131.551245  47.724430  3.969
 64    55.161 54470.07757713 17.48 131.549925  47.721190  3.969
 64    55.171 54470.07757778 18.74 131.548615  47.717940  3.969
 65    54.788 54505.07756315  8.62 131.543849  47.732857  2.584
 65    55.332 54505.07756379  8.91 131.542539  47.729617  2.584
 65    55.085 54505.07756444  9.73 131.541219  47.726377  2.584
 65    55.268 54505.07756508  9.99 131.539899  47.723127  2.584
 66    54.725 54540.07759065 24.58 131.548327  47.729408 10.432
 66    54.543 54540.07759129 26.55 131.547007  47.726158 10.432
 66    55.051 54540.07759194 22.65 131.545687  47.722918 10.432
 66    59.876 54540.07759258 20.55 131.544368  47.719672  9.328
 67    54.611 54575.07756407 48.70 131.543064  47.731808 13.676
 67    54.967 54575.07756472 55.42 131.541744  47.728558 13.676
 67    54.885 54575.07756536 39.21 131.540424  47.725318 13.676
 68    55.290 54610.07758283 20.71 131.547307  47.729335 11.489
 68    55.179 54610.07758348 22.72 131.545987  47.726095 11.489
 68    55.298 54610.07758412 30.69 131.544667  47.722845 11.489
 69    54.707 54645.07759037 31.95 131.546733  47.731193  6.684
 69    54.524 54645.07759101 22.27 131.545413  47.727953  6.684
 69    54.666 54645.07759166 18.10 131.544093  47.724713  6.684
 69    54.836 54645.07759230 16.77 131.542773  47.721463  6.684
 70    55.696 54680.07759201 21.97 131.545477  47.729035  8.790
 70    55.865 54680.07759266 22.79 131.544157  47.725795  8.790
 70    55.687 54680.07759330 24.27 131.542837  47.722545  8.790
 71    55.912 54715.07754205 22.66 131.543246  47.733196 14.180
 71    55.760 54715.07754270 25.71 131.541926  47.729956 14.180
 71    55.840 54715.07754334 27.90 131.540606  47.726706 14.180
 71    55.693 54715.07754399 36.62 131.539286  47.723466 14.180
 72    61.641 54750.07756265 12.43 131.548677  47.729028  4.741
 72    58.901 54750.07756329 12.99 131.547357  47.725788  4.741
 72    56.472 54750.07756394 12.77 131.546047  47.722538  4.741
 72    56.818 54750.07756458 18.23 131.544722  47.719294 13.861
 73    55.026 54785.07753118 39.97 131.544993  47.731738 14.461
 73    54.984 54785.07753182 41.47 131.543673  47.728498 14.461
 73    54.954 54785.07753247 34.29 131.542353  47.725248 14.461
 74    56.137 54820.07755532 22.99 131.550067  47.728779  5.572
 74    56.073 54820.07755596 25.23 131.548747  47.725529  5.572
 74    56.256 54820.07755661 22.21 131.547427  47.722289  5.572
 74    56.236 54820.07755725 22.05 131.546111  47.719043 10.266
 75    56.434 54855.07752813 13.05 131.544536  47.728722  3.083
 75    56.436 54855.07752878 12.82 131.543216  47.725482  3.083
 75    56.317 54855.07752942 13.03 131.541896  47.722232  3.083
 76    56.379 54890.07755982  7.86 131.544916  47.729985  2.476
 76    56.576 54890.07756046  8.05 131.543606  47.726745  2.476
 76    56.575 54890.07756110  8.52 131.542286  47.723495  2.476
 77    55.665 54925.07752664 36.08 131.539379  47.732201 18.962
 77    56.440 54925.07752729 34.29 131.538059  47.728951 18.962
 77    56.358 54925.07752793 38.74 131.536739  47.725711 18.962
 78    57.946 54960.07755727 13.37 131.548204  47.729227  4.472
 78    57.875 54960.07755792 12.54 131.546884  47.725987  4.472
 78    57.856 54960.07755856 15.20 131.545574  47.722737  4.472
 79    56.792 54995.07757894 30.51 131.545084  47.731780  6.765
 79    56.834 54995.07757958 15.70 131.543774  47.728540  6.765
 79    56.647 54995.07758023 12.62 131.542454  47.725290  6.765
 80    59.821 55030.07756941 54.04 131.545345  47.728647 28.770
 80    59.609 55030.07757006 53.96 131.544025  47.725397 28.770
 80    59.689 55030.07757070 52.77 131.542705  47.722157 28.770
 81    60.943 55065.07755959 16.31 131.546315  47.730625 28.187
 81    58.962 55065.07756024 19.56 131.544995  47.727375 28.187
 81    59.000 55065.07756088 24.10 131.543675  47.724135 28.187
 83    56.754 55135.07750505 20.91 131.549026  47.729762 12.727
 83    57.000 55135.07750569 22.39 131.547706  47.726522 12.727
 83    57.889 55135.07750634 20.86 131.546396  47.723272 12.727
 83    58.175 55135.07750698 21.18 131.545072  47.720029 23.061
 84    56.205 55170.07746844 20.16 131.543904  47.730510  4.988
 84    56.311 55170.07746909 20.45 131.542584  47.727270  4.988
 84    56.284 55170.07746973 20.44 131.541264  47.724020  4.988
 85    56.964 55205.07749842 14.94 131.548360  47.727782  3.219
 85    57.028 55205.07749907 15.30 131.547050  47.724542  3.219
 85    57.002 55205.07749971 15.56 131.545730  47.721292  3.219
 86    56.795 55240.07747456  8.44 131.542591  47.733565  2.670
 86    57.047 55240.07747520  9.15 131.541271  47.730315  2.670
 86    57.156 55240.07747585  9.83 131.539951  47.727075  2.670
 86    57.028 55240.07747649 10.27 131.538631  47.723825  2.670
 87    56.952 55275.07749210  6.73 131.544910  47.729643  2.710
 87    57.067 55275.07749274  7.48 131.543590  47.726393  2.710
 87    56.683 55275.07749339  8.25 131.542270  47.723153  2.710
 88    56.544 55310.07745844 40.83 131.542143  47.730330 25.446
 88    56.340 55310.07745908 30.50 131.540823  47.727090 25.446
 88    60.558 55310.07745973 26.33 131.539503  47.723850 25.446
 89    59.269 55345.07746081 47.07 131.547401  47.728420 26.670
 89    59.129 55345.07746145 45.37 131.546081  47.725170 26.670
 89    58.985 55345.07746210 37.97 131.544761  47.721930 26.670
 90    57.333 55380.07745413 50.22 131.545226  47.731702 21.949
 90    57.154 55380.07745477 52.42 131.543906  47.728462 21.949
 90    57.262 55380.07745542 54.15 131.542586  47.725212 21.949
 91    58.786 55415.07748056 52.50 131.549581  47.727270 16.916
 91    58.849 55415.07748120 51.19 131.548261  47.724020 16.916
 91    58.457 55415.07748185 50.82 131.546941  47.720780 16.916
 92    58.391 55450.07746628 49.67 131.545299  47.730542 16.508
 92    58.537 55450.07746692 52.10 131.543979  47.727292 16.508
 92    58.202 55450.07746757 52.13 131.542659  47.724052 16.508
 93    55.546 55485.07739169 30.14 131.540685  47.731214 10.027
 93    55.382 55485.07739234 17.51 131.539365  47.727964 10.027
 93    55.364 55485.07739298 16.64 131.538045  47.724724 10.027
