# NaN NaN NaN ;Mean Elev.(m), Avg Gradient(m/km), RMS Gradient(m/km) - SRTM1     
#   44.748  -0.490   2.756 ;Mean Elev.(m), Avg Gradient(m/km), RMS Gradient(m/km) - ASTER GDEM
#   45.600  -0.328   1.474 ;Mean Elev.(m), Avg Gradient(m/km), RMS Gradient(m/km) - GMTED2010 
  6 132.440156  47.728202    51.158    51.127  4 52419.52251521 50.331
  7 132.443042  47.727767    49.836    49.779  5 52454.52253997 47.297
  8 132.454208  47.724409    50.625    50.573  5 52489.52251571 41.064
  9 132.453796  47.724157    49.999    49.997  6 52524.52249254 40.924
 10 132.441226  47.727473    49.177    49.147  5 52559.52254284 37.563
 11 132.441309  47.727562    48.338    48.351  5 52594.52254713 26.407
 13 132.446675  47.725220    48.829    48.772  5 52664.52250823 11.010
 14 132.445581  47.727093    49.426    49.264  5 52699.52248264  8.196
 15 132.457518  47.722287    48.489    48.475  5 52734.52250952 33.632
 16 132.454054  47.723384    48.410    48.392  5 52769.52250359 33.886
 17 132.438569  47.728938    50.184    50.158  3 52804.52253602 50.684
 18 132.444220  47.727277    52.770    52.778  5 52839.52259759 47.482
 19 132.445492  47.726075    53.069    53.084  5 52874.52263668 50.034
 21 132.447368  47.725119    50.107    50.150  6 52944.52254838 30.446
 22 132.444942  47.726608    48.949    48.946  5 52979.52260084 24.909
 23 132.449235  47.724432    49.104    49.099  6 53014.52259800 18.197
 24 132.442761  47.727319    49.342    49.454  5 53049.52257154 13.938
 25 132.442984  47.726871    51.606    51.564  4 53084.52260716  4.065
 26 132.439866  47.727922    49.917    49.936  4 53119.52257779 52.039
 27 132.438798  47.728446    53.792    53.792  4 53154.52263010 45.524
 28 132.453836  47.724604    50.871    50.882  5 53189.52261855 28.998
 29 132.453672  47.723446    50.677    50.677  5 53224.52263068 40.060
 30 132.449774  47.724964    50.981    50.972  5 53259.52260599 40.869
 31 132.434350  47.728632    50.092    50.092  2 53294.52263322 30.285
 32 132.450386  47.723871   263.459   263.509  5 53329.52260504 36.678
 33 132.457605  47.722978    48.843    48.882  5 53364.52255542 18.284
 35 132.455481  47.723494    48.943    48.968  5 53434.52257006 10.917
 36 132.440261  47.728017    49.187    49.189  5 53469.52261474 34.960
 37 132.443425  47.726660    50.939    50.914  5 53504.52265708 49.434
 38 132.446686  47.726121    52.101    52.115  5 53539.52265579 50.327
 39 132.448079  47.724386    51.491    51.503  5 53574.52265172 48.341
 40 132.454387  47.723036    50.695    50.700  5 53609.52260157 50.160
 41 132.440357  47.728995    49.673    49.681  4 53644.52260574 30.779
 42 132.443332  47.727379    48.732    48.769  4 53679.52262284 43.210
 43 132.457646  47.722624    48.334    48.296  5 53714.52254974 31.370
 44 132.445877  47.725195    48.861    48.975  5 53749.52246601 19.727
 45 132.454604  47.723170    48.798    48.812  5 53784.52249592 26.540
 46 132.461330  47.722429    50.463    50.461  5 53819.52245608  7.964
 47 132.439305  47.727502    49.905    49.917  4 53854.52253909 31.135
 48 132.455007  47.722648    49.965    50.019  5 53889.52254686 40.758
 49 132.434288  47.730908    51.384    51.309  3 53924.52261544 18.860
 50 132.443132  47.727487    52.104    52.091  5 53959.52260447 49.101
 51 132.439804  47.727784    51.171    51.177  4 53994.52253749 50.676
 52 132.445213  47.725445    49.809    49.791  5 54029.52259490 44.552
 53 132.454215  47.723362    48.192    48.103  5 54064.52258778 39.419
 54 132.453532  47.724647    49.256    49.309  5 54099.52255392 24.157
 55 132.442661  47.726797    49.513    49.536  4 54134.52251376 14.802
 57 132.441178  47.728210    49.836    49.833  4 54204.52251817 43.153
 58 132.448180  47.725661    50.289    50.191  5 54239.52255210 48.167
 59 132.449188  47.724991    50.175    50.105  5 54274.52256878 25.917
 61 132.455099  47.724955    51.743    51.743  5 54344.52254668 48.434
 62 132.444584  47.726174    50.171    50.126  5 54379.52250649 51.748
 63 132.450340  47.725000    48.715    48.702  6 54414.52249488 47.092
 64 132.441915  47.727838    49.068    49.093  5 54449.52247404 26.287
 65 132.449809  47.725172    48.817    48.916  5 54484.52248949 15.934
 66 132.445626  47.725599    49.103    49.088  5 54519.52248705 13.201
 67 132.453160  47.723199    49.159    49.167  6 54554.52250065 38.615
 68 132.445906  47.725770    48.462    48.461  5 54589.52248327 39.187
 69 132.449201  47.725611    49.343    49.339  5 54624.52250007 45.187
 70 132.445753  47.725864    48.950    48.809  5 54659.52250872 45.000
 71 132.452393  47.723475    50.298    50.333  5 54694.52248792 41.646
 72 132.444365  47.727171    50.562    50.562  5 54729.52246367 45.379
 73 132.448139  47.725236    49.551    49.513  5 54764.52246616 48.992
 74 132.440908  47.728006    48.609    48.574  5 54799.52245719 29.007
 75 132.448902  47.724912    49.091    49.088  6 54834.52245724 16.658
 76 132.443024  47.726773    49.244    49.263  5 54869.52245398 12.144
 77 132.451958  47.723219    49.002    48.978  6 54904.52246569  8.893
 78 132.444859  47.725683    50.525    50.530  5 54939.52244519 48.925
 79 132.446488  47.725016    50.363    50.374  5 54974.52247559 49.879
 80 132.449464  47.723854    51.374    51.356  5 55009.52248809 38.522
 81 132.448434  47.724266    53.579    53.620  5 55044.52247852 32.440
 82 132.453655  47.723674    52.836    52.830  6 55079.52245446 31.148
 83 132.446187  47.724739    52.044    52.087  5 55114.52241078 33.342
 84 132.448127  47.724053    49.221    49.221  5 55149.52241042 34.109
 85 132.442068  47.727312    50.487    50.458  5 55184.52239484 22.464
 86 132.449617  47.724174    50.276    50.280  5 55219.52240841 11.688
 87 132.445714  47.725938    50.252    50.248  4 55254.52239028  8.175
 88 132.453206  47.723313    50.433    50.437  5 55289.52239783 17.442
 89 132.445967  47.725899    50.823    50.840  5 55324.52237743 36.349
 90 132.448719  47.725675    51.264    51.260  5 55359.52237500 50.863
 91 132.444362  47.726910    50.876    50.885  5 55394.52237978 20.432
 92 132.449345  47.723984    53.669    53.638  5 55429.52239044 34.136
 93 132.456770  47.723396    50.598    50.580  5 55464.52235247 47.570
