-280776.091   739.820     0.00  115.05
-280401.783   720.708   -51.04  110.39
-280027.440   701.673   -50.83  102.82
-279653.063   679.658   -58.79   92.04
-279278.651   645.905   -90.12   94.91
-278904.205   583.214  -167.38  112.92
-278529.725   520.738  -166.79   97.48
-278155.210   479.823  -109.22   66.37
-277780.661   490.403    28.24   72.35
-277406.077   536.465   122.93   86.39
-277031.459   576.912   107.94   74.05
-276656.807   600.865    63.92   57.84
-276282.119   606.641    15.41   68.57
-275907.398   636.047    78.45   88.80
-275532.642   659.893    63.61   94.58
-275157.851   696.156    96.73   94.61
-274783.026   725.139    77.30   74.95
-274408.166   735.860    28.59   73.55
-274033.272   753.082    45.92   65.16
-273658.343   740.100   -34.61   69.37
-273283.380   699.459  -108.36   74.90
-272908.382   645.293  -144.40   71.59
-272533.350   620.352   -66.48   59.38
-272158.282   618.990    -3.63   54.98
-271783.181   633.647    39.06   59.80
-271408.044   672.756   104.22   54.06
-271032.873   701.953    77.80   53.63
-270657.667   730.370    75.72   54.26
-270282.427   740.274    26.39   56.78
-269907.152   717.227   -61.40   76.62
-269531.842   693.818   -62.36   68.36
-269156.498   692.139    -4.47   59.98
-268781.119   713.655    57.30   69.10
-268405.705   742.440    76.65   68.84
-268030.256   789.720   125.89   70.84
-267654.773   834.870   120.21   81.56
-267279.255   877.916   114.60   80.99
-266903.702   904.800    71.56   63.03
-266528.114   901.435    -8.96   67.62
-266152.492   877.657   -63.29   73.86
-265776.835   850.120   -73.28   65.91
-265401.142   846.485    -9.67   56.71
-265025.416   846.379    -0.28   51.97
-264649.654   829.435   -45.08   72.30
-264273.857   800.562   -76.81  103.94
-263898.026   739.584  -162.20  113.52
-263522.159   697.459  -112.04   94.85
-263146.258   675.673   -57.94   89.98
-262770.322   643.212   -86.32   85.26
-262394.351   622.799   -54.28   72.75
-262018.345   619.638    -8.41   64.70
-261642.304   630.040    27.65   68.59
-261266.229   651.673    57.51   63.57
-260890.118   651.879     0.55   65.82
-260513.972   624.423   -72.97   83.33
-260137.792   582.423  -111.62   93.77
-259761.576   543.799  -102.64   72.11
-259385.325   523.352   -54.33   48.07
-259009.040   523.620     0.71   48.44
-258632.719   534.897    29.96   54.35
-258256.363   558.629    63.04   55.43
-257879.972   571.688    34.69   47.05
-257503.547   576.465    12.69   45.41
-257127.086   579.935     9.21   42.56
-256750.590   591.029    29.46   44.14
-256374.059   605.100    37.36   48.28
-255997.492   629.316    64.29   52.22
-255620.891   658.774    78.20   54.10
-255244.255   679.811    55.84   51.64
-254867.583   713.768    90.13   64.42
-254490.876   761.283   126.10   94.83
-254114.135   820.657   157.56  106.16
-253737.358   880.485   158.75   92.47
-253360.545   951.370   188.07   77.50
-252983.698   991.252   105.80   78.98
-252606.815  1016.352    66.58   82.05
-252229.897  1014.823    -4.05   83.88
-251852.944   983.027   -84.33   81.35
-251475.956   941.665  -109.69   69.11
-251098.932   898.856  -113.52   62.50
-250721.874   858.009  -108.30   68.97
-250344.779   822.723   -93.55   74.64
-249967.650   799.155   -62.48   70.21
-249590.485   776.247   -60.72   65.81
-249213.285   770.629   -14.89   70.22
-248836.050   764.834   -15.36   68.38
-248458.779   754.931   -26.24   64.64
-248081.473   738.780   -42.79   68.03
-247704.132   698.950  -105.53   65.95
-247326.755   656.365  -112.82   56.95
-246949.343   615.320  -108.73   55.06
-246571.895   599.194   -42.71   42.01
-246194.412   605.720    17.28   53.43
-245816.894   609.331     9.56   65.35
-245439.340   621.495    32.21   60.75
-245061.751   646.478    66.15   70.84
-244684.126   676.665    79.92   87.23
-244306.466   717.675   108.56   76.78
-243928.770   733.847    42.81   65.58
-243551.039   747.360    35.77   61.85
-243173.273   733.022   -37.95   75.84
-242795.471   722.842   -26.94   87.27
-242422.923   699.818   -61.79   92.01
-242052.035   663.245   -98.59   75.37
-241681.113   638.742   -66.04   53.81
-241310.157   638.620    -0.33   44.87
-240939.166   660.702    59.51   72.18
-240568.141   704.860   118.99   82.17
-240197.083   754.441   133.59   74.00
-239825.990   786.101    85.29   70.13
-239454.862   796.702    28.56   70.16
-239083.701   778.927   -47.88   81.89
-238712.505   715.749  -170.16   97.45
-238341.275   650.158  -176.64   79.39
-237970.011   619.756   -81.87   65.19
-237598.712   605.931   -37.23   65.22
-237227.380   610.120    11.28   74.98
-236856.013   621.969    31.90   78.56
-236484.611   631.935    26.83   83.40
-236113.176   640.731    23.68   82.12
-235741.706   655.290    39.18   87.16
-235370.201   684.338    78.17   91.77
-234998.662   724.120   107.05   82.07
-234627.089   758.102    91.43   74.05
-234255.482   771.120    35.02   69.51
-233883.840   763.897   -19.43   77.43
-233512.164   726.305  -101.12   94.99
-233140.453   678.466  -128.67  109.92
-232768.708   609.602  -185.20  108.68
-232396.929   560.897  -130.97   96.06
-232025.115   503.245  -155.02   91.04
-231653.267   466.874   -97.79   76.75
-231281.384   437.941   -77.78   66.71
-230909.467   414.043   -64.24   52.38
-230537.515   403.620   -28.02   42.32
-230165.529   405.742     5.70   42.53
-229793.508   427.030    57.21   63.62
-229421.453   453.916    72.25   71.21
-229049.363   472.834    50.83   72.91
-228677.239   466.691   -16.50   65.40
-228305.080   459.156   -20.24   52.95
-227932.886   467.602    22.69   59.14
-227560.658   494.157    71.33   79.08
-227188.396   512.655    49.68   72.61
-226816.099   533.504    55.99   60.83
-226443.767   532.592    -2.45   50.67
-226071.400   520.305   -32.99   40.32
-225698.999   509.495   -29.02   49.76
-225326.564   490.483   -51.03   61.79
-224954.093   454.956   -95.36   62.21
-224581.588   418.780   -97.09   44.79
-224209.048   400.865   -48.08   39.82
-223836.474   381.538   -51.86   31.38
-223463.865   369.889   -31.26   24.39
-223091.221   365.011   -13.09   25.73
-222718.543   366.022     2.71   32.71
-222345.829   365.388    -1.70   36.58
-221973.081   369.786    11.80   40.41
-221600.299   371.990     5.91   43.95
-221227.481   383.048    29.65   57.95
-220854.629   399.601    44.39   67.06
-220481.742   406.709    19.06   63.92
-220108.820   410.831    11.05   56.00
-219735.863   400.601   -27.42   56.34
-219362.872   382.389   -48.82   57.68
-218989.845   368.611   -36.93   50.40
-218616.784   360.638   -21.37   44.77
-218243.688   357.655    -7.99   45.72
-217870.557   353.629   -10.79   49.68
-217497.391   343.046   -28.36   56.21
-217124.191   315.520   -73.74   53.71
-216750.955   291.214   -65.11   38.80
-216377.684   267.709   -62.96   27.29
-216004.379   252.500   -40.73   24.91
-215631.038   234.298   -48.74   21.92
-215257.663   220.268   -37.57   15.66
-214884.253   214.352   -15.84   12.00
-214510.807   215.763     3.78   20.03
-214137.327   227.453    31.29   35.61
-213763.812   236.441    24.06   38.42
-213390.262   248.799    33.07   38.33
-213016.676   256.768    21.33   36.33
-212643.056   268.524    31.46   40.77
-212269.400   283.065    38.91   36.99
-211895.710   281.290    -4.75   37.35
-211521.984   285.102    10.20   38.46
-211148.224   267.591   -46.84   34.86
-210774.428   252.564   -40.19   27.19
-210400.597   235.847   -44.71   27.01
-210026.731   226.856   -24.04   26.40
-209652.830   234.638    20.81   38.36
-209278.894   251.400    44.82   50.64
-208904.923   267.977    44.32   47.27
-208530.916   275.416    19.89   43.75
-208156.875   257.192   -48.71   51.92
-207782.798   217.655  -105.67   34.09
-207408.686   197.601   -53.59   20.06
-207034.539   187.209   -27.77   13.07
-206660.356   181.408   -15.50    8.62
-206286.138   181.916     1.36    9.58
-205911.885   185.120     8.56   11.57
-205537.597   185.247     0.34   10.99
-205163.274   181.011   -11.32   10.13
-204788.915   175.405   -14.97   11.49
-204414.521   167.176   -21.98   10.55
-204040.092   160.879   -16.82    8.02
-203665.627   156.441   -11.85    3.53
-203291.127   155.466    -2.60    2.31
-202916.592   154.334    -3.02    3.02
-202542.021   153.139    -3.19    3.22
-202167.415   152.834    -0.81    3.38
-201792.773   153.064     0.61    3.66
-201418.097   154.101     2.77    3.05
-201043.384   165.155    29.49   23.19
-200668.637   178.120    34.59   38.03
-200293.854   183.334    13.91   38.96
-199919.035   180.812    -6.73   33.69
-199544.181   182.247     3.83   37.21
-199169.292   211.694    78.53   68.04
-198794.367   244.265    86.86   70.49
-198419.407   274.502    80.62   55.73
-198044.411   288.865    38.30   33.24
-197669.380   274.029   -39.55   40.03
-197294.313   261.375   -33.73   44.19
-196919.211   245.905   -41.23   44.88
-196544.073   233.082   -34.18   37.46
-196168.900   237.852    12.71   35.10
-195793.691   245.583    20.60   38.55
-195418.446   254.620    24.08   40.15
-195043.166   266.780    32.40   36.45
-194667.850   273.694    18.42   33.03
-194292.499   281.530    20.87   35.40
-193917.112   297.581    42.75   41.16
-193541.689   311.530    37.15   40.34
-193166.231   331.874    54.17   40.08
-192790.737   353.274    56.98   42.07
-192415.208   369.209    42.43   34.11
-192039.642   368.702    -1.35   31.24
-191664.041   360.101   -22.89   40.81
-191288.405   341.041   -50.73   43.37
-190912.732   338.628    -6.42   40.72
-190537.024   355.497    44.89   44.50
-190161.280   368.280    34.01   38.00
-189785.501   376.064    20.71   32.09
-189409.685   373.834    -5.93   32.70
-189033.834   359.620   -37.81   33.53
-188657.947   360.268     1.72   33.78
-188282.025   378.691    49.00   41.99
-187906.066   391.850    35.00   46.64
-187530.072   397.870    16.01   51.73
-187154.042   399.374     4.00   51.99
-186777.976   385.265   -37.51   49.45
-186401.874   369.263   -42.54   51.38
-186025.736   359.247   -26.62   52.00
-185649.562   349.245   -26.58   46.27
-185273.353   346.716    -6.72   41.61
-184897.107   356.655    26.41   43.36
-184520.826   363.360    17.82   45.72
-184144.509   369.025    15.05   46.48
-183768.155   385.453    43.64   49.47
-183391.766   407.416    58.34   45.02
-183015.341   426.756    51.37   41.30
-182638.880   443.850    45.40   41.34
-182262.383   476.175    85.84   62.70
-181885.849   537.027   161.58   82.86
-181509.280   606.816   185.29   96.60
-181132.675   661.847   146.10   67.86
-180756.034   668.084    16.56   66.32
-180379.356   627.821  -106.87   90.11
-180002.643   579.799  -127.45   74.23
-179625.894   571.592   -21.78   83.78
-179249.108   600.780    77.45   99.95
-178872.286   654.941   143.71   87.53
-178495.429   673.047    48.04   58.12
-178118.535   659.956   -34.73   54.28
-177741.605   615.477  -117.98   74.54
-177364.639   559.554  -148.32   74.40
-176987.636   501.388  -154.26   73.64
-176610.598   457.850  -115.45   58.89
-176233.523   436.665   -56.17   54.34
-175856.412   429.441   -19.15   65.83
-175479.265   432.011     6.81   74.83
-175102.082   450.483    48.97   72.39
-174724.862   448.302    -5.78   59.76
-174347.606   431.727   -43.93   47.33
-173970.314   407.290   -64.76   53.39
-173592.986   369.209  -100.90   52.58
-173215.621   340.842   -75.16   42.74
-172838.220   336.138   -12.46   39.44
-172460.783   357.566    56.76   53.60
-172083.309   378.440    55.29   48.97
-171705.799   398.423    52.92   38.01
-171328.253   405.837    19.63   27.86
-170950.671   396.441   -24.88   29.78
-170573.052   375.211   -56.21   37.48
-170195.396   341.683   -88.76   43.69
-169817.704   312.173   -78.12   38.14
-169439.976   302.554   -25.46   34.83
-169062.212   324.138    57.13   53.51
-168684.411   354.837    81.24   48.58
-168306.573   367.702    34.04   42.28
-167928.699   363.709   -10.56   46.73
-167555.632   342.897   -55.78   39.55
-167184.849   329.602   -35.85   30.51
-166814.031   318.756   -29.24   26.16
-166443.178   302.047   -45.05   29.20
-166072.289   282.158   -53.62   29.82
-165701.366   267.816   -38.66   33.17
-165330.408   252.043   -42.51   27.40
-164959.415   237.120   -40.22   19.16
-164588.386   226.416   -28.84   15.81
-164217.323   219.120   -19.66   13.03
-163846.224   213.120   -16.17    9.59
-163475.090   208.338   -12.88    4.63
-163103.921   206.459    -5.06    5.18
-162732.717   204.620    -4.95    5.07
-162361.478   202.691    -5.19    4.92
-161990.204   202.302    -1.05    5.82
-161618.894   202.720     1.13    7.90
-161247.549   202.947     0.61    9.27
-160876.169   201.574    -3.69    8.51
-160504.754   199.195    -6.40    6.51
-160133.304   196.030    -8.52    3.77
-159761.818   194.823    -3.25    3.92
-159390.297   194.502    -0.87    5.98
-159018.741   198.870    11.75   17.19
-158647.150   209.756    29.29   33.41
-158275.523   222.834    35.19   45.57
-157903.861   237.139    38.48   51.38
-157532.164   238.816     4.51   49.08
-157160.431   230.818   -21.51   44.19
-156788.663   215.745   -40.54   33.49
-156416.860   201.323   -38.78   18.63
-156045.021   201.245    -0.21   16.76
-155673.147   200.756    -1.31   16.83
-155301.238   204.821    10.93   20.11
-154929.293   214.804    26.83   25.62
-154557.313   222.338    20.25   28.32
-154185.297   240.709    49.37   35.87
-153813.246   258.761    48.51   30.91
-153441.160   261.584     7.59   28.77
-153069.038   257.774   -10.24   35.32
-152696.880   245.664   -32.53   37.13
-152324.687   240.974   -12.60   40.38
-151952.459   257.709    44.95   55.13
-151580.195   294.990   100.13   65.54
-151207.896   329.566    92.86   60.54
-150835.561   339.902    27.75   43.46
-150463.191   331.233   -23.28   44.86
-150090.785   301.155   -80.75   51.94
-149718.343   261.312  -106.96   33.69
-149345.866   243.352   -48.21   29.27
-148973.353   236.950   -17.18   31.13
-148600.805   230.411   -17.55   31.60
-148228.221   221.902   -22.83   30.59
-147855.602   214.972   -18.60   28.57
-147482.946   201.892   -35.09   15.26
-147110.256   195.011   -18.46   10.25
-146737.529   188.047   -18.68    9.26
-146364.767   182.320   -15.36   10.68
-145991.969   173.944   -22.46   10.42
-145619.136   169.543   -11.80   11.69
-145246.267   173.173     9.74   20.88
-144873.362   180.263    19.01   24.12
-144500.421   187.977    20.68   23.54
-144127.445   193.829    15.69   18.14
-143754.433   195.302     3.95   12.25
-143381.385   193.834    -3.93   11.49
-143008.302   194.620     2.11   12.36
-142635.182   198.638    10.77   14.46
-142262.027   208.254    25.77   19.22
-141888.836   224.453    43.40   28.59
-141515.609   242.465    48.25   32.35
-141142.346   255.207    34.13   28.75
-140769.048   264.574    25.09   23.01
-140395.714   272.763    21.93   22.42
-140022.343   276.066     8.85   25.66
-139648.937   276.842     2.08   28.25
-139275.495   274.405    -6.52   23.85
-138902.017   277.554     8.43   28.99
-138528.504   292.941    41.19   46.36
-138154.954   320.308    73.25   66.54
-137781.368   333.538    35.41   71.09
-137407.746   317.638   -42.55   63.30
-137034.089   293.527   -64.52   53.58
-136660.395   266.664   -71.88   47.66
-136286.666   237.392   -78.31   36.72
-135912.900   214.798   -60.44   28.15
-135539.099   196.742   -48.30   17.75
-135165.261   187.102   -25.78   13.53
-134791.387   179.931   -19.18   11.15
-134417.478   174.995   -13.20    9.13
-134043.532   178.174     8.50   15.96
-133669.550   188.137    26.64   25.23
-133295.532   206.979    50.37   29.83
-132921.478   214.584    20.33   24.27
-132547.388   214.888     0.81   23.50
-132173.262   205.735   -24.46   22.22
-131799.099   199.745   -16.01   18.23
-131424.901   206.011    16.74   21.71
-131050.666   219.155    35.12   22.11
-130676.395   235.816    44.51   28.13
-130302.088   251.085    40.79   32.15
-129927.745   275.574    65.41   41.37
-129553.365   297.720    59.14   42.23
-129178.949   305.400    20.51   44.77
-128804.497   298.389   -18.72   41.79
-128430.009   282.691   -41.91   37.96
-128055.485   265.214   -46.66   34.81
-127680.924   248.459   -44.73   38.66
-127306.327   230.370   -48.28   35.56
-126931.694   211.995   -49.04   24.43
-126557.024   196.602   -41.08   20.69
-126182.318   186.657   -26.54   15.05
-125807.576   181.769   -13.04   11.93
-125432.797   177.916   -10.28   10.28
-125057.983   177.646    -0.72   11.03
-124683.131   176.063    -4.22   13.30
-124308.244   170.927   -13.70   15.94
-123933.319   164.566   -16.96   18.56
-123558.359   155.083   -25.29   14.37
-123183.362   150.155   -13.14   10.30
-122808.329   150.195     0.11   12.49
-122433.259   153.780     9.56   18.48
-122058.153   159.504    15.26   22.84
-121683.010   172.620    34.96   44.64
-121307.831   186.465    36.90   53.31
-120932.615   196.029    25.49   57.31
-120557.363   190.120   -15.75   48.47
-120182.074   184.029   -16.23   35.83
-119806.749   186.962     7.81   27.27
-119431.387   194.453    19.95   31.29
-119055.989   196.576     5.65   31.25
-118680.554   194.731    -4.91   27.71
-118305.082   194.441    -0.77   20.40
-117929.574   197.816     8.99   17.89
-117554.030   208.709    29.00   25.73
-117178.448   222.102    35.66   29.65
-116802.830   235.554    35.81   32.51
-116427.176   241.763    16.53   31.79
-116051.485   246.658    13.03   27.30
-115675.757   253.441    18.05   25.19
-115299.992   258.938    14.63   29.74
-114924.191   268.102    24.38   35.77
-114548.353   272.513    11.73   41.88
-114172.478   268.583   -10.45   48.32
-113796.567   255.245   -35.48   48.48
-113420.619   238.192   -45.35   35.42
-113044.634   233.313   -12.98   22.04
-112668.612   241.897    22.83   26.04
-112292.554   250.923    24.00   27.52
-111916.458   255.629    12.51   26.98
-111540.326   254.959    -1.78   29.31
-111164.158   249.172   -15.38   29.74
-110787.952   241.214   -21.15   23.52
-110411.709   241.014    -0.53   19.44
-110035.430   246.988    15.87   21.20
-109659.114   251.523    12.05   21.77
-109282.761   260.102    22.79   22.67
-108906.371   272.120    31.93   30.10
-108529.944   284.977    34.15   32.44
-108153.480   299.120    37.56   32.57
-107776.979   318.979    52.74   34.39
-107400.441   335.953    45.07   33.36
-107023.867   338.530     6.84   30.19
-106647.255   321.509   -45.19   48.48
-106270.606   291.173   -80.53   57.49
-105893.921   249.044  -111.83   49.06
-105517.198   216.883   -85.36   40.88
-105140.438   180.727   -95.96   31.67
-104763.642   163.177   -46.57   21.07
-104386.808   176.780    36.09   42.66
-104009.937   198.647    58.02   49.52
-103633.029   219.780    56.06   41.85
-103256.085   233.298    35.86   33.50
-102879.103   236.352     8.10   33.78
-102502.083   236.673     0.85   35.44
-102125.027   223.774   -34.21   35.41
-101747.934   194.979   -76.35   41.72
-101370.803   167.102   -73.91   26.79
-100993.636   159.013   -21.44   18.06
-100616.431   163.629    12.24   19.27
-100239.189   178.465    39.32   20.67
 -99861.909   195.628    45.49   25.53
 -99484.593   209.158    35.85   33.04
 -99107.239   222.138    34.39   44.60
 -98729.848   225.727     9.51   43.21
 -98352.420   220.066   -15.00   39.94
 -97974.955   207.155   -34.20   36.69
 -97597.452   195.738   -30.24   41.70
 -97219.912   172.548   -61.42   34.87
 -96842.335   162.293   -27.16   26.69
 -96464.720   166.227    10.42   22.05
 -96087.069   173.992    20.56   27.59
 -95709.379   176.705     7.18   29.20
 -95331.653   177.681     2.58   29.80
 -94953.889   173.502   -11.06   27.95
 -94576.087   169.769    -9.88   28.52
 -94198.249   170.392     1.65   32.97
 -93820.373   157.944   -32.94   38.23
 -93442.459   137.916   -52.99   33.14
 -93064.508   123.173   -39.00   25.20
 -92690.838   115.370   -20.88   18.68
 -92320.164   115.852     1.30   21.24
 -91949.453   116.734     2.38   21.90
 -91578.707   114.530    -5.94   21.56
 -91207.925   105.995   -23.02   16.31
 -90837.106    97.389   -23.21   10.23
 -90466.252    92.085   -14.30    8.08
 -90095.362    86.675   -14.59    6.99
 -89724.436    82.260   -11.90    6.40
 -89353.474    77.101   -13.91    6.63
 -88982.476    72.370   -12.75    6.39
 -88611.441    68.295   -10.98    5.82
 -88240.371    65.348    -7.94    4.89
 -87869.265    64.278    -2.88    5.24
 -87498.123    64.247    -0.08    6.12
 -87126.944    66.548     6.20    7.25
 -86755.730    69.554     8.10    6.72
 -86384.479    71.243     4.55    5.46
 -86013.193    71.379     0.37    4.15
 -85641.870    70.892    -1.31    3.11
 -85270.511    69.101    -4.82    3.12
 -84899.116    66.727    -6.39    3.44
 -84527.685    64.173    -6.87    3.58
 -84156.218    62.013    -5.82    3.16
 -83784.714    59.847    -5.83    1.97
 -83413.175    58.938    -2.45    1.68
 -83041.599    58.155    -2.11    1.76
 -82669.987    57.252    -2.43    1.79
 -82298.338    56.209    -2.81    2.09
 -81926.654    55.120    -2.93    2.12
 -81554.933    53.260    -5.00    2.79
 -81183.176    51.102    -5.81    2.73
 -80811.383    48.927    -5.85    2.59
 -80439.553    46.905    -5.44    2.38
 -80067.687    45.245    -4.47    2.92
 -79695.785    43.283    -5.27    3.18
 -79323.846    41.429    -4.99    2.98
 -78951.871    39.602    -4.91    2.40
 -78579.860    38.175    -3.83    1.53
 -78207.812    39.709     4.12    3.65
 -77835.728    41.581     5.03    4.86
 -77463.608    43.786     5.93    4.55
 -77091.451    45.938     5.78    2.88
 -76719.258    45.260    -1.82    3.36
 -76347.029    43.211    -5.51    3.68
 -75974.763    40.977    -6.00    3.25
 -75602.460    39.392    -4.26    2.60
 -75230.121    40.356     2.59    3.81
 -74857.746    43.388     8.14    5.73
 -74485.334    47.011     9.73    5.95
 -74112.886    50.245     8.68    5.66
 -73740.401    53.177     7.87    5.09
 -73367.879    55.861     7.20    5.26
 -72995.321    59.611    10.06    6.69
 -72622.727    64.383    12.81    9.18
 -72250.096    67.870     9.36    8.61
 -71877.428    70.977     8.34    8.72
 -71504.724    71.944     2.60    7.89
 -71131.983    70.283    -4.46    8.24
 -70759.206    65.727   -12.22   10.76
 -70386.392    57.546   -21.94    9.72
 -70013.541    52.191   -14.36    8.08
 -69640.654    47.793   -11.79    4.12
 -69267.730    45.979    -4.86    1.99
 -68894.769    45.502    -1.28    1.38
 -68521.772    45.280    -0.59    1.32
 -68148.738    45.283     0.01    1.32
 -67775.667    44.888    -1.06    1.28
 -67402.560    44.593    -0.79    1.24
 -67029.415    44.490    -0.28    1.29
 -66656.235    44.530     0.11    1.28
 -66283.017    44.509    -0.06    1.41
 -65909.762    44.388    -0.32    1.53
 -65536.471    44.305    -0.22    1.47
 -65163.143    44.243    -0.17    1.39
 -64789.778    44.138    -0.28    1.07
 -64416.377    44.320     0.49    1.06
 -64042.938    43.857    -1.24    1.62
 -63669.463    43.792    -0.17    2.29
 -63295.951    44.430     1.71    3.22
 -62922.401    45.177     2.00    3.54
 -62548.816    46.084     2.43    3.09
 -62175.193    45.902    -0.49    2.67
 -61801.533    44.816    -2.90    2.64
 -61427.836    43.513    -3.49    2.65
 -61054.103    42.441    -2.87    2.25
 -60680.332    41.620    -2.20    1.87
 -60306.524    41.174    -1.19    1.99
 -59932.680    41.278     0.28    1.96
 -59558.798    41.320     0.11    1.98
 -59184.880    41.067    -0.68    2.04
 -58810.924    40.686    -1.02    1.65
 -58436.932    40.602    -0.22    1.43
 -58062.902    40.664     0.16    1.67
 -57688.836    40.664     0.00    1.91
 -57314.732    40.821     0.42    1.93
 -56940.591    40.977     0.42    2.12
 -56566.414    40.852    -0.33    2.03
 -56192.199    40.677    -0.47    2.47
 -55817.947    39.786    -2.38    3.03
 -55443.657    38.811    -2.61    3.04
 -55069.331    37.944    -2.31    2.92
 -54694.968    37.977     0.09    3.00
 -54320.567    39.330     3.61    4.36
 -53946.129    41.974     7.06    5.37
 -53571.654    45.992    10.73    7.00
 -53197.142    51.258    14.06    9.03
 -52822.593    57.658    17.09    9.52
 -52448.006    64.611    18.56    9.39
 -52073.382    70.308    15.21    8.94
 -51698.721    74.541    11.30    7.17
 -51324.023    76.191     4.40    6.19
 -50949.287    78.102     5.10    5.56
 -50574.514    78.558     1.22    6.12
 -50199.704    79.392     2.23    5.79
 -49824.856    77.716    -4.47    5.17
 -49449.971    74.731    -7.96    4.73
 -49075.049    71.405    -8.87    5.52
 -48700.089    67.320   -10.90    6.16
 -48325.092    62.888   -11.82    5.88
 -47950.058    58.211   -12.47    3.84
 -47574.986    55.530    -7.15    3.23
 -47199.877    53.048    -6.62    2.38
 -46824.730    51.509    -4.10    2.22
 -46449.546    49.852    -4.42    2.08
 -46074.325    48.638    -3.23    2.11
 -45699.066    47.453    -3.16    2.30
 -45323.769    45.792    -4.42    2.27
 -44948.436    45.172    -1.65    2.12
 -44573.064    45.352     0.48    1.99
 -44197.655    46.102     2.00    1.79
 -43822.209    46.913     2.16    1.40
 -43446.725    47.389     1.27    1.14
 -43071.203    47.361    -0.07    0.96
 -42695.644    47.327    -0.09    1.03
 -42320.048    47.085    -0.65    0.94
 -41944.413    46.888    -0.52    0.97
 -41568.742    46.620    -0.71    0.99
 -41193.032    46.330    -0.77    1.15
 -40817.285    46.120    -0.56    1.19
 -40441.500    45.541    -1.54    1.22
 -40065.678    44.990    -1.47    1.40
 -39689.818    44.172    -2.18    1.87
 -39313.920    43.083    -2.90    2.12
 -38937.985    42.334    -1.99    2.21
 -38562.012    42.265    -0.18    2.32
 -38186.001    42.370     0.28    2.20
 -37809.952    43.120     1.99    1.91
 -37433.866    43.546     1.13    1.37
 -37057.742    43.352    -0.52    1.16
 -36681.580    43.083    -0.71    1.37
 -36305.380    42.775    -0.82    1.33
 -35929.143    42.423    -0.93    1.17
 -35552.868    42.120    -0.81    1.16
 -35176.555    41.857    -0.70    1.43
 -34800.204    41.352    -1.34    1.57
 -34423.815    40.348    -2.67    2.12
 -34047.388    38.620    -4.59    3.32
 -33670.924    35.977    -7.02    3.68
 -33294.421    34.155    -4.84    2.61
 -32917.881    33.664    -1.31    2.40
 -32541.303    34.751     2.89    2.84
 -32164.687    36.085     3.54    2.89
 -31788.033    36.664     1.54    2.84
 -31411.341    37.754     2.90    2.80
 -31034.611    38.892     3.02    3.38
 -30657.843    40.374     3.93    3.49
 -30281.037    41.699     3.51    3.95
 -29904.193    42.979     3.40    4.63
 -29527.311    44.683     4.52    5.78
 -29150.391    45.839     3.07    7.43
 -28773.433    45.889     0.13    8.07
 -28396.437    46.348     1.22    8.46
 -28019.402    47.175     2.19    8.69
 -27642.330    46.839    -0.89    7.04
 -27265.220    48.295     3.86    6.50
 -26888.071    50.120     4.84    6.92
 -26510.884    52.593     6.56    7.33
 -26133.660    53.879     3.41    7.31
 -25756.397    54.435     1.48    6.59
 -25379.096    55.280     2.24    6.38
 -25001.756    55.804     1.39    5.14
 -24624.379    57.709     5.05    4.68
 -24246.963    59.225     4.02    4.65
 -23869.509    59.576     0.93    5.47
 -23492.017    60.497     2.44    6.09
 -23114.487    60.839     0.91    6.26
 -22736.918    62.283     3.83    6.23
 -22359.311    64.804     6.67    6.95
 -21981.666    70.191    14.26    7.67
 -21603.982    76.628    17.04   10.66
 -21226.260    84.348    20.44   13.13
 -20848.500    97.084    33.71   19.33
 -20470.702   118.792    57.46   34.27
 -20092.865   138.992    53.46   34.81
 -19714.990   150.699    30.98   29.20
 -19337.076   155.495    12.69   24.34
 -18959.124   149.102   -16.91   20.00
 -18581.134   144.471   -12.25   19.17
 -18203.105   144.233    -0.63   21.67
 -17828.735   141.155    -8.22   21.95
 -17458.174   130.953   -27.53   28.23
 -17087.575   113.102   -48.17   29.49
 -16716.939    96.066   -45.96   16.16
 -16346.267    91.396   -12.60   11.43
 -15975.558    93.638     6.05   17.04
 -15604.812   106.681    35.18   27.64
 -15234.029   122.225    41.92   34.14
 -14863.209   137.798    42.00   37.11
 -14492.352   143.892    16.43   31.67
 -14121.458   137.646   -16.84   31.01
 -13750.528   126.048   -31.27   28.91
 -13379.560   107.793   -49.21   19.62
 -13008.556    91.781   -43.16   20.96
 -12637.514    76.066   -42.35   23.51
 -12266.435    60.730   -41.33   22.26
 -11895.320    45.897   -39.97   13.14
 -11524.167    39.602   -16.96    8.77
 -11152.978    35.944    -9.85    7.28
 -10781.751    35.172    -2.08    7.63
 -10410.488    36.839     4.49    9.95
 -10039.187    40.102     8.79   11.83
  -9667.849    43.102     8.08   10.50
  -9296.474    44.405     3.51    7.67
  -8925.063    41.187    -8.66    7.55
  -8553.613    36.429   -12.81    8.28
  -8182.127    30.243   -16.65    9.29
  -7810.604    24.675   -14.98    9.37
  -7439.044    19.352   -14.33    8.91
  -7067.446    13.745   -15.09    7.46
  -6695.811     8.874   -13.11    6.98
  -6324.139     4.014   -13.08    5.10
  -5952.430     2.120    -5.10    3.63
  -5580.683     2.085    -0.09    3.04
  -5208.900     3.429     3.62    3.13
  -4837.079     3.723     0.79    3.07
  -4465.221     3.139    -1.57    3.17
  -4093.325     2.423    -1.92    3.01
  -3721.393     2.502     0.21    2.86
  -3349.423     3.513     2.72    2.79
  -2977.416     4.602     2.93    2.21
  -2605.371     5.330     1.96    1.91
  -2233.289     5.541     0.57    1.98
  -1861.170     5.691     0.40    2.00
  -1489.013     6.068     1.01    2.02
  -1116.819     4.709    -3.65    2.76
   -744.588     2.815    -5.09    2.92
   -372.319     1.350    -3.93    2.52
     -0.013     0.067    -3.45    0.55
    372.331     0.047    -0.05    1.23
    744.712     1.032     2.65    3.13
   1117.130     2.502     3.95    4.23
   1489.586     3.689     3.19    4.41
   1862.079     4.085     1.06    4.08
   2234.610     4.584     1.34    3.69
   2607.179     4.306    -0.75    3.54
   2979.785     4.120    -0.50    3.26
   3352.428     3.628    -1.32    3.04
   3725.109     3.435    -0.52    3.11
   4097.827     3.400    -0.09    3.26
   4470.584     3.554     0.41    3.37
   4843.377     3.154    -1.07    3.46
   5216.208     3.030    -0.33    3.39
   5589.077     2.979    -0.14    3.32
   5961.984     2.751    -0.61    3.30
   6334.928     1.738    -2.72    3.21
   6707.909     1.255    -1.29    2.93
   7080.929     1.346     0.24    2.96
   7453.986     1.716     0.99    3.14
   7827.081     2.286     1.53    3.17
   8200.213     2.499     0.57    3.20
   8573.383     2.280    -0.59    3.17
   8946.591     1.899    -1.02    3.02
   9319.837     1.584    -0.84    3.01
   9693.120     0.834    -2.01    2.92
  10066.441    -0.336    -3.14    2.56
  10439.800    -1.059    -1.93    2.03
  10813.196    -0.617     1.18    3.32
  11186.631    -0.010     1.63    4.42
  11560.103    -0.161    -0.40    3.88
  11933.613    -0.692    -1.42    2.97
  12307.161    -0.846    -0.41    3.00
  12680.747    -0.809     0.10    2.97
  13054.370    -0.827    -0.05    2.77
  13428.032    -0.968    -0.38    2.48
  13801.731    -0.935     0.09    2.37
  14175.469    -0.423     1.37    2.86
  14549.244     0.025     1.20    3.07
  14923.057     1.155     3.02    3.45
  15296.908     2.249     2.93    3.52
  15670.797     2.892     1.72    3.38
  16044.724     3.120     0.61    3.36
  16418.689     3.585     1.24    3.18
  16792.692     4.067     1.29    2.81
  17166.733     4.085     0.05    2.83
  17540.812     3.764    -0.86    2.73
  17914.929     3.804     0.11    2.61
  18289.084     3.551    -0.68    2.84
  18663.278     2.805    -1.99    3.19
  19037.509     2.334    -1.26    3.33
  19411.778     1.941    -1.05    3.16
  19786.086     1.792    -0.40    3.01
  20160.431     2.295     1.34    2.67
  20534.815     2.280    -0.04    2.45
  20909.237     2.418     0.37    2.37
  21283.697     2.962     1.45    2.14
  21658.195     3.323     0.96    1.86
  22032.731     3.639     0.84    1.66
  22407.306     4.048     1.09    1.31
  22781.918     4.032    -0.04    1.23
  23156.569     3.804    -0.61    1.15
  23531.259     3.593    -0.56    1.17
  23905.986     3.260    -0.89    1.13
  24280.752     3.032    -0.61    1.01
  24655.556     3.046     0.04    1.08
  25030.398     2.950    -0.25    0.93
  25405.279     3.102     0.40    0.85
  25780.198     3.068    -0.09    0.85
  26155.155     2.804    -0.70    1.02
  26530.150     2.699    -0.28    1.19
  26905.184     2.982     0.75    1.38
  27280.257     3.295     0.84    1.87
  27655.367     3.316     0.06    1.58
  28030.516     3.138    -0.47    1.62
  28405.704     3.086    -0.14    1.43
  28780.930     3.138     0.14    1.15
  29156.194     2.933    -0.54    1.03
  29531.497     3.120     0.50    1.21
  29906.838     3.664     1.45    1.49
  30282.218     4.206     1.44    1.45
  30657.636     4.602     1.05    1.14
  31033.093     5.138     1.43    1.37
  31408.588     5.768     1.68    1.46
  31784.122     6.541     2.06    1.43
  32159.694     7.709     3.11    1.90
  32535.305     8.577     2.31    1.85
  32910.955     9.523     2.52    1.75
  33286.643    10.334     2.16    1.47
  33662.369    10.865     1.41    1.09
  34038.135    11.278     1.10    1.03
  34413.939    11.664     1.03    1.00
  34789.781    11.768     0.28    1.07
  35165.662    12.066     0.79    1.10
  35541.582    12.585     1.38    1.73
  35917.541    13.551     2.57    2.97
  36293.538    14.227     1.80    3.65
  36669.574    14.488     0.69    3.73
  37045.649    13.916    -1.52    2.48
  37421.762    14.316     1.06    1.94
  37797.914    16.408     5.56    3.91
  38174.105    21.138    12.57    8.33
  38550.335    26.834    15.14   10.00
  38926.603    33.689    18.22   10.61
  39302.911    38.673    13.25   10.22
  39679.257    41.874     8.51    9.43
  40055.642    45.174     8.77    8.22
  40432.065    46.995     4.84    7.42
  40808.528    48.974     5.26    6.93
  41185.030    51.018     5.43   10.27
  41561.570    54.483     9.20   15.44
  41938.149    55.558     2.85   16.35
  42314.767    53.637    -5.10   15.48
  42691.425    51.938    -4.51   11.85
  43068.121    48.258    -9.77    9.49
  43444.856    41.397   -18.21   10.84
  43821.630    33.032   -22.20   13.19
  44198.443    23.798   -24.51   10.84
  44575.295    16.706   -18.82    7.45
  44952.186    11.313   -14.31    4.35
  45329.116     8.982    -6.18    2.72
  45706.085     7.420    -4.14    1.52
  46083.093     6.584    -2.22    1.14
  46460.140     6.255    -0.87    1.18
  46837.226     5.990    -0.70    1.20
  47214.352     6.316     0.86    1.42
  47591.516     7.240     2.45    1.94
  47968.720     8.447     3.20    2.63
  48345.963     9.727     3.39    2.88
  48723.245    11.047     3.50    3.14
  49100.566    11.696     1.72    3.04
  49477.926    12.465     2.04    3.31
  49855.325    13.577     2.95    3.48
  50232.764    14.278     1.86    3.32
  50610.242    14.769     1.30    3.24
  50987.759    15.720     2.52    3.47
  51365.315    16.245     1.39    3.50
  51742.911    17.435     3.15    3.32
  52120.545    18.564     2.99    3.33
  52498.219    21.400     7.51    4.61
  52875.933    25.977    12.12    6.09
  53253.686    30.383    11.66    8.26
  53631.478    34.769    11.61    7.80
  54009.309    37.191     6.41    7.42
  54387.180    38.018     2.19    9.54
  54765.090    36.647    -3.63   11.20
  55143.040    35.206    -3.81   11.37
  55521.029    33.225    -5.24   10.43
  55899.057    30.734    -6.59    7.31
  56277.125    29.050    -4.46    4.33
  56655.232    28.959    -0.24    2.67
  57030.404    29.316     0.95    2.38
  57400.852    31.139     4.92    3.81
  57771.337    34.560     9.24    7.11
  58141.861    40.247    15.35   12.02
  58512.422    46.594    17.13   17.62
  58883.020    53.173    17.75   21.91
  59253.657    54.941     4.77   19.57
  59624.331    56.982     5.51   18.18
  59995.043    55.874    -2.99   12.49
  60365.793    57.418     4.16    9.55
  60736.581    61.051     9.80    9.83
  61107.407    70.223    24.74   16.20
  61478.271    86.263    43.25   25.65
  61849.172   107.832    58.16   32.27
  62220.112   127.408    52.78   28.14
  62591.089   144.716    46.66   24.14
  62962.104   152.102    19.91   20.77
  63333.158   137.689   -38.85   33.79
  63704.249   113.280   -65.78   43.08
  64075.378    95.570   -47.72   35.34
  64446.545    97.245     4.51   37.75
  64817.751   119.278    59.36   48.74
  65188.994   148.459    78.61   45.41
  65560.275   174.944    71.34   40.68
  65931.594   182.927    21.50   35.71
  66302.952   173.356   -25.77   34.33
  66674.347   155.206   -48.87   38.20
  67045.781   128.379   -72.23   27.40
  67417.252   115.677   -34.20   18.57
  67788.762   110.278   -14.53   13.92
  68160.310   115.997    15.39   14.20
  68531.896   126.593    28.52   18.65
  68903.520   138.453    31.92   20.12
  69275.182   158.102    52.87   24.55
  69646.883   175.348    46.40   26.57
  70018.622   191.769    44.18   29.66
  70390.398   208.298    44.46   36.13
  70762.214   226.679    49.44   43.79
  71134.067   241.011    38.54   41.09
  71505.958   242.035     2.75   37.76
  71877.888   227.379   -39.41   41.44
  72249.856   220.620   -18.17   42.28
  72621.863   214.909   -15.35   37.96
  72993.908   222.120    19.38   36.94
  73365.991   244.758    60.85   35.02
  73738.112   262.292    47.12   32.06
  74110.272   264.689     6.44   31.27
  74482.470   250.852   -37.18   45.08
  74854.706   217.069   -90.76   56.03
  75226.981   176.064  -110.15   43.06
  75599.294   148.568   -73.86   33.79
  75971.646   129.046   -52.43   28.26
  76344.036   110.628   -49.46   24.11
  76716.464    93.584   -45.77   17.67
  77088.931    81.689   -31.94   10.73
  77461.436    76.154   -14.86    9.06
  77833.980    79.568     9.16   22.01
  78206.562    92.171    33.83   32.51
  78579.183   112.014    53.26   39.53
  78951.842   127.941    42.74   39.86
  79324.540   146.509    49.82   33.53
  79697.277   148.594     5.60   31.33
  80070.052   145.780    -7.55   33.08
  80442.865   131.950   -37.10   32.76
  80815.717   117.857   -37.80   27.98
  81188.608   111.523   -16.99   26.47
  81561.537   105.832   -15.26   27.81
  81934.505    95.913   -26.60   30.32
  82307.512    78.225   -47.42   29.97
  82680.557    62.638   -41.79   20.13
  83053.641    51.798   -29.06   14.14
  83426.764    44.592   -19.31    8.59
  83799.925    40.459   -11.08    6.66
  84173.125    37.429    -8.12    4.48
  84546.363    35.120    -6.19    2.63
  84919.641    34.786    -0.89    3.13
  85292.957    35.137     0.94    5.88
  85666.312    35.541     1.08    6.14
  86039.706    35.909     0.99    6.03
  86413.138    36.050     0.38    4.22
  86786.609    37.137     2.91    3.90
  87160.120    37.520     1.02    3.87
  87533.668    37.564     0.12    3.36
  87907.256    37.499    -0.17    2.88
  88280.883    37.804     0.82    3.16
  88654.548    37.453    -0.94    3.31
  89028.253    37.477     0.06    3.34
  89401.996    37.453    -0.06    3.15
  89775.778    37.330    -0.33    2.78
  90149.599    37.207    -0.33    2.39
  90523.459    37.120    -0.23    2.02
  90897.358    37.138     0.05    2.11
  91271.296    37.016    -0.33    1.67
  91645.273    37.302     0.76    1.49
  92019.289    37.453     0.41    1.38
  92393.344    37.727     0.73    1.04
  92767.438    38.289     1.50    1.09
  93141.571    38.804     1.38    1.05
  93515.743    39.084     0.75    1.16
  93889.955    39.703     1.65    1.15
  94264.205    40.192     1.31    1.45
  94638.494    40.816     1.67    1.48
  95012.823    41.465     1.73    1.54
  95387.190    42.032     1.51    1.64
  95761.597    42.190     0.42    1.69
  96136.043    42.730     1.44    1.69
  96510.528    42.962     0.62    1.41
  96885.052    43.137     0.47    1.13
  97259.615    43.570     1.15    0.89
  97634.218    44.120     1.47    1.25
  98008.859    45.189     2.85    1.97
  98383.540    46.302     2.97    2.05
  98758.261    47.348     2.79    1.90
  99133.020    47.558     0.56    1.65
  99507.819    47.594     0.10    1.60
  99882.657    48.014     1.12    1.69
 100257.534    48.804     2.11    1.99
 100632.451    49.336     1.42    1.82
 101007.407    50.065     1.94    1.68
 101382.402    50.442     1.00    2.05
 101757.437    51.283     2.24    2.50
 102132.511    52.892     4.29    3.06
 102507.625    54.628     4.63    3.15
 102882.777    56.430     4.80    2.55
 103257.970    58.225     4.78    2.82
 103633.201    59.365     3.04    2.63
 104008.473    60.270     2.41    2.44
 104383.783    60.483     0.57    2.18
 104759.133    60.306    -0.47    2.11
 105134.523    60.138    -0.45    2.33
 105509.952    61.032     2.38    4.28
 105885.420    60.751    -0.75    5.09
 106260.928    59.878    -2.32    5.73
 106636.476    58.839    -2.77    5.99
 107012.063    57.280    -4.15    5.33
 107387.690    56.286    -2.65    2.42
 107763.356    56.513     0.60    1.71
 108139.062    57.255     1.98    1.63
 108514.808    58.655     3.73    1.63
 108890.593    60.944     6.09    3.86
 109266.418    67.798    18.24   11.24
 109642.282    80.878    34.80   21.82
 110018.186   105.628    65.85   37.35
 110394.130   134.566    76.98   43.88
 110770.114   163.562    77.13   40.08
 111146.137   184.865    56.66   28.79
 111522.200   188.340     9.24   23.88
 111898.302   177.225   -29.56   24.29
 112274.445   168.120   -24.21   22.22
 112650.627   167.576    -1.45   30.88
 113026.849   174.014    17.12   42.80
 113403.111   187.418    35.63   43.31
 113779.412   192.229    12.79   36.26
 114155.754   180.300   -31.70   32.46
 114532.135   163.014   -45.93   36.82
 114908.556   138.593   -64.88   34.57
 115285.017   123.014   -41.39   23.24
 115661.518   117.435   -14.82   17.77
 116038.059   109.681   -20.60   18.32
 116414.639   105.447   -11.24   18.48
 116791.260   102.206    -8.61   16.99
 117167.920    97.138   -13.46    5.98
 117544.621   103.956    18.10   12.78
 117921.361   111.495    20.01   14.24
 118298.142   116.190    12.46   11.73
 118674.962   121.696    14.61   12.59
 119051.822   131.102    24.96   20.56
 119428.723   136.740    14.96   22.48
 119805.663   144.416    20.37   23.03
 120182.644   152.465    21.35   23.46
 120559.665   157.874    14.35   24.38
 120936.725   167.825    26.39   25.46
 121313.826   183.418    41.36   24.26
 121690.967   201.959    49.17   27.65
 122068.148   217.253    40.55   25.37
 122445.369   218.265     2.68   26.29
 122822.630   205.716   -33.27   34.50
 123199.932   186.502   -50.93   36.50
 123577.274   162.878   -62.61   25.72
 123954.655   146.798   -42.61   12.22
 124332.078   139.947   -18.15    5.02
 124709.540   137.499    -6.49    2.78
 125087.042   139.225     4.57    7.49
 125464.585   140.792     4.15    8.80
 125842.168   142.738     5.15    8.97
 126219.792   145.909     8.40   10.43
 126597.455   153.120    19.09   15.94
 126975.159   168.258    40.08   27.13
 127352.904   185.102    44.60   27.18
 127730.688   193.352    21.84   22.34
 128108.513   194.035     1.81   21.61
 128486.379   183.673   -27.43   19.39
 128864.284   172.286   -30.14   17.90
 129242.231   167.551   -12.53   13.98
 129620.217   174.365    18.03   20.54
 129998.244   196.069    57.42   33.33
 130376.312   213.568    46.29   29.51
 130754.420   220.348    17.93   25.39
 131132.568   211.990   -22.10   31.30
 131510.757   188.403   -62.38   33.04
 131886.839   164.048   -64.77   21.11
 132257.169   152.696   -30.66   12.44
 132627.537   148.374   -11.67    5.25
 132997.944   153.240    13.14   10.45
 133368.390   167.611    38.80   21.89
 133738.874   188.849    57.33   33.88
 134109.397   221.334    87.69   41.01
 134479.959   238.523    46.39   33.50
 134850.560   233.798   -12.75   41.45
 135221.200   219.441   -38.74   42.62
 135591.878   203.984   -41.70   36.96
 135962.595   196.286   -20.77   35.82
 136333.351   196.584     0.80   34.45
 136704.146   201.637    13.63   34.94
 137074.980   197.611   -10.86   34.89
 137445.853   189.821   -21.01   34.99
 137816.764   186.878    -7.94   36.19
 138187.715   181.323   -14.98   37.35
 138558.704   182.137     2.19   41.58
 138929.733   181.723    -1.12   44.95
 139300.800   176.870   -13.08   42.40
 139671.907   165.488   -30.67   32.28
 140043.052   159.120   -17.16   21.12
 140414.236   157.562    -4.20   15.24
 140785.460   154.745    -7.59    7.59
 141156.722   156.035     3.48    4.28
 141528.023   157.227     3.21    4.47
 141899.364   157.839     1.65    4.64
 142270.743   159.482     4.42    4.20
 142642.162   160.696     3.27    4.53
 143013.620   161.611     2.46    4.61
 143385.116   163.172     4.20    5.65
 143756.652   165.464     6.17    7.64
 144128.228   167.699     6.01    8.79
 144499.842   172.275    12.32   11.37
 144871.495   179.786    20.21   16.15
 145243.188   184.289    12.12   17.03
 145614.920   184.683     1.06   17.90
 145986.691   183.366    -3.54   17.02
 146358.501   180.120    -8.73   10.91
 146730.350   184.400    11.51   13.27
 147102.239   195.815    30.70   17.76
 147474.167   210.155    38.56   20.46
 147846.134   229.155    51.09   26.48
 148218.141   238.499    25.12   30.22
 148590.187   241.696     8.59   28.11
 148962.272   244.769     8.26   25.17
 149334.396   253.018    22.17   26.74
 149706.560   272.429    52.16   31.43
 150078.763   286.084    36.69   31.03
 150451.006   295.716    25.88   32.46
 150823.288   309.913    38.14   33.25
 151195.609   315.016    13.71   32.12
 151567.970   308.486   -17.54   32.25
 151940.370   290.391   -48.60   38.80
 152312.810   272.995   -46.72   32.64
 152685.289   271.340    -4.44   31.88
 153057.808   285.320    37.53   39.45
 153430.366   312.909    74.07   40.29
 153802.963   334.013    56.65   30.46
 154175.601   336.753     7.36   33.59
 154548.277   333.313    -9.23   34.90
 154920.993   334.482     3.14   33.66
 155293.749   341.543    18.95   34.29
 155666.545   361.892    54.59   38.52
 156039.380   400.844   104.49   54.49
 156412.254   441.979   110.34   67.85
 156785.168   496.137   145.25   85.25
 157158.122   569.330   196.28  102.98
 157531.116   639.218   187.40  100.52
 157904.149   671.556    86.70   84.44
 158277.221   633.430  -102.21  110.36
 158650.334   562.302  -190.67  119.38
 159023.486   473.016  -239.31   86.12
 159396.678   429.646  -116.23   52.15
 159769.910   403.255   -70.72   55.16
 160143.181   373.620   -79.41   52.44
 160516.492   343.459   -80.81   55.59
 160889.843   306.203   -99.80   45.62
 161263.234   292.568   -36.52   36.73
 161636.664   312.240    52.69   59.23
 162010.134   360.120   128.22   88.71
 162383.645   446.536   231.40  114.10
 162757.195   541.263   253.62  108.37
 163130.784   590.374   131.48   80.39
 163504.414   606.459    43.06   65.30
 163878.084   586.637   -53.05   80.80
 164251.793   520.827  -176.13   98.09
 164625.543   458.085  -167.90   89.08
 164999.332   394.888  -169.10   69.53
 165373.161   340.280  -146.10   65.65
 165747.031   300.021  -107.70   61.07
 166120.940   266.190   -90.50   36.81
 166494.889   255.999   -27.26   11.17
 166868.878   266.306    27.56   20.20
 167242.908   283.050    44.77   28.44
 167616.977   304.240    56.66   30.94
 167991.086   319.979    42.08   31.15
 168365.236   340.516    54.90   43.03
 168739.425   371.974    84.08   55.02
 169113.655   397.316    67.73   55.27
 169487.924   413.483    43.20   51.55
 169862.234   411.120    -6.32   57.05
 170236.584   408.383    -7.31   53.91
 170610.974   413.792    14.45   51.63
 170985.404   431.775    48.04   55.57
 171359.875   456.204    65.25   61.83
 171734.385   497.189   109.45   84.61
 172108.936   541.471   118.25   99.25
 172483.527   587.236   122.20   98.77
 172858.159   603.211    42.65   89.68
 173232.830   628.602    67.78   79.34
 173607.542   654.723    69.72   75.25
 173982.294   658.849    11.01   66.49
 174357.086   666.947    21.61   65.20
 174731.919   650.611   -43.59   74.30
 175106.792   603.218  -126.45   89.65
 175481.705   583.892   -51.56   81.43
 175856.659   578.933   -13.23   79.42
 176231.653   559.194   -52.65   71.96
 176606.688   566.723    20.08   61.99
 176981.762   545.551   -56.46   62.85
 177356.878   528.009   -46.77   62.06
 177732.033   526.516    -3.98   59.95
 178107.230   533.330    18.16   62.79
 178482.466   596.523   168.44   96.73
 178857.743   644.120   126.85   90.38
 179233.061   671.654    73.38   73.39
 179608.419   675.916    11.36   73.52
 179983.817   676.153     0.63   71.65
 180359.256   672.396   -10.01   62.19
