# NaN NaN NaN ;Mean Elev.(m), Avg Gradient(m/km), RMS Gradient(m/km) - SRTM1     
#    0.017  -9.125  29.969 ;Mean Elev.(m), Avg Gradient(m/km), RMS Gradient(m/km) - ASTER GDEM
#    6.212  -9.068  32.050 ;Mean Elev.(m), Avg Gradient(m/km), RMS Gradient(m/km) - GMTED2010 
  7   -27.954 52447.06306138 15.86 137.875247  50.779654  7.746
  7   -27.606 52447.06306203 18.04 137.873787  50.776424  7.746
  8    18.989 52482.06305082 35.76 137.879777  50.782342 23.569
  8    17.742 52482.06305147 31.98 137.878317  50.779112 23.569
  8    14.456 52482.06305211 33.49 137.876857  50.775872 23.569
  8    13.105 52482.06305276 40.87 137.875397  50.772642 23.569
  8    13.024 52482.06305340 38.25 137.873937  50.769412 23.569
  8    12.986 52482.06305404 43.62 137.872477  50.766182 23.569
  8    12.952 52482.06305469 45.73 137.871017  50.762952 23.569
  8    12.966 52482.06305533 45.81 137.869557  50.759722 23.569
  8    13.112 52482.06305598 41.81 137.868097  50.756482 23.569
  9    13.035 52517.06300534 15.93 137.882011  50.781557  8.948
  9    12.686 52517.06300598 14.79 137.880551  50.778327  8.948
  9    12.553 52517.06300663 14.36 137.879091  50.775097  8.948
  9    12.193 52517.06300727 15.76 137.877631  50.771867  8.948
  9    11.694 52517.06300792 17.26 137.876171  50.768637  8.948
  9    12.152 52517.06300856 15.92 137.874711  50.765397  8.948
  9    12.140 52517.06300921 17.70 137.873251  50.762167  8.948
  9    13.036 52517.06300985 17.50 137.871791  50.758937  8.948
 10     9.692 52552.06305317 31.19 137.887937  50.785719 12.529
 10     9.713 52552.06305382 29.63 137.886477  50.782489 12.529
 10     9.432 52552.06305446 24.22 137.885017  50.779259 12.529
 10     9.653 52552.06305511 21.03 137.883557  50.776029 12.529
 10     9.873 52552.06305575 21.36 137.882087  50.772799 12.529
 10     9.955 52552.06305640 22.45 137.880627  50.769569 12.529
 10    10.158 52552.06305704 20.72 137.879167  50.766339 12.529
 10    10.374 52552.06305769 20.07 137.877707  50.763099 12.529
 10    10.698 52552.06305833 20.99 137.876247  50.759869 12.529
 11     8.104 52587.06302921 39.56 137.890527  50.786135 11.144
 11     7.807 52587.06302985 41.46 137.889067  50.782895 11.144
 11     8.103 52587.06303049 48.56 137.887597  50.779665 11.144
 11     7.960 52587.06303114 43.67 137.886137  50.776435 11.144
 11     7.981 52587.06303178 43.90 137.884681  50.773204 23.695
 11     7.695 52587.06303243 45.79 137.883221  50.769974 23.695
 11     7.966 52587.06303307 46.88 137.881761  50.766744 23.695
 11     7.895 52587.06303372 44.80 137.880301  50.763514 23.695
 11     8.054 52587.06303436 43.61 137.878841  50.760274 23.695
 12     8.671 52622.06299858 18.62 137.878627  50.781614  4.921
 12     8.656 52622.06299923 21.72 137.877167  50.778384  4.921
 12     9.040 52622.06299987 18.89 137.875707  50.775154  4.921
 12     8.595 52622.06300052 17.62 137.874247  50.771914  4.921
 12     8.574 52622.06300116 17.23 137.872787  50.768684  4.921
 12     8.645 52622.06300180 17.07 137.871327  50.765454  4.921
 12     8.844 52622.06300245 17.05 137.869867  50.762224  4.921
 12     8.799 52622.06300309 16.91 137.868407  50.758994  4.921
 12     8.775 52622.06300374 16.92 137.866947  50.755764  4.921
 13     7.987 52657.06300346 14.95 137.892676  50.786122  6.676
 13     8.056 52657.06300411 14.69 137.891206  50.782892  6.676
 13     7.709 52657.06300475 24.59 137.889746  50.779662  6.676
 13     7.862 52657.06300540 30.28 137.888286  50.776432  6.676
 13     7.848 52657.06300604 16.55 137.886826  50.773202  6.676
 13     7.629 52657.06300669 14.60 137.885366  50.769972  6.676
 13     7.771 52657.06300733 14.23 137.883906  50.766732  6.676
 13     7.955 52657.06300798 13.82 137.882446  50.763502  6.676
 13     8.163 52657.06300862 13.24 137.880986  50.760272  6.676
 15     9.720 52727.06303051  6.83 137.889717  50.785272  7.805
 15     9.350 52727.06303116  7.57 137.888257  50.782042  7.805
 15     9.159 52727.06303180  8.01 137.886789  50.778812  5.383
 15     9.290 52727.06303245  7.94 137.885329  50.775582  5.383
 15     8.971 52727.06303309  9.48 137.883869  50.772352  5.383
 15     9.181 52727.06303373  9.78 137.882409  50.769112  5.383
 15     8.544 52727.06303438  9.63 137.880949  50.765882  5.383
 15     8.996 52727.06303502  7.92 137.879489  50.762652  5.383
 15     9.239 52727.06303567  7.67 137.878029  50.759422  5.383
 16    10.300 52762.06304778 18.67 137.865414  50.775089  8.029
 16    10.326 52762.06304842 19.72 137.863954  50.771859  8.029
 16    10.270 52762.06304907 18.87 137.862494  50.768629  8.029
 16    10.646 52762.06304971 20.31 137.861034  50.765399  8.029
 16    10.655 52762.06305036 20.82 137.859574  50.762169  8.029
 16     9.873 52762.06305100 24.80 137.858114  50.758929  8.029
 16    10.165 52762.06305165 23.44 137.856654  50.755699  8.029
 16    13.558 52762.06305229 21.61 137.855194  50.752469  8.029
 18     9.071 52832.06307677 19.01 137.901646  50.788491 10.297
 18     9.043 52832.06307741 17.68 137.900186  50.785251 10.297
 18     9.025 52832.06307805 17.11 137.898726  50.782021 10.297
 18     9.064 52832.06307870 16.68 137.897256  50.778791 10.297
 18     8.731 52832.06307934 16.95 137.895796  50.775561 10.297
 18     9.101 52832.06307999 17.43 137.894336  50.772331 10.297
 18     9.500 52832.06308063 16.10 137.892876  50.769101 10.297
 18     9.227 52832.06308128 17.42 137.891416  50.765861 10.297
 19    11.916 52867.06312006 13.87 137.898627  50.788160 15.919
 19    12.032 52867.06312071 13.96 137.897167  50.784930 15.919
 19    11.964 52867.06312135 14.90 137.895703  50.781699 18.491
 19    11.878 52867.06312200 15.79 137.894243  50.778469 18.491
 19    11.912 52867.06312264 16.45 137.892773  50.775239 18.491
 19    11.826 52867.06312329 16.92 137.891313  50.772009 18.491
 19    12.084 52867.06312393 18.27 137.889853  50.768769 18.491
 19    12.196 52867.06312458 20.74 137.888393  50.765539 18.491
 19    12.709 52867.06312522 23.02 137.886933  50.762309 18.491
 20    14.482 52902.06314399 25.31 137.881916  50.782432 12.665
 20    14.348 52902.06314463 23.81 137.880456  50.779202 12.665
 20    14.048 52902.06314528 23.20 137.878996  50.775962 12.665
 20    13.508 52902.06314592 25.39 137.877536  50.772732 12.665
 20    13.727 52902.06314657 25.49 137.876076  50.769502 12.665
 20    13.937 52902.06314721 28.78 137.874616  50.766272 12.665
 20    14.227 52902.06314786 25.10 137.873156  50.763042 12.665
 20    14.357 52902.06314850 26.27 137.871696  50.759812 12.665
 20    14.434 52902.06314915 28.50 137.870236  50.756572 12.665
 21    11.595 52937.06308458 15.62 137.874403  50.778928  8.257
 21    11.915 52937.06308523 15.25 137.872943  50.775698  8.257
 21    11.497 52937.06308587 16.25 137.871483  50.772468  8.257
 21    11.558 52937.06308652 15.82 137.870023  50.769238  8.257
 21    11.557 52937.06308716 16.84 137.868563  50.766008  8.257
 21    12.050 52937.06308781 17.44 137.867103  50.762778  8.257
 21    12.256 52937.06308845 18.72 137.865643  50.759538  8.257
 21    12.446 52937.06308910 22.64 137.864183  50.756308  8.257
 22    10.037 52972.06311121 22.81 137.889533  50.787168  6.318
 22    10.130 52972.06311186 24.84 137.888073  50.783928  6.318
 22    10.259 52972.06311250 25.02 137.886613  50.780698  6.318
 22    10.335 52972.06311315 25.10 137.885153  50.777468  6.318
 22    10.290 52972.06311379 24.34 137.883693  50.774238  6.318
 22    10.117 52972.06311444 23.45 137.882223  50.771008  6.318
 22    10.129 52972.06311508 23.50 137.880763  50.767778  6.318
 22     9.859 52972.06311573 22.97 137.879303  50.764538  6.318
 22     9.332 52972.06311637 23.02 137.877843  50.761308  6.318
 23    10.654 53007.06312432 21.00 137.878089  50.780112  5.381
 23    10.704 53007.06312496 21.93 137.876629  50.776882  5.381
 23    10.796 53007.06312561 23.53 137.875169  50.773652  5.381
 23    10.993 53007.06312625 21.39 137.873709  50.770422  5.381
 23    10.630 53007.06312690 20.05 137.872249  50.767192  5.381
 23    10.375 53007.06312754 20.95 137.870789  50.763962  5.381
 23     9.689 53007.06312819 22.60 137.869329  50.760722  5.381
 23     9.547 53007.06312883 21.28 137.867869  50.757492  5.381
 24     9.000 53042.06307653 15.20 137.892625  50.787294  4.243
 24     8.912 53042.06307718 16.20 137.891165  50.784064  4.243
 24     8.978 53042.06307782 17.49 137.889705  50.780824  4.243
 24     9.101 53042.06307847 16.56 137.888245  50.777594  4.243
 24     9.151 53042.06307911 16.21 137.886775  50.774364  4.243
 24     8.885 53042.06307976 16.14 137.885315  50.771134  4.243
 24     8.787 53042.06308040 16.55 137.883855  50.767904  4.243
 24     8.534 53042.06308105 16.40 137.882395  50.764674  4.243
 24     8.397 53042.06308169 16.38 137.880935  50.761434  4.243
 25     9.252 53077.06311147 13.53 137.877592  50.779778  4.145
 25     8.368 53077.06311211 14.39 137.876132  50.776548  4.145
 25     8.288 53077.06311276 15.18 137.874672  50.773318  4.145
 25     8.760 53077.06311340 14.14 137.873212  50.770088  4.145
 25     8.263 53077.06311405 14.63 137.871752  50.766858  4.145
 25     8.096 53077.06311469 14.76 137.870292  50.763618  4.145
 25     8.279 53077.06311534 14.41 137.868832  50.760388  4.145
 25     9.254 53077.06311598 13.99 137.867372  50.757158  4.145
 26    10.813 53112.06308032 32.40 137.888126  50.785118 16.591
 26     9.735 53112.06308097 33.62 137.886666  50.781878 16.591
 26    10.052 53112.06308161 27.48 137.885206  50.778648 16.591
 26    10.743 53112.06308226 24.14 137.883746  50.775418 16.591
 27    14.510 53147.06312414 18.87 137.884607  50.783914  9.214
 27    14.614 53147.06312479 17.89 137.883147  50.780684  9.214
 27    14.437 53147.06312543 20.19 137.881687  50.777454  9.214
 27    13.942 53147.06312608 19.79 137.880227  50.774224  9.214
 29    13.080 53217.06315120 12.15 137.885507  50.785935 11.675
 29    13.652 53217.06315185 11.65 137.884047  50.782705 11.675
 29    13.287 53217.06315249 12.82 137.882587  50.779465 11.675
 29    11.867 53217.06315314 15.25 137.881127  50.776235 11.675
 29    11.884 53217.06315378 14.38 137.879667  50.773005 11.675
 29    11.574 53217.06315443 16.50 137.878207  50.769775 11.675
 29    11.761 53217.06315507 14.51 137.876747  50.766545 11.675
 29    12.044 53217.06315572 14.62 137.875277  50.763315 11.675
 29    12.094 53217.06315636 15.90 137.873817  50.760075 11.675
 30    12.207 53252.06313119 19.11 137.872909  50.778274  9.289
 30    11.878 53252.06313183 18.83 137.871449  50.775044  9.289
 30    11.754 53252.06313248 16.48 137.869989  50.771814  9.289
 30    11.802 53252.06313312 16.54 137.868529  50.768584  9.289
 30    11.492 53252.06313377 17.46 137.867069  50.765344  9.289
 30    11.631 53252.06313441 17.95 137.865609  50.762114  9.289
 30    12.236 53252.06313506 17.74 137.864149  50.758884  9.289
 30    12.095 53252.06313570 25.42 137.862689  50.755654  9.289
 31    10.481 53287.06313052 45.54 137.877317  50.762958 15.000
 31    10.715 53287.06313116 44.54 137.875847  50.759728 15.000
 32    30.395 53322.06310602 24.86 137.886575  50.765237  6.799
 32    10.347 53322.06310667 34.85 137.885115  50.761997  6.799
 33     8.694 53357.06306905 17.67 137.887927  50.787206  4.407
 33     8.835 53357.06306969 18.44 137.886467  50.783976  4.407
 33     8.872 53357.06307033 18.91 137.885007  50.780736  4.407
 33     8.957 53357.06307098 19.44 137.883547  50.777506  4.407
 33     8.879 53357.06307162 19.89 137.882087  50.774276  4.407
 33     8.984 53357.06307227 19.95 137.880627  50.771046  4.407
 33     8.856 53357.06307291 20.14 137.879167  50.767816  4.407
 33     8.964 53357.06307356 19.81 137.877707  50.764586  4.407
 33     9.134 53357.06307420 20.64 137.876247  50.761346  4.407
 33     9.288 53357.06307485 20.32 137.874787  50.758116  4.407
 34     9.206 53392.06308310 13.63 137.892957  50.786472  3.250
 34     9.106 53392.06308375 14.20 137.891497  50.783232  3.250
 34     9.087 53392.06308439 14.72 137.890037  50.780002  3.250
 34     9.074 53392.06308504 15.65 137.888567  50.776772  3.250
 34     8.919 53392.06308568 15.68 137.887107  50.773542  3.250
 34     8.780 53392.06308633 15.57 137.885647  50.770312  3.250
 34     8.982 53392.06308697 15.20 137.884187  50.767082  3.250
 34     9.016 53392.06308762 15.08 137.882727  50.763852  3.250
 34     9.039 53392.06308826 15.19 137.881267  50.760612  3.250
 35     9.299 53427.06307910  9.68 137.887512  50.785073  2.821
 35     9.159 53427.06307975  9.69 137.886052  50.781833  2.821
 35     9.319 53427.06308039  9.62 137.884592  50.778603  2.821
 35     8.776 53427.06308104 10.13 137.883132  50.775373  2.821
 35     8.290 53427.06308168 10.36 137.881672  50.772143  2.821
 35     8.028 53427.06308233 10.92 137.880212  50.768913  2.821
 35     8.099 53427.06308297 10.66 137.878752  50.765683  2.821
 35     8.867 53427.06308362 10.74 137.877292  50.762443  2.821
 35     8.695 53427.06308426 11.05 137.875832  50.759213  2.821
 36    28.923 53462.06309554 10.25 137.892344  50.774959  3.202
 36    15.404 53462.06309619  8.90 137.890884  50.771729  3.202
 36    11.507 53462.06309683  9.88 137.889414  50.768489  3.202
 36     9.695 53462.06309748 10.10 137.887954  50.765259  3.202
 36     9.053 53462.06309812 10.36 137.886494  50.762029  3.202
 37    15.673 53497.06316987 27.08 137.878884  50.780810  9.034
 37    14.330 53497.06317245 23.91 137.873044  50.767890  9.034
 37    14.511 53497.06317310 23.85 137.871574  50.764660  9.034
 37    14.986 53497.06317374 24.13 137.870114  50.761420  9.034
 37    15.301 53497.06317439 26.40 137.868654  50.758190  9.034
 38    15.469 53532.06314835 18.01 137.889553  50.786009  9.890
 38    15.262 53532.06314900 19.81 137.888093  50.782769  9.890
 38    15.088 53532.06314964 21.13 137.886633  50.779539  9.890
 38    14.552 53532.06315029 20.99 137.885173  50.776309  9.890
 38    14.159 53532.06315093 21.45 137.883713  50.773079  9.890
 38    14.162 53532.06315158 22.31 137.882253  50.769849  9.890
 38    14.580 53532.06315222 23.61 137.880793  50.766609  9.890
 38    15.038 53532.06315287 23.85 137.879323  50.763379  9.890
 38    15.031 53532.06315351 23.41 137.877873  50.760149  9.890
 39    11.874 53567.06317252 11.28 137.875666  50.779861  8.224
 39    11.788 53567.06317317  7.46 137.874206  50.776631  8.224
 39    11.522 53567.06317381  8.44 137.872746  50.773401  8.224
 39    10.983 53567.06317446  8.55 137.871286  50.770171  8.224
 39    10.332 53567.06317510  9.39 137.869826  50.766941  8.224
 39    10.251 53567.06317575 11.27 137.868366  50.763711  8.224
 39    10.578 53567.06317639 12.37 137.866906  50.760471  8.224
 39    11.209 53567.06317704 13.67 137.865446  50.757241  8.224
 40    12.498 53602.06311670 28.62 137.880854  50.780448  5.842
 40    12.330 53602.06311734 29.47 137.879394  50.777218  5.842
 40    12.230 53602.06311799 30.40 137.877934  50.773988  5.842
 40    12.253 53602.06311863 30.32 137.876474  50.770758  5.842
 40    12.252 53602.06311928 30.45 137.875014  50.767528  5.842
 40    12.226 53602.06311992 30.51 137.873554  50.764298  5.842
 40    12.360 53602.06312057 30.36 137.872094  50.761058  5.842
 40    12.518 53602.06312121 30.73 137.870634  50.757828  5.842
 41     9.904 53637.06311275 28.24 137.890088  50.787182  6.888
 41     9.785 53637.06311340 27.97 137.888628  50.783952  6.888
 41     9.623 53637.06311404 29.21 137.887168  50.780712  6.888
 41     9.545 53637.06311469 30.84 137.885708  50.777482  6.888
 41     9.679 53637.06311533 31.21 137.884248  50.774252  6.888
 41     9.605 53637.06311597 32.17 137.882778  50.771022  6.888
 41     9.593 53637.06311662 32.75 137.881318  50.767792  6.888
 41     9.676 53637.06311726 31.16 137.879858  50.764562  6.888
 41     9.576 53637.06311791 30.67 137.878398  50.761332  6.888
 42     8.338 53672.06313485 21.55 137.881359  50.782285 10.473
 42     7.846 53672.06313550 20.47 137.879899  50.779055 10.473
 42     7.417 53672.06313614 20.91 137.878439  50.775825 10.473
 42     7.774 53672.06313679 19.22 137.876979  50.772595 10.473
 42     8.219 53672.06313743 19.47 137.875509  50.769365 10.473
 42     8.449 53672.06313807 20.81 137.874049  50.766135 10.473
 42     8.399 53672.06313872 21.56 137.872589  50.762895 10.473
 42     8.276 53672.06313936 22.71 137.871129  50.759665 10.473
 42     7.978 53672.06314001 23.95 137.869669  50.756435 10.473
 43     8.416 53707.06306580 18.68 137.888641  50.786279  8.073
 43     8.287 53707.06306645 19.98 137.887171  50.783049  8.073
 43     8.081 53707.06306709 21.02 137.885721  50.779819  8.073
 43     7.909 53707.06306774 21.47 137.884251  50.776589  8.073
 43     8.170 53707.06306838 21.73 137.882791  50.773349  8.073
 43     8.507 53707.06306902 33.81 137.881331  50.770119  8.073
 43     8.649 53707.06306967 44.37 137.879871  50.766889  8.073
 43     8.426 53707.06307031 26.09 137.878411  50.763659  8.073
 43     8.657 53707.06307096 28.30 137.876955  50.760424 11.414
 44     9.230 53742.06297954 13.46 137.876854  50.779556  4.496
 44     8.881 53742.06298018 14.27 137.875394  50.776326  4.496
 44     9.043 53742.06298083 14.04 137.873934  50.773096  4.496
 44     9.355 53742.06298147 14.70 137.872474  50.769866  4.496
 44     9.465 53742.06298212 15.28 137.871014  50.766636  4.496
 44     9.600 53742.06298276 16.81 137.869554  50.763396  4.496
 44     9.598 53742.06298341 15.61 137.868094  50.760166  4.496
 44     9.335 53742.06298405 16.71 137.866644  50.756936  4.496
 45     9.192 53777.06300267 11.19 137.893846  50.784861  3.085
 45     8.863 53777.06300332 11.66 137.892386  50.781621  3.085
 45     8.726 53777.06300396 13.05 137.890926  50.778391  3.085
 45     8.616 53777.06300461 12.65 137.889466  50.775161  3.085
 45     8.529 53777.06300525 12.73 137.888006  50.771931  3.085
 45     8.738 53777.06300590 12.53 137.886536  50.768701  3.085
 45     9.478 53777.06300654 12.10 137.885076  50.765471  3.085
 45    10.231 53777.06300719 12.10 137.883616  50.762231  3.085
 46     9.545 53812.06298132  6.03 137.879099  50.782030  4.459
 46     9.743 53812.06298197  6.05 137.877639  50.778800  4.459
 46    10.261 53812.06298261  6.53 137.876179  50.775570  4.459
 46     9.586 53812.06298326  7.64 137.874719  50.772340  4.459
 46     9.938 53812.06298390  6.83 137.873259  50.769110  4.459
 46     9.991 53812.06298455  7.21 137.871799  50.765870  4.459
 46     9.894 53812.06298519  7.99 137.870339  50.762640  4.459
 46    10.488 53812.06298584  7.20 137.868879  50.759410  4.459
 46     9.197 53812.06298648  7.18 137.867419  50.756180  4.459
 47     9.874 53847.06303146 25.35 137.890313  50.787815 10.776
 47     9.246 53847.06303210 28.64 137.888853  50.784585 10.776
 47     9.171 53847.06303275 30.58 137.887383  50.781355 10.776
 47     9.067 53847.06303339 32.95 137.885923  50.778125 10.776
 47     8.929 53847.06303404 32.48 137.884463  50.774895 10.776
 47     9.047 53847.06303468 31.41 137.883003  50.771655 10.776
 47     8.994 53847.06303533 31.49 137.881543  50.768425 10.776
 49    13.076 53917.06311595 37.66 137.876423  50.779142 14.995
 49    12.954 53917.06311659 37.21 137.874963  50.775912 14.995
 49    13.021 53917.06311724 37.94 137.873503  50.772682 14.995
 49    13.315 53917.06311788 38.04 137.872043  50.769442 14.995
 49    13.237 53917.06311853 38.52 137.870583  50.766212 14.995
 49    13.210 53917.06311917 37.57 137.869123  50.762982 14.995
 49    13.320 53917.06311982 36.41 137.867663  50.759752 14.995
 49    13.271 53917.06312046 37.75 137.866203  50.756522 14.995
 50    13.653 53952.06312123 24.47 137.873943  50.779736 16.738
 50    13.607 53952.06312188 19.24 137.872483  50.776506 16.738
 50    13.546 53952.06312252 18.86 137.871023  50.773276 16.738
 50    13.415 53952.06312317 19.23 137.869563  50.770046 16.738
 50    13.506 53952.06312381 18.22 137.868103  50.766806 16.738
 50    13.608 53952.06312446 18.38 137.866643  50.763576 16.738
 50    13.704 53952.06312510 18.42 137.865183  50.760346 16.738
 50    13.912 53952.06312574 18.46 137.863723  50.757116 16.738
 52    10.125 54022.06310043 35.80 137.886930  50.771285 14.991
 52    10.005 54022.06310108 34.71 137.885470  50.768045 14.991
 52    10.108 54022.06310172 33.76 137.884010  50.764815 14.991
 52     9.882 54022.06310236 31.61 137.882550  50.761585 14.991
 53     9.921 54057.06308974 34.48 137.896296  50.785720 17.361
 53     9.999 54057.06309038 35.51 137.894826  50.782490 17.361
 53     9.942 54057.06309103 32.51 137.893366  50.779260 17.361
 53     9.930 54057.06309167 33.75 137.891906  50.776030 17.361
 53     9.858 54057.06309232 30.92 137.890446  50.772800 17.361
 53     9.849 54057.06309296 33.56 137.888986  50.769560 17.361
 53     9.967 54057.06309361 30.84 137.887526  50.766330 17.361
 53    10.000 54057.06309425 32.30 137.886066  50.763100 17.361
 54     9.269 54092.06307441 18.30 137.879578  50.780410  6.080
 54     9.323 54092.06307505 19.49 137.878118  50.777180  6.080
 54     9.071 54092.06307570 19.71 137.876658  50.773950  6.080
 54     9.053 54092.06307634 19.71 137.875198  50.770720  6.080
 54     9.123 54092.06307699 19.67 137.873738  50.767480  6.080
 54     9.246 54092.06307763 22.87 137.872278  50.764250  6.080
 54     9.280 54092.06307828 22.09 137.870818  50.761020  6.080
 54     9.077 54092.06307892 20.54 137.869358  50.757790  6.080
 55     8.982 54127.06300615 12.63 137.896743  50.786354  3.837
 55     8.870 54127.06300680 13.81 137.895283  50.783124  3.837
 55     8.701 54127.06300744 14.18 137.893813  50.779894  3.837
 55     8.727 54127.06300809 14.57 137.892353  50.776664  3.837
 55     8.499 54127.06300873 15.10 137.890893  50.773434  3.837
 55     8.508 54127.06300938 15.56 137.889433  50.770194  3.837
 55     8.674 54127.06301002 15.09 137.887973  50.766964  3.837
 55     8.819 54127.06301067 14.82 137.886513  50.763734  3.837
 56     9.075 54162.06304161  9.19 137.885269  50.786720  3.087
 56     8.195 54162.06304290 10.28 137.882339  50.780260  3.087
 56     8.440 54162.06304354 10.62 137.880879  50.777030  3.087
 56     8.131 54162.06304419 11.59 137.879419  50.773800  3.087
 56     8.510 54162.06304483 11.40 137.877959  50.770570  3.087
 56     8.037 54162.06304548 11.83 137.876499  50.767330  3.087
 56     8.890 54162.06304612 11.69 137.875039  50.764100  3.087
 56     8.803 54162.06304677 12.17 137.873579  50.760870  3.087
 56     8.949 54162.06304741 11.77 137.872119  50.757640  3.087
 57    27.746 54197.06300879  4.27 137.892978  50.785467  5.685
 57     8.089 54197.06300943  7.04 137.891518  50.782237  5.685
 57    12.239 54197.06301008  5.95 137.890048  50.779007  5.685
 57     9.640 54197.06301072  6.29 137.888588  50.775777  5.685
 57     7.873 54197.06301137 15.44 137.887128  50.772537  5.685
 57     7.704 54197.06301201 11.85 137.885668  50.769307  5.685
 57    12.321 54197.06301266  4.17 137.884208  50.766077  5.685
 57    11.721 54197.06301330  2.79 137.882748  50.762847  5.685
 58    11.750 54232.06305857 14.75 137.880575  50.765347  8.218
 58    11.888 54232.06305922 16.53 137.879115  50.762117  8.218
 59    12.327 54267.06307217 29.91 137.889657  50.787929 12.503
 59    12.354 54267.06307282 27.98 137.888197  50.784689 12.503
 59    12.165 54267.06307346 26.72 137.886727  50.781459 12.503
 59    11.990 54267.06307411 27.98 137.885267  50.778229 12.503
 59    11.885 54267.06307475 28.24 137.883807  50.774999 12.503
 59    11.725 54267.06307540 30.05 137.882347  50.771769 12.503
 59    11.795 54267.06307604 29.71 137.880887  50.768539 12.503
 59    11.825 54267.06307669 29.42 137.879427  50.765299 12.503
 59    12.067 54267.06307733 29.25 137.877967  50.762069 12.503
 59    12.331 54267.06307798 30.07 137.876507  50.758839 12.503
 60     9.477 54302.06307703 25.84 137.888788  50.786358 17.475
 60     9.395 54302.06307767 25.33 137.887318  50.783128 17.475
 60     9.187 54302.06307832 22.96 137.885858  50.779898 17.475
 60     8.798 54302.06307896 23.90 137.884398  50.776668 17.475
 60     8.854 54302.06307961 25.45 137.882938  50.773438 17.475
 60     9.155 54302.06308025 26.94 137.881478  50.770208 17.475
 60     9.466 54302.06308090 29.33 137.880018  50.766968 17.475
 60     9.574 54302.06308154 35.76 137.878558  50.763738 17.475
 60     9.668 54302.06308219 42.49 137.877098  50.760508 17.475
 61    12.151 54337.06306361 19.60 137.886066  50.787925 10.781
 61    12.427 54337.06306426 18.57 137.884606  50.784685 10.781
 61    12.163 54337.06306490 20.26 137.883146  50.781455 10.781
 61    11.963 54337.06306555 18.42 137.881686  50.778225 10.781
 61    11.675 54337.06306619 21.60 137.880226  50.774995 10.781
 61    11.638 54337.06306684 20.05 137.878766  50.771765 10.781
 61    11.770 54337.06306748 19.71 137.877306  50.768535 10.781
 61    12.013 54337.06306813 18.68 137.875846  50.765295 10.781
 61    12.122 54337.06306877 18.60 137.874386  50.762065 10.781
 61    12.148 54337.06306942 17.83 137.872926  50.758835 10.781
 62    11.262 54372.06300928 16.37 137.893670  50.787914  8.552
 62    11.308 54372.06300993 15.51 137.892210  50.784684  8.552
 62    11.142 54372.06301057 15.56 137.890750  50.781444  8.552
 62    11.556 54372.06301122 15.44 137.889290  50.778214  8.552
 62    12.467 54372.06301380 19.68 137.883440  50.765294  8.552
 62    10.833 54372.06301444 20.85 137.881980  50.762064  8.552
 63     9.095 54407.06300916 28.88 137.885427  50.786110 10.145
 63     8.902 54407.06300980 23.47 137.883957  50.782880 10.145
 63     8.478 54407.06301045 22.42 137.882497  50.779650 10.145
 63     8.478 54407.06301109 20.30 137.881037  50.776420 10.145
 63     8.220 54407.06301174 19.50 137.879577  50.773180 10.145
 63     8.545 54407.06301238 19.90 137.878117  50.769950 10.145
 63     9.335 54407.06301303 18.36 137.876657  50.766720 10.145
 63     9.191 54407.06301367 18.39 137.875197  50.763490 10.145
 63     8.891 54407.06301432 19.90 137.873737  50.760260 10.145
 64     7.760 54442.06296908 21.65 137.897281  50.785382  6.568
 64     7.787 54442.06296973 23.20 137.895811  50.782152  6.568
 64     7.828 54442.06297037 22.79 137.894351  50.778912  6.568
 64     8.063 54442.06297102 22.89 137.892891  50.775682  6.568
 64     8.135 54442.06297166 22.53 137.891431  50.772452  6.568
 64     8.133 54442.06297231 20.63 137.889961  50.769222  6.568
 64     8.236 54442.06297295 20.87 137.888501  50.765992  6.568
 64     8.457 54442.06297359 19.82 137.887041  50.762762  6.568
 65     8.662 54477.06299736 14.69 137.889570  50.786560  3.752
 65     8.317 54477.06299801 15.67 137.888110  50.783330  3.752
 65     8.151 54477.06299865 15.15 137.886650  50.780100  3.752
 65     8.123 54477.06299930 16.00 137.885180  50.776870  3.752
 65     7.968 54477.06299994 15.94 137.883720  50.773630  3.752
 65     7.977 54477.06300059 16.86 137.882260  50.770400  3.752
 65     7.938 54477.06300123 16.58 137.880800  50.767170  3.752
 65     8.057 54477.06300188 16.08 137.879340  50.763940  3.752
 65     8.172 54477.06300252 15.88 137.877880  50.760710  3.752
 66     7.777 54512.06298447 13.18 137.896239  50.786656  4.153
 66     7.537 54512.06298512 14.39 137.894769  50.783426  4.153
 66     7.377 54512.06298576 14.61 137.893309  50.780196  4.153
 66     7.553 54512.06298641 14.35 137.891849  50.776956  4.153
 66     7.357 54512.06298705 15.54 137.890389  50.773726  4.153
 66     7.479 54512.06298770 15.28 137.888929  50.770496  4.153
 66     7.528 54512.06298834 14.63 137.887459  50.767266  4.153
 66     7.616 54512.06298899 13.83 137.885999  50.764036  4.153
 67     9.654 54547.06301123 20.43 137.886157  50.787541  8.352
 67    10.870 54547.06301316 14.70 137.881777  50.777851  8.352
 67    11.059 54547.06301381 15.57 137.880317  50.774611  8.352
 67    11.191 54547.06301445 15.88 137.878857  50.771381  8.352
 67    10.984 54547.06301510 15.86 137.877397  50.768151  8.352
 67    10.684 54547.06301574 17.00 137.875937  50.764921  8.352
 67    10.185 54547.06301639 17.06 137.874477  50.761691  8.352
 67     9.762 54547.06301703 16.60 137.873017  50.758451  8.352
 68     9.293 54582.06298025 51.55 137.890179  50.785296 17.554
 68     9.181 54582.06298154 30.03 137.887249  50.778836 17.554
 68     9.259 54582.06298411 28.30 137.881409  50.765906 17.554
 68     9.095 54582.06298540 45.68 137.878489  50.759446 17.554
 69    10.182 54617.06300102 20.49 137.889777  50.787656  6.623
 69    10.293 54617.06300166 17.38 137.888317  50.784426  6.623
 69    10.109 54617.06300231 17.04 137.886857  50.781196  6.623
 69     9.932 54617.06300295 15.74 137.885397  50.777956  6.623
 69    10.068 54617.06300360 15.75 137.883927  50.774726  6.623
 69    10.404 54617.06300424 15.74 137.882467  50.771496  6.623
 69    10.399 54617.06300489 17.00 137.881011  50.768264 12.275
 69    10.532 54617.06300553 16.89 137.879551  50.765034 12.275
 69     9.977 54617.06300618 16.83 137.878091  50.761804 12.275
 70     8.554 54652.06301402 43.77 137.886334  50.785773 15.594
 70     8.474 54652.06301467 45.96 137.884874  50.782543 15.594
 70     8.641 54652.06301531 47.94 137.883414  50.779313 15.594
 70     8.364 54652.06301596 40.16 137.881954  50.776073 15.594
 70     8.757 54652.06301660 39.93 137.880494  50.772843 15.594
 70     8.240 54652.06301725 33.67 137.879034  50.769613 15.594
 70     8.297 54652.06301789 34.39 137.877574  50.766383 15.594
 70     8.580 54652.06301854 36.76 137.876114  50.763153 15.594
 70     8.655 54652.06301918 37.37 137.874654  50.759923 15.594
 71    10.423 54687.06300603 19.43 137.881696  50.780925 16.248
 71    10.184 54687.06300667 20.38 137.880236  50.777695 16.248
 71    10.468 54687.06300732 19.49 137.878776  50.774465 16.248
 71    10.725 54687.06300796 33.19 137.877316  50.771225 16.248
 71    10.520 54687.06300861 33.77 137.875856  50.767995 16.248
 71    10.499 54687.06300925 26.56 137.874396  50.764765 16.248
 71    10.338 54687.06300990 23.91 137.872936  50.761535 16.248
 71    10.140 54687.06301054 22.36 137.871476  50.758305 16.248
 72    10.918 54722.06295960 40.62 137.896721  50.786999 21.482
 72    10.044 54722.06296025 42.07 137.895261  50.783769 21.482
 72    10.005 54722.06296089 38.40 137.893791  50.780539 21.482
 72    10.642 54722.06296153 36.88 137.892331  50.777309 21.482
 72    10.543 54722.06296218 36.10 137.890871  50.774069 21.482
 72     9.282 54722.06296282 45.89 137.889411  50.770839 21.482
 72     9.501 54722.06296347 44.83 137.887951  50.767609 21.482
 72     9.349 54722.06296411 45.20 137.886491  50.764379 21.482
 73     9.683 54757.06298270 44.55 137.881137  50.774654 16.093
 73     9.613 54757.06298335 45.42 137.879677  50.771424 16.093
 73     9.724 54757.06298399 37.98 137.878217  50.768194 16.093
 73     9.659 54757.06298464 36.72 137.876757  50.764964 16.093
 73     9.692 54757.06298528 33.58 137.875297  50.761734 16.093
 73     9.613 54757.06298593 31.72 137.873837  50.758504 16.093
 74     8.935 54792.06295327 20.53 137.894958  50.787545  8.995
 74     9.151 54792.06295391 26.18 137.893488  50.784315  8.995
 74     9.297 54792.06295456 26.85 137.892028  50.781085  8.995
 74     9.128 54792.06295520 23.74 137.890568  50.777845  8.995
 74     9.105 54792.06295584 22.79 137.889108  50.774615  8.995
 74     8.989 54792.06295649 22.75 137.887638  50.771385  8.995
 74     8.903 54792.06295713 23.52 137.886178  50.768155  8.995
 74     8.855 54792.06295778 23.85 137.884718  50.764925  8.995
 74     9.004 54792.06295842 23.28 137.883258  50.761695  8.995
 75     9.235 54827.06297755 12.24 137.889769  50.785956  4.428
 75     9.301 54827.06297820 12.03 137.888309  50.782726  4.428
 75     9.262 54827.06297884 12.96 137.886839  50.779496  4.428
 75     9.193 54827.06297949 13.63 137.885379  50.776266  4.428
 75     9.053 54827.06298013 13.77 137.883919  50.773036  4.428
 75     8.931 54827.06298077 15.12 137.882459  50.769806  4.428
 75     9.045 54827.06298142 13.08 137.880999  50.766566  4.428
 75     8.997 54827.06298206 15.43 137.879539  50.763336  4.428
 75     8.993 54827.06298271 15.16 137.878079  50.760106  4.428
 76     9.498 54862.06294692  7.98 137.895427  50.787871  2.898
 76     9.214 54862.06294757  8.58 137.893957  50.784641  2.898
 76     9.128 54862.06294821  9.47 137.892497  50.781411  2.898
 76     9.041 54862.06294886  8.92 137.891037  50.778171  2.898
 76     8.813 54862.06294950  9.69 137.889577  50.774941  2.898
 76     8.701 54862.06295015  9.44 137.888117  50.771711  2.898
 76     8.603 54862.06295079  9.42 137.886657  50.768481  2.898
 76     8.827 54862.06295144  9.36 137.885187  50.765251  2.898
 76     8.837 54862.06295208  9.55 137.883727  50.762021  2.898
 77     9.501 54897.06297911  7.26 137.882453  50.782135  2.351
 77     9.239 54897.06297975  7.11 137.880993  50.778905  2.351
 77     8.981 54897.06298040  7.65 137.879533  50.775665  2.351
 77     9.183 54897.06298104  8.31 137.878073  50.772435  2.351
 77     9.130 54897.06298168  8.44 137.876613  50.769205  2.351
 77     8.999 54897.06298233  9.21 137.875153  50.765975  2.351
 77     9.573 54897.06298297  7.73 137.873693  50.762745  2.351
 77     9.839 54897.06298362  7.56 137.872233  50.759515  2.351
 78     9.482 54932.06294352 28.27 137.891124  50.785452 17.909
 78     7.973 54932.06294417 33.76 137.889664  50.782222 17.909
 78     8.061 54932.06294481 33.97 137.888194  50.778992 17.909
 78     7.978 54932.06294546 31.47 137.886734  50.775762 17.909
 78     8.006 54932.06294610 30.05 137.885274  50.772522 17.909
 78     8.149 54932.06294675 30.86 137.883814  50.769292 17.909
 78     8.215 54932.06294739 31.23 137.882354  50.766062 17.909
 78     8.370 54932.06294804 29.87 137.880894  50.762832 17.909
 79    13.100 54967.06297833 17.90 137.888431  50.787267  8.899
 79    12.966 54967.06297898 19.08 137.886971  50.784037  8.899
 79    12.895 54967.06297962 18.84 137.885501  50.780807  8.899
 79    12.614 54967.06298027 19.88 137.884041  50.777577  8.899
 79    12.767 54967.06298091 20.23 137.882581  50.774347  8.899
 79    12.512 54967.06298156 20.43 137.881121  50.771107  8.899
 79    12.113 54967.06298220 20.89 137.879661  50.767877  8.899
 79    12.469 54967.06298284 20.02 137.878201  50.764647  8.899
 79    12.350 54967.06298349 18.99 137.876741  50.761417  8.899
 80    11.757 55002.06299864 13.80 137.885596  50.787178  6.950
 80    11.066 55002.06299992 17.44 137.882676  50.780718  6.950
 80    11.204 55002.06300057 16.73 137.881216  50.777488  6.950
 80    10.716 55002.06300121 18.85 137.879756  50.774248  6.950
 80    10.948 55002.06300186 19.30 137.878296  50.771018  6.950
 80    11.340 55002.06300250 20.32 137.876836  50.767788  6.950
 80    10.853 55002.06300315 19.06 137.875376  50.764558  6.950
 80    10.765 55002.06300379 18.59 137.873916  50.761328  6.950
 80    10.160 55002.06300444 19.75 137.872456  50.758098  6.950
 81    14.146 55037.06298461 29.07 137.889811  50.787471 11.859
 81    14.279 55037.06298526 29.02 137.888351  50.784241 11.859
 81    14.292 55037.06298590 28.00 137.886891  50.781011 11.859
 81    14.140 55037.06298655 25.78 137.885431  50.777781 11.859
 81    13.959 55037.06298719 25.22 137.883971  50.774541 11.859
 81    13.613 55037.06298784 25.89 137.882511  50.771311 11.859
 81    14.107 55037.06298848 26.78 137.881051  50.768081 11.859
 81    14.315 55037.06298913 26.28 137.879591  50.764851 11.859
 81    14.532 55037.06298977 27.45 137.878131  50.761621 11.859
 82    15.129 55072.06297309 25.43 137.881279  50.781559 16.375
 82    14.976 55072.06297374 22.24 137.879819  50.778329 16.375
 82    14.712 55072.06297438 22.17 137.878359  50.775099 16.375
 82    14.203 55072.06297503 26.57 137.876899  50.771869 16.375
 82    13.907 55072.06297567 26.25 137.875439  50.768629 16.375
 82    14.032 55072.06297632 22.27 137.873979  50.765399 16.375
 82    14.615 55072.06297696 22.25 137.872519  50.762169 16.375
 82    15.047 55072.06297761 22.75 137.871059  50.758939 16.375
 83    14.758 55107.06291954 30.73 137.887640  50.773802 14.769
 83    14.785 55107.06292019 31.07 137.886180  50.770572 14.769
 83    14.763 55107.06292083 31.16 137.884720  50.767342 14.769
 83    15.013 55107.06292148 31.53 137.883260  50.764112 14.769
 83    15.207 55107.06292212 31.27 137.881790  50.760882 14.769
 84    11.706 55142.06292373 44.97 137.883146  50.782096 29.147
 84    12.121 55142.06292437 43.75 137.881686  50.778866 29.147
 84    12.088 55142.06292502 46.11 137.880226  50.775626 29.147
 84    11.473 55142.06292566 44.60 137.878766  50.772396 29.147
 84    15.517 55142.06292631 38.41 137.877306  50.769166 29.147
 84    10.153 55142.06292695 50.02 137.875846  50.765936 29.147
 84    10.320 55142.06292760 50.30 137.874386  50.762706 29.147
 84    10.236 55142.06292824 50.35 137.872926  50.759476 29.147
 85     9.953 55177.06288695 14.92 137.897671  50.787544  4.007
 85     9.948 55177.06288760 15.00 137.896201  50.784314  4.007
 85     9.752 55177.06288824 15.92 137.894741  50.781084  4.007
 85     9.609 55177.06288889 16.48 137.893281  50.777844  4.007
 85     9.640 55177.06288953 17.05 137.891821  50.774614  4.007
 85    10.097 55177.06289017 18.26 137.890361  50.771384  4.007
 85    10.144 55177.06289082 18.52 137.888891  50.768154  4.007
 85     9.861 55177.06289146 17.44 137.887431  50.764924  4.007
 86    10.828 55212.06291728 11.16 137.887793  50.786567  3.368
 86    10.597 55212.06291792 11.95 137.886333  50.783337  3.368
 86    10.461 55212.06291857 11.93 137.884873  50.780107  3.368
 86    10.169 55212.06291921 12.51 137.883413  50.776877  3.368
 86    10.095 55212.06291986 12.96 137.881953  50.773637  3.368
 86    10.227 55212.06292050 13.47 137.880493  50.770407  3.368
 86    10.374 55212.06292115 13.31 137.879033  50.767177  3.368
 86    10.317 55212.06292179 13.28 137.877573  50.763947  3.368
 86    10.292 55212.06292244 13.44 137.876113  50.760717  3.368
 87     9.739 55247.06289047 11.07 137.892394  50.785995  3.501
 87     9.643 55247.06289112 10.87 137.890934  50.782765  3.501
 87     9.631 55247.06289176 12.14 137.889474  50.779535  3.501
 87     9.557 55247.06289241 11.57 137.888014  50.776305  3.501
 87     9.609 55247.06289305 12.44 137.886554  50.773075  3.501
 87     9.709 55247.06289370 12.63 137.885094  50.769835  3.501
 87     9.864 55247.06289434 12.15 137.883624  50.766605  3.501
 87     9.742 55247.06289499 12.55 137.882164  50.763375  3.501
 87     9.898 55247.06289563 12.35 137.880707  50.760145  2.510
 88     9.945 55282.06291220  7.97 137.881717  50.780591  2.975
 88     9.772 55282.06291284  8.24 137.880257  50.777361  2.975
 88     9.251 55282.06291349  8.69 137.878797  50.774121  2.975
 88     9.413 55282.06291413  8.64 137.877337  50.770891  2.975
 88     9.305 55282.06291478  8.59 137.875877  50.767661  2.975
 88     9.128 55282.06291542  9.63 137.874417  50.764431  2.975
 88     9.824 55282.06291607  8.73 137.872957  50.761201  2.975
 88     9.920 55282.06291671  8.28 137.871497  50.757971  2.975
 89    12.815 55317.06287916 37.46 137.886555  50.785992 18.143
 89    12.426 55317.06287981 31.03 137.885095  50.782762 18.143
 90    15.030 55352.06288313 23.32 137.885741  50.786845 13.100
 90    15.074 55352.06288377 22.46 137.884281  50.783615 13.100
 90    15.043 55352.06288442 22.69 137.882821  50.780385 13.100
 90    14.756 55352.06288506 22.73 137.881361  50.777155 13.100
 90    14.516 55352.06288571 23.97 137.879901  50.773915 13.100
 90    14.050 55352.06288635 21.99 137.878441  50.770685 13.100
 90    13.513 55352.06288699 24.63 137.876981  50.767455 13.100
 90    14.122 55352.06288764 22.67 137.875521  50.764225 13.100
 90    14.796 55352.06288828 22.29 137.874061  50.760995 13.100
 90    14.995 55352.06288893 25.98 137.872601  50.757765 13.100
 91    11.418 55387.06287897 13.45 137.891946  50.785794 12.347
 91    11.431 55387.06287962 13.07 137.890476  50.782564 12.347
 91    11.285 55387.06288026 14.18 137.889016  50.779334 12.347
 91    11.238 55387.06288091 14.37 137.887556  50.776094 12.347
 91    10.952 55387.06288155 16.52 137.886096  50.772864 12.347
 91    10.916 55387.06288220 17.59 137.884636  50.769634 12.347
 91    11.197 55387.06288284 16.66 137.883176  50.766404 12.347
 91    11.868 55387.06288349 14.86 137.881706  50.763174 12.347
 91    12.264 55387.06288413 16.22 137.880246  50.759944 12.347
 92    14.675 55422.06290072 39.38 137.889147  50.787731 14.120
 92    14.489 55422.06290136 38.05 137.887677  50.784501 14.120
 92    14.206 55422.06290201 35.62 137.886217  50.781271 14.120
 92    14.249 55422.06290265 35.74 137.884757  50.778041 14.120
 92    14.240 55422.06290330 35.60 137.883297  50.774811 14.120
 92    14.334 55422.06290394 35.76 137.881837  50.771571 14.120
 92    14.182 55422.06290459 37.80 137.880377  50.768341 14.120
 92    14.273 55422.06290523 35.71 137.878917  50.765111 14.120
 92    14.314 55422.06290588 34.94 137.877457  50.761881 14.120
 92    14.383 55422.06290652 34.75 137.875997  50.758651 14.120
 93    15.212 55457.06287587 29.04 137.882093  50.783089 13.556
 93    15.011 55457.06287651 29.71 137.880633  50.779859 13.556
 93    14.957 55457.06287716 29.39 137.879173  50.776629 13.556
 93    14.650 55457.06287780 30.22 137.877713  50.773399 13.556
 93    14.225 55457.06287844 30.73 137.876253  50.770169 13.556
 93    14.193 55457.06287909 32.71 137.874793  50.766929 13.556
 93    14.661 55457.06287973 30.89 137.873333  50.763699 13.556
 93    14.783 55457.06288038 32.36 137.871873  50.760469 13.556
 93    14.962 55457.06288102 32.60 137.870413  50.757239 13.556
