-264083.767   -16.980     0.00    2.29
-263712.600   -17.549    -1.53    2.19
-263341.398   -18.070    -1.40    1.89
-262970.161   -18.064     0.02    1.80
-262598.888   -17.421     1.73    2.02
-262227.581   -16.598     2.22    2.17
-261856.238   -16.029     1.53    1.95
-261484.860   -15.760     0.72    1.69
-261113.447   -15.745     0.04    1.73
-260741.998   -16.010    -0.71    1.83
-260370.515   -16.226    -0.58    2.01
-259998.996   -15.760     1.25    2.19
-259627.442   -15.438     0.87    2.35
-259255.853   -14.439     2.69    2.16
-258884.228   -13.546     2.40    1.42
-258512.568   -13.253     0.79    1.19
-258140.873   -13.588    -0.90    1.41
-257769.143   -13.647    -0.16    1.45
-257397.377   -13.904    -0.69    1.36
-257025.576   -14.149    -0.66    1.28
-256653.739   -14.296    -0.40    1.28
-256281.867   -14.476    -0.48    1.39
-255909.960   -14.421     0.15    1.40
-255538.018   -14.284     0.37    1.45
-255166.040   -14.202     0.22    1.26
-254794.027   -13.867     0.90    1.12
-254421.978   -14.138    -0.73    1.00
-254049.894   -14.242    -0.28    0.89
-253677.774   -14.290    -0.13    0.70
-253305.619   -14.237     0.14    0.80
-252933.429   -14.283    -0.12    0.79
-252561.203   -14.290    -0.02    0.79
-252188.942   -14.277     0.03    0.89
-251816.645   -14.206     0.19    0.90
-251444.312   -14.011     0.52    0.95
-251071.944   -13.849     0.43    0.85
-250699.541   -13.593     0.69    0.89
-250327.102   -13.512     0.22    0.95
-249954.628   -13.581    -0.19    0.84
-249582.117   -13.568     0.04    0.90
-249209.572   -13.724    -0.42    0.91
-248836.991   -13.610     0.31    1.05
-248464.374   -13.581     0.08    1.18
-248091.721   -13.308     0.73    1.22
-247719.033   -12.992     0.85    1.33
-247346.310   -12.884     0.29    1.32
-246973.550   -12.689     0.52    1.15
-246600.755   -12.598     0.24    1.18
-246227.925   -12.575     0.06    1.33
-245855.058   -12.314     0.70    1.26
-245482.156   -12.264     0.13    1.18
-245109.219   -12.367    -0.28    1.17
-244736.245   -12.428    -0.16    1.20
-244363.236   -12.742    -0.84    1.20
-243990.191   -12.885    -0.38    1.16
-243617.110   -12.884     0.00    1.32
-243243.994   -13.081    -0.53    1.18
-242870.842   -13.102    -0.05    1.28
-242497.654   -12.939     0.44    1.18
-242124.430   -12.749     0.51    1.13
-241751.170   -12.728     0.05    1.12
-241377.875   -12.687     0.11    0.99
-241004.544   -12.474     0.57    1.03
-240631.177   -12.593    -0.32    1.08
-240257.774   -12.635    -0.11    1.15
-239884.335   -12.575     0.16    1.18
-239510.860   -12.364     0.56    1.25
-239137.349   -12.081     0.76    1.15
-238763.803   -11.993     0.24    1.08
-238390.220   -12.081    -0.24    1.22
-238016.602   -12.014     0.18    1.19
-237642.948   -12.011     0.01    1.28
-237269.257   -11.938     0.20    1.31
-236895.531   -11.903     0.09    1.24
-236521.769   -11.902     0.00    1.06
-236147.971   -11.742     0.43    1.09
-235774.136   -11.564     0.48    1.11
-235400.266   -11.315     0.66    1.26
-235026.360   -11.456    -0.38    1.19
-234652.417   -11.072     1.03    1.23
-234278.439   -10.831     0.64    1.22
-233904.424   -10.847    -0.04    1.12
-233530.374   -10.711     0.36    1.20
-233156.287    -9.349     3.64    4.52
-232782.165    -7.284     5.52    6.75
-232408.006    -4.546     7.32    8.05
-232033.811    -1.768     7.42    8.05
-231659.580    -1.706     0.16    7.23
-231285.312    -3.012    -3.49    6.69
-230911.009    -4.724    -4.57    4.76
-230536.669    -6.660    -5.17    1.90
-230162.294    -6.814    -0.41    1.48
-229787.882    -6.375     1.17    1.42
-229413.433    -5.720     1.75    1.60
-229038.949    -4.834     2.37    1.62
-228664.428    -3.687     3.06    2.46
-228289.871    -2.189     4.00    3.48
-227915.278    -0.749     3.84    3.88
-227540.649     0.517     3.38    4.05
-227165.983     2.186     4.45    3.72
-226791.281     3.862     4.47    3.10
-226416.542     5.204     3.58    2.23
-226041.768     6.284     2.88    1.73
-225666.957     7.258     2.60    2.11
-225292.109     8.655     3.73    2.95
-224917.226    10.758     5.61    3.59
-224542.306    13.081     6.19    3.80
-224167.349    15.686     6.95    4.61
-223792.356    18.262     6.87    6.19
-223417.327    22.347    10.89    9.07
-223042.261    30.061    20.56   12.63
-222667.159    40.779    28.57   20.82
-222292.020    52.115    30.21   24.56
-221916.845    61.197    24.20   26.20
-221541.634    62.425     3.27   24.81
-221166.386    67.262    12.89   21.87
-220791.101    68.877     4.30   18.30
-220415.780    65.722    -8.40   17.16
-220040.423    67.988     6.04   20.71
-219665.029    68.865     2.34   23.11
-219289.598    72.951    10.88   24.93
-218914.131    74.903     5.20   21.39
-218538.627    72.666    -5.96   17.62
-218163.087    64.704   -21.20   15.38
-217787.510    55.589   -24.26   12.60
-217411.896    48.436   -19.04   12.05
-217036.246    40.517   -21.08    9.66
-216660.560    34.704   -15.47    6.04
-216284.836    34.311    -1.04    5.35
-215909.076    38.755    11.82   10.19
-215533.279    48.061    24.76   17.66
-215157.446    60.825    33.96   20.52
-214781.576    71.753    29.07   23.79
-214405.669    78.865    18.92   25.23
-214029.725    85.118    16.63   26.86
-213653.745    81.419    -9.84   27.80
-213277.728    75.136   -16.70   24.47
-212901.674    71.816    -8.83   20.49
-212525.584    69.599    -5.89   20.42
-212149.456    75.186    14.85   21.08
-211773.292    80.186    13.29   22.30
-211397.091    84.526    11.53   24.60
-211020.853    88.166     9.67   24.69
-210644.579    86.459    -4.54   26.70
-210268.267    89.972     9.33   26.78
-209891.919    89.345    -1.66   22.75
-209515.534    93.500    11.03   23.40
-209139.112    98.561    13.44   21.53
-208762.653    95.954    -6.92   21.34
-208386.157    92.026   -10.43   18.90
-208009.624    88.951    -8.16   18.27
-207633.054    89.956     2.67   17.01
-207256.448    93.262     8.78   17.08
-206879.804   101.044    20.66   20.52
-206503.124   105.280    11.24   17.61
-206126.406   106.329     2.78   14.59
-205749.651   104.009    -6.16   12.84
-205372.860   103.425    -1.55   11.72
-204996.031   104.919     3.96    9.97
-204619.165   105.062     0.38    8.72
-204242.263   103.865    -3.18    8.28
-203865.323   101.225    -7.00    8.39
-203488.346    97.789    -9.11    9.73
-203111.332    91.508   -16.66   12.75
-202734.281    85.153   -16.85   12.77
-202357.193    84.061    -2.89   15.21
-201980.068    83.794    -0.71   17.25
-201602.906    86.096     6.10   21.11
-201225.706    81.444   -12.33   23.82
-200848.469    72.587   -23.47   27.45
-200471.195    66.389   -16.43   27.25
-200093.884    62.229   -11.02   21.14
-199716.536    69.633    19.62   21.93
-199339.151    81.678    31.91   23.95
-198961.728    97.669    42.36   26.83
-198584.268   106.307    22.88   25.93
-198206.771    99.693   -17.52   26.87
-197829.236    81.763   -47.48   27.07
-197451.665    66.716   -39.84   24.41
-197074.056    54.061   -33.51   14.37
-196696.409    46.659   -19.60    9.39
-196318.726    43.991    -7.06    7.19
-195941.005    42.807    -3.13    4.41
-195563.246    44.462     4.38    7.02
-195185.451    50.044    14.77   14.75
-194807.618    54.098    10.73   16.56
-194429.747    61.307    19.07   18.75
-194051.839    67.210    15.62   18.40
-193678.799    70.658     9.24   16.22
-193308.156    74.478    10.30   15.25
-192937.478    76.097     4.37   16.11
-192566.764    75.544    -1.49   15.76
-192196.014    75.131    -1.11   14.90
-191825.228    74.009    -3.03   13.38
-191454.406    72.919    -2.94   11.74
-191083.549    72.472    -1.20   12.01
-190712.655    73.155     1.84   12.68
-190341.725    73.008    -0.40   11.79
-189970.760    73.377     0.99    9.49
-189599.758    75.182     4.86    8.32
-189228.720    77.332     5.79    8.94
-188857.647    82.061    12.74   11.02
-188486.537    86.728    12.57   13.41
-188115.391    91.008    11.53   15.41
-187744.209    97.776    18.23   16.82
-187372.992   106.383    23.18   20.77
-187001.738   113.472    19.09   22.02
-186630.448   119.916    17.35   24.77
-186259.122   126.745    18.39   25.82
-185887.760   132.607    15.78   27.25
-185516.361   131.079    -4.11   22.41
-185144.927   130.967    -0.30   19.88
-184773.456   132.079     2.99   18.38
-184401.950   134.207     5.73   12.81
-184030.407   143.079    23.87   18.33
-183658.828   157.298    38.26   20.18
-183287.212   173.589    43.83   23.84
-182915.561   193.115    52.53   28.59
-182543.873   216.171    62.02   34.53
-182172.149   235.009    50.67   31.57
-181800.389   247.829    34.48   26.95
-181428.593   260.254    33.41   25.52
-181056.760   276.486    43.65   27.15
-180684.891   293.544    45.86   25.42
-180312.986   298.007    12.00   22.15
-179941.044   287.294   -28.80   31.00
-179569.066   261.901   -68.25   40.24
-179197.052   246.498   -41.40   32.26
-178825.001   249.365     7.70   37.50
-178452.915   262.526    35.36   39.49
-178080.791   280.851    49.24   36.00
-177708.632   283.692     7.63   39.74
-177336.436   281.272    -6.50   36.98
-176964.203   271.006   -27.57   31.12
-176591.934   253.938   -45.84   32.82
-176219.629   234.136   -53.18   38.28
-175847.287   212.079   -59.23   34.69
-175474.909   189.625   -60.29   29.86
-175102.495   173.134   -44.27   29.17
-174730.043   153.544   -52.59   24.28
-174357.556   138.365   -40.74   17.13
-173985.032   125.704   -33.98   12.61
-173612.471   117.409   -22.26    8.99
-173239.874   121.044     9.75   17.21
-172867.240   128.229    19.28   21.19
-172494.570   138.888    28.60   20.60
-172121.863   149.534    28.56   20.54
-171749.120   152.811     8.79   22.42
-171376.340   159.240    17.24   20.93
-171003.523   162.734     9.37   21.06
-170630.670   160.419    -6.21   21.30
-170257.780   167.480    18.93   24.57
-169884.854   181.347    37.18   31.15
-169511.891   193.178    31.72   28.47
-169138.891   198.285    13.69   26.67
-168765.855   204.534    16.75   24.71
-168392.781   202.394    -5.74   24.40
-168019.672   196.490   -15.82   25.47
-167646.525   185.454   -29.57   25.29
-167273.342   177.044   -22.53   20.92
-166900.122   178.862     4.87   21.50
-166526.865   187.311    22.63   26.65
-166153.572   197.470    27.21   32.99
-165780.241   198.008     1.44   35.58
-165406.874   188.798   -24.66   35.40
-165033.470   177.938   -29.08   32.39
-164660.030   161.462   -44.11   26.84
-164286.552   143.971   -46.82   23.69
-163913.038   127.383   -44.40   19.01
-163539.486   119.134   -22.08   13.23
-163165.898   124.728    14.97   23.42
-162792.273   135.138    27.86   27.24
-162418.612   150.704    41.65   30.13
-162044.913   161.099    27.81   29.87
-161671.177   166.204    13.66   30.25
-161297.405   176.008    26.22   30.53
-160923.595   182.311    16.86   28.79
-160549.748   190.919    23.02   25.50
-160175.865   202.480    30.92   25.87
-159801.945   209.973    20.04   24.51
-159427.987   213.280     8.84   25.18
-159053.993   214.871     4.25   26.95
-158679.961   214.563    -0.82   30.27
-158305.893   220.383    15.56   29.73
-157931.787   226.272    15.74   28.09
-157557.645   218.938   -19.60   31.05
-157183.465   205.710   -35.35   30.18
-156809.248   196.883   -23.59   25.87
-156434.995   193.026   -10.30   20.07
-156060.704   200.704    20.51   25.39
-155686.376   213.149    33.24   27.82
-155312.010   223.389    27.35   23.53
-154937.608   231.992    22.97   19.20
-154563.169   236.898    13.10   19.37
-154188.692   238.991     5.59   26.75
-153814.178   240.359     3.65   37.88
-153439.627   238.971    -3.71   45.93
-153065.039   225.745   -35.30   43.65
-152690.414   215.044   -28.56   33.91
-152315.751   212.903    -5.71   25.40
-151941.051   227.836    39.85   35.19
-151566.314   246.940    50.97   39.20
-151191.539   269.044    58.97   33.23
-150816.728   286.008    45.25   31.42
-150441.879   303.009    45.35   34.27
-150066.992   313.498    27.98   37.75
-149692.069   320.587    18.91   36.51
-149317.108   323.685     8.26   37.55
-148942.109   320.079    -9.61   32.68
-148567.073   315.488   -12.24   34.20
-148192.000   329.883    38.37   40.81
-147816.890   346.704    44.84   46.58
-147441.742   353.989    19.42   42.45
-147066.557   349.240   -12.66   33.39
-146691.334   344.534   -12.54   31.95
-146316.074   340.454   -10.87   31.23
-145940.776   332.821   -20.34   29.41
-145565.441   316.219   -44.23   32.92
-145190.069   300.062   -43.04   28.66
-144814.659   290.009   -26.78   28.47
-144439.211   287.204    -7.47   33.71
-144063.726   286.116    -2.90   39.11
-143688.203   280.763   -14.25   35.82
-143312.643   281.383     1.65   33.24
-142937.046   274.595   -18.07   27.10
-142561.410   270.893    -9.86   20.70
-142185.738   268.535    -6.28   20.91
-141810.027   260.794   -20.60   22.72
-141434.279   251.026   -25.99   25.76
-141058.493   240.868   -27.03   27.02
-140682.670   236.133   -12.60   32.20
-140306.809   234.113    -5.37   37.53
-139930.911   232.007    -5.60   38.35
-139554.974   218.219   -36.67   34.80
-139179.000   199.953   -48.58   26.49
-138802.989   184.097   -42.16   22.66
-138426.939   167.953   -42.93   17.57
-138050.852   158.919   -24.02   15.63
-137674.727   150.865   -21.41   10.12
-137298.565   146.680   -11.12    8.35
-136922.365   143.079    -9.57    7.22
-136546.126   140.225    -7.58    6.10
-136169.851   137.423    -7.45    4.35
-135793.537   135.061    -6.27    4.08
-135417.185   134.008    -2.80    5.90
-135040.796   132.675    -3.54    6.52
-134664.369   132.490    -0.49    8.70
-134287.904   131.009    -3.93    8.87
-133911.401   128.332    -7.11    7.31
-133534.860   125.061    -8.68    3.36
-133158.281   123.526    -4.08    1.69
-132781.665   122.675    -2.26    1.69
-132405.010   122.430    -0.65    1.91
-132028.318   124.272     4.89    5.36
-131651.587   131.535    19.28   12.98
-131274.819   144.217    33.66   19.86
-130898.012   161.285    45.29   23.41
-130521.168   177.444    42.87   21.33
-130144.286   184.938    19.88   17.79
-129767.365   185.419     1.27   14.83
-129390.407   181.734    -9.77   15.73
-129013.411   174.991   -17.89   15.08
-128636.376   171.774    -8.53   13.55
-128259.304   173.847     5.50   12.80
-127882.193   173.880     0.09   14.23
-127505.044   170.096   -10.03   15.54
-127127.857   168.412    -4.46   15.35
-126750.633   169.324     2.42   15.97
-126373.369   173.219    10.32   16.35
-125996.068   181.761    22.64   17.90
-125618.729   192.957    29.67   19.52
-125241.351   203.204    27.15   18.67
-124863.936   208.728    14.63   20.46
-124486.482   217.728    23.84   21.49
-124108.989   224.740    18.57   19.75
-123731.459   224.806     0.18   16.81
-123353.890   220.421   -11.61   20.57
-122976.284   205.149   -40.44   21.29
-122598.638   193.807   -30.03   17.71
-122220.955   190.956    -7.55   16.41
-121843.233   197.079    16.21   20.77
-121465.473   207.640    27.95   18.29
-121087.675   212.026    11.61   15.59
-120709.838   209.858    -5.74   18.69
-120331.963   207.484    -6.28   17.23
-119954.050   206.693    -2.09   14.76
-119576.098   205.745    -2.51   13.91
-119198.108   201.851   -10.30   15.17
-118824.449   197.131   -12.63   16.34
-118453.918   190.147   -18.85   15.24
-118083.352   187.599    -6.87   19.81
-117712.748   182.811   -12.92   19.95
-117342.107   180.044    -7.47   18.44
-116971.430   173.669   -17.20   14.85
-116600.716   172.951    -1.94   15.10
-116229.965   171.509    -3.89   14.31
-115859.177   169.794    -4.63   14.60
-115488.353   165.237   -12.29   12.91
-115117.491   158.886   -17.12   10.95
-114746.592   157.114    -4.78   10.17
-114375.657   159.454     6.31   13.18
-114004.685   164.901    14.68   16.29
-113633.675   174.240    25.17   16.75
-113262.629   181.025    18.28   13.30
-112891.546   181.319     0.79   11.74
-112520.426   178.007    -8.92    9.85
-112149.268   169.959   -21.68   11.06
-111778.074   161.505   -22.77    8.60
-111406.843   157.169   -11.68    8.01
-111035.575   161.675    12.14   15.83
-110664.270   167.833    16.58   17.60
-110292.927   175.383    20.33   13.77
-109921.548   177.640     6.08    8.95
-109550.131   172.745   -13.18   10.62
-109178.678   165.026   -20.78   11.41
-108807.187   155.630   -25.29   11.57
-108435.659   148.587   -18.95    9.51
-108064.094   141.763   -18.37    7.20
-107692.492   139.851    -5.14    8.91
-107320.853   145.204    14.40   16.07
-106949.177   149.971    12.82   15.92
-106577.463   151.517     4.16   13.32
-106205.712   149.776    -4.68   11.98
-105833.924   144.324   -14.66   10.73
-105462.099   144.289    -0.09   11.97
-105090.237   150.829    17.59   16.48
-104718.337   159.010    21.99   16.99
-104346.400   161.919     7.82   16.03
-103974.426   155.669   -16.80   15.05
-103602.415   149.007   -17.91    9.29
-103230.366   153.517    12.12   13.91
-102858.280   169.210    42.17   27.96
-102486.156   193.061    64.09   39.66
-102113.995   221.589    76.65   41.47
-101741.797   244.182    60.69   47.13
-101369.562   269.095    66.92   48.26
-100997.289   295.061    69.74   42.81
-100624.979   315.213    54.12   39.24
-100252.631   324.459    24.83   37.31
 -99880.246   324.623     0.44   34.99
 -99507.824   324.544    -0.21   32.58
 -99135.364   341.061    44.34   31.99
 -98762.866   344.883    10.26   29.52
 -98390.332   346.976     5.62   27.29
 -98017.759   341.401   -14.96   29.95
 -97645.149   334.517   -18.47   27.65
 -97272.502   328.745   -15.49   27.79
 -96899.817   325.098    -9.79   29.87
 -96527.095   322.716    -6.39   29.22
 -96154.335   311.389   -30.38   27.69
 -95781.538   311.658     0.72   25.36
 -95408.703   317.313    15.17   27.94
 -95035.830   337.113    53.10   34.96
 -94662.920   361.865    66.37   28.83
 -94289.972   375.716    37.14   23.25
 -93916.987   382.329    17.73   24.95
 -93543.963   372.447   -26.49   29.37
 -93170.903   354.623   -47.77   33.89
 -92797.804   339.669   -40.08   35.61
 -92424.668   322.587   -45.77   34.07
 -92051.495   312.118   -28.05   34.69
 -91678.283   296.097   -42.92   34.38
 -91305.034   273.776   -59.80   37.58
 -90931.747   258.699   -40.39   31.72
 -90558.423   253.526   -13.86   30.52
 -90185.060   265.552    32.21   39.33
 -89811.660   286.811    56.93   39.73
 -89438.222   306.383    52.40   29.54
 -89064.746   312.484    16.34   24.00
 -88691.233   307.470   -13.42   23.10
 -88317.682   299.682   -20.85   22.90
 -87944.093   286.081   -36.40   25.52
 -87570.466   267.768   -49.01   27.63
 -87196.801   257.115   -28.51   21.07
 -86823.098   259.956     7.60   24.50
 -86449.357   278.359    49.24   35.16
 -86075.579   300.704    59.78   33.04
 -85701.762   305.349    12.42   29.86
 -85327.908   304.401    -2.54   32.47
 -84954.016   291.901   -33.43   43.33
 -84580.086   272.599   -51.61   49.02
 -84206.117   251.044   -57.64   53.28
 -83832.111   241.258   -26.16   51.20
 -83458.067   225.307   -42.64   45.52
 -83083.985   208.675   -44.46   39.16
 -82709.865   196.311   -33.04   29.53
 -82335.707   186.337   -26.66   18.43
 -81961.510   187.240     2.41   19.22
 -81587.276   209.196    58.66   40.77
 -81213.004   239.217    80.20   48.71
 -80838.693   273.990    92.89   40.98
 -80464.345   294.007    53.47   26.69
 -80089.958   295.184     3.14   25.13
 -79715.533   287.026   -21.79   28.76
 -79341.070   276.114   -29.14   27.64
 -78966.569   267.482   -23.05   27.04
 -78592.030   260.851   -17.70   24.94
 -78217.453   253.501   -19.62   26.73
 -77842.837   244.970   -22.77   26.60
 -77468.183   238.184   -18.11   24.33
 -77093.491   227.693   -28.00   25.62
 -76718.761   213.500   -37.87   29.97
 -76343.992   187.294   -69.92   30.61
 -75969.186   162.886   -65.12   27.61
 -75594.341   153.758   -24.35   25.90
 -75219.457   163.662    26.42   43.58
 -74844.536   190.637    71.94   57.40
 -74469.576   217.347    71.23   52.94
 -74094.578   235.992    49.72   40.55
 -73719.541   255.990    53.32   36.03
 -73344.466   264.026    21.42   34.42
 -72969.353   265.658     4.35   36.76
 -72594.201   267.219     4.16   35.24
 -72219.011   283.347    42.98   37.89
 -71843.783   301.989    49.68   40.71
 -71468.516   313.682    31.16   31.12
 -71093.211   310.516    -8.43   28.52
 -70717.867   297.162   -35.58   32.24
 -70342.485   287.921   -24.62   25.85
 -69967.064   297.412    25.28   29.53
 -69591.605   316.009    49.53   29.66
 -69216.107   327.794    31.38   19.11
 -68840.571   322.233   -14.81   24.52
 -68464.997   308.081   -37.68   28.52
 -68089.383   292.096   -42.55   30.14
 -67713.732   270.061   -58.65   34.15
 -67338.041   258.094   -31.85   34.59
 -66962.312   258.272     0.47   31.56
 -66586.545   268.669    27.67   38.52
 -66210.739   297.130    75.73   42.72
 -65834.894   322.097    66.43   30.46
 -65459.011   334.400    32.73   22.48
 -65083.089   337.784     9.00   23.60
 -64707.128   328.240   -25.38   28.29
 -64331.129   309.008   -51.15   29.79
 -63955.090   295.044   -37.13   28.21
 -63579.014   275.623   -51.64   28.22
 -63202.898   253.500   -58.82   31.47
 -62826.744   235.664   -47.41   35.55
 -62450.551   219.225   -43.70   32.04
 -62074.319   217.535    -4.49   26.60
 -61698.049   230.240    33.76   31.26
 -61321.740   239.412    24.37   24.48
 -60945.392   239.851     1.17   24.74
 -60569.005   227.401   -33.08   31.66
 -60192.579   204.605   -60.55   31.37
 -59816.115   190.662   -37.04   25.49
 -59439.611   196.561    15.67   30.59
 -59063.069   212.478    42.27   38.68
 -58686.488   233.196    55.01   36.99
 -58309.868   252.662    51.68   36.09
 -57933.209   273.289    54.76   40.99
 -57556.511   294.182    55.46   46.19
 -57179.775   314.740    54.57   40.26
 -56802.999   323.819    24.10   30.04
 -56426.184   323.451    -0.98   25.90
 -56049.331   315.829   -20.22   23.46
 -55672.438   300.044   -41.88   23.60
 -55295.506   287.595   -33.02   28.11
 -54918.536   279.324   -21.94   24.17
 -54541.526   281.728     6.37   25.66
 -54164.477   292.111    27.54   25.33
 -53787.389   305.508    35.52   17.93
 -53410.263   306.755     3.31   21.98
 -53033.097   300.680   -16.11   21.21
 -52655.892   294.044   -17.59   18.82
 -52278.647   284.026   -26.55   20.20
 -51901.364   277.482   -17.34   21.60
 -51524.042   273.561   -10.39   24.75
 -51146.680   278.589    13.32   32.72
 -50769.279   290.347    31.15   29.68
 -50391.839   292.096     4.63   27.07
 -50014.360   285.247   -18.14   25.42
 -49636.842   270.954   -37.86   25.40
 -49259.284   263.347   -20.15   20.19
 -48881.687   252.264   -29.35   21.48
 -48504.051   240.401   -31.41   20.46
 -48126.376   223.615   -44.44   19.12
 -47748.661   209.334   -37.81   17.34
 -47370.908   193.061   -43.08   20.54
 -46993.114   178.115   -39.56   20.84
 -46615.282   163.164   -39.57   26.49
 -46237.410   147.640   -41.08   31.13
 -45859.499   139.877   -20.54   37.69
 -45481.548   127.586   -32.52   40.58
 -45103.558   114.280   -35.20   44.84
 -44725.529   109.509   -12.62   43.60
 -44347.460   110.337     2.19   42.32
 -43973.084   119.623    24.80   44.76
 -43602.667   134.647    40.56   42.59
 -43232.213   144.940    27.78   38.06
 -42861.722   157.776    34.64   33.83
 -42491.192   167.847    27.18   25.93
 -42120.625   173.145    14.30   20.49
 -41750.020   181.097    21.46   12.90
 -41379.377   187.332    16.82   13.12
 -41008.697   193.794    17.43   14.38
 -40637.978   197.472     9.92   12.32
 -40267.222   195.991    -3.99   13.92
 -39896.428   192.595    -9.16   16.82
 -39525.596   185.347   -19.54   17.81
 -39154.726   175.182   -27.41   23.18
 -38783.819   155.816   -52.21   33.50
 -38412.873   138.080   -47.81   31.41
 -38041.890   124.794   -35.81   23.02
 -37670.868   116.490   -22.38   17.21
 -37299.809   112.079   -11.89   16.13
 -36928.712   105.710   -17.16   12.04
 -36557.577   108.329     7.06   16.70
 -36186.403   118.347    26.99   25.37
 -35815.192   129.247    29.36   27.05
 -35443.943   142.401    35.43   27.31
 -35072.656   146.324    10.57   23.67
 -34701.331   151.780    14.69   17.80
 -34329.968   156.061    11.53   13.84
 -33958.566   161.307    14.12   12.40
 -33587.127   166.166    13.08   13.49
 -33215.649   170.640    12.04   13.73
 -32844.134   178.025    19.88   13.31
 -32472.580   187.400    25.23   17.29
 -32100.989   197.919    28.31   18.26
 -31729.359   209.578    31.37   17.42
 -31357.691   218.544    24.12   10.46
 -30985.984   220.990     6.58    7.59
 -30614.240   220.216    -2.08    8.63
 -30242.458   219.213    -2.70   10.09
 -29870.637   219.219     0.02   10.88
 -29498.778   218.009    -3.25   11.59
 -29126.881   215.247    -7.43   12.14
 -28754.945   208.347   -18.55   12.97
 -28382.972   197.874   -28.15   13.03
 -28010.960   187.692   -27.37   12.03
 -27638.909   176.026   -31.36   15.13
 -27266.821   163.280   -34.25   17.97
 -26894.694   147.586   -42.17   19.65
 -26522.529   133.490   -37.87   15.20
 -26150.326   127.009   -17.41   10.28
 -25778.084   128.745     4.66   12.91
 -25405.804   137.921    24.65   17.54
 -25033.485   152.976    40.43   16.76
 -24661.128   162.201    24.78   12.91
 -24288.733   162.829     1.69   14.59
 -23916.299   160.507    -6.24   17.44
 -23543.827   154.976   -14.85   18.81
 -23171.316   147.061   -21.25   17.98
 -22798.767   142.877   -11.23   15.69
 -22426.180   138.658   -11.32   10.51
 -22053.554   139.096     1.18   11.54
 -21680.889   140.250     3.10   12.88
 -21308.186   135.184   -13.59   17.94
 -20935.444   124.921   -27.53   22.33
 -20562.664   111.807   -35.18   22.06
 -20189.846   103.147   -23.23   19.93
 -19816.989    99.669    -9.33   18.91
 -19444.093    87.327   -33.10   21.29
 -19071.158    81.186   -16.46   20.72
 -18698.185    82.201     2.72   23.68
 -18325.174    92.096    26.53   29.29
 -17952.124   108.237    43.27   24.78
 -17579.035   114.061    15.61   24.05
 -17205.907   117.816    10.06   26.40
 -16832.741   122.710    13.12   25.90
 -16459.536   127.526    12.90   21.33
 -16086.293   125.453    -5.55   19.73
 -15713.010   113.353   -32.42   22.04
 -15339.689    96.630   -44.79   23.58
 -14966.329    82.833   -36.95   19.96
 -14592.931    78.640   -11.23   17.87
 -14219.494    86.307    20.53   27.18
 -13846.018   101.552    40.82   33.02
 -13472.503   112.219    28.56   25.51
 -13098.949   111.722    -1.33   21.72
 -12725.357   107.477   -11.36   20.20
 -12351.725    98.116   -25.05   17.94
 -11978.055    90.114   -21.42   21.44
 -11604.346    80.462   -25.83   28.69
 -11230.598    55.745   -66.13   33.84
 -10856.811    36.675   -51.02   32.37
 -10482.986    21.337   -41.03   27.52
 -10109.121    10.430   -29.17   19.51
  -9735.217     3.829   -17.65    4.81
  -9361.275     3.577    -0.67    1.40
  -8987.293     3.880     0.81    1.21
  -8613.273     3.823    -0.15    1.02
  -8239.213     3.771    -0.14    1.10
  -7865.115     3.903     0.35    1.11
  -7490.978     3.957     0.14    1.06
  -7116.801     4.315     0.96    1.27
  -6742.586     4.552     0.63    1.14
  -6368.331     4.699     0.39    0.98
  -5994.037     4.912     0.57    1.22
  -5619.705     5.169     0.68    1.32
  -5245.333     5.400     0.62    1.46
  -4870.922     5.692     0.78    1.42
  -4496.472     6.097     1.08    1.48
  -4121.982     6.440     0.92    1.34
  -3747.454     6.705     0.71    1.27
  -3372.886     7.009     0.81    1.31
  -2998.280     7.337     0.88    1.30
  -2623.634     7.510     0.46    1.33
  -2248.949     7.745     0.63    1.24
  -1874.224     8.128     1.02    1.48
  -1499.461     8.599     1.26    1.50
  -1124.658     6.579    -5.39    3.93
   -749.816     3.613    -7.91    4.69
   -374.934     1.586    -5.41    3.80
     -0.014     1.095    -1.31    2.79
    374.946     2.216     2.99    3.09
    749.946     4.510     6.12    3.34
   1124.984     5.186     1.80    2.88
   1500.062     6.111     2.47    3.43
   1875.180     7.451     3.57    3.30
   2250.337     8.115     1.77    3.01
   2625.533     9.078     2.57    1.32
   3000.768     9.111     0.09    1.11
   3376.043     9.475     0.97    1.31
   3751.358     9.595     0.32    1.57
   4126.712     9.660     0.17    1.98
   4502.105     9.258    -1.07    2.16
   4877.538     8.874    -1.02    1.93
   5253.010     8.698    -0.47    1.51
   5628.522     8.829     0.35    1.33
   6004.073     9.164     0.89    1.29
   6379.664     9.366     0.54    1.40
   6755.294     9.570     0.54    1.43
   7130.964    10.061     1.31    1.41
   7506.674    10.366     0.81    1.32
   7882.423    10.722     0.95    1.36
   8258.212    10.925     0.54    1.31
   8634.040    10.794    -0.35    1.24
   9009.908    10.798     0.01    1.20
   9385.816    10.992     0.52    1.47
   9761.763    11.145     0.41    1.48
  10137.750    11.383     0.63    1.44
  10513.776    11.633     0.66    1.19
  10889.843    11.586    -0.12    1.04
  11265.949    11.615     0.08    1.02
  11642.095    11.677     0.16    1.15
  12018.280    11.467    -0.56    1.28
  12394.506    11.475     0.02    1.33
  12770.771    11.061    -1.10    1.26
  13147.075    11.094     0.09    1.22
  13523.420    11.311     0.58    1.37
  13899.805    11.432     0.32    1.48
  14276.229    11.467     0.09    1.44
  14652.693    11.254    -0.57    1.42
  15029.197    11.440     0.49    1.44
  15405.741    11.620     0.48    1.33
  15782.325    11.699     0.21    1.29
  16158.949    11.664    -0.09    1.06
  16535.612    11.516    -0.39    1.03
  16912.316    11.492    -0.06    1.05
  17289.059    11.425    -0.18    1.16
  17665.843    11.277    -0.39    1.09
  18042.666    11.133    -0.38    1.03
  18419.530    11.026    -0.28    1.07
  18796.433    11.010    -0.04    1.22
  19173.376    10.722    -0.76    1.40
  19550.360    10.810     0.23    1.39
  19927.383    10.951     0.37    1.40
  20304.447    11.570     1.64    1.52
  20681.551    12.184     1.63    1.52
  21058.694    12.535     0.93    1.47
  21435.878    12.956     1.11    1.42
  21813.102    13.268     0.83    1.34
  22190.366    13.060    -0.55    1.32
  22567.671    12.794    -0.71    1.46
  22945.015    12.484    -0.82    1.43
  23322.400    11.534    -2.52    1.89
  23699.824    10.851    -1.81    1.91
  24077.289    10.377    -1.25    1.74
  24454.795     9.457    -2.44    2.46
  24832.340     8.903    -1.47    2.74
  25209.926     8.365    -1.43    2.91
  25587.552     8.289    -0.20    2.69
  25965.218     8.151    -0.37    2.56
  26342.924     8.785     1.68    3.20
  26720.671     8.647    -0.37    3.29
  27098.459     8.272    -0.99    3.31
  27476.286     8.716     1.18    3.27
  27854.154     9.189     1.25    2.71
  28232.062     9.728     1.43    2.13
  28610.011    10.789     2.81    1.00
  28988.000    10.863     0.20    1.64
  29366.029    10.419    -1.18    2.47
  29744.099     9.973    -1.18    2.85
  30122.209    13.173     8.46    8.67
  30500.360    22.254    24.02   17.27
  30875.552    39.164    45.07   23.52
  31245.851    53.636    39.08   17.44
  31616.188    59.467    15.75   13.75
  31986.563    62.079     7.05   12.02
  32356.978    63.798     4.64   11.29
  32727.431    67.597    10.26   10.13
  33097.923    74.938    19.82    8.78
  33468.453    81.440    17.55    9.28
  33839.023    87.733    16.98   10.29
  34209.631    93.851    16.51   10.55
  34580.278    98.675    13.02   12.29
  34950.963    99.957     3.46   16.72
  35321.688    96.605    -9.04   17.85
  35692.451    98.127     4.10   15.11
  36063.254    99.829     4.59   14.62
  36434.095    98.630    -3.23   12.94
  36804.975   101.877     8.76   13.25
  37175.893   104.044     5.84   13.15
  37546.851   103.307    -1.99   11.93
  37917.848   103.650     0.93   13.57
  38288.883   107.061     9.19   14.08
  38659.958   112.319    14.17   15.01
  39031.071   121.644    25.13   17.27
  39402.224   129.094    20.08   16.68
  39773.415   135.359    16.88   12.21
  40144.645   135.921     1.51   10.88
  40515.915   131.145   -12.86   12.12
  40887.223   128.954    -5.90   13.28
  41258.571   125.976    -8.02   13.92
  41629.957   123.710    -6.10   14.54
  42001.383   126.615     7.82   13.50
  42372.847   128.113     4.03   13.88
  42744.351   128.394     0.76   12.73
  43115.894   129.250     2.31   12.35
  43487.476   128.061    -3.20   13.51
  43859.097   127.777    -0.76   12.89
  44230.757   126.329    -3.90   11.98
  44602.457   121.535   -12.90   16.49
  44974.195   117.298   -11.40   18.89
  45345.973   116.044    -3.37   18.36
  45717.790   118.258     5.96   18.93
  46089.646   122.486    11.37   17.67
  46461.542   128.342    15.75   17.00
  46833.476   131.216     7.73   14.86
  47205.450   129.798    -3.81   12.71
  47577.463   129.289    -1.37   12.75
  47949.516   128.526    -2.05   13.44
  48321.608   129.184     1.77   11.55
  48693.739   126.938    -6.03   12.86
  49065.909   121.149   -15.56   16.82
  49438.119   112.978   -21.95   17.63
  49810.368   108.789   -11.25   15.09
  50182.656   109.337     1.47   12.85
  50554.984   113.262    10.54   13.47
  50927.352   120.993    20.76   14.81
  51299.758   130.851    26.47   17.16
  51672.204   136.765    15.88   15.05
  52044.690   142.201    14.60   12.73
  52417.215   145.354     8.46   12.92
  52789.779   145.568     0.58   12.16
  53162.383   145.044    -1.41   12.32
  53535.027   142.938    -5.65   13.62
  53907.710   137.432   -14.77   13.94
  54280.432   135.264    -5.82   13.40
  54653.194   131.936    -8.93   12.59
  55025.996   134.945     8.07   14.35
  55398.837   136.010     2.86   14.09
  55771.718   135.009    -2.68   12.36
  56144.638   134.332    -1.82   10.68
  56517.598   133.061    -3.41    7.37
  56890.598   131.613    -3.88    8.40
  57263.637   129.026    -6.93    8.99
  57636.716   125.410    -9.69    8.26
  58009.834   121.722    -9.89    5.96
  58382.993   118.603    -8.36    5.95
  58756.191   113.207   -14.46    8.22
  59129.428   106.605   -17.69   10.46
  59502.706   100.906   -15.27    7.93
  59876.023    99.126    -4.77    5.93
  60249.380   103.359    11.34   12.75
  60622.776   109.819    17.30   17.09
  60996.213   117.511    20.60   20.16
  61369.689   122.377    13.03   19.85
  61743.205   119.993    -6.38   19.91
  62116.761   115.803   -11.22   16.79
  62490.356   115.077    -1.94   13.92
  62863.992   119.886    12.87   16.32
  63237.667   128.156    22.14   16.66
  63611.383   135.716    20.23   11.94
  63985.138   135.623    -0.25   11.27
  64358.933   127.322   -22.21   16.48
  64732.768   115.517   -31.58   16.26
  65106.643   105.149   -27.73   11.17
  65480.558   102.044    -8.31    8.54
  65854.513   111.433    25.11   18.05
  66228.508   122.794    30.38   19.00
  66602.543   131.470    23.20   17.15
  66976.617   132.145     1.81   19.23
  67350.732   123.906   -22.03   21.38
  67724.887   113.594   -27.56   19.94
  68099.082   106.366   -19.32   13.56
  68473.317   102.430   -10.52    8.59
  68847.593   104.166     4.64    9.29
  69221.908   106.944     7.42   11.52
  69596.263   109.454     6.71   12.00
  69970.659   111.860     6.43   11.61
  70345.094   113.587     4.61   11.31
  70719.570   114.289     1.87   10.32
  71094.086   113.492    -2.13   10.30
  71468.642   113.077    -1.11   10.46
  71843.239   115.342     6.05   12.87
  72217.875   118.079     7.31   14.38
  72592.552   124.060    15.97   16.52
  72967.269   132.262    21.89   16.93
  73342.027   139.147    18.37   16.68
  73716.824   141.973     7.54   16.43
  74091.662   141.923    -0.13   16.62
  74466.540   140.164    -4.69   15.70
  74841.459   140.332     0.45   13.64
  75216.418   143.733     9.07   12.61
  75591.417   146.044     6.16   11.30
  75966.456   151.460    14.44   10.81
  76341.536   156.508    13.46    9.87
  76716.657   161.061    12.14    8.81
  77091.817   161.044    -0.05    9.25
  77467.018   157.942    -8.27   11.37
  77842.260   155.802    -5.70   10.31
  78217.542   155.518    -0.76    9.41
  78592.865   158.060     6.77    9.62
  78968.227   162.394    11.55    9.60
  79343.631   170.620    21.91   10.37
  79719.075   176.544    15.78    9.61
  80094.559   178.561     5.37    8.84
  80470.084   178.095    -1.24    8.94
  80845.650   172.964   -13.66   11.27
  81221.256   165.699   -19.34   10.31
  81596.903   162.044    -9.73    9.33
  81972.590   159.732    -6.15   10.76
  82348.318   156.763    -7.90   12.13
  82724.087   155.492    -3.38   12.32
  83099.896   151.395   -10.90   12.56
  83475.746   147.349   -10.77    9.98
  83851.636   146.008    -3.57    8.68
  84227.568   145.310    -1.86    9.43
  84603.540   146.586     3.39    9.57
  84979.552   150.169     9.53    9.34
  85355.606   153.929    10.00    8.32
  85731.700   160.025    16.21    7.56
  86107.835   162.975     7.84    6.31
  86484.010   160.851    -5.65    7.16
  86860.227   159.109    -4.63    7.97
  87236.484   157.728    -3.67    7.99
  87612.782   157.199    -1.41    7.87
  87989.121   157.882     1.82    6.69
  88365.501   156.289    -4.23    6.57
  88741.921   150.377   -15.71    8.94
  89118.383   146.266   -10.92    7.95
  89494.885   146.823     1.48    7.79
  89871.428   151.184    11.58    9.38
  90248.013   156.253    13.46    6.64
  90624.638   156.544     0.77    7.13
  91001.304   150.359   -16.42   13.01
  91378.011   142.527   -20.79   12.46
  91754.759   137.605   -13.07    8.48
  92131.548   139.164     4.14    8.55
  92508.378   145.615    17.12    9.26
  92885.249   153.093    19.84    8.86
  93262.161   158.802    15.15    5.75
  93639.115   160.128     3.52    6.24
  94016.109   159.360    -2.04    7.34
  94393.144   158.359    -2.65    6.71
  94770.221   157.671    -1.83    6.04
  95147.338   159.303     4.33    5.58
  95524.497   160.166     2.29    5.88
  95901.697   160.509     0.91    5.34
  96278.938   159.945    -1.49    5.27
  96656.220   158.182    -4.68    6.85
  97033.544   154.061   -10.92    8.87
  97410.908   151.699    -6.26    8.17
  97788.314   151.061    -1.69    6.03
  98165.761   150.285    -2.06    3.40
  98543.249   148.447    -4.87    3.80
  98920.779   145.337    -8.24    4.37
  99298.350   141.354   -10.55    4.33
  99675.962   137.722    -9.62    4.60
 100053.616   133.814   -10.35    4.78
 100431.310   130.526    -8.71    4.22
 100809.047   127.535    -7.92    4.24
 101186.824   124.419    -8.25    3.72
 101564.643   121.780    -6.98    4.03
 101942.503   119.145    -6.97    3.61
 102320.405   116.671    -6.55    3.64
 102698.348   114.394    -6.02    2.75
 103076.333   112.699    -4.49    2.59
 103454.359   112.322    -1.00    2.28
 103832.426   112.633     0.82    2.25
 104210.535   111.509    -2.97    3.83
 104588.686   108.908    -6.88    5.31
 104966.878   105.802    -8.21    4.83
 105345.111   103.201    -6.88    2.37
 105721.229   102.921    -0.75    1.48
 106091.406   103.560     1.73    1.71
 106461.622   104.436     2.37    1.50
 106831.879   106.230     4.84    3.31
 107202.174   112.353    16.54   11.40
 107572.510   121.675    25.18   15.45
 107942.885   132.942    30.42   15.30
 108313.300   139.592    17.95   11.22
 108683.755   141.552     5.29    9.25
 109054.249   140.371    -3.19    9.40
 109424.784   137.127    -8.76    9.27
 109795.358   134.319    -7.58    9.03
 110165.972   130.802    -9.49    9.60
 110536.625   131.423     1.67   11.12
 110907.319   131.959     1.45   12.16
 111278.052   135.605     9.84   14.04
 111648.825   140.519    13.25   14.37
 112019.638   144.294    10.18   13.51
 112390.491   147.613     8.95   14.09
 112761.384   152.454    13.06   13.78
 113132.317   156.486    10.87   13.36
 113503.290   159.342     7.70   12.65
 113874.302   164.010    12.58   10.69
 114245.355   169.891    15.85   11.04
 114616.447   173.423     9.52   11.08
 114987.580   175.475     5.53    8.02
 115358.752   174.332    -3.08    7.55
 115729.965   170.319   -10.81    8.56
 116101.218   167.285    -8.17    7.11
 116472.510   168.912     4.38    7.56
 116843.843   174.044    13.82    8.66
 117215.216   180.130    16.39    8.20
 117586.628   183.771     9.80    4.87
 117958.081   182.339    -3.86    6.13
 118329.574   177.623   -12.70    8.17
 118701.108   171.377   -16.81    9.22
 119072.681   165.722   -15.22    7.35
 119444.295   162.457    -8.78    6.10
 119815.948   159.874    -6.95    5.83
 120187.642   157.484    -6.43    5.28
 120559.376   156.285    -3.23    4.43
 120931.150   157.095     2.18    5.22
 121302.965   161.634    12.21    7.19
 121674.820   167.605    16.06    6.53
 122046.715   172.654    13.58    5.40
 122418.650   176.116     9.31    3.60
 122790.626   177.177     2.85    2.44
 123162.642   176.061    -3.00    2.68
 123534.698   173.760    -6.18    3.64
 123906.794   170.400    -9.03    4.28
 124278.931   167.130    -8.79    4.62
 124651.109   163.162   -10.66    4.10
 125023.326   160.315    -7.65    3.78
 125395.584   157.095    -8.65    3.47
 125767.883   154.457    -7.09    3.08
 126140.222   151.880    -6.92    2.86
 126512.601   149.664    -5.95    2.38
 126885.021   147.569    -5.63    2.28
 127257.481   145.623    -5.23    2.34
 127629.982   143.526    -5.63    2.89
 128002.523   140.552    -7.98    3.50
 128375.105   137.891    -7.14    3.20
 128747.727   136.194    -4.56    2.22
 129120.390   135.740    -1.22    1.52
 129493.093   139.027     8.82    6.32
 129865.837   142.669     9.77    7.84
 130238.622   148.113    14.61    9.10
 130611.447   154.710    17.70    8.16
 130984.312   157.765     8.19    7.95
 131357.219   162.561    12.86    7.55
 131730.166   166.026     9.29    7.95
 132103.153   169.654     9.73    7.91
 132476.182   171.959     6.18    9.24
 132849.251   171.871    -0.24   10.72
 133222.361   170.128    -4.67   12.15
 133595.511   170.765     1.71   11.67
 133968.702   172.716     5.23   11.76
 134341.934   176.110     9.10   10.45
 134715.207   178.173     5.53    6.87
 135088.520   176.785    -3.72    6.80
 135461.875   176.094    -1.85    7.31
 135835.270   174.313    -4.77    7.74
 136208.706   172.213    -5.63    8.86
 136582.182   172.688     1.27    7.56
 136955.700   174.221     4.11    8.14
 137329.259   178.510    11.48    9.68
 137702.858   183.658    13.78    6.77
 138076.498   185.669     5.38    4.33
 138450.179   183.594    -5.55    5.78
 138823.901   180.186    -9.12    6.94
 139197.664   176.929    -8.72    8.91
 139571.468   171.010   -15.84   10.29
 139945.313   164.315   -17.91   10.54
 140319.199   159.627   -12.54    9.50
 140693.126   156.126    -9.37    7.20
 141067.094   153.233    -7.74    6.67
 141441.103   151.975    -3.37    6.38
 141815.154   151.175    -2.14    6.79
 142189.245   149.658    -4.06    7.38
 142563.377   146.925    -7.31    6.79
 142937.550   144.482    -6.53    4.64
 143311.765   143.962    -1.39    4.20
 143686.020   144.201     0.64    4.45
 144060.317   146.094     5.06    6.09
 144434.655   148.863     7.40    6.69
 144809.034   151.440     6.88    6.42
 145183.454   152.739     3.47    5.63
 145557.915   152.716    -0.06    5.29
 145932.418   152.010    -1.89    5.01
 146306.962   150.579    -3.82    4.55
 146681.547   148.834    -4.66    4.42
 147056.173   147.671    -3.11    3.96
 147430.841   146.888    -2.09    3.63
 147805.550   145.994    -2.39    3.29
 148180.300   145.027    -2.58    3.28
 148555.092   143.975    -2.81    3.07
 148929.924   143.128    -2.26    3.26
 149304.799   142.568    -1.49    2.91
 149679.714   142.164    -1.08    2.87
 150054.671   141.688    -1.27    2.54
 150429.670   140.975    -1.90    2.35
 150804.709   139.874    -2.93    2.41
 151179.791   137.630    -5.98    3.36
 151554.913   135.315    -6.17    3.93
 151930.077   131.683    -9.68    4.35
 152305.283   129.113    -6.85    3.51
 152680.530   127.227    -5.03    2.16
 153055.819   126.358    -2.31    1.26
 153431.149   127.077     1.92    1.61
 153806.521   128.552     3.93    3.74
 154181.934   134.409    15.60   11.06
 154557.389   146.160    31.30   17.42
 154932.885   157.484    30.16   17.36
 155308.423   168.253    28.68   10.51
 155684.002   171.891     9.69    7.25
 156059.624   171.509    -1.02    7.52
 156435.286   166.365   -13.70   10.00
 156810.991   160.568   -15.43   12.97
 157186.737   153.500   -18.81   12.81
 157562.525   147.298   -16.51   10.51
 157938.355   143.945    -8.92    8.36
 158314.226   143.360    -1.56    8.05
 158690.139   144.975     4.30    8.50
 159066.094   147.901     7.78    8.50
 159442.090   147.264    -1.69    7.91
 159818.128   143.222   -10.75    8.59
 160194.209   138.503   -12.55    7.72
 160570.331   135.552    -7.85    6.04
 160946.494   135.319    -0.62    6.06
 161322.700   136.535     3.23    6.39
 161698.947   136.942     1.08    5.79
 162075.237   135.077    -4.96    6.10
 162451.568   130.871   -11.18    6.00
 162827.941   127.716    -8.39    5.44
 163204.356   125.216    -6.64    4.04
 163580.813   123.837    -3.66    3.87
 163957.312   123.061    -2.06    4.02
 164333.853   122.806    -0.68    3.91
 164710.436   122.544    -0.70    4.35
 165087.061   123.281     1.96    7.07
 165463.728   124.371     2.90    9.83
 165840.437   126.078     4.53   11.85
 166217.188   128.794     7.21   12.57
 166593.981   129.492     1.85   11.51
 166970.816   129.552     0.16   10.02
 167347.693   129.613     0.16    8.09
 167724.613   128.688    -2.45    6.80
 168101.574   126.634    -5.45    6.57
 168478.578   123.722    -7.72    6.34
 168855.624   122.518    -3.19    6.20
 169232.712   122.061    -1.21    6.59
 169609.842   123.561     3.98    7.81
 169987.014   124.444     2.34    8.64
 170364.229   122.650    -4.76    9.43
 170741.485   119.637    -7.99    8.79
 171118.784   115.798   -10.18    6.98
 171496.126   113.175    -6.95    5.14
 171873.509   112.044    -3.00    3.82
 172250.935   111.699    -0.91    3.79
 172628.403   112.501     2.13    4.39
 173005.914   113.092     1.57    4.53
 173383.467   113.416     0.86    4.24
 173761.062   113.744     0.87    4.13
 174138.700   113.929     0.49    3.75
 174516.380   113.851    -0.21    3.46
 174894.102   113.094    -2.00    3.30
 175271.867   111.819    -3.37    3.16
 175649.674   110.568    -3.31    3.28
 176027.524   108.699    -4.95    2.75
 176405.416   107.467    -3.26    2.46
 176783.351   106.156    -3.47    2.08
 177161.328   105.044    -2.94    1.82
 177539.348   104.044    -2.65    1.64
 177917.410   102.365    -4.44    2.21
 178295.515   100.683    -4.45    2.53
 178673.663    99.113    -4.15    2.32
 179051.853    97.789    -3.50    1.59
 179430.085    97.156    -1.67    1.26
 179808.360    96.975    -0.48    1.23
 180186.678    96.377    -1.58    1.22
 180563.841    95.877    -1.33    1.30
 180933.893    95.177    -1.89    1.46
 181303.986    94.484    -1.87    1.32
 181674.120    94.302    -0.49    1.43
 182044.294    93.560    -2.00    1.57
 182414.509    92.802    -2.05    2.14
 182784.765    91.705    -2.96    2.31
 183155.061    90.577    -3.05    2.11
 183525.398    89.552    -2.77    1.28
 183895.776    89.244    -0.83    1.38
 184266.195    88.694    -1.48    1.59
 184636.655    88.416    -0.75    1.80
 185007.155    87.823    -1.60    1.74
 185377.696    87.553    -0.73    1.70
 185748.278    88.388     2.25    2.11
 186118.901    88.901     1.38    2.08
 186489.565    90.142     3.35    2.16
 186860.269    91.204     2.87    2.02
 187231.015    91.923     1.94    2.06
 187601.801    92.744     2.21    1.68
 187972.629    93.028     0.77    1.57
 188343.497    93.144     0.31    1.55
 188714.406    93.467     0.87    1.58
 189085.356    95.404     5.22    5.95
 189456.348   104.806    25.35   20.74
 189827.380   122.637    48.07   29.81
 190198.453   140.654    48.56   29.16
 190569.567   155.667    40.46   19.43
 190940.723   160.509    13.05   13.77
 191311.919   157.568    -7.92   13.40
 191683.156   153.776   -10.22   11.25
 192054.435   149.962   -10.27   11.32
 192425.755   145.371   -12.36    9.63
 192797.115   143.227    -5.78    9.68
 193168.517   141.247    -5.33    8.91
 193539.960   139.111    -5.75    9.30
 193911.445   137.349    -4.75    9.28
 194282.970   133.158   -11.28    9.56
 194654.537   128.894   -11.48    8.38
 195026.144   125.942    -7.94    7.40
 195397.794   123.737    -5.93    6.09
 195769.484   121.722    -5.42    5.94
 196141.215   118.727    -8.06    5.66
 196512.988   117.447    -3.44    4.82
 196884.802   120.388     7.91    9.55
 197256.658   127.886    20.17   13.14
 197628.555   134.625    18.12   12.55
