-316201.742    -0.298     0.00    0.00
-315830.476    -0.298     0.00    0.00
-315459.172    -0.298     0.00    0.00
-315087.830    -0.298     0.00    0.00
-314716.450    -0.298     0.00    0.00
-314345.031    -0.298     0.00    0.00
-313973.575    -0.298     0.00    0.00
-313602.080    -0.298     0.00    0.00
-313230.547    -0.298     0.00    0.00
-312858.976    -0.298     0.00    0.00
-312487.367    -0.298     0.00    0.00
-312115.720    -0.298     0.00    0.00
-311744.034    -0.298     0.00    0.00
-311372.310    -0.298     0.00    0.00
-311000.548    -0.298     0.00    0.00
-310628.748    -0.298     0.00    0.00
-310256.910    -0.298     0.00    0.00
-309885.033    -0.298     0.00    0.00
-309513.118    -0.298     0.00    0.00
-309141.165    -0.298     0.00    0.00
-308769.173    -0.298     0.00    0.00
-308397.143    -0.298     0.00    0.00
-308025.075    -0.298     0.00    0.00
-307652.968    -0.298     0.00    0.00
-307280.823    -0.298     0.00    0.00
-306908.640    -0.298     0.00    0.00
-306536.418    -0.298     0.00    0.00
-306164.158    -0.298     0.00    0.00
-305791.860    -0.298     0.00    0.00
-305419.523    -0.298     0.00    0.00
-305047.147    -0.298     0.00    0.00
-304674.733    -0.298     0.00    0.00
-304302.281    -0.298     0.00    0.00
-303929.790    -0.298     0.00    0.00
-303557.261    -0.298     0.00    0.00
-303184.693    -0.298     0.00    0.00
-302812.087    -0.298     0.00    0.00
-302439.442    -0.298     0.00    0.00
-302066.759    -0.298     0.00    0.00
-301694.037    -0.298     0.00    0.00
-301321.276    -0.298     0.00    0.00
-300948.477    -0.298     0.00    0.00
-300575.639    -0.298     0.00    0.00
-300202.763    -0.298     0.00    0.00
-299829.848    -0.298     0.00    0.00
-299456.894    -0.298     0.00    0.00
-299083.902    -0.298     0.00    0.00
-298710.871    -0.298     0.00    0.00
-298337.801    -0.298     0.00    0.00
-297964.693    -0.298     0.00    0.00
-297591.546    -0.298     0.00    0.00
-297218.360    -0.298     0.00    0.00
-296845.135    -0.298     0.00    0.00
-296471.872    -0.298     0.00    0.00
-296098.570    -0.298     0.00    0.00
-295725.229    -0.298     0.00    0.00
-295351.849    -0.298     0.00    0.00
-294978.431    -0.298     0.00    0.00
-294604.974    -0.298     0.00    0.00
-294231.478    -0.298     0.00    0.00
-293857.943    -0.298     0.00    0.00
-293484.369    -0.298     0.00    0.00
-293110.756    -0.298     0.00    0.00
-292737.104    -0.298     0.00    0.00
-292363.414    -0.298     0.00    0.00
-291989.685    -0.298     0.00    0.00
-291615.916    -0.298     0.00    0.00
-291242.109    -0.298     0.00    0.00
-290868.263    -0.298     0.00    0.00
-290494.377    -0.298     0.00    0.00
-290120.453    -0.298     0.00    0.00
-289746.490    -0.298     0.00    0.00
-289372.488    -0.298     0.00    0.00
-288998.446    -0.298     0.00    0.00
-288624.366    -0.298     0.00    0.00
-288250.247    -0.298     0.00    0.00
-287876.088    -0.298     0.00    0.00
-287501.891    -0.298     0.00    0.00
-287127.654    -0.298     0.00    0.00
-286753.378    -0.298     0.00    0.00
-286379.063    -0.298     0.00    0.00
-286004.709    -0.298     0.00    0.00
-285630.316    -0.298     0.00    0.00
-285255.884    -0.298     0.00    0.00
-284881.412    -0.298     0.00    0.00
-284506.902    -0.298     0.00    0.00
-284132.352    -0.298     0.00    0.00
-283757.763    -0.298     0.00    0.00
-283383.134    -0.298     0.00    0.00
-283008.467    -0.298     0.00    0.00
-282633.760    -0.298     0.00    0.00
-282259.014    -0.298     0.00    0.00
-281884.228    -0.298     0.00    0.00
-281509.403    -0.298     0.00    0.00
-281134.539    -0.298     0.00    0.00
-280759.636    -0.298     0.00    0.00
-280384.693    -0.298     0.00    0.00
-280009.711    -0.298     0.00    0.00
-279634.689    -0.298     0.00    0.00
-279259.628    -0.298     0.00    0.00
-278884.528    -0.298     0.00    0.00
-278509.388    -0.298     0.00    0.00
-278134.209    -0.298     0.00    0.00
-277758.990    -0.298     0.00    0.00
-277383.732    -0.298     0.00    0.00
-277008.435    -0.298     0.00    0.00
-276633.098    -0.298     0.00    0.00
-276257.721    -0.298     0.00    0.00
-275882.305    -0.298     0.00    0.00
-275506.849    -0.298     0.00    0.00
-275131.354    -0.298     0.00    0.00
-274755.819    -0.298     0.00    0.00
-274380.245    -0.298     0.00    0.00
-274004.631    -0.298     0.00    0.00
-273628.978    -0.298     0.00    0.00
-273253.285    -0.298     0.00    0.00
-272877.552    -0.298     0.00    0.00
-272501.779    -0.298     0.00    0.00
-272125.967    -0.298     0.00    0.00
-271750.116    -0.298     0.00    0.00
-271374.224    -0.298     0.00    0.00
-270998.293    -0.298     0.00    0.00
-270622.322    -0.298     0.00    0.00
-270246.312    -0.298     0.00    0.00
-269870.261    -0.298     0.00    0.00
-269494.171    -0.298     0.00    0.00
-269118.041    -0.298     0.00    0.00
-268741.872    -0.298     0.00    0.00
-268365.662    -0.298     0.00    0.00
-267989.413    -0.298     0.00    0.00
-267613.124    -0.298     0.00    0.00
-267236.795    -0.298     0.00    0.00
-266860.426    -0.298     0.00    0.00
-266484.017    -0.298     0.00    0.00
-266107.569    -0.298     0.00    0.00
-265731.080    -0.298     0.00    0.00
-265354.552    -0.298     0.00    0.00
-264977.984    -0.298     0.00    0.00
-264601.375    -0.298     0.00    0.00
-264224.727    -0.298     0.00    0.00
-263848.039    -0.298     0.00    0.00
-263471.311    -0.298     0.00    0.00
-263094.542    -0.298     0.00    0.00
-262717.734    -0.298     0.00    0.00
-262340.886    -0.298     0.00    0.00
-261963.998    -0.298     0.00    0.00
-261587.069    -0.298     0.00    0.00
-261210.101    -0.298     0.00    0.00
-260833.092    -0.298     0.00    0.00
-260456.044    -0.298     0.00    0.00
-260078.955    -0.298     0.00    0.00
-259701.826    -0.298     0.00    0.00
-259324.657    -0.298     0.00    0.00
-258947.448    -0.298     0.00    0.00
-258570.198    -0.298     0.00    0.00
-258192.909    -0.298     0.00    0.00
-257815.579    -0.298     0.00    0.00
-257438.209    -0.298     0.00    0.00
-257060.799    -0.298     0.00    0.00
-256683.348    -0.298     0.00    0.00
-256305.857    -0.298     0.00    0.00
-255928.326    -0.298     0.00    0.00
-255550.755    -0.298     0.00    0.00
-255173.143    -0.298     0.00    0.00
-254795.491    -0.298     0.00    0.00
-254417.799    -0.298     0.00    0.00
-254040.067    -0.298     0.00    0.00
-253662.294    -0.298     0.00    0.00
-253284.480    -0.298     0.00    0.00
-252906.626    -0.298     0.00    0.00
-252528.732    -0.298     0.00    0.00
-252150.798    -0.298     0.00    0.00
-251772.822    -0.298     0.00    0.00
-251394.807    -0.298     0.00    0.00
-251016.751    -0.298     0.00    0.00
-250643.326    -0.298     0.00    0.00
-250273.123    -0.298     0.00    0.00
-249902.881    -0.298     0.00    0.00
-249532.600    -0.298     0.00    0.00
-249162.280    -0.298     0.00    0.00
-248791.922    -0.298     0.00    0.00
-248421.525    -0.298     0.00    0.00
-248051.089    -0.298     0.00    0.00
-247680.615    -0.298     0.00    0.00
-247310.101    -0.298     0.00    0.00
-246939.549    -0.298     0.00    0.00
-246568.958    -0.298     0.00    0.00
-246198.329    -0.298     0.00    0.00
-245827.660    -0.298     0.00    0.00
-245456.952    -0.298     0.00    0.00
-245086.206    -0.298     0.00    0.00
-244715.421    -0.298     0.00    0.00
-244344.597    -0.298     0.00    0.00
-243973.734    -0.298     0.00    0.00
-243602.832    -0.298     0.00    0.00
-243231.891    -0.298     0.00    0.00
-242860.911    -0.298     0.00    0.00
-242489.892    -0.298     0.00    0.00
-242118.834    -0.298     0.00    0.00
-241747.738    -0.298     0.00    0.00
-241376.602    -0.298     0.00    0.00
-241005.427    -0.298     0.00    0.00
-240634.213    -0.298     0.00    0.00
-240262.960    -0.298     0.00    0.00
-239891.668    -0.298     0.00    0.00
-239520.337    -0.298     0.00    0.00
-239148.967    -0.298     0.00    0.00
-238777.558    -0.298     0.00    0.00
-238406.110    -0.298     0.00    0.00
-238034.622    -0.298     0.00    0.00
-237663.095    -0.298     0.00    0.00
-237291.530    -0.298     0.00    0.00
-236919.925    -0.298     0.00    0.00
-236548.280    -0.298     0.00    0.00
-236176.597    -0.298     0.00    0.00
-235804.874    -0.298     0.00    0.00
-235433.113    -0.298     0.00    0.00
-235061.312    -0.298     0.00    0.00
-234689.471    -0.298     0.00    0.00
-234317.592    -0.298     0.00    0.00
-233945.673    -0.298     0.00    0.00
-233573.715    -0.298     0.00    0.00
-233201.717    -0.298     0.00    0.00
-232829.680    -0.298     0.00    0.00
-232457.604    -0.298     0.00    0.00
-232085.489    -0.298     0.00    0.00
-231713.334    -0.298     0.00    0.00
-231341.139    -0.298     0.00    0.00
-230968.906    -0.298     0.00    0.00
-230596.633    -0.298     0.00    0.00
-230224.320    -0.298     0.00    0.00
-229851.968    -0.298     0.00    0.00
-229479.577    -0.298     0.00    0.00
-229107.146    -0.298     0.00    0.00
-228734.675    -0.298     0.00    0.00
-228362.166    -0.298     0.00    0.00
-227989.616    -0.298     0.00    0.00
-227617.027    -0.298     0.00    0.00
-227244.399    -0.298     0.00    0.00
-226871.731    -0.298     0.00    0.00
-226499.023    -0.298     0.00    0.00
-226126.276    -0.298     0.00    0.00
-225753.489    -0.298     0.00    0.00
-225380.663    -0.298     0.00    0.00
-225007.797    -0.298     0.00    0.00
-224634.891    -0.298     0.00    0.00
-224261.946    -0.298     0.00    0.00
-223888.961    -0.298     0.00    0.00
-223515.936    -0.298     0.00    0.00
-223142.872    -0.298     0.00    0.00
-222769.768    -0.298     0.00    0.00
-222396.624    -0.298     0.00    0.00
-222023.441    -0.298     0.00    0.00
-221650.217    -0.298     0.00    0.00
-221276.954    -0.298     0.00    0.00
-220903.651    -0.298     0.00    0.00
-220530.309    -0.298     0.00    0.00
-220156.926    -0.298     0.00    0.00
-219783.504    -0.298     0.00    0.00
-219410.042    -0.298     0.00    0.00
-219036.540    -0.298     0.00    0.00
-218662.998    -0.298     0.00    0.00
-218289.416    -0.298     0.00    0.00
-217915.795    -0.298     0.00    0.00
-217542.133    -0.298     0.00    0.00
-217168.432    -0.298     0.00    0.00
-216794.690    -0.298     0.00    0.00
-216420.909    -0.298     0.00    0.00
-216047.088    -0.298     0.00    0.00
-215673.226    -0.298     0.00    0.00
-215299.325    -0.298     0.00    0.00
-214925.384    -0.298     0.00    0.00
-214551.403    -0.298     0.00    0.00
-214177.381    -0.298     0.00    0.00
-213803.320    -0.298     0.00    0.00
-213429.218    -0.298     0.00    0.00
-213055.077    -0.298     0.00    0.00
-212680.895    -0.298     0.00    0.00
-212306.673    -0.298     0.00    0.00
-211932.411    -0.298     0.00    0.00
-211558.109    -0.298     0.00    0.00
-211183.767    -0.298     0.00    0.00
-210809.384    -0.298     0.00    0.00
-210434.962    -0.298     0.00    0.00
-210060.499    -0.298     0.00    0.00
-209685.996    -0.298     0.00    0.00
-209311.453    -0.298     0.00    0.00
-208936.869    -0.298     0.00    0.00
-208562.245    -0.298     0.00    0.00
-208187.581    -0.298     0.00    0.00
-207812.877    -0.298     0.00    0.00
-207438.132    -0.298     0.00    0.00
-207063.347    -0.298     0.00    0.00
-206688.522    -0.298     0.00    0.00
-206313.657    -0.298     0.00    0.00
-205938.751    -0.298     0.00    0.00
-205563.804    -0.298     0.00    0.00
-205188.817    -0.298     0.00    0.00
-204813.790    -0.298     0.00    0.00
-204438.723    -0.298     0.00    0.00
-204063.615    -0.298     0.00    0.00
-203688.466    -0.298     0.00    0.00
-203313.277    -0.298     0.00    0.00
-202938.048    -0.298     0.00    0.00
-202562.778    -0.298     0.00    0.00
-202187.468    -0.298     0.00    0.00
-201812.117    -0.298     0.00    0.00
-201436.725    -0.298     0.00    0.00
-201061.293    -0.298     0.00    0.00
-200685.821    -0.298     0.00    0.00
-200310.307    -0.298     0.00    0.00
-199934.754    -0.298     0.00    0.00
-199559.159    -0.298     0.00    0.00
-199183.524    -0.298     0.00    0.00
-198807.848    -0.298     0.00    0.00
-198432.132    -0.298     0.00    0.00
-198056.375    -0.298     0.00    0.00
-197680.577    -0.298     0.00    0.00
-197304.739    -0.298     0.00    0.00
-196928.860    -0.298     0.00    0.00
-196552.940    -0.298     0.00    0.00
-196176.980    -0.298     0.00    0.00
-195800.978    -0.298     0.00    0.00
-195424.936    -0.298     0.00    0.00
-195048.853    -0.298     0.00    0.00
-194672.730    -0.298     0.00    0.00
-194296.565    -0.298     0.00    0.00
-193920.360    -0.298     0.00    0.00
-193544.114    -0.298     0.00    0.00
-193167.826    -0.298     0.00    0.00
-192791.498    -0.298     0.00    0.00
-192415.130    -0.298     0.00    0.00
-192038.720    -0.298     0.00    0.00
-191662.269    -0.298     0.00    0.00
-191285.778    -0.298     0.00    0.00
-190909.245    -0.298     0.00    0.00
-190532.671    -0.298     0.00    0.00
-190156.057    -0.298     0.00    0.00
-189779.401    -0.298     0.00    0.00
-189402.705    -0.298     0.00    0.00
-189025.967    -0.298     0.00    0.00
-188649.189    -0.298     0.00    0.00
-188272.369    -0.298     0.00    0.00
-187895.508    -0.298     0.00    0.00
-187518.606    -0.298     0.00    0.00
-187141.664    -0.298     0.00    0.00
-186764.679    -0.298     0.00    0.00
-186387.654    -0.298     0.00    0.00
-186010.588    -0.298     0.00    0.00
-185633.480    -0.298     0.00    0.00
-185256.332    -0.298     0.00    0.00
-184879.142    -0.298     0.00    0.00
-184501.911    -0.298     0.00    0.00
-184124.638    -0.298     0.00    0.00
-183747.325    -0.298     0.00    0.00
-183369.970    -0.298     0.00    0.00
-182992.574    -0.298     0.00    0.00
-182615.137    -0.298     0.00    0.00
-182237.658    -0.298     0.00    0.00
-181860.138    -0.298     0.00    0.00
-181482.577    -0.298     0.00    0.00
-181104.974    -0.298     0.00    0.00
-180727.330    -0.298     0.00    0.00
-180349.644    -0.298     0.00    0.00
-179971.918    -0.298     0.00    0.00
-179594.149    -0.298     0.00    0.00
-179216.340    -0.298     0.00    0.00
-178838.489    -0.298     0.00    0.00
-178460.596    -0.298     0.00    0.00
-178082.662    -0.298     0.00    0.00
-177704.687    -0.298     0.00    0.00
-177326.670    -0.298     0.00    0.00
-176948.611    -0.298     0.00    0.00
-176570.511    -0.298     0.00    0.00
-176192.370    -0.298     0.00    0.00
-175817.983    -0.298     0.00    0.00
-175447.901    -0.298     0.00    0.00
-175077.780    -0.298     0.00    0.00
-174707.619    -0.298     0.00    0.00
-174337.419    -0.298     0.00    0.00
-173967.179    -0.298     0.00    0.00
-173596.899    -0.298     0.00    0.00
-173226.579    -0.298     0.00    0.00
-172856.219    -0.298     0.00    0.00
-172485.820    -0.298     0.00    0.00
-172115.381    -0.298     0.00    0.00
-171744.902    -0.298     0.00    0.00
-171374.384    -0.298     0.00    0.00
-171003.825    -0.298     0.00    0.00
-170633.227    -0.298     0.00    0.00
-170262.589    -0.298     0.00    0.00
-169891.911    -0.298     0.00    0.00
-169521.193    -0.298     0.00    0.00
-169150.435    -0.298     0.00    0.00
-168779.637    -0.298     0.00    0.00
-168408.800    -0.298     0.00    0.00
-168037.922    -0.298     0.00    0.00
-167667.005    -0.298     0.00    0.00
-167296.047    -0.298     0.00    0.00
-166925.050    -0.298     0.00    0.00
-166554.012    -0.298     0.00    0.00
-166182.935    -0.298     0.00    0.00
-165811.817    -0.298     0.00    0.00
-165440.660    -0.298     0.00    0.00
-165069.462    -0.298     0.00    0.00
-164698.224    -0.298     0.00    0.00
-164326.946    -0.298     0.00    0.00
-163955.628    -0.298     0.00    0.00
-163584.270    -0.298     0.00    0.00
-163212.872    -0.298     0.00    0.00
-162841.434    -0.298     0.00    0.00
-162469.956    -0.298     0.00    0.00
-162098.437    -0.298     0.00    0.00
-161726.878    -0.298     0.00    0.00
-161355.279    -0.298     0.00    0.00
-160983.640    -0.298     0.00    0.00
-160611.960    -0.298     0.00    0.00
-160240.241    -0.298     0.00    0.00
-159868.481    -0.298     0.00    0.00
-159496.680    -0.298     0.00    0.00
-159124.840    -0.298     0.00    0.00
-158752.959    -0.298     0.00    0.00
-158381.038    -0.298     0.00    0.00
-158009.076    -0.298     0.00    0.00
-157637.074    -0.298     0.00    0.00
-157265.032    -0.298     0.00    0.00
-156892.949    -0.298     0.00    0.00
-156520.826    -0.298     0.00    0.00
-156148.663    -0.298     0.00    0.00
-155776.459    -0.298     0.00    0.00
-155404.215    -0.298     0.00    0.00
-155031.930    -0.298     0.00    0.00
-154659.605    -0.298     0.00    0.00
-154287.239    -0.298     0.00    0.00
-153914.833    -0.298     0.00    0.00
-153542.386    -0.298     0.00    0.00
-153169.899    -0.298     0.00    0.00
-152797.371    -0.298     0.00    0.00
-152424.803    -0.298     0.00    0.00
-152052.194    -0.298     0.00    0.00
-151679.545    -0.298     0.00    0.00
-151306.855    -0.298     0.00    0.00
-150934.124    -0.298     0.00    0.00
-150561.353    -0.298     0.00    0.00
-150188.541    -0.298     0.00    0.00
-149815.688    -0.298     0.00    0.00
-149442.795    -0.298     0.00    0.00
-149069.861    -0.298     0.00    0.00
-148696.886    -0.298     0.00    0.00
-148323.871    -0.298     0.00    0.00
-147950.814    -0.298     0.00    0.00
-147577.718    -0.298     0.00    0.00
-147204.580    -0.298     0.00    0.00
-146831.401    -0.298     0.00    0.00
-146458.182    -0.298     0.00    0.00
-146084.922    -0.298     0.00    0.00
-145711.621    -0.298     0.00    0.00
-145338.280    -0.298     0.00    0.00
-144964.897    -0.298     0.00    0.00
-144591.474    -0.298     0.00    0.00
-144218.009    -0.298     0.00    0.00
-143844.504    -0.298     0.00    0.00
-143470.958    -0.298     0.00    0.00
-143097.371    -0.298     0.00    0.00
-142723.743    -0.298     0.00    0.00
-142350.074    -0.298     0.00    0.00
-141976.364    -0.298     0.00    0.00
-141602.613    -0.298     0.00    0.00
-141228.821    -0.298     0.00    0.00
-140854.988    -0.298     0.00    0.00
-140481.114    -0.298     0.00    0.00
-140107.199    -0.298     0.00    0.00
-139733.243    -0.298     0.00    0.00
-139359.246    -0.298     0.00    0.00
-138985.207    -0.298     0.00    0.00
-138611.128    -0.298     0.00    0.00
-138237.008    -0.298     0.00    0.00
-137862.846    -0.298     0.00    0.00
-137488.643    -0.298     0.00    0.00
-137114.399    -0.298     0.00    0.00
-136740.114    -0.298     0.00    0.00
-136365.788    -0.298     0.00    0.00
-135991.420    -0.298     0.00    0.00
-135617.011    -0.298     0.00    0.00
-135242.561    -0.298     0.00    0.00
-134868.070    -0.298     0.00    0.00
-134493.537    -0.298     0.00    0.00
-134118.963    -0.298     0.00    0.00
-133744.348    -0.298     0.00    0.00
-133369.692    -0.298     0.00    0.00
-132994.994    -0.298     0.00    0.00
-132620.255    -0.298     0.00    0.00
-132245.474    -0.298     0.00    0.00
-131870.652    -0.298     0.00    0.00
-131495.789    -0.298     0.00    0.00
-131120.884    -0.298     0.00    0.00
-130745.938    -0.298     0.00    0.00
-130370.950    -0.298     0.00    0.00
-129995.921    -0.298     0.00    0.00
-129620.850    -0.298     0.00    0.00
-129245.738    -0.298     0.00    0.00
-128870.585    -0.298     0.00    0.00
-128495.390    -0.298     0.00    0.00
-128120.153    -0.298     0.00    0.00
-127744.875    -0.298     0.00    0.00
-127369.555    -0.298     0.00    0.00
-126994.194    -0.298     0.00    0.00
-126618.791    -0.298     0.00    0.00
-126243.346    -0.298     0.00    0.00
-125867.860    -0.298     0.00    0.00
-125492.332    -0.298     0.00    0.00
-125116.763    -0.298     0.00    0.00
-124741.152    -0.298     0.00    0.00
-124365.499    -0.298     0.00    0.00
-123989.804    -0.298     0.00    0.00
-123614.068    -0.298     0.00    0.00
-123238.290    -0.298     0.00    0.00
-122862.470    -0.298     0.00    0.00
-122486.609    -0.298     0.00    0.00
-122110.705    -0.298     0.00    0.00
-121734.760    -0.298     0.00    0.00
-121358.773    -0.298     0.00    0.00
-120982.745    -0.298     0.00    0.00
-120606.674    -0.298     0.00    0.00
-120230.562    -0.298     0.00    0.00
-119854.407    -0.298     0.00    0.00
-119478.211    -0.298     0.00    0.00
-119101.973    -0.298     0.00    0.00
-118725.693    -0.298     0.00    0.00
-118349.371    -0.298     0.00    0.00
-117973.007    -0.298     0.00    0.00
-117596.601    -0.298     0.00    0.00
-117220.153    -0.298     0.00    0.00
-116843.663    -0.298     0.00    0.00
-116467.131    -0.298     0.00    0.00
-116090.557    -0.298     0.00    0.00
-115713.941    -0.298     0.00    0.00
-115337.283    -0.298     0.00    0.00
-114960.583    -0.298     0.00    0.00
-114583.841    -0.298     0.00    0.00
-114207.057    -0.298     0.00    0.00
-113830.230    -0.298     0.00    0.00
-113453.361    -0.298     0.00    0.00
-113076.451    -0.298     0.00    0.00
-112699.498    -0.298     0.00    0.00
-112322.503    -0.298     0.00    0.00
-111945.465    -0.298     0.00    0.00
-111568.386     1.041     3.55    8.08
-111191.264    22.997    58.21   56.86
-110814.100    61.633   102.43  100.78
-110436.894   112.685   135.33  125.55
-110059.645   172.498   158.53  136.51
-109682.354   224.787   138.57  123.35
-109305.021   259.295    91.44  106.70
-108927.645   315.292   148.37   71.82
-108550.227   365.143   132.07   47.03
-108172.767   392.790    73.24   49.01
-107795.264   409.976    45.52   51.23
-107417.719   402.916   -18.70   72.66
-107040.132   366.295   -96.98   85.85
-106662.502   338.922   -72.48   78.84
-106284.830   322.527   -43.41   63.18
-105907.115   342.329    52.42   62.38
-105529.358   370.278    73.98   64.52
-105151.558   407.702    99.05   71.34
-104773.716   444.246    96.71   71.21
-104395.831   447.564     8.78   64.28
-104017.904   437.892   -25.59   73.17
-103639.934   399.589  -101.33   84.52
-103261.922   341.177  -154.51   68.72
-102883.867   299.735  -109.61   60.41
-102505.769   258.337  -109.48   63.27
-102127.629   249.409   -23.61   61.75
-101749.446   252.768     8.88   70.90
-101371.220   260.720    21.02   72.81
-100995.744   257.276    -9.17   66.08
-100625.786   229.790   -74.29   71.51
-100255.787   214.485   -41.36   64.65
 -99885.747   204.634   -26.62   57.63
 -99515.667   212.668    21.71   60.70
 -99145.546   256.210   117.63   66.85
 -98775.384   292.095    96.93   67.52
 -98405.182   317.448    68.48   68.97
 -98034.938   335.650    49.16   70.43
 -97664.654   358.492    61.68   84.80
 -97294.330   393.461    94.42   94.58
 -96923.964   448.109   147.54   96.45
 -96553.557   500.666   141.88  107.13
 -96183.110   579.079   211.65  109.93
 -95812.622   645.109   178.21   84.30
 -95442.093   670.956    69.75   72.48
 -95071.523   682.041    29.91   67.98
 -94700.912   675.143   -18.61   64.87
 -94330.261   661.871   -35.80   66.34
 -93959.568   646.063   -42.64   72.86
 -93588.834   617.702   -76.49   70.10
 -93218.060   594.599   -62.31   61.95
 -92847.244   553.719  -110.23   56.50
 -92476.388   521.047   -88.09   51.26
 -92105.490   483.119  -102.25   47.22
 -91734.552   448.892   -92.26   40.89
 -91363.572   421.768   -73.11   48.33
 -90992.552   401.369   -54.98   47.64
 -90621.490   386.702   -39.52   50.38
 -90250.387   373.990   -34.25   48.30
 -89879.244   366.960   -18.94   44.92
 -89508.059   356.668   -27.72   40.07
 -89136.833   351.210   -14.70   35.82
 -88765.565   348.554    -7.15   29.10
 -88394.257   351.002     6.59   27.85
 -88022.908   361.634    28.63   32.30
 -87651.517   379.821    48.96   35.97
 -87280.085   403.266    63.12   44.91
 -86908.612   419.754    44.38   48.96
 -86537.098   428.669    24.00   46.87
 -86165.542   428.813     0.39   39.03
 -85793.945   415.752   -35.15   36.47
 -85422.307   394.770   -56.45   38.17
 -85050.628   385.299   -25.48   47.58
 -84678.907   374.135   -30.03   55.85
 -84307.145   369.530   -12.39   57.06
 -83935.341   362.566   -18.73   54.27
 -83563.497   364.135     4.22   47.76
 -83191.611   366.210     5.58   38.10
 -82819.683   365.143    -2.87   28.98
 -82447.714   358.620   -17.53   26.21
 -82075.704   342.736   -42.69   34.80
 -81703.652   316.817   -69.66   42.90
 -81331.559   276.684  -107.85   44.70
 -80959.424   242.476   -91.92   48.34
 -80587.248   210.787   -85.14   46.16
 -80215.031   185.685   -67.43   40.22
 -79842.772   161.931   -63.80   29.86
 -79470.471   147.402   -39.02   16.56
 -79098.129   138.329   -24.37    7.93
 -78725.745   134.244   -10.97    1.90
 -78353.320   132.751    -4.01    2.00
 -77980.853   131.374    -3.70    1.95
 -77608.345   130.057    -3.54    1.89
 -77235.795   128.884    -3.15    1.53
 -76863.203   127.833    -2.82    1.93
 -76490.570   126.855    -2.63    1.82
 -76117.895   125.831    -2.75    1.44
 -75745.178   125.085    -2.00    1.69
 -75372.419   124.855    -0.62    2.75
 -74999.619   125.363     1.36    4.26
 -74626.778   128.193     7.59    8.49
 -74253.894   133.956    15.45   13.63
 -73880.969   138.600    12.45   14.80
 -73508.002   140.686     5.59   13.45
 -73134.993   137.246    -9.22   12.55
 -72761.942   130.981   -16.79    9.69
 -72388.850   126.541   -11.90    6.87
 -72015.716   124.105    -6.53    4.08
 -71642.539   125.409     3.49    5.52
 -71269.321   132.363    18.63   13.06
 -70896.062   149.390    45.62   24.51
 -70522.760   166.800    46.63   25.28
 -70149.416   171.990    13.90   21.16
 -69776.031   163.719   -22.15   27.02
 -69402.603   146.702   -45.57   25.01
 -69029.134   134.291   -33.23    9.37
 -68655.622   138.472    11.19   12.64
 -68282.069   152.375    37.21   18.64
 -67908.473   181.335    77.51   39.11
 -67534.836   217.753    97.46   47.13
 -67161.156   250.863    88.60   42.57
 -66787.435   280.202    78.50   28.77
 -66413.671   298.995    50.28   26.89
 -66039.865   313.219    38.05   26.51
 -65666.018   321.564    22.32   23.98
 -65292.128   318.235    -8.90   33.61
 -64918.196   301.685   -44.26   42.48
 -64544.221   270.899   -82.32   52.96
 -64170.205   232.357  -103.04   52.81
 -63796.147   189.482  -114.62   51.37
 -63422.046   150.922  -103.07   39.08
 -63047.903   124.718   -70.03   29.32
 -62673.718   103.634   -56.34   17.23
 -62299.490    94.052   -25.60   10.38
 -61925.221   105.258    29.94   33.08
 -61550.909   132.461    72.67   54.33
 -61176.555   174.456   112.17   61.75
 -60802.158   208.791    91.70   41.59
 -60427.719   212.912    11.00   35.58
 -60053.238   203.254   -25.79   41.06
 -59678.715   183.261   -53.38   39.35
 -59304.149   159.063   -64.60   28.28
 -58929.541   140.819   -48.70   26.38
 -58554.890   124.651   -43.15   26.69
 -58180.197   112.024   -33.70   27.79
 -57805.461    98.573   -35.89   23.71
 -57430.684    92.099   -17.27   23.04
 -57055.863    87.046   -13.48   20.90
 -56681.000    86.035    -2.70   20.16
 -56306.095    85.285    -2.00   18.34
 -55931.147    86.235     2.53   19.59
 -55556.157    92.915    17.81   28.25
 -55181.124   103.992    29.54   37.49
 -54806.048   109.667    15.13   38.01
 -54430.930   110.112     1.18   35.81
 -54055.770   112.320     5.89   36.55
 -53680.566   113.219     2.39   37.05
 -53305.320   109.235   -10.61   35.77
 -52930.032   104.234   -13.33   31.36
 -52554.701    96.973   -19.34   27.61
 -52179.327    90.126   -18.24   22.47
 -51803.910    80.109   -26.68   18.17
 -51428.451    73.085   -18.71   13.65
 -51052.949    66.835   -16.64    8.16
 -50677.405    63.133    -9.86    2.68
 -50301.817    62.440    -1.85    2.32
 -49926.187    61.374    -2.84    1.86
 -49550.514    60.278    -2.92    1.62
 -49174.798    59.852    -1.13    1.56
 -48799.040    59.686    -0.44    1.93
 -48423.238    60.352     1.77    3.24
 -48047.394    62.414     5.49    4.61
 -47671.507    68.331    15.74   10.58
 -47295.577    78.965    28.29   18.21
 -46919.604   103.423    65.05   34.83
 -46543.588   134.271    82.03   39.16
 -46167.529   165.337    82.61   37.67
 -45791.428   195.602    80.47   29.64
 -45415.283   214.109    49.20   26.99
 -45039.095   230.863    44.54   28.99
 -44662.865   246.380    41.24   31.41
 -44286.591   250.919    12.06   30.82
 -43910.275   249.254    -4.42   34.58
 -43533.915   236.784   -33.13   34.13
 -43157.512   209.227   -73.21   37.81
 -42781.066   178.482   -81.67   45.72
 -42404.577   145.095   -88.67   47.01
 -42028.045   111.905   -88.14   33.53
 -41651.470    88.516   -62.11   20.44
 -41274.852    76.109   -32.94   13.38
 -40898.191    70.227   -15.62    7.34
 -40521.486    69.185    -2.77    5.29
 -40144.738    71.635     6.50    5.69
 -39767.947    75.397     9.98    5.04
 -39391.113    79.621    11.21    6.32
 -39014.236    86.905    19.33   11.16
 -38637.315    98.069    29.62   18.22
 -38260.351   114.186    42.75   24.56
 -37883.344   130.530    43.35   28.98
 -37506.293   140.472    26.37   30.73
 -37129.199   143.047     6.83   32.39
 -36752.062   135.412   -20.24   33.07
 -36374.881   126.202   -24.42   33.34
 -35997.657   120.358   -15.49   35.98
 -35620.390   117.670    -7.12   41.05
 -35243.079   111.668   -15.91   38.34
 -34865.725    97.460   -37.65   35.82
 -34488.328    81.877   -41.29   24.46
 -34110.887    68.186   -36.27   19.03
 -33733.402    55.363   -33.97   13.43
 -33355.874    47.585   -20.60   12.72
 -32978.303    39.489   -21.44    7.57
 -32600.688    34.552   -13.07    4.68
 -32223.029    31.335    -8.52    3.68
 -31845.327    29.141    -5.81    2.73
 -31467.581    27.882    -3.33    2.60
 -31089.792    28.985     2.92    5.63
 -30711.959    35.035    16.01   13.20
 -30334.083    47.063    31.83   25.89
 -29956.163    55.735    22.95   35.32
 -29578.199    54.019    -4.54   35.85
 -29200.191    42.478   -30.53   28.73
 -28822.140    28.079   -38.09   14.61
 -28444.046    21.058   -18.57    6.01
 -28065.907    18.363    -7.13    3.39
 -27687.725    16.931    -3.79    3.14
 -27309.499    15.838    -2.89    3.27
 -26931.229    14.634    -3.18    3.28
 -26552.915    13.532    -2.91    3.14
 -26176.223    12.325    -3.21    3.28
 -25806.392    10.857    -3.97    2.85
 -25436.518     9.325    -4.14    2.03
 -25066.604     8.176    -3.11    1.49
 -24696.647     7.299    -2.37    1.51
 -24326.648     6.602    -1.88    1.19
 -23956.608     6.243    -0.97    1.03
 -23586.526     5.259    -2.66    1.85
 -23216.403     4.135    -3.04    2.24
 -22846.237     2.787    -3.64    1.91
 -22476.030     2.002    -2.12    1.17
 -22105.781     1.702    -0.81    0.00
 -21735.490     1.702     0.00    0.00
 -21365.157     1.702     0.00    0.00
 -20994.782     1.702     0.00    0.00
 -20624.365     1.702     0.00    0.00
 -20253.907     1.702     0.00    0.00
 -19883.406     1.702     0.00    0.00
 -19512.863     1.702     0.00    0.00
 -19142.279     1.702     0.00    0.00
 -18771.653     1.702     0.00    0.00
 -18400.984     1.702     0.00    0.00
 -18030.274     1.702     0.00    0.00
 -17659.521     1.702     0.00    0.00
 -17288.727     1.702     0.00    0.00
 -16917.890     1.702     0.00    0.00
 -16547.011     1.702     0.00    0.00
 -16176.091     1.702     0.00    0.00
 -15805.128     3.605     5.13    4.48
 -15434.123     6.278     7.20    6.02
 -15063.076     7.751     3.97    5.70
 -14691.986     8.702     2.56    4.74
 -14320.855     7.472    -3.31    4.11
 -13949.681     5.771    -4.58    1.58
 -13578.465     5.912     0.38    1.49
 -13207.207     5.295    -1.66    1.48
 -12835.907     5.025    -0.73    1.56
 -12464.564     4.819    -0.55    1.63
 -12093.180     4.502    -0.85    1.53
 -11721.752     4.505     0.01    1.53
 -11350.283     4.787     0.76    1.45
 -10978.771     5.152     0.98    1.40
 -10607.217     5.402     0.67    1.20
 -10235.621     5.750     0.94    1.43
  -9863.982     5.888     0.37    1.49
  -9492.301     5.799    -0.24    1.50
  -9120.578     5.720    -0.21    1.66
  -8748.812     6.046     0.88    1.79
  -8377.003     4.397    -4.44    2.94
  -8005.153     2.915    -3.98    3.37
  -7633.259     1.554    -3.66    3.08
  -7261.324     2.135     1.56    3.55
  -6889.345     4.085     5.24    3.60
  -6517.325     5.259     3.16    2.95
  -6145.261     6.131     2.34    2.33
  -5773.156     6.019    -0.30    2.17
  -5401.007     5.753    -0.71    2.42
  -5028.816     5.271    -1.29    2.81
  -4656.583     5.460     0.51    2.87
  -4284.307     5.133    -0.88    2.93
  -3911.988     5.541     1.09    2.44
  -3539.627     6.263     1.94    1.36
  -3167.223     6.347     0.22    1.28
  -2794.776     6.295    -0.14    1.10
  -2422.287     6.557     0.70    1.34
  -2049.755     6.440    -0.31    2.54
  -1677.180     5.145    -3.48    3.69
  -1304.563     3.669    -3.96    4.21
   -931.902     2.052    -4.34    3.87
   -559.199     0.412    -4.40    2.18
   -186.454     0.047    -0.98    1.49
    186.335     0.025    -0.06    1.45
    559.166     0.863     2.25    2.54
    932.040     1.863     2.68    3.08
   1304.957     2.469     1.62    3.17
   1677.917     7.492    13.47   12.50
   2050.920    22.833    41.13   27.13
   2423.966    36.752    37.31   33.02
   2797.054    51.735    40.16   30.92
   3170.186    59.948    22.01   28.67
   3543.360    60.750     2.15   24.46
   3916.578    65.079    11.60   23.85
   4289.838    73.121    21.55   24.61
   4663.141    82.023    23.85   22.15
   5036.488    92.783    28.82   23.14
   5409.877   107.652    39.82   19.38
   5783.310   120.976    35.68   20.65
   6156.785   144.981    64.27   30.60
   6530.304   174.652    79.44   45.62
   6903.865   218.569   117.56   56.86
   7277.470   251.456    88.03   53.20
   7651.118   263.137    31.26   64.38
   8024.809   242.161   -56.13   85.05
   8398.543   190.766  -137.52   92.03
   8772.320   140.273  -135.09   63.66
   9146.141   111.960   -75.74   44.21
   9520.005    88.169   -63.64   24.68
   9893.912    78.831   -24.97   21.08
  10267.862    72.030   -18.19   21.19
  10641.855    65.935   -16.30   22.10
  11015.892    61.669   -11.41   20.52
  11389.972    60.587    -2.89   19.45
  11764.095    50.492   -26.98   19.01
  12138.262    40.919   -25.59   21.94
  12512.472    28.573   -32.99   21.31
  12886.725    15.404   -35.19    6.48
  13261.022    10.508   -13.08    5.79
  13635.362     8.119    -6.38    4.37
  14009.745     7.266    -2.28    3.54
  14384.172     7.341     0.20    2.97
  14758.642     8.407     2.85    2.19
  15133.156     9.069     1.77    1.40
  15507.713     9.112     0.12    1.16
  15882.314     9.266     0.41    0.92
  16256.958     9.288     0.06    0.73
  16631.646     9.105    -0.49    0.71
  17006.377     8.842    -0.70    0.79
  17381.152     8.637    -0.55    0.83
  17755.970     8.210    -1.14    0.94
  18130.832     7.734    -1.27    1.02
  18505.738     7.202    -1.42    1.40
  18880.687     5.935    -3.38    2.24
  19255.680     5.089    -2.26    2.52
  19630.716     4.616    -1.26    2.61
  20005.796     4.899     0.75    2.91
  20380.920     5.374     1.27    2.98
  20756.088     5.492     0.31    2.95
  21131.299     6.489     2.66    3.13
  21506.554     7.845     3.61    2.58
  21881.853     9.102     3.35    1.67
  22257.195     9.885     2.09    1.64
  22632.581    10.400     1.37    1.79
  23008.011    10.519     0.31    2.00
  23383.485    10.591     0.19    1.81
  23759.003    10.579    -0.03    1.62
  24134.565    10.750     0.46    1.49
  24510.170    10.752     0.00    1.28
  24885.819    10.735    -0.04    1.22
  25261.513    10.636    -0.26    1.03
  25637.250    10.569    -0.18    0.96
  26013.031    10.585     0.04    0.87
  26388.856    10.804     0.58    0.80
  26764.725    10.931     0.34    0.88
  27140.638    11.099     0.44    0.90
  27516.595    11.131     0.09    0.86
  27892.596    11.007    -0.33    0.84
  28268.641    10.892    -0.30    0.86
  28644.730    10.620    -0.72    0.84
  29020.863    10.309    -0.83    1.04
  29397.040     9.511    -2.12    1.47
  29773.262     8.956    -1.48    1.49
  30149.527     8.813    -0.38    1.66
  30525.837     9.047     0.62    1.96
  30902.191     8.912    -0.36    2.23
  31278.589     8.770    -0.38    2.59
  31655.031     9.052     0.75    3.09
  32031.517    11.620     6.82    5.86
  32408.048    16.522    13.02    8.30
  32784.623    22.912    16.97    7.71
  33161.242    24.554     4.36    6.81
  33537.905    23.604    -2.52    7.56
  33914.613    21.228    -6.31    6.95
  34291.365    20.541    -1.83    5.91
  34668.161    20.499    -0.11    5.71
  35045.002    22.347     4.91    6.18
  35421.887    25.379     8.05    6.33
  35798.816    27.160     4.72    5.36
  36175.790    28.259     2.92    4.38
  36552.808    28.474     0.57    3.22
  36929.871    29.428     2.53    4.15
  37306.978    31.266     4.88    5.66
  37684.129    34.589     8.81    6.87
  38061.325    40.964    16.90    9.74
  38438.566    47.850    18.25   11.23
  38815.851    51.452     9.55    8.69
  39193.180    50.210    -3.29    9.75
  39570.554    44.390   -15.42   12.38
  39947.973    36.512   -20.87    9.14
  40325.436    30.972   -14.68    8.59
  40702.944    28.030    -7.79    8.43
  41080.497    28.879     2.25    9.03
  41458.094    32.735    10.21    9.24
  41835.736    39.452    17.79   12.12
  42213.422    49.928    27.74   18.04
  42591.153    58.158    21.79   21.17
  42968.929    57.202    -2.53   22.91
  43346.750    49.532   -20.30   28.06
  43724.615    33.083   -43.53   27.12
  44102.525    14.319   -49.65   19.32
  44480.480     4.456   -26.10   11.43
  44858.479    -0.200   -12.32    0.77
  45236.524    -0.298    -0.26    0.00
  45614.613    -0.298     0.00    0.00
  45992.747    -0.298     0.00    0.00
  46370.926    -0.298     0.00    0.00
  46749.150    -0.298     0.00    0.00
  47127.419    -0.298     0.00    0.00
  47505.733    -0.298     0.00    0.00
  47884.091    -0.298     0.00    0.00
  48262.495    -0.250     0.13    0.38
  48640.535     0.047     0.78    0.97
  49010.234     0.575     1.43    1.37
  49379.975     1.509     2.53    1.60
  49749.759     2.315     2.18    1.26
  50119.586     2.750     1.18    0.93
  50489.455     2.912     0.44    0.83
  50859.367     2.882    -0.08    0.97
  51229.323     3.025     0.38    1.04
  51599.321     3.309     0.77    1.13
  51969.361     3.575     0.72    1.25
  52339.445     4.013     1.18    1.12
  52709.572     4.369     0.96    1.05
  53079.741     4.718     0.94    1.06
  53449.954     5.085     0.99    1.14
  53820.209     5.686     1.62    1.41
  54190.508     6.235     1.48    1.59
  54560.849     7.051     2.20    1.74
  54931.233     7.509     1.24    1.47
  55301.661     7.882     1.01    1.65
  55672.131     8.236     0.96    1.60
  56042.645     8.589     0.95    1.52
  56413.201     8.821     0.62    1.43
  56783.801     9.508     1.86    1.76
  57154.443    10.210     1.89    1.93
  57525.129    10.850     1.72    2.02
  57895.858    11.341     1.33    1.73
  58266.630    11.702     0.97    1.74
  58637.445    12.469     2.07    1.76
  59008.304    13.035     1.53    1.73
  59379.206    13.591     1.50    1.62
  59750.150    14.109     1.40    1.67
  60121.138    14.444     0.90    1.60
  60492.170    14.823     1.02    1.51
  60863.244    15.456     1.71    1.62
  61234.362    15.823     0.99    1.67
  61605.523    16.543     1.94    1.73
  61976.728    17.219     1.82    1.89
  62347.975    17.799     1.56    1.99
  62719.266    18.210     1.11    1.72
  63090.601    18.997     2.12    1.41
  63461.979    19.637     1.72    1.39
  63833.400    20.161     1.41    1.34
  64204.864    20.948     2.12    1.41
  64576.372    21.402     1.22    1.46
  64947.924    21.908     1.36    1.46
  65319.519    22.244     0.90    1.49
  65691.157    22.559     0.85    1.37
  66062.839    23.064     1.36    1.61
  66434.565    23.636     1.54    1.89
  66806.334    24.150     1.38    1.96
  67178.146    24.781     1.70    2.06
  67550.002    25.838     2.84    2.33
  67921.902    26.956     3.01    2.91
  68293.845    28.769     4.87    3.75
  68665.832    32.341     9.60    9.12
  69037.862    39.892    20.30   15.01
  69409.936    45.981    16.36   16.82
  69782.054    53.073    19.06   18.02
  70154.216    57.250    11.23   18.84
  70526.421    57.347     0.26   18.21
  70898.669    53.888    -9.29   17.78
  71270.962    49.210   -12.57   12.23
  71643.298    47.752    -3.92    9.99
  72015.678    47.734    -0.05    8.06
  72388.102    49.902     5.82    8.78
  72760.570    52.702     7.52   10.86
  73133.081    58.554    15.71   12.65
  73505.637    62.976    11.87   14.76
  73878.236    66.008     8.14   15.72
  74250.879    67.169     3.11   13.47
  74623.565    69.896     7.32   11.54
  74996.296    76.452    17.59   14.11
  75369.071    92.831    43.94   23.88
  75741.889   113.185    54.60   26.98
  76114.752   132.905    52.89   28.15
  76487.658   149.150    43.57   19.85
  76860.609   150.525     3.69   18.64
  77233.603   141.210   -24.97   24.10
  77606.642   125.735   -41.49   25.22
  77979.724   111.243   -38.85   21.85
  78352.851   102.956   -22.21   20.04
  78726.022    98.964   -10.70   17.59
  79099.236    96.402    -6.87    9.39
  79472.495    97.956     4.16    7.37
  79845.798   109.461    30.82   21.12
  80219.145   138.733    78.41   44.85
  80592.536   179.840   110.10   58.03
  80965.972   237.292   153.86   66.63
  81339.451   282.058   119.87   48.25
  81712.975   304.309    59.57   47.12
  82086.543   322.602    48.97   54.76
  82460.155   325.654     8.17   68.88
  82833.812   315.511   -27.15   87.00
  83207.512   288.296   -72.83   92.66
  83581.257   256.734   -84.45   74.66
  83955.047   231.227   -68.24   64.79
  84328.880   212.944   -48.91   50.58
  84702.758   208.485   -11.93   42.34
  85076.681   200.396   -21.64   29.04
  85450.647   208.423    21.47   32.99
  85824.658   218.702    27.48   32.41
  86198.714   231.543    34.33   31.34
  86572.814   244.305    34.12   32.96
  86946.958   265.847    57.58   40.26
  87321.147   297.285    84.02   49.85
  87695.380   343.718   124.09   71.92
  88069.658   419.312   201.99  100.34
  88443.980   482.046   167.61   89.19
  88818.347   500.236    48.59   73.65
  89192.759   454.845  -121.25   99.59
  89567.215   398.465  -150.58   84.16
  89941.715   361.686   -98.22   70.96
  90316.260   339.885   -58.21   59.56
  90690.850   357.587    47.26   59.85
  91065.484   366.988    25.09   53.95
  91440.163   363.283    -9.89   55.40
  91814.887   365.829     6.80   56.89
  92189.655   360.619   -13.90   62.40
  92564.468   364.718    10.94   62.19
  92939.326   363.564    -3.08   61.84
  93314.229   349.242   -38.21   50.40
  93689.176   350.538     3.46   39.84
  94064.168   364.912    38.33   43.00
  94439.205   401.538    97.67   49.88
  94814.287   434.161    86.98   56.05
  95189.413   455.686    57.39   55.97
  95564.584   470.769    40.21   56.62
  95939.801   466.089   -12.47   55.85
  96315.062   456.995   -24.24   58.68
  96690.368   463.979    18.61   66.10
  97065.718   479.669    41.80   64.32
  97441.114   497.638    47.87   62.00
  97816.555   504.685    18.77   66.18
  98192.041   501.121    -9.49   71.27
  98567.571   488.928   -32.47   64.11
  98943.147   470.492   -49.09   59.18
  99318.768   440.108   -80.90   67.80
  99694.433   400.431  -105.63   64.36
 100070.144   364.079   -96.76   56.34
 100445.900   326.787   -99.26   48.71
 100821.701   299.952   -71.41   47.11
 101197.547   275.718   -64.48   45.73
 101573.438   254.734   -55.83   39.12
 101949.374   231.573   -61.61   34.14
 102325.356   212.735   -50.11   31.52
 102701.382   192.496   -53.83   32.01
 103077.454   172.465   -53.27   25.19
 103453.571   154.489   -47.80   18.99
 103829.734   151.667    -7.50   22.54
 104205.941   176.385    65.71   47.66
 104582.194   213.783    99.41   57.49
 104958.492   246.799    87.75   48.27
 105334.835   278.460    84.14   43.71
 105711.224   303.931    67.68   43.49
 106087.658   328.541    65.38   47.43
 106464.137   351.685    61.48   49.46
 106840.662   369.093    46.24   47.06
 107217.232   376.535    19.77   49.65
 107593.848   391.234    39.03   43.81
 107970.509   386.105   -13.62   51.12
 108347.215   365.734   -54.08   60.74
 108723.967   324.505  -109.44   73.02
 109100.764   288.105   -96.61   62.28
 109477.607   262.783   -67.20   59.51
 109854.495   254.995   -20.66   65.52
 110231.429   243.960   -29.28   62.27
 110608.409   221.939   -58.42   57.16
 110985.434   191.972   -79.49   58.03
 111362.504   153.619  -101.72   44.53
 111739.620   124.734   -76.60   32.18
 112116.782   102.258   -59.60   19.80
 112493.990    88.476   -36.54   14.37
 112871.243    76.733   -31.13   10.41
 113248.542    69.469   -19.26    6.68
 113625.886    66.960    -6.65    5.81
 114003.276    65.525    -3.80    6.05
 114380.712    64.912    -1.62    6.50
 114758.194    67.416     6.64    6.02
 115135.721    70.444     8.02    6.44
 115513.294    72.924     6.57    6.17
 115890.913    72.752    -0.46    6.98
 116268.578    66.593   -16.31   12.53
 116646.289    57.030   -25.32   13.93
 117024.045    44.908   -32.09   15.04
 117401.848    32.852   -31.92   12.15
 117779.696    25.783   -18.71    8.22
 118157.590    22.258    -9.33    4.64
 118535.530    22.896     1.69    4.99
 118913.517    26.686    10.03    5.32
 119291.549    30.102     9.04    5.59
 119669.627    31.944     4.87    5.81
 120047.751    34.587     6.99    7.24
 120425.921    37.511     7.73    8.78
 120804.137    40.331     7.46   10.16
 121182.399    44.292    10.47   10.44
 121560.707    49.718    14.34   12.73
 121939.061    54.871    13.62   16.50
 122317.462    60.014    13.59   17.47
 122695.908    65.685    14.98   20.18
 123074.401    69.051     8.90   23.78
 123452.940    75.992    18.34   29.61
 123823.508    77.243     3.38   31.09
 124193.119    77.358     0.31   27.39
 124562.774    83.882    17.65   29.27
 124932.472   102.702    50.91   40.79
 125302.215   114.813    32.76   39.36
 125672.001   115.718     2.45   35.90
 126041.831   101.944   -37.25   35.78
 126411.705    79.025   -61.97   33.71
 126781.624    62.186   -45.53   21.30
 127151.586    52.271   -26.80   18.67
 127521.592    50.569    -4.60   25.97
 127891.642    45.981   -12.40   29.21
 128261.736    37.369   -23.27   31.88
 128631.874    26.671   -28.90   30.68
 129002.056    13.736   -34.95   14.53
 129372.282     8.702   -13.60    9.84
 129742.553     5.964    -7.39    7.67
 130112.867     4.025    -5.24    3.89
 130483.226     3.428    -1.61    1.66
 130853.628     3.492     0.17    1.19
 131224.075     3.499     0.02    2.12
 131594.566     3.067    -1.17    2.89
 131965.101     2.004    -2.87    2.56
 132335.681     1.186    -2.21    1.35
 132706.304     0.972    -0.58    1.05
 133076.972     1.008     0.10    1.02
 133447.684     0.847    -0.44    1.07
 133818.441     0.668    -0.48    1.16
 134189.241     0.226    -1.19    0.82
 134560.086    -0.048    -0.74    0.60
 134930.976     0.170     0.59    0.76
 135301.909     0.325     0.42    0.93
 135672.887     0.686     0.97    1.05
 136043.910     1.041     0.96    1.12
 136414.977     1.178     0.37    1.19
 136786.088     1.250     0.19    1.22
 137157.243     1.083    -0.45    1.26
 137528.443     0.931    -0.41    1.16
 137899.688     0.964     0.09    1.15
 138270.977     0.797    -0.45    1.17
 138642.311     0.866     0.19    1.31
 139013.689     0.811    -0.15    1.16
 139385.111     1.161     0.94    1.35
 139756.578     1.315     0.41    1.27
 140128.090     1.519     0.55    1.19
 140499.646     1.302    -0.58    1.14
 140871.247     0.931    -1.00    1.10
 141242.893     0.896    -0.10    1.13
 141614.583     0.799    -0.26    1.26
 141986.318     0.924     0.34    1.25
 142358.097     1.115     0.51    1.20
 142729.921     1.131     0.04    1.10
 143101.790     1.073    -0.15    1.10
 143473.704     0.915    -0.42    1.16
 143845.662     0.976     0.16    1.27
 144217.665     1.109     0.36    1.31
 144589.713     1.543     1.17    1.18
 144961.806     1.616     0.19    1.01
 145333.943     1.838     0.60    0.93
 145706.125     1.581    -0.69    1.09
 146078.353     1.170    -1.11    1.22
 146450.625     0.842    -0.88    1.21
