# NaN NaN NaN ;Mean Elev.(m), Avg Gradient(m/km), RMS Gradient(m/km) - SRTM1     
#   67.831   0.352  42.251 ;Mean Elev.(m), Avg Gradient(m/km), RMS Gradient(m/km) - ASTER GDEM
#   73.502   0.103  39.176 ;Mean Elev.(m), Avg Gradient(m/km), RMS Gradient(m/km) - GMTED2010 
  8 130.551613  48.857472    82.184    82.184  2 52492.52671965 30.519
 10 130.542592  48.852815   101.881   101.881  2 52562.52674510 17.403
 12 130.538217  48.853663    81.079    81.079  2 52632.52670692 14.493
 13 130.542268  48.852443    80.987    80.987  2 52667.52672487  9.511
 14 130.544389  48.854825    80.212    80.212  2 52702.52669861  8.160
 15 130.547708  48.853984    91.877    91.877  2 52737.52673935 12.125
 16 130.551727  48.856282    80.066    80.066  2 52772.52670440 51.807
 17 130.534914  48.854138    82.454    82.454  2 52807.52676304 46.954
 18 130.538486  48.853800    85.020    85.020  2 52842.52682127 46.567
 19 130.540232  48.852221    85.038    85.038  2 52877.52685934 45.070
 20 130.554303  48.857514    85.157    85.157  2 52912.52681824 31.581
 21 130.540862  48.851856    80.998    80.998  2 52947.52677473 49.247
 23 130.547494  48.853021    80.186    80.186  2 53017.52680510 25.812
 24 130.541435  48.853389    79.922    79.719  3 53052.52678558 17.099
 25 130.541003  48.851756    79.897    79.897  2 53087.52682204  9.963
 26 130.539093  48.852630    82.212    82.212  2 53122.52679251 46.343
 27 130.535300  48.851852    89.889    89.889  2 53157.52684911 27.865
 28 130.547674  48.855516    82.097    82.097  2 53192.52684247 51.554
 29 130.548221  48.855925    84.394    84.394  2 53227.52684188 26.568
 30 130.547078  48.854181    82.897    82.897  2 53262.52681469 39.308
 31 130.531127  48.853303    82.312    82.330  3 53297.52685239 19.288
 32 130.543728  48.854010    79.078    79.078  2 53332.52682387 44.572
 33 130.551362  48.857464    80.499    80.499  2 53367.52676884 21.153
 34 130.541215  48.852869    80.159    80.159  2 53402.52679694 16.487
 35 130.549232  48.855310    80.452    80.452  2 53437.52678609 12.385
 37 130.541716  48.852654    83.989    83.989  2 53507.52686838 50.069
 38 130.540948  48.853136    83.944    83.944  2 53542.52687664 46.261
 39 130.545402  48.854524    82.537    82.537  2 53577.52686252 50.880
 40 130.547558  48.853934    81.114    81.114  2 53612.52681488 39.718
 41 130.540739  48.852812    80.795    80.795  2 53647.52681988 49.884
 42 130.539709  48.854148    82.343    82.343  2 53682.52683549 18.589
 43 130.551345  48.855724    81.475    81.475  2 53717.52676280 29.083
 44 130.544023  48.853389    79.997    79.997  2 53752.52668251 24.815
 45 130.549547  48.853854    80.387    80.387  2 53787.52671256 18.578
 47 130.536867  48.853408    82.779    82.779  2 53857.52675922 44.473
 49 130.532681  48.853076    83.434    83.383  3 53927.52683279 25.043
 50 130.540139  48.854623    83.298    83.298  2 53962.52681629 41.347
 51 130.535680  48.853117    83.370    83.370  2 53997.52676174 51.568
 52 130.542547  48.853840    81.423    81.423  2 54032.52681212 31.745
 54 130.548831  48.855215    82.011    82.011  2 54102.52676577 19.056
 55 130.539471  48.853620    81.587    81.587  2 54137.52673459 12.793
 56 130.546955  48.854120    82.426    82.426  2 54172.52674296  6.305
 57 130.537847  48.853801   116.231   116.231  2 54207.52674007  4.521
 58 130.544344  48.852303    83.529    83.529  2 54242.52677215 45.891
 59 130.543138  48.854420    82.109    82.109  2 54277.52678632 51.064
 61 130.549442  48.855180    84.913    84.913  2 54347.52675888 49.895
 62 130.541075  48.853387   103.689   103.689  2 54382.52672384 18.893
 63 130.546663  48.854520    79.677    79.677  2 54417.52670795 38.909
 64 130.538199  48.853161    81.851    81.851  2 54452.52669346 21.462
 65 130.546493  48.852899    81.277    81.277  2 54487.52670519 13.152
 66 130.542638  48.853086    80.984    80.984  2 54522.52670646 12.061
 67 130.547198  48.854855    90.067    90.067  2 54557.52671571 16.370
 68 130.542399  48.852988    80.358    80.358  2 54592.52670283 47.833
 69 130.544967  48.852442    81.825    81.825  2 54627.52671780 47.274
 70 130.540902  48.853480    82.861    82.861  2 54662.52672564 45.675
 71 130.548833  48.855392    82.035    82.035  2 54697.52670076 52.481
 72 130.539352  48.853773    86.719    86.719  2 54732.52668256 14.480
 74 130.538585  48.852380    80.925    80.925  2 54802.52667600 22.294
 75 130.544418  48.853423    81.362    81.362  2 54837.52667255 15.801
 76 130.539673  48.853810    81.461    81.461  2 54872.52667518 13.129
 77 130.546867  48.855483    81.194    81.194  2 54907.52668005 10.335
 78 130.539001  48.853185    90.399    90.303  3 54942.52666818 13.929
 79 130.542770  48.852971    83.516    83.516  2 54977.52669567 48.188
 80 130.544217  48.853882    87.615    87.615  2 55012.52670302 24.571
 81 130.543398  48.854245    84.541    84.541  2 55047.52669558 42.094
 82 130.549274  48.855932    85.279    85.279  2 55082.52666699 47.634
 84 130.545011  48.852478    79.774    79.774  2 55152.52662432 43.716
 85 130.539385  48.851670    82.730    82.730  2 55187.52661433 17.262
 86 130.544702  48.853983    82.539    82.539  2 55222.52662344 14.598
 87 130.542933  48.853068    81.461    81.461  2 55257.52661025 13.251
 88 130.548496  48.853893    82.482    82.482  2 55292.52661138 19.800
 89 130.541340  48.853236   144.592   144.592  2 55327.52659465  6.404
 90 130.546378  48.853490    82.488    82.488  2 55362.52659013 51.199
 91 130.539425  48.853771    86.652    86.652  2 55397.52659836 21.057
 92 130.545232  48.854623    85.941    85.941  2 55432.52660592 51.574
 93 130.550918  48.857353    81.852    81.852  2 55467.52656476 32.070
