-209424.942   362.952     0.00   17.72
-209046.882   350.922   -31.83   21.79
-208668.866   333.805   -45.29   19.70
-208290.895   317.263   -43.77   15.66
-207912.968   306.479   -28.54   11.94
-207535.085   297.454   -23.89   13.08
-207157.248   286.670   -28.55   14.34
-206779.454   276.327   -27.38   14.26
-206401.706   266.739   -25.39   12.24
-206024.001   260.455   -16.64    5.10
-205646.341   261.534     2.86    9.43
-205268.726   268.823    19.31   18.33
-204891.155   279.978    29.55   23.32
-204513.628   292.668    33.62   24.17
-204136.146   298.343    15.04   22.98
-203758.708   299.022     1.80   21.64
-203381.315   303.105    10.82   21.98
-203003.966   318.223    40.07   33.99
-202626.661   344.722    70.25   44.58
-202249.400   372.018    72.37   35.23
-201872.184   379.548    19.97   26.50
-201495.012   370.094   -25.07   28.22
-201117.884   353.229   -44.73   20.83
-200740.800   348.538   -12.44   21.10
-200363.761   342.263   -16.65   22.60
-199986.766   337.444   -12.79   26.15
-199609.815   339.852     6.39   29.95
-199232.908   341.952     5.57   36.67
-198856.045   337.739   -11.18   39.50
-198479.227   339.894     5.72   37.53
-198102.452   342.110     5.88   33.22
-197725.722   328.968   -34.89   30.70
-197349.035   315.626   -35.43   37.80
-196972.393   288.110   -73.07   41.67
-196595.795   265.805   -59.24   31.61
-196219.241   256.659   -24.29   24.84
-195842.730   256.392    -0.71   29.90
-195466.264   269.067    33.67   32.72
-195089.842   277.599    22.67   24.84
-194713.464   272.385   -13.86   27.00
-194337.129   252.919   -51.73   30.07
-193960.839   235.116   -47.32   26.23
-193584.592   222.305   -34.06   22.64
-193208.390   213.788   -22.64   22.43
-192832.231   208.917   -12.95   20.36
-192456.116   208.754    -0.43   24.13
-192080.045   214.509    15.31   27.57
-191704.018   218.634    10.97   25.96
-191328.034   216.981    -4.40   23.87
-190952.094   215.955    -2.73   24.33
-190576.199   204.132   -31.46   29.64
-190200.346   189.899   -37.88   30.96
-189824.538   180.455   -25.13   26.64
-189448.773   179.905    -1.46   24.38
-189073.052   199.807    52.98   33.36
-188697.375   218.100    48.70   31.96
-188321.741   236.467    48.91   28.66
-187946.151   260.322    63.53   38.97
-187570.605   285.222    66.32   46.27
-187195.102   301.820    44.21   40.33
-186819.643   307.255    14.48   35.37
-186444.227   292.155   -40.23   44.71
-186068.855   264.629   -73.34   47.00
-185693.527   235.530   -77.54   38.01
-185318.242   206.990   -76.06   37.75
-184943.001   182.561   -65.11   28.06
-184567.803   168.497   -37.49   21.83
-184192.649   159.433   -24.17   14.68
-183817.538   166.255    18.19   24.94
-183442.470   183.919    47.10   37.27
-183067.446   189.122    13.87   36.00
-182692.465   181.704   -19.79   37.92
-182317.528   168.873   -34.23   36.45
-181942.634   156.247   -33.69   17.41
-181567.784   160.323    10.88   15.15
-181192.977   177.368    45.48   22.56
-180818.213   197.856    54.68   25.92
-180443.493   217.708    52.99   25.79
-180068.815   235.673    47.96   19.99
-179694.182   243.263    20.26   18.27
-179319.591   245.438     5.81   19.38
-178945.044   249.438    10.68   20.62
-178570.540   259.968    28.12   27.43
-178196.079   279.772    52.89   30.71
-177821.661   295.083    40.90   32.78
-177447.287   311.823    44.72   43.95
-177072.955   337.088    67.51   58.55
-176698.667   361.205    64.44   68.45
-176324.422   382.207    56.13   56.68
-175950.220   383.455     3.34   46.34
-175576.061   361.038   -59.92   57.96
-175201.946   323.137  -101.33   59.81
-174827.873   300.314   -61.02   38.70
-174453.844   304.949    12.39   39.93
-174079.857   322.392    46.65   38.44
-173705.914   329.280    18.42   39.51
-173332.013   316.619   -33.87   46.50
-172958.156   301.534   -40.36   44.47
-172584.341   286.805   -39.41   40.14
-172210.569   282.288   -12.09   39.35
-171836.841   292.822    28.19   40.55
-171463.155   307.038    38.05   37.26
-171089.512   325.883    50.44   34.47
-170715.912   337.060    29.92   27.18
-170342.355   335.514    -4.14   23.31
-169968.841   331.720   -10.16   25.92
-169595.370   320.493   -30.07   27.84
-169221.941   311.972   -22.82   30.65
-168848.556   312.416     1.19   36.16
-168475.213   310.755    -4.45   36.68
-168101.913   306.191   -12.23   36.55
-167728.656   295.365   -29.01   32.36
-167355.441   289.622   -15.39   28.03
-166982.269   284.899   -12.66   20.51
-166609.140   281.043   -10.34   18.92
-166236.054   273.165   -21.12   23.45
-165863.010   259.035   -37.88   26.58
-165490.009   244.247   -39.65   26.09
-165117.050   233.890   -27.77   24.49
-164744.135   221.640   -32.85   25.06
-164371.261   212.427   -24.71   22.66
-163998.431   210.001    -6.51   23.25
-163625.643   214.972    13.34   31.20
-163252.897   218.438     9.30   30.15
-162880.195   220.803     6.35   25.94
-162507.534   222.009     3.24   22.93
-162134.917   218.559    -9.26   25.27
-161762.341   221.703     8.44   31.85
-161389.808   229.444    20.78   31.76
-161017.318   237.668    22.08   30.86
-160644.870   240.352     7.21   29.31
-160272.465   235.140   -14.00   36.03
-159900.102   230.672   -12.00   39.03
-159527.781   223.924   -18.13   36.87
-159155.503   213.110   -29.05   35.40
-158783.267   202.739   -27.87   39.21
-158411.074   185.822   -45.46   35.38
-158038.923   168.968   -45.29   19.81
-157666.814   165.605    -9.04   13.93
-157294.748   167.885     6.13   19.17
-156922.723   166.438    -3.89   18.91
-156550.742   162.722    -9.99   14.20
-156178.802   159.504    -8.66    6.00
-155806.905   167.855    22.46   15.18
-155435.050   184.416    44.54   26.78
-155063.237   207.264    61.46   32.64
-154691.466   233.372    70.24   29.39
-154319.738   250.638    46.46   26.81
-153948.051   263.755    35.29   23.19
-153576.407   267.509    10.10   26.89
-153204.805   268.488     2.63   26.60
-152833.245   276.348    21.16   23.15
-152461.727   288.256    32.06   31.51
-152090.252   297.017    23.59   38.63
-151718.818   305.149    21.90   39.93
-151347.426   309.772    12.45   39.25
-150976.077   304.395   -14.48   32.73
-150604.770   289.992   -38.79   32.44
-150233.504   271.161   -50.73   37.75
-149862.281   246.988   -65.13   41.04
-149491.099   227.449   -52.65   40.75
-149119.960   206.026   -57.73   33.93
-148748.862   196.870   -24.68   34.21
-148377.806   185.819   -29.79   32.35
-148006.793   172.555   -35.76   33.59
-147635.821   161.094   -30.90   34.12
-147264.891   145.924   -40.90   23.40
-146894.003   145.083    -2.27   21.34
-146523.157   162.048    45.75   35.21
-146152.353   187.722    69.25   41.69
-145781.590   217.629    80.67   36.70
-145410.869   250.659    89.11   47.48
-145040.190   283.111    87.56   43.23
-144669.553   297.610    39.13   30.82
-144298.958   300.903     8.89   32.15
-143928.404   295.888   -13.53   39.37
-143557.892   276.263   -52.97   39.48
-143187.422   266.067   -27.53   36.96
-142816.994   268.444     6.42   30.46
-142446.607   277.048    23.23   28.27
-142076.262   302.001    67.39   34.07
-141705.959   318.668    45.02   27.79
-141335.697   317.938    -1.97   28.69
-140965.477   311.927   -16.24   33.23
-140595.298   297.460   -39.09   31.48
-140225.161   286.491   -29.64   31.55
-139855.066   280.477   -16.25   34.50
-139485.012   273.927   -17.70   32.84
-139115.000   261.723   -32.99   29.65
-138745.029   241.534   -54.58   29.15
-138371.358   220.229   -57.02   33.23
-137992.943   203.673   -43.76   26.16
-137614.572   204.890     3.22   33.49
-137236.245   212.450    19.98   39.66
-136857.961   222.842    27.48   41.64
-136479.721   225.608     7.31   39.64
-136101.524   209.094   -43.67   34.52
-135723.370   187.433   -57.29   33.43
-135345.261   172.067   -40.64   29.44
-134967.194   165.958   -16.16   26.48
-134589.172   157.585   -22.15   26.72
-134211.192   151.565   -15.93   27.29
-133833.256   153.034     3.89   31.48
-133455.364   152.565    -1.24   32.44
-133077.515   152.246    -0.84   32.02
-132699.709   154.551     6.10   32.56
-132321.946   146.100   -22.38   32.91
-131944.227   130.822   -40.45   27.16
-131566.552   118.738   -32.00   24.11
-131188.919   115.624    -8.25   23.02
-130811.330   119.134     9.30   27.55
-130433.784   125.094    15.79   31.03
-130056.282   132.382    19.31   32.35
-129678.823   135.675     8.73   32.27
-129301.406   130.433   -13.89   28.04
-128924.034   127.888    -6.74   26.86
-128546.704   122.126   -15.27   26.20
-128169.418   115.841   -16.66   22.14
-127792.174   112.739    -8.22   20.88
-127414.974   105.996   -17.88   20.03
-127037.817    94.417   -30.70   24.16
-126660.703    75.602   -49.90   24.29
-126283.632    61.083   -38.51   20.98
-125906.605    49.740   -30.09   12.87
-125529.620    44.111   -14.93    5.95
-125152.679    42.955    -3.07    4.85
-124775.780    47.200    11.27   11.63
-124398.925    52.143    13.12   16.97
-124022.112    55.433     8.73   17.72
-123645.343    60.111    12.42   22.00
-123268.616    61.067     2.54   24.07
-122891.932    56.355   -12.51   21.91
-122515.292    52.263   -10.87   15.13
-122138.694    54.927     7.07   18.72
-121762.139    80.509    67.95   42.02
-121385.627   106.611    69.33   43.17
-121009.158   131.247    65.45   38.62
-120632.732   149.608    48.78   38.91
-120256.349   146.688    -7.76   37.74
-119880.008   140.806   -15.63   35.01
-119503.711   133.822   -18.56   30.62
-119127.456   121.239   -33.45   24.29
-118751.244   110.325   -29.01   22.98
-118375.074   100.417   -26.34   23.55
-117998.948    88.843   -30.77   20.38
-117622.864    80.427   -22.38   17.96
-117246.823    74.438   -15.93   17.62
-116870.824    68.181   -16.64   16.33
-116494.868    61.822   -16.92   13.02
-116118.955    59.668    -5.73   12.06
-115743.085    58.933    -1.96   13.89
-115367.257    59.593     1.76   15.35
-114991.472    58.605    -2.63   14.49
-114615.729    52.687   -15.75   11.98
-114240.029    48.232   -11.86    9.99
-113864.372    42.888   -14.23    9.56
-113488.757    38.517   -11.64    8.95
-113113.184    33.622   -13.04    7.88
-112737.655    30.806    -7.50    6.90
-112362.167    28.672    -5.68    5.49
-111986.722    26.806    -4.97    3.61
-111611.320    25.837    -2.58    1.35
-111235.960    25.958     0.32    1.36
-110860.643    25.636    -0.86    1.54
-110485.368    25.348    -0.77    1.45
-110110.135    25.188    -0.43    1.44
-109734.945    24.941    -0.66    1.46
-109359.797    24.958     0.05    1.36
-108984.691    25.001     0.11    1.13
-108609.628    25.168     0.45    1.24
-108234.607    25.116    -0.14    1.21
-107859.629    24.927    -0.50    1.50
-107484.693    24.497    -1.15    1.38
-107109.799    24.220    -0.74    1.17
-106734.947    24.155    -0.17    1.06
-106360.138    23.949    -0.55    1.09
-105985.371    23.822    -0.34    1.20
-105610.646    23.685    -0.36    1.08
-105235.963    23.343    -0.91    1.08
-104861.322    23.100    -0.65    1.14
-104486.724    22.807    -0.78    1.11
-104112.168    22.837     0.08    1.33
-103737.654    22.822    -0.04    1.92
-103363.182    23.009     0.50    2.54
-102988.752    26.372     8.98    9.05
-102614.364    33.722    19.64   17.66
-102240.018    52.988    51.47   32.87
-101865.715    76.858    63.78   38.21
-101491.453   103.336    70.76   36.20
-101117.234   124.557    56.71   26.46
-100743.056   130.975    17.15   21.50
-100368.921   132.568     4.26   21.84
 -99994.827   127.629   -13.21   24.28
 -99620.776   124.105    -9.42   21.96
 -99246.766   123.500    -1.62   16.85
 -98872.798   133.159    25.83   20.98
 -98498.873   150.890    47.42   33.19
 -98124.989   182.551    84.69   44.66
 -97751.147   206.565    64.24   34.87
 -97377.347   207.837     3.40   33.53
 -97003.589   204.961    -7.70   37.13
 -96629.872   204.122    -2.25   33.98
 -96256.198   202.806    -3.52   31.93
 -95882.565   196.755   -16.20   31.86
 -95508.974   172.616   -64.62   37.42
 -95135.425   144.195   -76.09   28.27
 -94761.917   120.708   -62.89   24.67
 -94388.452   106.254   -38.71   18.00
 -94015.028   100.155   -16.34   12.88
 -93641.646   100.401     0.66   11.83
 -93268.305   109.416    24.15   18.42
 -92895.007   121.790    33.15   20.94
 -92521.749   131.885    27.05   19.72
 -92148.534   132.924     2.79   19.45
 -91775.360   125.941   -18.71   24.18
 -91402.228   117.094   -23.71   27.16
 -91029.137   105.575   -30.88   26.50
 -90656.088    99.772   -15.56   23.14
 -90283.081   102.636     7.68   21.64
 -89910.115   115.223    33.75   33.13
 -89537.191   135.105    53.32   39.50
 -89164.308   153.306    48.82   34.78
 -88791.467   162.649    25.06   29.84
 -88418.667   159.675    -7.98   26.46
 -88045.909   147.461   -32.77   18.85
 -87673.192   138.314   -24.54   18.62
 -87300.517   132.460   -15.71   26.37
 -86927.883   123.231   -24.77   29.63
 -86555.291   114.145   -24.39   29.33
 -86182.740   106.924   -19.38   24.02
 -85810.230   108.288     3.66   21.09
 -85437.762   111.272     8.01   21.77
 -85065.335   118.214    18.64   23.97
 -84692.949   122.179    10.65   23.18
 -84320.605   117.738   -11.93   24.51
 -83948.302   110.060   -20.63   21.71
 -83576.041   102.885   -19.28   13.59
 -83203.820   100.855    -5.45    8.86
 -82831.641   102.065     3.25    7.16
 -82459.504   107.555    14.75    9.32
 -82087.407   113.500    15.98   10.70
 -81715.352   121.314    21.00   12.52
 -81343.338   129.382    21.69   14.61
 -80971.365   135.444    16.30   12.76
 -80599.433   144.358    23.97   16.46
 -80227.543   153.198    23.77   19.43
 -79855.693   162.099    23.94   17.81
 -79483.885   174.411    33.12   20.05
 -79112.118   185.479    29.77   19.92
 -78740.392   197.985    33.65   19.70
 -78368.707   211.433    36.18   20.28
 -77997.063   222.653    30.19   24.37
 -77625.460   239.145    44.38   25.58
 -77253.899   248.395    24.90   25.56
 -76882.378   255.890    20.18   29.25
 -76510.898   249.323   -17.68   33.78
 -76139.460   232.643   -44.91   34.45
 -75768.062   230.544    -5.65   32.45
 -75396.705   230.065    -1.29   30.57
 -75025.389   237.210    19.25   31.70
 -74654.115   247.116    26.68   29.56
 -74282.881   240.534   -17.73   30.21
 -73911.688   227.927   -33.97   39.50
 -73540.536   201.362   -71.58   42.46
 -73169.424   174.789   -71.61   32.11
 -72798.354   154.280   -55.27   20.36
 -72427.325   150.026   -11.47   18.79
 -72056.336   159.822    26.41   30.13
 -71685.388   179.701    53.60   39.41
 -71314.481   208.116    76.61   36.93
 -70943.615   222.307    38.27   26.26
 -70572.789   217.955   -11.74   30.07
 -70202.005   209.944   -21.61   34.36
 -69831.261   193.149   -45.30   31.75
 -69460.557   179.116   -37.86   30.17
 -69089.895   163.738   -41.49   30.20
 -68719.273   148.856   -40.16   27.89
 -68348.692   137.538   -30.54   24.90
 -67978.151   127.237   -27.80   23.29
 -67607.652   124.805    -6.57   28.05
 -67237.192   121.722    -8.32   34.54
 -66866.774   118.534    -8.61   38.96
 -66496.396   105.927   -34.04   40.66
 -66126.059    88.517   -47.01   30.02
 -65755.762    79.493   -24.37   19.55
 -65385.506    81.807     6.25   24.30
 -65015.290    98.231    44.36   37.69
 -64645.115   121.432    62.68   40.86
 -64274.980   141.522    54.28   34.44
 -63904.886   148.392    18.57   29.19
 -63531.921   140.675   -20.69   26.70
 -63153.596   124.704   -42.22   25.35
 -62775.314   109.772   -39.48   24.26
 -62397.074    90.089   -52.04   23.36
 -62018.877    76.992   -34.63   17.65
 -61640.722    69.060   -20.98   14.71
 -61262.610    65.272   -10.02   15.54
 -60884.540    60.401   -12.88   15.39
 -60506.512    53.614   -17.95   13.34
 -60128.527    48.670   -13.08   10.58
 -59750.584    47.868    -2.12   10.36
 -59372.683    55.530    20.28   18.11
 -58994.825    79.955    64.64   37.14
 -58617.009   111.457    83.38   44.68
 -58239.235   136.305    65.78   39.78
 -57861.504   150.737    38.21   27.73
 -57483.814   143.968   -17.92   32.70
 -57106.167   125.105   -49.95   31.95
 -56728.562   104.343   -54.99   22.02
 -56351.000    86.936   -46.11   21.29
 -55973.479    72.335   -38.68   25.60
 -55596.001    55.088   -45.69   24.18
 -55218.565    39.195   -42.11   16.70
 -54841.171    26.470   -33.72   13.93
 -54463.819    16.348   -26.83   12.62
 -54086.509     9.738   -17.52    9.22
 -53709.242     5.562   -11.07    5.07
 -53332.016     6.517     2.53    6.97
 -52954.832     8.582     5.47    9.63
 -52577.691    12.842    11.30   15.87
 -52200.591    12.756    -0.23   16.28
 -51823.534     9.875    -7.64   11.14
 -51446.518     7.789    -5.53    3.36
 -51069.545     8.067     0.74    2.89
 -50692.613     7.822    -0.65    2.38
 -50315.724     8.009     0.49    2.25
 -49938.876     8.272     0.70    2.07
 -49562.070     8.505     0.62    1.75
 -49185.306     9.392     2.36    1.95
 -48808.584    10.438     2.78    2.12
 -48431.904    11.229     2.10    2.14
 -48055.266    12.392     3.09    2.89
 -47678.670    13.668     3.39    3.86
 -47302.115    14.244     1.53    4.08
 -46925.602    14.988     1.98    4.05
 -46549.131    15.685     1.85    3.73
 -46172.702    16.378     1.84    3.34
 -45796.315    17.288     2.42    3.15
 -45419.969    17.582     0.78    3.21
 -45043.665    16.263    -3.50    3.79
 -44667.403    14.653    -4.28    4.27
 -44291.182    12.134    -6.70    4.50
 -43915.003     9.210    -7.77    3.81
 -43538.866     7.772    -3.82    3.01
 -43162.771     7.824     0.14    4.06
 -42786.717     7.996     0.46    4.47
 -42410.704     7.673    -0.86    4.57
 -42034.734     5.772    -5.06    4.78
 -41658.805     3.636    -5.68    4.38
 -41282.917     3.890     0.68    5.86
 -40907.071     5.198     3.48    7.21
 -40531.267     5.575     1.00    8.12
 -40155.504     3.938    -4.36    8.58
 -39779.782     1.087    -7.59    7.85
 -39404.103    -1.884    -7.91    5.84
 -39028.464    -4.211    -6.20    0.13
 -38652.867    -4.228    -0.05    0.00
 -38277.312    -4.159     0.18    0.53
 -37901.798    -3.918     0.64    1.33
 -37526.325    -3.687     0.61    1.79
 -37150.894    -3.579     0.29    1.92
 -36775.504    -3.728    -0.40    1.68
 -36400.156    -3.246     1.29    2.53
 -36024.849    -2.978     0.71    2.93
 -35649.583    -3.332    -0.94    2.57
 -35274.358    -3.872    -1.44    1.68
 -34899.175    -4.179    -0.82    0.38
 -34524.034    -4.228    -0.13    0.00
 -34148.933    -4.228     0.00    0.00
 -33773.874    -3.710     1.38    1.71
 -33398.856    -2.612     2.93    3.43
 -33023.879    -0.780     4.88    5.44
 -32648.944    -0.085     1.85    5.25
 -32274.049     1.602     4.50    5.27
 -31899.196     3.013     3.76    4.42
 -31524.384     2.572    -1.18    2.37
 -31149.614     2.427    -0.39    1.65
 -30774.884     2.614     0.50    1.47
 -30400.196     2.754     0.37    1.39
 -30025.548     2.772     0.05    1.20
 -29650.942     2.789     0.05    1.17
 -29276.377     2.565    -0.60    1.31
 -28901.853     2.280    -0.76    1.25
 -28527.370     2.341     0.16    1.30
 -28152.928     2.358     0.05    1.91
 -27778.527     2.500     0.38    2.16
 -27404.167     2.788     0.77    2.10
 -27029.848     2.879     0.24    1.74
 -26655.570     2.673    -0.55    1.69
 -26281.333     2.540    -0.36    1.78
 -25907.137     2.772     0.62    2.49
 -25532.982     2.856     0.23    2.73
 -25158.868     2.952     0.26    2.69
 -24784.794     2.513    -1.17    1.56
 -24410.762     2.467    -0.12    1.24
 -24036.770     2.645     0.48    1.24
 -23662.820     2.910     0.71    1.19
 -23288.910     3.138     0.61    1.21
 -22915.041     3.235     0.26    1.65
 -22541.213     3.205    -0.08    1.63
 -22167.426     3.087    -0.31    1.53
 -21793.679     2.755    -0.89    1.16
 -21419.973     2.704    -0.14    1.06
 -21046.308     2.720     0.04    1.13
 -20672.684     2.806     0.23    1.05
 -20299.100     2.975     0.45    1.05
 -19925.558     2.982     0.02    1.06
 -19552.056     2.892    -0.24    1.08
 -19178.594     2.968     0.20    1.26
 -18805.173     2.647    -0.86    1.27
 -18431.793     2.331    -0.85    1.28
 -18058.454     2.140    -0.51    1.40
 -17685.155     1.823    -0.85    1.07
 -17311.897     3.651     4.90    6.65
 -16938.679     6.873     8.63   11.35
 -16565.502    11.467    12.31   17.06
 -16192.365    12.368     2.42   17.64
 -15819.269     9.722    -7.09   14.78
 -15446.214     6.408    -8.88    8.14
 -15073.199     5.668    -1.98    7.52
 -14700.225     6.193     1.41    9.13
 -14327.291     6.083    -0.29    8.56
 -13954.397     4.789    -3.47    6.23
 -13581.544     4.703    -0.23    5.34
 -13208.732     6.034     3.57    6.36
 -12835.960    10.738    12.62   17.07
 -12463.228    18.375    20.49   23.53
 -12090.537    25.168    18.23   26.48
 -11717.886    30.805    15.13   28.10
 -11345.276    31.290     1.30   27.99
 -10972.706    27.198   -10.98   23.37
 -10600.176    25.415    -4.79   17.70
 -10227.686    29.415    10.74   14.90
  -9855.237    41.806    33.27   24.69
  -9482.828    53.605    31.68   25.97
  -9110.460    60.220    17.76   24.22
  -8738.131    62.653     6.53   27.52
  -8365.843    61.411    -3.34   29.75
  -7993.596    63.737     6.25   31.99
  -7621.388    73.806    27.05   29.32
  -7249.221    80.808    18.82   23.26
  -6877.094    86.205    14.50   21.52
  -6505.007    91.647    14.62   20.73
  -6132.960    96.313    12.54   21.27
  -5760.953    95.111    -3.23   22.73
  -5388.987    82.140   -34.87   25.13
  -5017.060    65.365   -45.10   20.19
  -4645.174    48.517   -45.30   20.02
  -4273.328    34.927   -36.55   20.02
  -3901.522    28.568   -17.10   20.90
  -3529.756    23.739   -12.99   19.59
  -3158.030    20.737    -8.08   19.96
  -2786.344    16.338   -11.83   20.60
  -2414.698     7.883   -22.75   14.74
  -2043.092     3.955   -10.57    9.86
  -1671.526     2.807    -3.09    7.27
  -1300.000     5.395     6.97   10.22
   -928.514     5.513     0.32   10.41
   -557.068     4.651    -2.32   10.47
   -185.662     2.602    -5.52    8.67
    185.704     0.444    -5.81    3.16
    557.030    -0.315    -2.04    1.67
    928.316     0.212     1.42    2.43
   1299.563     0.903     1.86    3.00
   1670.769     1.306     1.09    3.24
   2041.936     1.955     1.75    3.30
   2413.063     2.317     0.98    3.26
   2784.150     2.685     0.99    3.19
   3155.197     2.682    -0.01    3.12
   3526.205     2.640    -0.11    3.11
   3897.173     2.701     0.16    3.15
   4268.100     2.496    -0.55    3.30
   4638.989     2.212    -0.76    3.38
   5009.837     1.530    -1.84    3.43
   5380.646     0.444    -2.93    2.94
   5751.415    -0.677    -3.02    1.83
   6122.144    -1.228    -1.49    0.00
   6492.834    -1.228     0.00    0.00
   6863.484    -1.228     0.00    0.00
   7234.094    -1.228     0.00    0.00
   7604.665    -1.228     0.00    0.00
   7975.196    -1.043     0.50    0.95
   8345.687    -1.093    -0.13    0.75
   8716.139    -1.228    -0.37    0.00
   9086.552    -1.228     0.00    0.00
   9456.924    -1.228     0.00    0.00
   9827.257    -1.228     0.00    0.00
  10197.551    -1.228     0.00    0.00
  10567.805    -1.228     0.00    0.00
  10938.020    -1.228     0.00    0.00
  11310.382    -1.228     0.00    0.00
  11688.617    -1.228     0.00    0.00
  12066.810    -1.228     0.00    0.00
  12444.961    -1.228     0.00    0.00
  12823.071    -1.228     0.00    0.00
  13201.140    -1.228     0.00    0.00
  13579.168    -1.228     0.00    0.00
  13957.154    -1.228     0.00    0.00
  14335.099    -1.228     0.00    0.00
  14713.003    -1.228     0.00    0.00
  15090.865    -1.228     0.00    0.00
  15468.687    -1.073     0.41    0.83
  15846.467    -0.884     0.50    1.29
  16224.206    -0.652     0.61    1.70
  16601.903    -0.449     0.54    1.97
  16979.560    -0.228     0.58    2.20
  17357.175    -0.000     0.60    2.34
  17734.750     0.788     2.09    2.78
  18112.283     1.052     0.70    2.93
  18489.775     0.841    -0.56    2.88
  18867.226     0.941     0.27    2.71
  19244.635     0.392    -1.45    2.49
  19622.004    -0.108    -1.32    2.38
  19999.332    -0.247    -0.37    2.48
  20376.619    -0.262    -0.04    2.31
  20753.864    -0.193     0.18    2.30
  21131.069     0.690     2.34    2.97
  21508.233     1.461     2.05    3.15
  21885.355     2.070     1.61    3.06
  22262.437     2.854     2.08    2.85
  22639.478     3.416     1.49    2.38
  23016.478     3.789     0.99    2.23
  23393.437     3.901     0.30    2.27
  23770.355     4.246     0.92    2.06
  24147.232     4.351     0.28    1.98
  24524.068     4.467     0.31    1.93
  24900.864     4.450    -0.04    1.92
  25277.619     4.082    -0.98    2.07
  25654.332     3.348    -1.95    2.57
  26031.005     2.299    -2.78    2.67
  26407.638     1.548    -2.00    2.52
  26784.229     1.017    -1.41    2.31
  27160.780     0.559    -1.22    1.75
  27537.289     0.526    -0.09    1.67
  27913.759     0.427    -0.26    1.69
  28290.187     0.417    -0.03    1.66
  28666.575     0.228    -0.50    1.42
  29042.922     0.060    -0.45    1.00
  29419.228     0.086     0.07    1.18
  29795.494    -0.012    -0.26    1.03
  30171.719    -0.211    -0.53    0.13
  30547.904    -0.196     0.04    0.18
  30924.047    -0.228    -0.09    0.00
  31300.151    -0.228     0.00    0.00
  31676.213    -0.228     0.00    0.00
  32052.235    -0.228     0.00    0.00
  32428.217    -0.177     0.14    0.39
  32804.158     0.049     0.60    1.22
  33180.058     0.088     0.10    1.20
  33555.918     0.165     0.20    1.46
  33931.738     0.331     0.44    1.92
  34307.517     0.638     0.82    2.47
  34683.255     0.647     0.02    2.32
  35058.953     0.972     0.87    2.25
  35434.611     1.253     0.75    2.02
  35810.228     1.599     0.92    2.10
  36185.805     2.185     1.56    2.37
  36561.341     2.591     1.08    2.51
  36936.837     4.614     5.39    7.99
  37312.293     9.513    13.05   16.93
  37687.708    22.231    33.87   31.82
  38063.083    28.351    16.30   33.95
  38438.417    27.484    -2.31   32.21
  38813.712    21.049   -17.14   28.33
  39188.966    10.638   -27.74   21.10
  39564.179     3.754   -18.35   10.81
  39939.353     0.965    -7.43    0.87
  40314.486     1.082     0.31    1.19
  40689.579     1.473     1.04    1.75
  41064.632     1.837     0.97    1.92
  41439.644     1.789    -0.13    1.87
  41814.617     1.368    -1.12    1.71
  42189.549     1.012    -0.95    1.16
  42564.441     0.772    -0.64    0.00
  42939.293     0.772     0.00    0.00
  43314.105     0.919     0.39    0.73
  43688.876     1.789     2.32    2.07
  44063.608     2.685     2.39    2.47
  44438.299     4.331     4.39    2.92
  44812.950     5.433     2.94    2.56
  45187.562     6.593     3.10    1.48
  45562.133     6.481    -0.30    1.56
  45936.664     6.636     0.41    1.53
  46311.155     6.526    -0.29    1.43
  46685.607     6.636     0.29    1.43
  47060.018     6.704     0.18    1.27
  47434.389     6.634    -0.19    1.25
  47808.720     6.944     0.83    1.20
  48183.012     6.894    -0.13    1.43
  48557.263     6.947     0.14    1.43
  48931.475     6.986     0.10    1.38
  49305.646     6.903    -0.22    1.35
  49679.778     7.044     0.38    1.24
  50053.870     7.212     0.45    1.32
  50427.922     7.245     0.09    1.49
  50801.934     7.316     0.19    1.40
  51175.906     7.052    -0.70    1.28
  51549.838     6.614    -1.17    1.44
  51923.731     6.289    -0.87    1.68
  52297.584     5.930    -0.96    1.83
  52671.397     5.690    -0.64    1.70
  53045.170     5.735     0.12    1.64
  53418.904     5.910     0.47    1.66
  53792.598     6.307     1.06    1.22
  54166.252     7.254     2.53    2.42
  54539.867     9.565     6.18    4.06
  54913.441    10.839     3.41    4.25
  55286.976    11.806     2.59    3.93
  55660.472    12.093     0.77    3.37
  56033.928    10.922    -3.14    2.48
  56407.344     9.990    -2.50    1.33
  56780.720     9.668    -0.86    1.04
  57154.057     9.281    -1.04    0.98
  57527.355     9.138    -0.38    1.10
  57900.612     9.182     0.12    1.19
  58273.831     8.907    -0.74    1.40
  58647.009     8.738    -0.45    1.40
  59020.148     8.737    -0.00    1.30
  59393.248     8.668    -0.18    1.28
  59766.308     8.596    -0.19    1.27
  60139.329     8.522    -0.20    1.22
  60512.310     8.593     0.19    1.31
  60885.252     8.555    -0.10    1.33
  61258.154     8.403    -0.41    1.32
  61631.017     7.941    -1.24    1.37
  62003.840     7.450    -1.32    1.22
  62376.624     7.193    -0.69    1.15
  62749.369     7.151    -0.11    1.09
  63122.074     7.185     0.09    1.03
  63494.740     6.772    -1.11    1.49
  63867.367     6.351    -1.13    1.58
  64239.954     6.542     0.51    1.63
  64612.502     6.647     0.28    1.61
  64985.010     7.280     1.70    1.34
  65357.479     7.335     0.15    1.21
  65729.909     7.438     0.28    1.42
  66102.300     7.579     0.38    1.47
  66474.652     7.365    -0.57    1.44
  66846.964     7.544     0.48    1.36
  67219.237     7.557     0.04    1.26
  67591.471     7.378    -0.48    1.32
  67963.665     7.456     0.21    1.14
  68335.821     7.582     0.34    1.07
  68707.937     7.642     0.16    1.06
  69080.014     7.704     0.17    0.96
  69452.052     7.825     0.33    0.88
  69824.051     7.588    -0.64    1.00
  70196.011     7.496    -0.25    1.18
  70567.932     7.298    -0.53    1.21
  70939.813     7.128    -0.46    1.11
  71311.656     7.306     0.48    0.99
  71683.459     7.175    -0.35    1.13
  72055.224     7.280     0.28    1.40
  72426.949     7.314     0.09    1.53
  72798.635     7.172    -0.38    1.75
  73170.283     7.072    -0.27    1.75
  73541.891     6.772    -0.81    1.58
  73913.461     6.772     0.00    1.54
  74284.991     6.754    -0.05    1.47
  74656.483     6.910     0.42    1.56
  75027.935     7.193     0.76    1.58
  75399.349     7.602     1.10    1.33
  75770.724     7.979     1.01    1.27
  76142.060     8.165     0.50    1.20
  76513.357     8.018    -0.40    1.23
  76884.615     7.841    -0.48    1.23
  77255.834     7.843     0.01    1.23
  77627.015     7.605    -0.64    1.19
  77998.156     7.602    -0.01    1.04
  78369.259     7.611     0.02    1.06
  78740.323     7.372    -0.64    1.06
  79111.348     7.082    -0.78    1.26
  79482.335     6.596    -1.31    1.65
  79853.283     6.229    -0.99    1.76
  80224.192     6.467     0.64    1.81
  80595.062     6.910     1.19    2.01
  80965.894     7.568     1.78    1.99
  81336.687     8.555     2.66    1.44
  81707.441     8.754     0.54    1.85
  82078.156     8.246    -1.37    2.52
  82448.833     7.772    -1.28    2.63
  82819.472     6.720    -2.84    2.45
  83190.071     5.990    -1.97    1.96
  83560.632     5.551    -1.18    1.60
  83931.155     4.772    -2.10    0.00
  84301.639     4.772     0.00    0.00
  84672.084     4.806     0.09    0.18
  85042.491     4.841     0.09    0.26
  85412.859     6.116     3.44    3.55
  85783.188     8.890     7.49    5.80
  86155.032    12.123     8.69    6.02
  86533.181    15.368     8.58    4.40
  86911.290    16.873     3.98    2.81
  87289.359    17.147     0.72    2.69
  87667.388    19.924     7.35    6.73
  88045.377    23.873    10.45   10.06
  88423.325    30.479    17.47   14.59
  88801.233    34.772    11.36   13.89
  89179.101    34.281    -1.30   13.32
  89556.928    33.280    -2.65   12.64
  89934.716    31.935    -3.56   15.00
  90312.463    30.688    -3.30   18.31
  90690.170    26.861   -10.13   17.64
  91067.837    22.789   -10.78   11.67
  91445.464    18.922   -10.24    3.11
  91823.051    19.789     2.30    2.98
  92200.598    20.484     1.84    2.59
  92578.105    19.975    -1.35    2.81
  92955.571    20.486     1.35    3.07
  93332.998    20.548     0.16    3.36
  93710.384    21.060     1.36    3.16
  94087.731    20.982    -0.21    3.18
  94465.037    20.035    -2.51    2.71
  94842.304    19.455    -1.54    2.02
  95219.530    19.182    -0.72    2.03
  95596.717    18.822    -0.96    1.98
  95973.863    18.790    -0.09    1.89
  96350.970    19.351     1.49    2.02
  96728.037    19.996     1.71    1.91
  97105.063    20.333     0.89    1.66
  97482.050    20.544     0.56    1.89
  97858.997    21.068     1.39    2.60
  98235.905    21.602     1.42    2.73
  98612.772    22.333     1.94    2.71
  98989.600    21.737    -1.58    3.07
  99366.387    19.823    -5.08    3.34
  99743.135    18.099    -4.58    3.35
 100119.843    17.082    -2.70    2.98
 100496.512    16.808    -0.73    2.88
 100873.140    16.824     0.04    2.70
 101249.729    17.012     0.50    2.52
 101626.278    16.888    -0.33    2.47
 102002.788    16.897     0.02    2.83
 102379.257    16.996     0.26    2.99
 102755.687    16.605    -1.04    3.09
 103132.078    16.700     0.25    2.85
 103508.428    17.619     2.44    2.70
 103884.739    18.920     3.46    2.05
 104261.011    18.789    -0.35    1.66
 104637.242    19.017     0.61    1.81
 105013.434    19.255     0.63    1.80
 105389.587    19.461     0.55    1.94
 105765.700    19.496     0.09    2.11
 106141.773    19.706     0.56    2.07
 106517.807    19.772     0.17    2.06
 106893.802    19.229    -1.44    1.71
 107269.756    18.809    -1.12    1.74
 107645.672    18.932     0.33    1.71
 108021.548    19.582     1.73    2.10
 108397.384    20.263     1.81    1.90
 108773.181    20.017    -0.65    3.15
 109148.938    19.099    -2.44    4.76
 109524.656    18.297    -2.13    5.64
 109900.335    17.468    -2.21    6.26
 110275.974    16.772    -1.85    6.46
 110651.574    15.517    -3.34    6.68
 111027.134    14.879    -1.70    6.92
 111402.655    14.479    -1.07    6.94
 111778.137    13.619    -2.29    6.73
 112153.579    14.386     2.04    7.25
 112528.982    14.444     0.16    7.27
 112904.346    15.195     2.00    7.58
 113279.670    14.736    -1.22    7.79
 113654.956    12.924    -4.83    7.54
 114030.201    11.629    -3.45    6.98
 114405.408     9.968    -4.43    5.50
 114780.575    10.616     1.73    5.77
 115155.704    10.789     0.46    5.27
 115530.792     9.486    -3.47    2.47
 115905.842    10.415     2.48    3.39
 116280.853    10.636     0.59    3.53
 116655.824    10.557    -0.21    3.72
 117030.756    10.145    -1.10    3.10
 117405.649     9.596    -1.46    2.71
 117780.503     9.544    -0.14    2.54
 118155.318     9.924     1.02    2.37
 118530.094    10.479     1.48    1.94
 118904.831    11.075     1.59    1.16
 119279.528    11.117     0.11    0.91
 119654.187    10.890    -0.61    0.93
 120028.806    10.825    -0.17    0.98
 120403.387    10.619    -0.55    1.14
 120777.928    10.737     0.31    1.16
 121152.431    10.737     0.00    1.13
 121526.894    10.856     0.32    1.10
 121901.319    11.013     0.42    0.92
 122275.704    10.842    -0.46    1.13
 122650.051    10.717    -0.33    1.13
 123024.358    10.651    -0.18    1.09
 123398.627    10.647    -0.01    1.18
 123772.857    10.772     0.33    1.13
 124147.048    10.790     0.05    1.05
 124521.200    11.052     0.70    1.06
 124895.313    11.203     0.40    1.04
 125269.387    11.325     0.33    1.06
 125643.423    11.649     0.87    1.04
 126017.419    11.575    -0.20    1.35
 126391.377    11.289    -0.77    1.65
 126765.296    11.309     0.05    1.77
 127139.177    11.372     0.17    1.76
 127513.018    11.325    -0.12    1.73
 127886.821    11.508     0.49    1.69
 128260.585    11.631     0.33    1.79
 128634.310    11.666     0.09    1.86
 129007.997    11.754     0.23    1.96
 129381.644    11.807     0.14    1.95
 129755.254    11.894     0.23    1.64
 130128.824    11.605    -0.77    1.72
 130502.356    11.822     0.58    1.80
 130875.849    11.863     0.11    1.82
 131249.304    12.140     0.74    1.77
 131622.720    12.684     1.46    1.64
 131996.097    12.754     0.19    1.14
 132369.436    12.403    -0.94    1.11
 132742.736    12.316    -0.23    1.20
 133115.998    12.105    -0.56    1.46
 133489.221    12.075    -0.08    1.44
 133862.405    12.348     0.73    1.37
 134235.551    12.540     0.51    1.01
 134608.659    12.410    -0.35    0.97
 134981.728    12.415     0.01    1.09
 135354.758    13.182     2.06    2.79
 135727.750    14.703     4.08    3.43
 136100.704    16.479     4.76    3.93
 136473.619    17.403     2.48    2.72
 136846.496    17.875     1.27    2.15
 137219.334    20.455     6.92    5.55
 137592.134    24.718    11.43    9.06
 137964.895    29.348    12.42   10.07
 138337.618    33.809    11.97    9.51
 138710.303    34.379     1.53    8.18
 139082.950    32.719    -4.45    7.99
 139455.558    30.410    -6.20    7.32
 139828.127    28.158    -6.04    6.12
 140200.659    27.203    -2.56    5.60
 140573.152    27.306     0.28    5.89
 140945.607    28.432     3.02    6.17
 141318.023    29.399     2.59    5.68
 141690.402    30.017     1.66    5.18
 142062.742    32.351     6.27    4.90
 142435.044    34.086     4.66    5.09
 142807.308    35.030     2.53    4.28
 143179.533    34.504    -1.41    4.56
 143551.720    32.534    -5.29    5.00
 143923.869    28.772   -10.11    4.51
 144295.980    26.754    -5.42    3.52
 144668.053    26.673    -0.22    3.39
 145040.088    28.522     4.97    4.70
 145412.084    31.634     8.36    4.53
 145784.043    34.549     7.84    3.28
 146155.963    36.343     4.82    2.43
 146527.846    36.677     0.90    2.18
 146899.690    37.038     0.97    2.00
 147271.496    37.508     1.26    2.25
 147643.264    38.596     2.93    2.57
 148014.994    39.892     3.49    2.67
 148386.686    41.368     3.97    2.50
 148758.340    42.701     3.59    1.95
 149129.956    43.473     2.08    1.81
 149501.535    43.415    -0.16    1.82
 149873.075    42.375    -2.80    2.59
 150244.577    40.382    -5.37    4.04
 150616.041    38.022    -6.35    3.94
 150987.468    36.009    -5.42    3.74
 151358.856    33.864    -5.77    3.68
 151730.207    31.165    -7.27    4.87
 152101.519    26.649   -12.16    6.32
 152472.794    22.496   -11.18    5.76
 152844.031    18.859    -9.79    3.79
 153215.230    17.496    -3.67    2.89
 153586.391    17.754     0.70    2.31
 153957.515    18.790     2.79    1.74
 154328.601    19.890     2.97    1.67
 154699.648    20.489     1.61    1.80
 155070.659    20.754     0.71    1.85
 155441.631    21.031     0.75    2.08
 155812.566    20.823    -0.56    1.76
 156183.462    20.450    -1.01    1.47
 156554.322    20.060    -1.05    1.31
 156925.143    19.147    -2.46    1.81
 157295.927    18.245    -2.43    2.00
 157666.673    17.927    -0.86    2.08
 158037.381    18.200     0.74    2.80
 158408.052    19.631     3.86    3.72
 158778.685    21.499     5.04    7.09
 159149.280    21.343    -0.42    7.90
 159519.838    19.406    -5.23    4.18
 159890.358    18.212    -3.22    2.06
 160260.841    17.499    -1.93    1.52
 160631.286    17.602     0.28    1.67
 161002.708    17.897     0.79    1.72
 161380.771    18.236     0.90    1.80
 161758.794    18.806     1.51    1.61
 162136.778    19.280     1.25    1.60
 162514.723    19.682     1.06    1.84
 162892.629    20.123     1.17    2.28
 163270.496    20.280     0.41    2.82
 163648.323    20.254    -0.07    2.73
 164026.111    19.772    -1.28    1.98
 164403.860    19.526    -0.65    1.44
 164781.570    19.717     0.51    1.21
 165159.241    20.212     1.31    1.22
 165536.873    20.828     1.63    1.23
 165914.465    21.298     1.24    1.04
 166292.019    21.699     1.06    0.96
 166669.533    22.123     1.12    1.33
 167047.009    22.070    -0.14    1.55
 167424.445    21.719    -0.93    1.87
 167801.842    21.158    -1.49    2.09
 168179.201    20.224    -2.47    1.66
 168556.520    20.026    -0.53    1.55
 168933.800    20.210     0.49    1.63
 169311.042    20.351     0.37    1.88
 169688.244    20.599     0.66    1.83
 170065.407    20.540    -0.16    1.99
 170442.532    20.289    -0.66    1.75
 170819.617    19.935    -0.94    1.42
 171196.664    20.358     1.12    1.41
 171573.672    20.716     0.95    1.22
 171950.641    20.907     0.51    1.20
 172327.571    21.123     0.57    1.13
 172704.462    21.491     0.98    1.33
 173081.314    21.772     0.74    1.21
 173458.128    21.790     0.05    1.24
 173834.903    21.941     0.40    1.50
 174211.639    22.060     0.32    1.43
 174588.336    22.254     0.51    1.66
 174964.994    21.859    -1.05    1.49
 175341.614    21.930     0.19    1.35
 175718.195    21.894    -0.09    1.15
 176094.737    22.280     1.02    1.17
 176471.240    22.789     1.35    1.26
 176847.705    23.623     2.22    1.31
 177224.131    24.551     2.46    1.89
 177600.519    26.093     4.10    2.14
 177976.867    27.456     3.62    1.93
 178353.178    28.720     3.36    1.52
 178729.449    29.772     2.79    1.50
 179105.682    30.631     2.28    1.47
 179481.876    31.408     2.06    1.13
 179858.032    31.979     1.52    1.18
 180234.149    32.401     1.12    1.17
 180610.227    32.755     0.94    1.01
 180986.267    32.968     0.57    0.82
 181362.269    33.280     0.83    0.91
 181738.232    33.526     0.65    0.97
 182114.156    33.772     0.65    1.44
 182490.042    33.924     0.41    1.49
 182865.890    34.079     0.41    1.53
 183241.699    34.386     0.82    1.44
 183617.469    34.438     0.14    1.04
 183993.201    34.526     0.23    1.15
 184368.895    34.526     0.00    1.12
 184744.550    34.421    -0.28    1.41
 185120.167    34.579     0.42    1.44
 185495.745    34.586     0.02    1.72
 185871.285    34.772     0.49    1.76
 186246.787    34.808     0.10    2.04
 186622.251    33.979    -2.21    2.52
 186997.676    33.165    -2.17    2.61
 187373.062    32.368    -2.12    2.22
 187748.411    32.237    -0.35    2.00
 188123.721    32.736     1.33    2.34
 188498.993    33.790     2.81    2.30
 188874.226    35.105     3.51    1.73
 189249.422    35.701     1.59    1.67
 189624.579    36.368     1.78    1.27
 189999.698    36.858     1.31    1.26
 190374.778    37.468     1.63    1.11
 190749.821    37.754     0.76    0.99
 191124.825    38.022     0.71    0.97
 191499.791    38.200     0.48    0.89
 191874.719    38.386     0.49    0.84
 192249.609    38.494     0.29    0.92
 192624.460    38.561     0.18    0.96
 192999.274    38.807     0.66    0.93
 193374.049    39.123     0.84    1.03
 193748.787    39.526     1.08    1.06
 194123.486    39.843     0.85    1.75
 194498.147    40.289     1.19    2.43
 194872.770    40.040    -0.67    3.31
 195247.355    38.331    -4.56    4.79
 195621.902    36.906    -3.80    4.72
 195996.411    38.040     3.03    6.11
 196370.883    40.504     6.58    6.77
 196745.316    44.772    11.40    5.46
 197119.711    47.351     6.89    3.04
 197494.068    48.298     2.53    3.38
 197868.387    48.333     0.09    3.30
 198242.668    47.575    -2.02    3.45
 198616.912    46.944    -1.69    3.63
 198991.117    46.531    -1.10    3.53
 199365.285    47.513     2.62    4.20
 199739.414    49.647     5.70    4.36
 200113.506    50.593     2.53    4.53
 200487.560    49.629    -2.58    5.40
 200861.576    46.421    -8.58    6.36
 201235.554    41.718   -12.57    6.28
 201609.495    37.827   -10.40    4.90
 201983.397    35.772    -5.50    2.78
 202357.262    35.004    -2.05    2.74
 202731.089    35.077     0.20    2.98
 203104.879    35.086     0.03    2.96
 203478.630    34.325    -2.04    2.32
 203852.344    33.982    -0.92    1.88
 204226.020    34.040     0.15    1.66
 204599.659    35.491     3.88    3.88
 204973.259    37.842     6.29    6.61
 205346.822    39.736     5.07    7.81
 205720.348    40.079     0.92    8.10
 206093.835    38.467    -4.32    7.71
 206467.285    35.421    -8.15    3.82
 206840.698    34.298    -3.01    1.68
 207214.073    34.218    -0.21    1.54
 207587.410    34.218     0.00    1.51
 207960.709    33.772    -1.20    1.34
 208333.971    33.807     0.10    1.33
 208707.196    34.075     0.72    1.45
 209080.383    34.117     0.11    1.38
 209453.532    34.218     0.27    1.17
 209826.644    34.372     0.41    0.85
 210199.718    34.513     0.38    0.81
 210572.755    34.950     1.17    0.92
 210945.754    35.105     0.41    1.02
 211318.716    35.333     0.61    1.05
 211691.641    35.790     1.22    1.26
 212064.528    36.245     1.22    2.01
 212437.377    37.075     2.23    3.19
 212810.189    37.290     0.57    2.57
 213182.964    36.964    -0.87    1.21
 213555.701    37.043     0.21    1.00
 213928.401    37.236     0.52    1.08
 214301.064    37.365     0.35    1.10
 214673.689    37.456     0.24    0.97
 215046.277    37.421    -0.09    0.86
 215418.827    37.666     0.66    1.01
 215791.340    37.736     0.19    1.17
 216163.816    38.165     1.15    1.17
 216536.255    38.699     1.43    1.21
 216908.656    39.140     1.18    1.08
 217281.020    39.464     0.87    1.23
 217653.347    40.151     1.84    1.45
 218025.636    41.111     2.58    1.73
 218397.888    41.666     1.49    1.87
 218770.103    42.557     2.39    1.77
 219142.281    43.307     2.01    1.63
 219514.422    43.634     0.88    1.38
 219886.525    43.932     0.80    1.55
 220258.592    44.343     1.10    1.63
 220630.621    44.626     0.76    1.54
 221002.613    45.075     1.21    1.52
 221374.568    45.438     0.98    1.50
 221746.486    45.858     1.13    1.60
 222118.366    46.522     1.78    1.86
 222490.210    47.000     1.29    1.76
 222862.016    47.333     0.90    1.54
 223233.786    47.930     1.60    1.57
 223605.518    49.210     3.44    2.27
 223977.214    49.932     1.94    2.23
 224348.872    51.004     2.88    2.38
 224720.493    51.432     1.15    2.11
 225092.077    51.508     0.21    1.96
 225463.625    51.486    -0.06    1.72
 225835.135    51.873     1.04    1.45
 226206.609    52.216     0.92    1.42
 226578.045    53.254     2.79    2.45
 226949.445    54.824     4.23    3.45
 227320.807    57.052     6.00    4.18
 227692.133    58.684     4.39    3.55
 228063.422    59.544     2.31    2.91
 228434.673    58.575    -2.61    2.99
 228805.888    57.290    -3.46    2.96
 229177.067    56.280    -2.72    2.54
 229548.208    55.415    -2.33    2.34
 229919.312    55.094    -0.86    2.18
 230290.380    55.055    -0.11    1.97
 230661.411    56.682     4.39    3.36
 231032.405    60.807    11.12    5.72
 231403.362    65.912    13.76    7.64
 231774.283    73.486    20.41    8.76
 232145.166    78.508    13.54    6.90
 232516.013    79.666     3.12    7.20
 232886.823    75.111   -12.28   11.63
 233257.597    67.565   -20.35   12.32
 233628.334    61.386   -16.66    8.53
 233999.034    57.403   -10.74    2.53
 234369.697    56.925    -1.29    1.14
 234740.324    57.111     0.50    1.15
 235110.914    57.262     0.41    1.09
 235481.468    57.456     0.52    1.18
 235852.540    57.808     0.95    1.54
 236230.521    58.718     2.41    2.16
 236608.463    59.070     0.93    1.93
 236986.367    59.861     2.09    2.37
 237364.233    62.754     7.65    5.05
 237742.060    65.827     8.13    6.21
 238119.850    70.841    13.27    6.63
 238497.601    74.772    10.40    6.66
 238875.314    75.825     2.79    8.10
 239252.989    73.772    -5.44   10.27
 239630.626    72.105    -4.41   10.79
 240008.224    68.040   -10.76    8.35
 240385.785    65.696    -6.20    6.08
 240763.308    64.806    -2.36    4.00
 241140.792    65.663     2.27    3.99
 241518.238    67.719     5.45    5.26
 241895.647    71.719    10.60    7.83
 242273.017    74.843     8.28    8.77
 242650.349    77.979     8.31    9.79
 243027.643    79.846     4.95   10.34
 243404.900    80.772     2.45   10.70
 243782.118    81.200     1.14   10.27
 244159.298    81.468     0.71    9.93
 244536.441    82.158     1.83    9.37
 244913.545    83.475     3.49    9.71
 245290.612    84.165     1.83    8.93
 245667.640    86.123     5.19    8.93
 246044.631    87.245     2.98    8.36
 246421.584    88.772     4.05    7.93
 246798.499    91.075     6.11    8.57
 247175.376    92.351     3.38    8.33
 247552.215    93.280     2.47    7.37
 247929.016    95.105     4.84    6.33
 248305.780    98.644     9.39    7.31
 248682.506   103.438    12.72    8.62
 249059.193   108.642    13.81    8.75
 249435.844   113.718    13.47    8.11
 249812.456   118.022    11.42    8.58
 250189.031   120.593     6.83    9.09
 250565.568   121.450     2.28   12.30
 250942.067   120.844    -1.61   15.58
 251318.528   117.397    -9.16   16.49
 251694.952   112.828   -12.13   14.58
 252071.338   108.526   -11.43    8.26
 252447.686   107.489    -2.76    3.38
 252823.997   108.147     1.75    3.31
