# NaN NaN NaN ;Mean Elev.(m), Avg Gradient(m/km), RMS Gradient(m/km) - SRTM1     
#   80.545  -3.203   5.196 ;Mean Elev.(m), Avg Gradient(m/km), RMS Gradient(m/km) - ASTER GDEM
#   89.641  -3.414   3.859 ;Mean Elev.(m), Avg Gradient(m/km), RMS Gradient(m/km) - GMTED2010 
  7 129.368138  49.413378    94.436    94.487 10 52446.08529014 22.829
  8 129.372115  49.414242    96.450    95.042 11 52481.08528120 20.610
  9 129.370787  49.401634    94.574    94.510 11 52516.08523507 44.030
 10 129.368703  49.389967    94.387    94.311  5 52551.08528484 50.114
 11 129.387981  49.422355    92.591    92.440  4 52586.08525056 35.421
 12 129.369315  49.411846    93.721    93.697 12 52621.08523261 21.803
 15 129.385580  49.426597    93.573    93.693  7 52726.08525901 24.968
 20 129.372221  49.410352    96.370    96.373 15 52901.08537588 21.748
 21 129.367838  49.412486    95.641    95.463 10 52936.08531693 20.779
 22 129.385555  49.426892    93.707    93.625  7 52971.08533735 35.424
 23 129.362227  49.393644    94.443    94.443  2 53006.08535828 27.367
 24 129.390123  49.431008    94.378    94.737  5 53041.08530204 17.230
 25 129.369620  49.409339    94.359    94.420 13 53076.08533952 19.074
 26 129.371264  49.396262    95.588    95.798  9 53111.08531190 39.126
 27 129.368423  49.394176    99.157    99.167  6 53146.08535491 42.420
 28 129.388847  49.429560    95.341    95.126  5 53181.08535583 45.123
 29 129.372570  49.405938    96.033    95.374 13 53216.08538352 21.919
 30 129.366576  49.411130    95.139    95.126  9 53251.08536137 51.113
 31 129.368298  49.390637   100.652   103.494  5 53286.08535773 22.744
 33 129.377177  49.410135    94.347    94.290  8 53356.08529980 29.001
 34 129.389447  49.428395    94.161    94.177  5 53391.08530848 16.302
 35 129.378132  49.409989    94.079    94.053  6 53426.08530894 14.792
 37 129.370682  49.410999    99.346    98.965 14 53496.08539884 16.736
 38 129.369566  49.386495    97.559    97.559  2 53531.08538093 49.184
 39 129.367991  49.411986    97.140    97.153 10 53566.08540249 44.323
 40 129.373672  49.410614    94.534    94.505 15 53601.08534601 47.302
 41 129.385390  49.426844    94.439    94.241  7 53636.08533975 45.712
 42 129.371536  49.409328    93.426    93.445 14 53671.08536465 46.879
 43 129.373196  49.396689    93.381    93.407  4 53706.08529925 35.495
 44 129.371063  49.413518    94.337    94.393  5 53741.08520943 27.709
 45 129.392884  49.431234    94.418    94.723  6 53776.08522799 16.381
 46 129.371073  49.410500    94.344    93.988 13 53811.08521250 32.472
 47 129.378245  49.410152    94.591    94.620  6 53846.08525993 33.598
 48 129.382463  49.407758    96.345    96.345  2 53881.08528477 50.713
 49 129.369149  49.410617    96.486    96.447 12 53916.08534360 27.638
 50 129.366410  49.411961    96.313    96.240  9 53951.08535079 51.670
 52 129.390887  49.429881    95.140    95.024  5 54021.08532300 47.455
 53 129.385032  49.408098    93.242    93.242  2 54056.08531909 40.470
 54 129.368001  49.399947    95.198    95.172  9 54091.08530671 22.727
 55 129.390409  49.422578    94.385    94.418  4 54126.08523195 16.177
 56 129.373008  49.406449    95.027    95.058 13 54161.08527308  9.642
 57 129.390910  49.429741   100.248    99.145  5 54196.08523269 13.274
 58 129.373654  49.399248    95.280    95.191  4 54231.08528692 43.762
 59 129.368684  49.387860    95.813    95.818  4 54266.08530649 51.166
 60 129.369745  49.391475    95.690    95.651  6 54301.08531088 25.731
 61 129.372706  49.406398    96.781    95.847 14 54336.08529603 23.578
 63 129.372452  49.405655    93.624    93.593 13 54406.08524096 38.986
 65 129.387383  49.429612    94.281    94.066  5 54476.08522367 38.248
 66 129.394067  49.432731    94.010    94.102  5 54511.08520891 28.250
 67 129.371257  49.400729    94.080    94.122 11 54546.08524373 20.200
 68 129.388417  49.430090    95.931    94.047  5 54581.08520483 23.211
 69 129.386621  49.429911    97.671    94.660  5 54616.08522676 21.768
 70 129.371380  49.399787    94.020    93.891 10 54651.08524580 43.873
 71 129.372884  49.409519    95.468    95.440 15 54686.08523650 45.343
 72 129.389168  49.419704    96.265    96.178  3 54721.08518649 42.680
 73 129.371244  49.399052    95.237    95.279 10 54756.08521349 49.333
 74 129.391686  49.431034    93.057    92.831  5 54791.08517809 45.515
 75 129.378842  49.409153    95.240    95.259  6 54826.08520786 14.341
 76 129.393249  49.432013    94.949    94.825  5 54861.08517129 10.486
 77 129.372836  49.409013    95.005    95.044 15 54896.08520913  9.810
 78 129.380662  49.410786    98.245    97.352  4 54931.08517290 26.258
 79 129.371208  49.397528    97.712    97.011  7 54966.08521139 18.909
 80 129.369594  49.400095    96.676    96.718  9 55001.08523130 37.475
 81 129.378014  49.408782    98.763    98.725  6 55036.08521511 48.033
 82 129.372034  49.409065    98.098    97.320 13 55071.08520386 22.099
 83 129.390376  49.429939    97.806    97.601  5 55106.08514297 49.910
 84 129.368812  49.396459    94.802    94.777  8 55141.08515626 42.027
 86 129.371292  49.396460    95.886    95.961  9 55211.08515070 15.072
 87 129.389033  49.428818    95.519    95.511  5 55246.08511673 11.468
 88 129.373339  49.409899    94.936    94.845 15 55281.08514176 11.068
 89 129.371753  49.399807    98.057    98.589  9 55316.08511037 27.423
 90 129.372525  49.405535    96.512    96.573 13 55351.08511438 46.294
 91 129.388943  49.428947    96.021    96.129  5 55386.08510412 50.620
 92 129.368941  49.389605    97.329    97.348  4 55421.08513560 48.257
 93 129.371356  49.407650    95.505    95.453 13 55456.08510780 48.180
