# NaN NaN NaN ;Mean Elev.(m), Avg Gradient(m/km), RMS Gradient(m/km) - SRTM1     
#   88.720  -2.372   5.987 ;Mean Elev.(m), Avg Gradient(m/km), RMS Gradient(m/km) - ASTER GDEM
#   90.449  -1.666   3.751 ;Mean Elev.(m), Avg Gradient(m/km), RMS Gradient(m/km) - GMTED2010 
  7 129.341684  49.351861    95.240    95.240  2 52446.08530239 22.605
  8 129.344975  49.351109    95.269    95.269  2 52481.08529377 28.738
  9 129.349226  49.351446    95.038    95.038  2 52516.08524507 27.118
 10 129.351997  49.351114    94.449    94.465  3 52551.08529258 49.604
 11 129.358048  49.352747    93.071    93.071  2 52586.08526442 32.261
 12 129.342880  49.350331    94.130    94.130  2 52621.08524486  9.641
 15 129.353550  49.352135    93.733    93.729  3 52726.08527384 24.413
 16 129.334019  49.351143    94.347    94.347  2 52761.08529101 37.007
 20 129.346474  49.350449    97.012    97.012  2 52901.08538781 19.318
 21 129.341409  49.350964    95.566    95.566  2 52936.08532918 13.677
 22 129.352828  49.350813    93.998    93.998  2 52971.08535250 27.507
 23 129.344134  49.351553    94.750    94.750  2 53006.08536666 21.210
 24 129.355986  49.351687    94.199    94.199  2 53041.08531784 14.941
 25 129.345271  49.352681   103.426   103.426  2 53076.08535081  6.494
 26 129.352465  49.352554    96.168    96.168  2 53111.08532060 35.386
 27 129.350335  49.352088    99.667    99.667  2 53146.08536329 27.202
 28 129.355433  49.351860    96.032    96.039  3 53181.08537130 51.074
 29 129.349605  49.352516    95.880    95.880  2 53216.08539415 27.223
 30 129.340834  49.351234    95.743    95.743  2 53251.08537329 50.548
 31 129.351595  49.351786    96.322    96.305  3 53286.08536547 27.992
 33 129.352129  49.351857    94.557    94.549  3 53356.08531141 17.024
 34 129.356712  49.352315    94.208    94.208  2 53391.08532363 14.506
 35 129.353075  49.351712    94.347    94.347  2 53426.08532054 12.084
 37 129.345620  49.352719    98.689    98.689  2 53496.08541044 15.708
 38 129.354960  49.352502    97.976    97.960  3 53531.08538770 49.489
 39 129.341555  49.350467    97.982    97.982  2 53566.08541474 30.476
 40 129.347937  49.350719    95.085    95.085  2 53601.08535794 53.287
 41 129.352658  49.350761    95.329    95.329  2 53636.08535490 52.331
 42 129.346475  49.351049    94.001    94.001  2 53671.08537625 49.169
 43 129.354064  49.352173    93.364    93.364  2 53706.08530811 32.477
 44 129.343941  49.350378    94.351    94.351  2 53741.08522200 21.604
 45 129.359456  49.353532    94.097    94.097  2 53776.08524346 13.128
 46 129.345344  49.350600    98.678    98.678  2 53811.08522442  8.403
 47 129.353173  49.351873    94.785    94.785  2 53846.08527153 37.833
 48 129.359485  49.354338    96.613    96.616  3 53881.08529540 50.974
 49 129.344094  49.352334    97.476    97.476  2 53916.08535521 52.279
 50 129.340663  49.352062    97.072    97.072  2 53951.08536272 49.843
 52 129.357457  49.352178    95.780    95.798  3 54021.08533847 49.372
 54 129.347826  49.352997    95.468    95.468  2 54091.08531606 18.698
 56 129.349348  49.351405    95.783    94.414  3 54161.08528404 10.458
 57 129.358171  49.353662   113.519   113.519  2 54196.08524784  8.043
 58 129.353125  49.351492    96.089    96.089  2 54231.08529643 21.539
 59 129.353379  49.352240    96.090    96.090  2 54266.08531358 54.074
 60 129.353047  49.352618    96.175    96.175  2 54301.08531861 21.199
 61 129.349048  49.351353    96.135    96.135  2 54336.08530699 17.194
 62 129.357970  49.353256    96.138    96.138  2 54371.08525035 23.831
 63 129.349488  49.352232    93.819    93.819  2 54406.08525160 42.343
 65 129.353963  49.351910    94.235    94.221  3 54476.08523914 15.042
 66 129.360624  49.355032    94.052    94.049  3 54511.08522438 15.056
 67 129.349686  49.350545    94.362    94.362  2 54546.08525372 19.919
 68 129.354999  49.352386    95.425    96.008  3 54581.08522030 25.821
 69 129.353203  49.352205    96.383    96.523  3 54616.08524223 18.054
 70 129.350498  49.351220    94.270    94.270  2 54651.08525547 50.170
 71 129.348528  49.352857    96.354    96.354  2 54686.08524779 45.140
 73 129.350366  49.350488    95.767    95.767  2 54756.08522316 53.513
 74 129.358249  49.353339    93.560    93.573  3 54791.08519357 36.628
 75 129.354480  49.352491    95.537    95.537  2 54826.08521914 17.594
 76 129.359817  49.354320    95.178    95.208  3 54861.08518676  8.730
 77 129.348478  49.352355   103.637   103.637  2 54896.08522042  5.515
 78 129.355593  49.352506   100.479    94.943  3 54931.08518450 23.963
 79 129.351023  49.350578    96.982    96.982  2 54966.08522074 21.630
 80 129.348718  49.351529    96.896    96.942  3 55001.08524097 21.735
 81 129.353656  49.352124    99.432    99.456  3 55036.08522640 53.095
 82 129.347681  49.352401    98.172    98.172  2 55071.08521514 21.368
 83 129.356945  49.352240    98.573    98.595  3 55106.08515845 49.365
 84 129.349327  49.351130    95.009    95.009  2 55141.08516529 38.947
 86 129.352498  49.352748    96.207    96.207  2 55211.08515940  9.805
 87 129.356308  49.352741    97.803    97.803  2 55246.08513188  8.466
 88 129.348285  49.351618    98.502    98.734  3 55281.08515337  6.303
 89 129.351567  49.352857    94.663    94.663  2 55316.08511972 27.861
 90 129.349561  49.352110    97.422    97.422  2 55351.08512501 55.153
 91 129.356211  49.352867    96.603    96.603  2 55386.08511927 52.398
 92 129.352240  49.350748    97.891    97.891  2 55421.08514333 52.350
 93 129.347009  49.350988    96.055    96.055  2 55456.08511909 54.461
