-130295.956   249.636     0.00   21.15
-129918.410   250.398     2.02   19.59
-129540.905   246.908    -9.25   19.56
-129163.442   235.152   -31.15   19.57
-128786.019   220.657   -38.41   17.07
-128408.637   213.539   -18.86   13.80
-128031.296   211.414    -5.63   13.73
-127653.996   217.019    14.86   17.81
-127276.737   222.502    14.53   17.15
-126899.519   223.159     1.74   16.85
-126522.342   217.498   -15.01   14.22
-126145.206   215.697    -4.78   13.61
-125768.111   223.262    20.07   18.25
-125391.056   241.131    47.40   21.27
-125014.043   258.524    46.14   24.29
-124637.070   284.614    69.22   35.67
-124260.138   316.251    83.94   38.76
-123883.247   340.243    63.66   31.61
-123506.396   347.662    19.69   23.90
-123129.587   338.611   -24.02   33.17
-122752.818   319.950   -49.53   34.60
-122376.090   306.864   -34.74   28.68
-121999.403   305.430    -3.81   22.17
-121622.756   310.188    12.63   19.03
-121246.151   320.114    26.36   18.00
-120869.585   324.437    11.48   16.19
-120493.061   311.873   -33.37   25.15
-120116.577   291.592   -53.88   28.93
-119740.134   273.431   -48.25   20.81
-119363.731   267.588   -15.53   20.50
-118987.370   268.293     1.87   23.92
-118611.048   271.479     8.47   23.75
-118234.768   270.451    -2.73   20.03
-117858.527   266.749    -9.84   13.61
-117482.328   265.854    -2.38   11.20
-117106.169   263.571    -6.07   10.59
-116730.050   259.140   -11.78   12.96
-116353.972   251.601   -20.05   14.34
-115977.935   241.822   -26.01   12.37
-115601.938   235.863   -15.85   12.39
-115225.981   231.093   -12.69   12.06
-114850.065   231.307     0.57   11.80
-114474.190   239.470    21.72   14.99
-114098.355   249.295    26.14   14.74
-113722.560   258.514    24.54   13.46
-113346.806   271.105    33.51   19.72
-112971.092   281.312    27.17   20.72
-112595.418   286.184    12.97   16.61
-112219.785   285.644    -1.44   17.27
-111844.192   272.720   -34.41   26.73
-111468.639   247.122   -68.17   41.09
-111093.127   220.433   -71.08   42.83
-110717.655   197.592   -60.84   29.41
-110342.223   189.481   -21.61   17.40
-109966.832   198.416    23.80   26.41
-109591.481   215.346    45.11   32.24
-109216.170   243.283    74.44   29.62
-108840.899   255.363    32.19   19.57
-108465.669   256.311     2.53   18.44
-108090.478   254.066    -5.98   20.38
-107715.328   255.330     3.37   18.57
-107340.218   259.890    12.16   18.44
-106965.148   263.102     8.57   17.84
-106590.119   267.105    10.67   17.24
-106215.129   273.399    16.79   16.29
-105840.180   283.742    27.59   17.48
-105465.270   291.970    21.95   16.73
-105090.401   295.881    10.43   15.53
-104715.572   292.881    -8.00   17.94
-104340.783   282.031   -28.95   18.48
-103966.034   272.238   -26.13   15.29
-103591.325   265.788   -17.22   13.63
-103216.655   257.164   -23.02   13.62
-102842.026   248.542   -23.02   13.34
-102467.437   239.064   -25.30   14.97
-102092.888   231.763   -19.50   14.14
-101718.379   231.536    -0.61   16.56
-101343.910   235.690    11.09   24.20
-100969.480   245.398    25.93   33.72
-100595.091   255.065    25.82   34.63
-100220.741   254.898    -0.45   30.94
 -99846.432   247.449   -19.90   30.72
 -99472.162   230.609   -45.00   29.24
 -99097.932   211.157   -51.98   24.62
 -98723.742   197.836   -35.60   23.36
 -98349.591   189.674   -21.82   24.28
 -97975.481   185.955    -9.94   19.63
 -97601.410   193.938    21.34   25.71
 -97227.379   208.697    39.46   36.67
 -96853.388   230.778    59.05   42.00
 -96479.437   254.171    62.56   39.35
 -96105.525   270.574    43.87   36.78
 -95731.653   291.714    56.55   43.29
 -95357.821   313.206    57.49   52.95
 -94984.028   330.618    46.59   51.70
 -94610.275   342.345    31.38   40.84
 -94236.562   338.086   -11.40   32.43
 -93862.888   317.960   -53.86   35.90
 -93489.254   293.574   -65.27   35.02
 -93115.660   267.100   -70.87   29.23
 -92742.105   251.467   -41.85   25.04
 -92368.590   244.767   -17.94   22.19
 -91995.115   243.296    -3.94   18.40
 -91621.679   246.916     9.69   20.83
 -91248.282   246.346    -1.53   15.76
 -90874.925   245.898    -1.20   12.33
 -90501.608   250.810    13.16   15.56
 -90128.330   260.995    27.29   22.64
 -89755.092   278.521    46.96   31.25
 -89381.893   301.743    62.23   42.41
 -89008.733   327.847    69.96   43.35
 -88635.613   342.635    39.64   36.99
 -88262.533   349.398    18.13   32.99
 -87889.492   343.345   -16.23   30.85
 -87516.490   322.748   -55.23   34.14
 -87143.528   300.654   -59.24   35.45
 -86770.605   283.174   -46.88   31.33
 -86397.721   269.763   -35.97   17.18
 -86024.877   274.449    12.57   19.98
 -85652.072   289.256    39.72   21.01
 -85279.306   290.881     4.36   19.27
 -84906.580   279.381   -30.86   29.28
 -84533.893   266.140   -35.53   33.46
 -84161.245   248.105   -48.40   27.55
 -83788.637   234.223   -37.26   27.05
 -83416.068   223.521   -28.73   27.94
 -83043.538   217.595   -15.91   23.48
 -82671.047   214.098    -9.39   16.90
 -82298.596   217.524     9.20   19.71
 -81926.183   230.347    34.44   22.09
 -81553.810   245.810    41.53   20.33
 -81181.476   248.188     6.39   19.48
 -80809.182   245.674    -6.75   19.26
 -80436.926   242.754    -7.85   15.37
 -80064.709   244.223     3.95   13.69
 -79692.532   251.933    20.72   17.56
 -79320.394   263.531    31.17   17.68
 -78948.294   268.399    13.08   17.46
 -78576.234   262.991   -14.54   21.89
 -78204.213   251.363   -31.26   19.12
 -77832.231   244.295   -19.00   11.17
 -77460.288   247.030     7.35   14.87
 -77088.384   260.250    35.55   23.82
 -76716.519   291.952    85.26   42.04
 -76344.693   324.609    87.83   51.36
 -75972.906   363.584   104.84   45.45
 -75601.158   383.202    52.78   29.40
 -75229.449   376.785   -17.27   33.44
 -74857.779   348.181   -76.97   46.08
 -74486.148   308.760  -106.08   52.47
 -74114.555   266.963  -112.49   43.08
 -73743.002   239.184   -74.77   31.30
 -73371.487   225.108   -37.89   18.46
 -73000.011   226.592     3.99   23.89
 -72628.574   230.135     9.54   25.77
 -72257.176   236.174    16.26   25.30
 -71885.817   245.006    23.78   23.82
 -71514.497   246.053     2.82   22.00
 -71143.215   238.209   -21.13   29.62
 -70771.972   222.167   -43.21   36.33
 -70400.768   201.014   -56.99   26.63
 -70029.603   193.363   -20.62   12.49
 -69658.476   199.820    17.40   16.66
 -69287.389   213.363    36.50   21.17
 -68916.339   224.551    30.15   18.07
 -68545.329   229.327    12.88   15.22
 -68174.357   227.331    -5.38   18.14
 -67803.424   229.328     5.39   19.23
 -67432.530   236.679    19.82   22.84
 -67061.674   247.788    29.96   21.28
 -66690.857   256.697    24.03   15.10
 -66320.078   256.258    -1.18   13.27
 -65949.338   256.978     1.94   14.27
 -65578.637   269.571    33.97   27.19
 -65207.974   292.539    61.97   38.65
 -64837.350   326.364    91.27   40.43
 -64466.765   353.090    72.12   33.29
 -64096.217   364.802    31.61   31.57
 -63725.709   370.288    14.81   37.52
 -63355.239   369.381    -2.45   40.36
 -62984.807   374.223    13.07   41.50
 -62614.414   387.938    37.03   41.03
 -62240.521   402.226    38.22   33.13
 -61862.322   400.829    -3.69   30.74
 -61484.164   384.873   -42.20   38.20
 -61106.046   358.545   -69.63   43.53
 -60727.968   321.881   -96.98   48.87
 -60349.930   287.763   -90.26   39.24
 -59971.933   268.019   -52.24   28.63
 -59593.975   263.364   -12.32   31.64
 -59216.058   259.449   -10.36   39.28
 -58838.181   244.674   -39.10   44.50
 -58460.344   227.907   -44.38   40.37
 -58082.547   217.245   -28.22   23.74
 -57704.790   225.527    21.92   27.20
 -57327.074   246.917    56.63   28.83
 -56949.397   256.839    26.27   29.35
 -56571.760   259.399     6.78   36.11
 -56194.164   250.837   -22.67   41.19
 -55816.607   244.381   -17.10   40.22
 -55439.091   235.347   -23.93   29.36
 -55061.614   231.845    -9.28   20.42
 -54684.178   235.466     9.59   19.32
 -54306.781   249.105    36.14   22.33
 -53929.424   264.399    40.53   23.39
 -53552.108   285.347    55.52   27.05
 -53174.831   303.592    48.36   25.71
 -52797.594   317.702    37.41   18.33
 -52420.397   320.400     7.15   18.04
 -52043.240   317.483    -7.73   20.41
 -51666.123   316.113    -3.63   20.61
 -51289.045   318.601     6.60   18.37
 -50912.008   322.243     9.66   12.57
 -50535.010   316.095   -16.31   15.80
 -50158.052   303.681   -32.93   19.86
 -49781.134   292.177   -30.52   17.64
 -49404.256   280.662   -30.56   20.78
 -49027.417   265.308   -40.74   31.96
 -48650.618   237.571   -73.62   43.32
 -48273.859   214.467   -61.32   36.35
 -47897.140   203.330   -29.56   25.76
 -47520.460   202.071    -3.34   27.83
 -47143.820   212.065    26.54   40.67
 -46767.219   226.330    37.88   53.28
 -46390.659   238.023    31.05   55.97
 -46014.138   243.774    15.28   51.08
 -45637.656   256.662    34.23   41.54
 -45261.215   258.657     5.30   32.66
 -44884.813   248.978   -25.72   32.43
 -44508.450   233.574   -40.93   34.07
 -44132.127   224.974   -22.85   31.30
 -43755.844   220.577   -11.69   32.85
 -43379.600   221.398     2.18   34.16
 -43003.395   220.542    -2.28   34.50
 -42627.231   211.135   -25.01   34.85
 -42251.105   201.588   -25.38   30.20
 -41875.019   205.774    11.13   29.76
 -41498.973   222.890    45.52   28.99
 -41122.966   238.017    40.23   23.66
 -40746.999   244.019    15.96   24.64
 -40371.071   254.417    27.66   27.60
 -39995.182   265.731    30.10   31.11
 -39619.333   279.131    35.65   32.27
 -39243.523   292.030    34.32   26.23
 -38867.753   300.864    23.51   19.18
 -38492.022   308.837    21.22   13.20
 -38116.330   313.785    13.17   11.17
 -37740.678   315.066     3.41   13.57
 -37365.065   312.767    -6.12   16.33
 -36989.491   306.470   -16.77   21.97
 -36613.957   295.364   -29.57   30.67
 -36238.462   283.345   -32.01   33.23
 -35863.006   276.293   -18.78   34.91
 -35487.590   274.298    -5.32   33.27
 -35112.212   271.613    -7.15   30.01
 -34736.874   258.967   -33.69   35.92
 -34361.575   247.955   -29.34   38.34
 -33986.316   235.226   -33.92   37.84
 -33611.095   245.435    27.21   37.76
 -33235.914   260.014    38.86   31.36
 -32860.772   265.595    14.88   25.61
 -32485.668   273.238    20.38   23.84
 -32110.605   277.664    11.80   27.15
 -31735.580   282.206    12.11   29.63
 -31360.594   292.122    26.45   29.71
 -30985.648   292.918     2.12   28.65
 -30610.740   289.135   -10.09   31.77
 -30235.872   273.488   -41.74   39.17
 -29861.042   254.283   -51.24   43.94
 -29486.252   227.925   -70.33   50.19
 -29111.500   210.256   -47.15   45.15
 -28736.788   196.496   -36.72   34.68
 -28362.115   200.100     9.62   32.89
 -27987.480   208.657    22.84   30.75
 -27612.885   210.974     6.18   29.13
 -27238.328   194.364   -44.35   35.21
 -26863.811   168.238   -69.76   29.69
 -26489.332   147.567   -55.20   24.79
 -26114.893   128.820   -50.07   16.43
 -25740.492   118.260   -28.20   13.79
 -25366.130   110.122   -21.74   12.60
 -24991.807   102.435   -20.54   11.24
 -24617.523    92.347   -26.95   11.76
 -24243.277    86.085   -16.73   10.66
 -23869.071    83.935    -5.75   11.82
 -23494.903    83.452    -1.29   15.05
 -23120.774    85.864     6.45   17.94
 -22746.684    86.191     0.88   16.45
 -22372.632    87.312     3.00   15.06
 -21998.620    92.467    13.78   14.00
 -21624.646    97.381    13.14   13.88
 -21250.711    97.551     0.45   14.65
 -20876.814    91.140   -17.14   18.08
 -20502.957    76.785   -38.40   20.70
 -20129.138    62.599   -37.95   16.23
 -19755.357    53.330   -24.80   12.93
 -19381.615    44.988   -22.32    8.50
 -19007.912    40.703   -11.47    6.70
 -18634.248    38.605    -5.61    5.56
 -18260.622    36.720    -5.04    3.64
 -17887.035    35.008    -4.58    2.60
 -17513.486    33.881    -3.02    2.43
 -17139.976    32.732    -3.08    2.24
 -16766.505    31.529    -3.22    1.84
 -16393.072    31.726     0.53    2.45
 -16019.678    32.452     1.95    3.25
 -15646.322    33.822     3.67    3.90
 -15273.005    36.345     6.76    4.10
 -14899.726    37.988     4.40    4.12
 -14526.485    39.464     3.96    3.82
 -14153.283    40.095     1.69    3.84
 -13780.120    40.467     1.00    3.81
 -13406.995    41.085     1.65    4.11
 -13033.909    41.960     2.35    4.42
 -12660.860    41.417    -1.45    4.84
 -12287.851    40.127    -3.46    5.37
 -11914.879    37.881    -6.02    4.77
 -11541.946    35.100    -7.46    4.24
 -11169.052    32.795    -6.18    4.71
 -10796.196    31.077    -4.61    4.94
 -10423.378    29.486    -4.27    5.70
 -10050.598    28.527    -2.57    6.79
  -9677.857    27.013    -4.06    7.55
  -9305.154    24.670    -6.29    8.33
  -8932.489    21.618    -8.19    8.32
  -8559.863    18.452    -8.50    7.45
  -8187.275    15.450    -8.06    5.69
  -7814.725    13.278    -5.83    4.01
  -7442.213    11.644    -4.38    1.76
  -7069.740    10.726    -2.47    1.25
  -6697.304    10.293    -1.16    1.17
  -6324.907    10.274    -0.05    1.44
  -5952.548    10.217    -0.15    1.45
  -5580.228     9.991    -0.61    1.43
  -5207.945     9.631    -0.97    1.44
  -4835.701     9.262    -0.99    1.69
  -4463.494     8.292    -2.61    2.20
  -4091.326     7.006    -3.45    2.49
  -3719.196     5.916    -2.93    2.33
  -3347.104     5.714    -0.54    2.16
  -2975.050     6.381     1.79    2.32
  -2603.034     7.241     2.31    2.17
  -2231.056     7.802     1.51    1.65
  -1859.116     7.469    -0.90    1.29
  -1487.214     7.483     0.04    1.24
  -1115.351     6.825    -1.77    2.77
   -743.525     5.206    -4.36    4.26
   -371.737     3.854    -3.64    5.07
      0.013     1.820    -5.47    4.74
    371.725     1.310    -1.37    4.72
    743.399     1.191    -0.32    4.83
   1115.035     2.451     3.39    5.59
   1486.633     3.256     2.17    5.98
   1858.194    10.598    19.76   15.42
   2229.716    19.083    22.84   23.15
   2601.201    31.347    33.01   31.35
   2972.647    45.900    39.18   37.39
   3344.056    62.135    43.71   44.80
   3715.427    70.419    22.30   41.30
   4086.760    67.703    -7.31   39.70
   4458.056    58.202   -25.59   31.45
   4829.313    46.260   -32.17   20.49
   5200.533    42.364   -10.50   15.22
   5571.715    39.967    -6.46   12.66
   5942.860    43.450     9.38   13.92
   6313.966    48.002    12.27   16.62
   6685.035    54.613    17.82   19.56
   7056.066    61.908    19.66   20.57
   7427.060    64.657     7.41   19.81
   7798.015    66.667     5.42   17.21
   8168.933    70.957    11.57   19.00
   8539.814    82.325    30.65   23.29
   8910.657    94.899    33.90   23.95
   9281.462   107.083    32.86   22.73
   9652.229   114.504    20.02   18.92
  10022.959   120.083    15.05   16.45
  10393.652   122.592     6.77   17.96
  10764.306   125.609     8.14   19.23
  11134.923   130.952    14.42   20.51
  11505.503   140.873    26.77   26.00
  11876.045   149.185    22.43   25.98
  12246.550   154.504    14.36   22.19
  12619.799   153.381    -3.01   21.92
  12997.916   149.595   -10.01   24.69
  13375.994   147.521    -5.49   29.19
  13754.033   157.188    25.57   33.02
  14132.032   179.539    59.13   42.00
  14509.992   211.488    84.53   50.49
  14887.913   245.517    90.04   44.08
  15265.795   260.845    40.56   39.19
  15643.638   243.703   -45.37   59.75
  16021.442   207.100   -96.88   72.15
  16399.207   169.995   -98.22   65.74
  16776.932   142.881   -71.78   35.61
  17154.619   142.738    -0.38   33.93
  17532.267   178.024    93.43   59.93
  17909.875   227.548   131.15   67.85
  18287.445   256.881    77.69   54.27
  18664.975   253.399    -9.22   60.14
  19042.467   212.278  -108.93   72.00
  19419.919   167.118  -119.64   56.07
  19797.333   138.708   -75.27   40.45
  20174.707   112.771   -68.73   35.92
  20552.043    93.400   -51.34   27.19
  20929.340    77.502   -42.14   19.77
  21306.598    66.167   -30.05   14.44
  21683.817    57.118   -23.99   13.17
  22060.997    51.416   -15.12   11.43
  22438.138    46.890   -12.00   10.84
  22815.240    40.256   -17.59   10.75
  23192.304    32.400   -20.83   13.46
  23569.328    23.279   -24.19   13.19
  23946.314    14.381   -23.60    6.61
  24323.261    10.950    -9.10    2.39
  24700.170     9.571    -3.66    1.82
  25077.039     9.433    -0.37    1.74
  25453.870    10.144     1.89    2.12
  25830.662    11.928     4.74    3.33
  26207.415    14.293     6.28    3.83
  26584.130    16.145     4.91    3.74
  26960.806    16.960     2.16    3.71
  27337.443    16.810    -0.40    4.22
  27714.042    16.118    -1.84    4.34
  28090.602    15.153    -2.56    4.30
  28467.123    14.488    -1.77    4.02
  28843.606    12.991    -3.98    3.62
  29220.050    11.881    -2.95    3.02
  29596.455    11.209    -1.79    2.19
  29972.822    10.627    -1.55    1.83
  30349.150    10.346    -0.75    1.81
  30725.440    10.364     0.05    2.04
  31101.691    10.013    -0.93    2.23
  31477.903     9.345    -1.77    2.11
  31854.077     9.131    -0.57    2.05
  32230.213     9.313     0.48    2.04
  32606.310    11.452     5.69    4.91
  32982.368    17.105    15.03   13.22
  33358.389    30.241    34.93   23.78
  33734.370    41.153    29.02   26.01
  34110.313    54.048    34.30   24.55
  34486.218    65.774    31.19   20.30
  34862.084    73.978    21.83   20.78
  35237.912    81.048    18.81   22.32
  35613.702    85.898    12.91   20.12
  35989.453    85.917     0.05   16.47
  36365.166    82.295    -9.64   16.15
  36740.840    77.785   -12.01   14.65
  37116.476    76.042    -4.64   16.16
  37492.074    78.243     5.86   16.06
  37867.634    79.145     2.40   15.01
  38243.155    77.837    -3.48   14.30
  38618.638    73.290   -12.11   15.38
  38994.083    72.810    -1.28   15.17
  39369.489    73.942     3.02   13.75
  39744.857    73.100    -2.24   10.13
  40120.187    76.810     9.88    9.13
  40495.479    84.163    19.59    9.75
  40870.732    94.732    28.16   13.86
  41245.948   107.563    34.19   17.94
  41621.125   122.771    40.53   23.94
  41996.264   141.738    50.56   28.32
  42371.365   155.416    36.46   30.56
  42746.427   174.135    49.91   34.30
  43121.452   193.524    51.70   35.80
  43496.438   203.592    26.85   31.37
  43871.387   214.799    29.89   25.75
  44246.297   222.679    21.02   24.46
  44621.169   229.727    18.80   23.83
  44996.003   242.296    33.53   22.90
  45370.799   258.470    43.15   23.37
  45745.558   261.030     6.83   28.64
  46120.278   265.556    12.08   27.10
  46494.960   270.709    13.75   24.18
  46869.604   271.484     2.07   20.04
  47244.210   280.589    24.30   20.37
  47618.778   289.486    23.75   24.08
  47993.308   287.659    -4.88   31.20
  48367.801   270.760   -45.12   40.12
  48742.255   246.217   -65.54   44.97
  49116.671   215.640   -81.66   46.84
  49491.050   186.837   -76.93   44.03
  49865.391   168.595   -48.73   35.88
  50239.693   169.584     2.64   32.74
  50613.958   178.024    22.55   35.29
  50988.185   198.855    55.66   39.58
  51362.375   221.140    59.55   42.01
  51736.526   239.667    49.51   40.06
  52110.640   253.214    36.21   35.42
  52484.716   269.864    44.51   38.83
  52858.754   294.631    66.21   43.39
  53232.754   305.416    28.84   37.60
  53606.717   312.293    18.39   33.68
  53980.641   317.506    13.94   37.63
  54354.528   315.449    -5.50   34.38
  54728.378   314.554    -2.39   31.89
  55102.190   313.399    -3.09   27.28
  55475.964   310.672    -7.29   26.62
  55849.700   316.767    16.31   28.51
  56223.399   337.560    55.64   27.25
  56597.060   347.083    25.48   26.91
  56970.683   345.030    -5.49   30.81
  57344.269   348.595     9.54   31.29
  57717.817   352.771    11.18   39.01
  58091.327   361.756    24.05   35.77
  58464.800   375.093    35.71   28.47
  58838.236   377.947     7.64   30.20
  59211.634   364.881   -34.99   39.00
  59584.994   348.863   -42.90   43.54
  59958.317   332.486   -43.87   50.77
  60331.602   320.364   -32.47   48.38
  60704.850   314.802   -14.90   49.66
  61078.060   307.013   -20.87   45.21
  61451.233   304.017    -8.03   50.67
  61824.368   279.434   -65.88   54.00
  62197.466   251.344   -75.28   55.48
  62570.526   213.071  -102.59   49.56
  62943.549   180.048   -88.52   39.83
  63316.535   162.256   -47.70   28.99
  63689.483   157.452   -12.88   29.72
  64062.394   157.276    -0.47   32.51
  64435.267   173.685    44.00   47.02
  64808.103   190.581    45.32   49.63
  65180.902   184.346   -16.72   58.25
  65553.664   165.617   -50.24   63.49
  65926.388   146.839   -50.38   56.41
  66299.074   123.494   -62.63   51.58
  66671.724   116.631   -18.42   48.13
  67044.336   116.206    -1.14   38.85
  67416.911   129.890    36.73   43.49
  67789.449   168.767   104.35   53.95
  68161.949   195.188    70.92   61.25
  68534.412   228.524    89.49   61.75
  68906.838   270.570   112.89   58.05
  69279.227   309.330   104.08   58.49
  69651.578   328.524    51.54   50.98
  70023.893   340.605    32.45   42.73
  70396.170   342.511     5.12   49.20
  70768.410   341.613    -2.41   49.93
  71140.613   351.452    26.43   55.37
  71512.779   372.609    56.84   54.38
  71884.907   389.048    44.17   41.11
  72256.999   393.539    12.07   37.56
  72629.053   398.890    14.38   48.97
  73001.071   397.214    -4.50   57.43
  73373.051   405.071    21.12   53.37
  73744.994   414.307    24.83   48.85
  74116.900   408.785   -14.85   46.50
  74488.770   389.400   -52.12   45.46
  74860.602   364.827   -66.08   53.54
  75232.397   340.560   -65.27   56.29
  75604.155   328.667   -31.99   57.22
  75975.876   313.345   -41.21   60.40
  76347.560   299.506   -37.23   64.07
  76719.208   289.714   -26.34   67.23
  77090.818   275.470   -38.33   70.81
  77462.391   255.083   -54.86   77.31
  77833.928   232.117   -61.81   83.52
  78205.428   193.131  -104.93   71.46
  78576.890   174.672   -49.69   48.25
  78948.316   179.452    12.87   45.01
  79319.705   197.649    48.99   48.99
  79691.057   206.872    24.84   50.71
  80062.372   197.042   -26.47   52.38
  80433.651   185.241   -31.78   44.33
  80804.892   169.013   -43.71   32.90
  81176.097   173.781    12.84   37.56
  81547.265   187.950    38.17   44.63
  81918.397   212.131    65.15   57.29
  82289.491   223.899    31.71   59.45
  82660.549   227.603     9.98   56.84
  83031.570   225.935    -4.50   50.30
  83402.554   233.256    19.73   52.81
  83773.502   235.171     5.16   55.93
  84144.413   251.274    43.41   56.56
  84515.287   254.220     7.94   54.73
  84886.124   249.258   -13.38   59.58
  85256.925   267.577    49.40   72.91
  85627.689   283.812    43.78   81.14
  85998.417   297.645    37.31   84.29
  86369.108   321.855    65.30   75.46
  86739.762   331.270    25.40   67.95
  87110.380   354.292    62.11   55.87
  87483.080   371.763    46.87   48.88
  87861.114   366.260   -14.55   59.23
  88239.110   346.452   -52.40   73.79
  88617.068   328.810   -46.68   66.67
  88994.988   312.416   -43.37   50.60
  89372.869   311.344    -2.84   44.91
  89750.713   328.502    45.41   46.54
  90128.518   339.966    30.34   50.38
  90506.285   353.113    34.80   58.13
  90884.015   359.310    16.40   57.72
  91261.706   363.542    11.20   50.13
  91639.359   385.720    58.72   50.95
  92016.974   410.872    66.60   60.83
  92394.551   442.631    84.11   52.57
  92772.090   456.966    37.97   39.46
  93149.590   441.592   -40.72   44.35
  93527.053   410.153   -83.28   53.79
  93904.478   390.945   -50.89   48.19
  94281.865   395.995    13.38   48.90
  94659.214   401.185    13.75   44.27
  95036.525   407.923    17.86   48.06
  95413.799   407.872    -0.14   54.65
  95791.034   407.042    -2.20   54.70
  96168.231   418.311    29.87   59.33
  96545.391   434.310    42.41   65.24
  96922.512   457.346    61.08   65.41
  97299.596   475.417    47.92   66.95
  97676.642   491.995    43.96   65.74
  98053.650   500.977    23.82   56.86
  98430.620   514.088    34.78   52.16
  98807.552   548.581    91.50   57.40
  99184.447   571.581    61.02   53.29
  99561.304   555.328   -43.12   76.66
  99938.123   515.854  -104.75  101.56
 100314.904   431.467  -223.94   99.42
 100691.647   362.708  -182.49   64.16
 101068.353   321.202  -110.17   46.98
 101445.021   295.399   -68.50   30.30
 101821.652   279.328   -42.66   27.34
 102198.244   264.451   -39.50   28.62
 102574.799   255.327   -24.23   26.90
 102951.317   248.845   -17.21   28.46
 103327.796   242.727   -16.25   29.72
 103704.238   248.697    15.86   37.43
 104080.643   254.127    14.42   45.40
 104457.010   253.048    -2.87   47.67
 104833.339   249.595    -9.17   45.82
 105209.630   236.220   -35.54   35.36
 105585.884   230.907   -14.12   26.01
 105962.101   227.992    -7.75   25.71
 106338.280   229.577     4.21   27.24
 106714.421   231.928     6.25   27.85
 107090.525   226.077   -15.55   30.11
 107466.591   227.145     2.84   32.05
 107842.620   227.999     2.27   31.37
 108218.612   222.881   -13.61   28.11
 108594.565   220.727    -5.73   26.34
 108970.482   210.256   -27.85   24.70
 109346.361   195.573   -39.06   21.79
 109722.202   190.118   -14.51   22.92
 110098.007   188.763    -3.61   26.05
 110473.773   179.925   -23.52   22.66
 110849.503   168.792   -29.63   19.36
 111225.195   161.127   -20.40   18.06
 111600.849   153.504   -20.29   17.68
 111976.466   148.516   -13.28   18.12
 112352.046   146.188    -6.20   18.62
 112727.589   145.585    -1.61   22.55
 113103.094   145.416    -0.45   27.81
 113478.562   138.595   -18.16   24.01
 113853.993   131.627   -18.56   19.07
 114229.386   124.685   -18.49   13.04
 114604.742   119.418   -14.03    4.91
 114980.061   118.432    -2.63    2.87
 115355.342   120.470     5.43    5.81
 115730.587   128.311    20.89   13.36
 116105.794   138.325    26.69   18.07
 116480.964   149.042    28.56   19.51
 116856.097   159.702    28.42   19.27
 117231.192   167.077    19.66   19.75
 117606.251   174.077    18.66   17.79
 117981.272   186.399    32.85   22.12
 118356.256   202.292    42.38   27.10
 118731.203   215.843    36.14   22.20
 119106.113   216.276     1.16   20.91
 119480.986   213.890    -6.36   23.77
 119855.821   203.781   -26.97   23.28
 120230.620   190.925   -34.30   25.29
 120605.382   183.290   -20.37   23.70
 120980.106   175.864   -19.82   23.13
 121354.794   167.496   -22.33   22.13
 121729.444   163.935    -9.51   19.53
 122104.058   164.527     1.58   19.12
 122478.634   173.095    22.87   24.88
 122853.173   184.863    31.42   29.07
 123227.676   191.890    18.76   31.85
 123602.141   191.542    -0.93   38.33
 123976.570   171.417   -53.74   46.59
 124350.962   149.872   -57.54   45.63
 124725.316   139.928   -26.56   34.60
 125099.634   150.890    29.28   34.92
 125473.915   175.810    66.57   40.02
 125848.159   201.399    68.37   44.52
 126222.366   208.685    19.47   54.12
 126596.537   201.131   -20.18   59.12
 126970.670   188.293   -34.31   54.16
 127344.767   173.825   -38.67   36.26
 127718.826   175.042     3.25   34.04
 128092.849   192.458    46.56   40.54
 128466.836   225.506    88.36   48.16
 128840.785   261.702    96.78   51.11
 129214.698   277.241    41.55   50.82
 129588.574   280.310     8.21   50.47
 129962.413   267.917   -33.15   50.80
 130336.215   263.592   -11.57   42.21
 130709.981   259.599   -10.68   36.09
 131083.710   266.679    18.94   32.48
 131457.402   274.054    19.73   29.79
 131831.058   267.542   -17.43   34.56
 132204.677   259.672   -21.06   37.21
 132578.259   251.452   -22.00   40.68
 132951.804   228.631   -61.09   41.03
 133325.313   224.145   -12.01   33.84
 133698.786   225.452     3.50   29.12
 134072.221   214.545   -29.21   30.10
 134445.621   205.644   -23.83   34.18
 134818.983   198.677   -18.66   27.17
 135192.309   198.754     0.21   25.76
 135565.599   197.323    -3.83   25.28
 135938.852   188.827   -22.76   20.96
 136312.068   180.451   -22.44   20.61
 136685.248   172.486   -21.34   20.78
 137058.391   161.685   -28.94   21.77
 137431.498   151.072   -28.44   21.62
 137804.568   137.952   -35.16   16.98
 138177.602   128.909   -24.24   10.33
 138550.599   130.293     3.71   16.13
 138923.560   136.714    17.21   19.71
 139296.485   144.486    20.84   20.18
 139669.373   154.702    27.39   20.06
 140042.225   161.714    18.80   25.06
 140415.040   178.685    45.51   26.13
 140787.819   188.095    25.24   21.32
 141160.562   193.504    14.51   19.80
 141533.268   194.622     3.00   22.75
 141905.938   189.131   -14.73   21.69
 142278.571   191.170     5.47   22.94
 142651.168   192.256     2.92   19.61
 143023.729   183.023   -24.78   19.56
 143396.254   177.697   -14.29   20.77
 143768.742   172.199   -14.76   15.30
 144141.194   172.416     0.58   14.20
 144513.610   177.122    12.63   14.72
 144885.989   184.381    19.49   17.44
 145258.332   190.792    17.21   25.59
 145630.639   197.900    19.09   24.95
 146002.910   199.649     4.70   23.45
 146375.145   198.381    -3.41   22.10
 146747.343   203.131    12.76   25.25
 147119.506   222.268    51.41   33.21
 147491.632   238.223    42.87   31.07
 147863.722   241.127     7.80   28.23
 148235.775   225.581   -41.78   41.77
 148607.793   201.108   -65.77   50.64
 148979.775   171.527   -79.51   35.23
 149351.720   159.942   -31.14   23.20
 149723.629   156.751    -8.58   16.06
 150095.503   163.810    18.98   18.17
 150467.340   168.029    11.35   18.59
 150839.141   173.488    14.68   20.41
 151210.906   180.307    18.34   22.13
 151582.635   189.381    24.41   25.67
 151954.328   197.677    22.32   28.20
 152325.985   214.145    44.30   33.16
 152697.606   235.188    56.62   39.84
 153069.191   256.060    56.16   39.64
 153440.741   265.364    25.04   33.25
 153812.254   264.054    -3.52   34.05
 154183.731   256.042   -21.56   31.34
 154555.172   241.285   -39.72   25.00
 154926.578   238.095    -8.59   26.28
 155297.947   229.192   -23.97   28.49
 155669.281   219.328   -26.56   30.82
 156040.578   204.308   -40.45   33.53
 156411.840   187.788   -44.49   33.53
 156783.066   174.364   -36.16   33.09
 157154.256   159.577   -39.83   27.77
 157525.410   146.274   -35.84   13.95
 157896.529   146.745     1.27   14.57
 158267.611   160.556    37.21   22.76
 158638.658   176.381    42.64   20.98
 159009.669   186.310    26.76   18.67
 159380.645   189.177     7.73   23.25
 159751.584   188.470    -1.91   23.98
 160122.488   190.307     4.95   24.60
 160493.356   191.802     4.03   22.41
 160864.188   203.649    31.94   27.96
 161234.985   213.599    26.83   28.33
 161605.746   220.952    19.83   25.14
 161976.471   216.363   -12.38   28.46
 162348.703   200.167   -43.50   27.59
 162726.657   188.708   -30.31   16.34
 163104.575   194.899    16.38   19.63
 163482.456   209.581    38.85   26.90
 163860.299   226.042    43.56   30.45
 164238.105   241.036    39.68   32.14
 164615.874   254.745    36.28   30.51
 164993.606   264.417    25.60   28.84
 165371.301   267.420     7.95   32.80
 165748.958   245.006   -59.34   45.06
 166126.579   212.017   -87.34   37.75
 166504.162   200.475   -30.56   27.17
 166881.709   202.863     6.32   27.82
 167259.218   220.490    46.68   29.76
 167636.690   247.685    72.03   36.42
 168014.126   278.308    81.12   48.22
 168391.524   325.521   125.08   67.44
 168768.885   368.233   113.17   58.34
 169146.209   379.845    30.77   50.42
 169523.497   363.399   -43.58   63.99
 169900.747   323.836  -104.86   58.60
 170277.961   282.030  -110.81   51.45
 170655.137   246.362   -94.55   43.74
 171032.277   206.631  -105.33   47.91
 171409.379   172.955   -89.29   36.48
 171786.445   158.364   -38.69   23.41
 172163.474   163.785    14.38   28.28
 172540.466   188.381    65.23   41.86
 172917.421   216.524    74.65   39.42
 173294.339   235.900    51.40   33.64
 173671.220   249.627    36.41   35.92
 174048.065   263.199    36.01   35.69
 174424.873   281.945    49.74   41.87
 174801.644   305.863    63.47   52.69
 175178.378   330.631    65.73   52.43
 175555.075   339.524    23.60   55.60
 175931.736   340.011     1.29   58.45
 176308.360   345.006    13.26   58.85
 176684.947   367.664    60.16   77.46
 177061.498   423.113   147.23   83.37
 177438.011   466.527   115.28   56.25
 177814.488   458.202   -22.11   57.54
 178190.929   410.649  -126.30   84.30
 178567.332   339.955  -187.78   84.61
 178943.699   281.452  -155.41   61.43
 179320.030   256.631   -65.94   40.58
 179696.324   273.702    45.36   58.07
 180072.581   329.603   148.54   74.81
 180448.801   386.307   150.69   79.01
 180824.985   419.872    89.21   74.31
 181201.132   460.981   109.27   79.37
 181577.243   505.258   117.70   91.86
 181953.317   560.785   147.62  100.76
 182329.355   614.488   142.79   86.67
 182705.356   644.288    79.24   62.42
 183081.321   652.185    21.00   48.94
 183457.249   647.825   -11.59   44.93
 183833.140   639.854   -21.20   46.65
 184208.995   626.810   -34.70   56.03
 184584.814   604.740   -58.71   66.46
 184960.596   580.935   -63.34   76.00
 185336.342   560.457   -54.49   89.01
 185712.051   549.006   -30.47   90.85
 186087.724   519.745   -77.88   94.04
 186463.360   481.381  -102.11  101.73
 186838.960   453.118   -75.23  104.74
 187214.524   419.418   -89.71   99.55
 187590.051   379.609  -105.99   92.09
 187965.542   345.173   -91.69   83.49
 188340.996   314.627   -81.34   65.90
 188716.414   292.344   -59.34   56.79
 189091.796   265.256   -72.15   47.73
 189467.142   244.763   -54.59   42.94
 189842.451   227.159   -46.90   37.41
 190217.724   206.827   -54.17   37.89
 190592.960   188.208   -49.61   40.09
 190968.161   174.113   -37.56   32.62
 191343.325   174.173     0.16   32.61
 191718.453   198.238    64.14   48.03
 192093.545   231.363    88.29   48.42
 192468.600   260.077    76.55   50.06
 192843.619   291.327    83.31   65.91
 193218.602   310.844    52.04   70.41
 193593.549   331.090    53.99   71.97
 193968.460   353.955    60.98   72.92
 194343.334   376.256    59.48   68.90
 194718.173   404.066    74.18   59.30
 195092.975   420.917    44.95   51.75
 195467.741   434.272    35.63   40.68
 195842.471   418.310   -42.59   53.83
 196217.165   384.890   -89.17   61.37
 196591.823   346.758  -101.76   62.77
 196966.445   308.452  -102.23   51.83
 197341.031   273.650   -92.89   36.54
 197715.580   253.108   -54.83   36.26
 198090.094   247.399   -15.24   42.89
 198464.571   240.381   -18.74   45.14
 198839.013   227.881   -33.38   41.66
 199213.419   218.122   -26.06   30.26
 199587.788   217.488    -1.69   27.66
 199962.122   232.122    39.08   36.68
 200336.420   246.577    38.61   37.36
 200710.681   263.155    44.28   36.46
 201084.907   269.042    15.73   31.41
 201459.097   260.131   -23.81   32.63
 201833.251   248.827   -30.20   32.92
 202207.369   240.899   -21.19   31.29
 202581.451   243.417     6.73   38.80
 202955.498   246.667     8.69   48.91
 203329.508   239.381   -19.48   47.49
 203703.483   223.756   -41.77   40.81
 204077.421   218.192   -14.88   39.62
 204451.324   208.708   -25.36   40.31
 204825.191   204.992    -9.94   44.47
 205199.023   188.708   -43.55   38.33
 205572.818   171.667   -45.58   33.50
 205946.578   155.890   -42.20   23.04
 206320.302   144.756   -29.79   14.99
 206693.990   149.785    13.45   28.05
 207067.643   175.167    67.91   48.42
 207441.259   214.230   104.53   59.36
 207814.840   261.631   126.86   54.42
 208188.386   299.563   101.52   44.45
 208561.895   333.970    92.10   44.76
 208935.369   366.060    85.90   45.95
 209308.807   377.217    29.87   40.64
 209682.210   379.381     5.79   41.36
 210055.577   359.804   -52.42   40.29
 210428.908   322.167  -100.79   57.67
 210802.204   289.023   -88.77   69.75
 211175.464   259.927   -77.93   69.41
 211548.688   242.529   -46.60   67.46
 211921.877   240.785    -4.67   69.53
 212295.031   241.494     1.90   61.89
 212668.148   255.363    37.16   63.13
 213041.230   256.581     3.27   53.62
 213414.277   238.551   -48.32   54.93
 213787.288   209.095   -78.95   55.65
 214160.264   182.573   -71.09   35.37
 214533.204   177.399   -13.87   24.60
 214906.108   187.011    25.77   29.73
 215278.977   199.935    34.65   29.33
 215651.811   213.185    35.53   32.00
 216024.609   225.066    31.86   33.55
 216397.372   227.556     6.68   31.86
 216770.099   229.714     5.79   27.30
 217142.791   240.785    29.70   28.39
 217515.448   243.996     8.62   32.06
 217888.069   239.131   -13.05   33.12
 218260.654   240.777     4.42   37.19
 218633.205   246.863    16.33   51.15
 219005.719   261.727    39.89   56.09
 219378.199   278.539    45.13   49.12
 219750.643   278.381    -0.42   49.41
 220123.052   263.472   -40.03   47.50
 220495.426   245.613   -47.95   39.15
 220867.764   227.362   -49.01   32.36
 221240.067   211.345   -43.01   35.57
 221612.335   196.131   -40.86   39.73
 221984.567   174.925   -56.96   37.63
 222356.764   157.545   -46.69   20.92
 222728.926   156.792    -2.02   21.53
 223101.053   166.437    25.91   25.16
 223473.144   181.524    40.54   26.98
 223845.201   198.603    45.89   29.88
 224217.222   219.683    56.65   32.73
 224589.208   239.488    53.23   40.26
 224961.158   254.804    41.17   41.61
 225333.074   262.435    20.51   50.73
 225704.954   257.249   -13.94   54.21
 226076.799   233.872   -62.85   46.72
 226448.609   205.817   -75.44   46.51
 226820.384   172.023   -90.88   44.30
 227192.124   142.863   -78.42   30.78
 227563.829   134.145   -23.45   20.73
 227935.499   139.363    14.04   24.12
 228307.133   167.159    74.78   43.24
 228678.733   216.508   132.77   70.84
 229050.298   270.304   144.75   82.22
 229421.827   325.542   148.64   84.47
 229793.322   374.457   131.64   73.65
 230164.781   402.524    75.54   56.82
 230536.205   400.890    -4.40   50.19
 230907.595   374.238   -71.75   63.07
 231278.949   325.024  -132.50   76.26
 231650.269   273.585  -138.50   74.79
 232021.553   217.006  -152.35   63.01
 232392.803   182.085   -94.04   46.18
 232764.018   168.927   -35.44   37.45
 233135.197   174.418    14.79   41.52
 233506.342   185.890    30.90   42.81
 233877.452   203.475    47.37   35.92
 234248.527   221.827    49.44   35.74
 234619.568   242.381    55.38   46.87
 234990.573   277.720    95.23   59.33
 235361.543   312.566    93.91   49.08
 235732.479   318.233    15.27   41.22
 236103.380   316.167    -5.57   46.75
 236474.246   312.733    -9.26   44.42
 236845.077   299.524   -35.61   40.44
 237216.921   284.208   -41.18   40.68
 237594.798   274.745   -25.04   39.55
 237972.638   258.955   -41.78   47.32
 238350.442   229.506   -77.93   62.21
 238728.210   197.672   -84.25   60.32
 239105.941   176.654   -55.63   42.71
 239483.637   183.981    19.40   50.51
 239861.296   214.930    81.93   59.19
 240238.919   245.963    82.16   59.71
 240616.506   256.270    27.29   52.00
 240994.057   243.077   -34.93   51.46
 241371.572   215.626   -72.70   53.87
 241749.050   179.011   -96.98   41.90
 242126.493   160.599   -48.77   23.81
 242503.899   161.881     3.40   25.36
 242881.270   165.095     8.52   27.60
 243258.604   161.251   -10.18   31.40
 243635.902   144.381   -44.70   31.59
 244013.164   123.845   -54.42   20.77
 244390.391   117.196   -17.62   16.85
 244767.581   119.077     4.99   17.37
 245144.735   132.996    36.90   21.68
 245521.853   148.988    42.39   25.78
 245898.935   161.854    34.11   31.21
 246275.982   162.645     2.10   31.36
 246652.992   155.363   -19.31   31.67
 247029.966   148.900   -17.14   27.81
 247406.905   155.167    16.62   26.80
 247783.808   161.304    16.28   23.99
 248160.674   156.108   -13.78   26.83
 248537.505   142.287   -36.67   30.63
 248914.300   131.560   -28.46   33.95
 249291.059   112.419   -50.79   35.45
 249667.782    98.251   -37.60   32.20
 250044.469    86.095   -32.26   31.32
 250421.121    72.016   -37.37   37.81
 250797.737    52.613   -51.50   36.44
 251174.317    32.939   -52.23   23.49
 251550.861    22.256   -28.36    2.65
 251927.369    22.085    -0.45    2.58
 252303.842    22.214     0.34    2.72
 252680.278    22.667     1.20    3.09
 253056.680    22.758     0.24    2.95
 253433.045    23.381     1.65    3.23
 253809.374    24.060     1.80    3.23
 254185.668    24.807     1.98    2.96
 254561.927    25.640     2.21    2.44
 254938.149    26.307     1.77    1.61
 255314.336    26.292    -0.04    1.38
 255690.487    26.268    -0.06    1.17
 256066.603    26.560     0.78    1.11
 256442.683    26.910     0.93    1.03
 256818.727    27.202     0.78    1.15
 257194.736    27.863     1.75    1.65
 257570.709    28.988     2.99    2.22
 257946.646    30.419     3.80    2.43
 258322.548    32.029     4.28    2.28
 258698.414    33.472     3.84    2.13
 259074.245    34.843     3.65    2.42
 259450.040    36.881     5.42    3.15
 259825.800    39.192     6.15    4.21
 260201.524    41.685     6.63    5.38
 260577.213    45.963    11.38    7.09
 260952.866    49.454     9.29    8.05
 261328.484    54.399    13.16    8.12
 261704.066    60.304    15.72    7.31
 262079.613    61.381     2.87    6.73
 262455.124    60.612    -2.05    7.90
 262830.600    56.270   -11.56   10.57
 263206.041    52.290   -10.60    9.82
 263581.446    52.177    -0.30   10.41
 263956.816    53.345     3.11   10.47
 264332.150    55.626     6.08    8.91
 264707.449    52.679    -7.85    8.51
 265082.712    48.881   -10.12    8.81
 265457.941    44.817   -10.83    7.72
 265833.133    40.181   -12.35    6.47
 266208.291    37.435    -7.32    5.91
 266583.413    34.306    -8.34    4.49
 266958.500    32.529    -4.73    2.65
 267333.552    31.836    -1.85    1.68
 267708.568    31.670    -0.44    2.19
 268083.549    32.399     1.94    3.52
 268458.495    33.626     3.27    5.00
 268833.405    34.327     1.87    5.80
 269208.281    36.145     4.85    6.43
 269583.121    35.683    -1.23    6.50
 269957.926    32.524    -8.43    7.32
 270332.695    30.196    -6.21    6.74
 270707.430    27.381    -7.51    4.46
 271082.129    26.246    -3.03    2.95
 271456.793    26.127    -0.32    3.23
 271831.422    26.727     1.60    2.82
 272206.016    26.720    -0.02    2.86
 272580.575    25.751    -2.59    3.58
 272955.099    24.690    -2.83    4.35
 273329.587    23.585    -2.95    4.58
 273704.041    23.150    -1.16    4.57
 274078.459    22.881    -0.72    4.55
 274452.842    22.304    -1.54    4.50
 274827.190    21.595    -1.89    4.08
 275201.504    20.455    -3.05    3.55
 275575.782    19.185    -3.39    3.09
 275950.025    18.327    -2.29    3.38
 276324.233    17.636    -1.85    2.99
 276698.406    17.185    -1.20    3.09
 277072.544    16.823    -0.97    3.32
 277446.647    16.024    -2.14    4.07
 277820.715    15.758    -0.71    4.53
 278194.748    15.017    -1.98    4.62
 278568.747    14.566    -1.21    4.43
 278942.710    14.251    -0.84    4.07
 279316.638    14.470     0.59    3.91
 279690.532    15.214     1.99    4.18
 280064.390    16.145     2.49    4.80
 280438.214    19.930    10.12   12.53
 280812.003    33.937    37.46   25.45
 281185.757    48.532    39.04   30.24
 281559.476    67.845    51.66   32.48
 281933.160    72.307    11.94   29.67
 282306.810    69.988    -6.20   33.72
 282680.424    66.310    -9.84   36.96
 283054.004    58.566   -20.72   34.18
 283427.549    52.810   -15.41   30.53
 283801.059    54.496     4.51   29.37
 284174.535    50.452   -10.82   27.67
 284547.976    45.928   -12.11   28.01
 284921.382    37.363   -22.93   21.70
 285294.753    29.659   -20.63   10.67
 285668.089    29.985     0.87   12.85
 286041.391    33.999    10.75   15.70
 286414.658    35.287     3.45   17.20
 286787.890    38.508     8.63   20.52
 287161.088    38.093    -1.11   22.79
 287534.251    34.196   -10.44   19.29
 287907.380    32.155    -5.47   20.44
 288280.473    29.542    -7.00   20.58
 288653.532    27.751    -4.80   19.23
 289026.557    26.899    -2.28   18.72
 289399.547    30.214     8.89   25.45
 289772.502    36.048    15.64   35.06
 290145.423    36.006    -0.11   37.68
 290518.309    29.969   -16.18   33.96
 290891.160    21.738   -22.07   21.96
 291263.977    16.920   -12.92    4.50
 291636.760    16.955     0.10    4.66
 292009.508    17.844     2.38    5.15
 292382.221    18.170     0.87    5.48
 292754.900    18.613     1.19    5.47
 293127.544    18.844     0.62    5.55
 293500.154    19.436     1.59    5.31
 293872.730    19.343    -0.25    4.91
 294245.271    19.163    -0.48    4.47
 294617.777    19.073    -0.24    4.92
 294990.249    20.792     4.61    6.68
 295362.687    22.548     4.71    7.91
 295735.090    26.185     9.76   12.66
 296107.459    32.159    16.04   18.40
 296479.793    39.177    18.84   23.57
 296852.093    47.036    21.10   22.15
 297224.359    54.400    19.78   21.25
 297596.590    64.024    25.85   19.55
 297968.787    70.496    17.38   19.09
 298340.950    80.202    26.07   18.47
 298713.078    83.551     9.00   19.34
 299085.172    89.563    16.15   20.29
 299457.232    94.492    13.24   20.82
 299829.257    97.457     7.97   18.70
 300201.248   101.581    11.08   22.58
 300573.205   105.654    10.95   26.68
 300945.127   112.004    17.07   28.06
 301317.016   112.103     0.27   30.04
 301688.870   105.048   -18.97   25.31
 302060.689   101.612    -9.24   24.00
 302432.475    99.108    -6.73   18.50
 302804.226    98.459    -1.74   16.03
 303175.944    97.881    -1.56   12.94
 303547.627    95.492    -6.43   12.34
 303919.275    93.272    -5.97   15.28
 304290.890    88.542   -12.72   15.08
 304662.471    83.909   -12.46   14.17
 305034.017    80.738    -8.53   14.11
 305405.529    77.758    -8.02   13.23
 305777.007    75.455    -6.20   13.52
 306148.452    74.773    -1.84   14.33
 306519.861    70.788   -10.73   14.67
 306891.237    69.796    -2.67   12.35
 307262.579    72.127     6.27   11.28
 307633.887    72.640     1.38   11.02
 308005.161    75.720     8.29   10.55
 308376.400    74.920    -2.16    8.64
 308747.606    74.492    -1.15    8.21
 309118.777    75.622     3.04    7.93
 309489.915    75.004    -1.66    7.90
 309861.019    72.854    -5.79    8.12
 310232.088    69.821    -8.17    8.22
 310603.124    64.745   -13.68    8.38
 310974.126    60.455   -11.56    8.41
 311345.093    58.844    -4.34    9.30
 311716.027    58.659    -0.50   10.53
 312087.555    60.928     6.11   10.91
 312465.356    60.256    -1.78   11.36
 312843.121    60.815     1.48   10.49
 313220.851    57.344    -9.19   10.73
 313598.546    53.281   -10.75    8.84
 313976.205    51.454    -4.84    8.54
 314353.829    48.381    -8.13    7.08
 314731.418    47.072    -3.47    6.23
 315108.972    45.909    -3.08    5.42
 315486.491    45.400    -1.35    4.35
 315863.974    45.325    -0.20    2.55
 316241.422    45.853     1.40    2.17
 316618.835    46.545     1.83    2.28
 316996.213    47.475     2.47    2.95
 317373.555    48.720     3.30    4.41
 317750.863    51.004     6.05    6.06
 318128.135    52.966     5.20    6.76
 318505.373    53.006     0.11    6.57
 318882.575    53.246     0.64    6.12
 319259.742    53.952     1.87    5.50
 319636.874    56.815     7.59    6.23
 320013.971    60.817    10.61    6.67
 320391.033    66.970    16.31    7.54
 320768.060    74.381    19.65   11.00
 321145.052    85.603    29.76   16.05
 321522.008    95.702    26.78   18.62
 321898.930    96.199     1.32   17.52
 322275.817    86.918   -24.62   18.44
 322652.669    75.589   -30.05   14.16
 323029.486    69.202   -16.94    9.62
 323406.268    71.890     7.13   12.98
 323783.014    82.917    29.26   20.59
 324159.726    92.189    24.60   20.51
 324536.403   100.474    21.99   22.66
 324913.046   113.963    35.80   28.70
 325289.653   123.985    26.60   27.07
 325666.225   129.545    14.76   25.08
 326042.763   124.815   -12.56   24.78
 326419.265   112.963   -31.47   17.32
 326795.733   104.341   -22.89   13.31
 327172.166    99.770   -12.14    9.60
 327548.564    97.492    -6.05    8.00
 327924.927    94.825    -7.08    7.37
 328301.256    91.475    -8.90    7.87
 328677.549    88.589    -7.67    7.91
 329053.808    84.214   -11.62    7.46
 329430.032    82.458    -4.67    6.85
 329806.221    83.238     2.07    7.34
 330182.376    84.683     3.84    6.98
 330558.496    84.761     0.21    6.28
 330934.581    84.881     0.32    6.01
