# NaN NaN NaN ;Mean Elev.(m), Avg Gradient(m/km), RMS Gradient(m/km) - SRTM1     
#    7.094  -4.058  32.767 ;Mean Elev.(m), Avg Gradient(m/km), RMS Gradient(m/km) - ASTER GDEM
#    0.043  -4.284  31.907 ;Mean Elev.(m), Avg Gradient(m/km), RMS Gradient(m/km) - GMTED2010 
  7     1.068 52468.49568587 12.24 140.047851  53.204968 20.915
  7     1.097 52468.49568652 13.44 140.046251  53.208188 20.915
  7     1.024 52468.49568716 13.59 140.044651  53.211408 20.915
  7     0.809 52468.49568781 15.87 140.043051  53.214628 20.915
  7     1.062 52468.49568845 16.55 140.041451  53.217838 20.915
  7     1.278 52468.49568910 23.84 140.039841  53.221058 20.915
  8    -1.239 52503.49567391 12.97 140.050563  53.204063 21.649
  8    -1.045 52503.49567455 15.23 140.048963  53.207283 21.649
  8    -1.412 52503.49567520 16.22 140.047353  53.210493 21.649
  8    -1.248 52503.49567584 17.34 140.045753  53.213713 21.649
  8    -1.031 52503.49567649 17.84 140.044153  53.216933 21.649
  8    -0.920 52503.49567713 21.18 140.042553  53.220153 21.649
  8    -0.841 52503.49567778 29.45 140.040953  53.223373 21.649
  9     1.396 52538.49565869  9.76 140.039389  53.205537 10.143
  9     1.188 52538.49565933 11.19 140.037789  53.208757 10.143
  9     1.384 52538.49565998 12.11 140.036189  53.211977 10.143
  9     1.007 52538.49566062 13.61 140.034589  53.215197 10.143
  9     0.951 52538.49566127 18.20 140.032979  53.218417 10.143
  9     1.180 52538.49566191 27.02 140.031379  53.221637 10.143
 10    -1.038 52573.49569956 19.09 140.043943  53.205373 12.436
 10    -0.564 52573.49570021 20.40 140.042343  53.208593 12.436
 10    -0.088 52573.49570085 21.39 140.040743  53.211803 12.436
 10     0.558 52573.49570150 23.56 140.039143  53.215023 12.436
 10     0.748 52573.49570214 24.84 140.037543  53.218243 12.436
 10     0.911 52573.49570279 27.74 140.035933  53.221463 12.436
 11     0.611 52608.49565724 22.40 140.054430  53.202478  5.936
 11     0.556 52608.49565789 23.60 140.052830  53.205698  5.936
 11     0.585 52608.49565853 24.06 140.051220  53.208918  5.936
 11     0.530 52608.49565918 25.31 140.049620  53.212138  5.936
 11     0.486 52608.49565982 25.18 140.048020  53.215358  5.936
 11     0.541 52608.49566047 24.53 140.046420  53.218578  5.936
 11     0.604 52608.49566111 23.68 140.044820  53.221798  5.936
 12     0.755 52643.49565264 16.28 140.043868  53.203326  4.400
 12     0.686 52643.49565328 18.04 140.042268  53.206546  4.400
 12     0.737 52643.49565393 18.98 140.040668  53.209766  4.400
 12     0.832 52643.49565457 18.58 140.039068  53.212986  4.400
 12     0.730 52643.49565522 19.13 140.037458  53.216196  4.400
 12     0.822 52643.49565586 17.62 140.035858  53.219416  4.400
 12     0.738 52643.49565650 17.17 140.034258  53.222636  4.400
 13     0.708 52678.49563431 11.72 140.056759  53.204754  2.214
 13     0.697 52678.49563496 12.22 140.055159  53.207974  2.214
 13     0.630 52678.49563560 12.31 140.053559  53.211194  2.214
 13     0.398 52678.49563625 14.09 140.051958  53.214419  2.571
 13     0.831 52678.49563754 13.10 140.048748  53.220859  2.571
 13     0.971 52678.49563818 12.78 140.047148  53.224069  2.571
 15     0.650 52748.49569992 14.47 140.044084  53.205042 14.957
 15     0.688 52748.49570056 16.05 140.042484  53.208262 14.957
 15     0.431 52748.49570121 18.96 140.040874  53.211482 14.957
 15     0.555 52748.49570185 21.24 140.039274  53.214702 14.957
 15     1.005 52748.49570250 21.76 140.037674  53.217922 14.957
 15     1.279 52748.49570314 24.30 140.036074  53.221142 14.957
 16     0.347 52783.49564102 15.76 140.037231  53.204595 15.149
 16    -0.773 52783.49564166 20.03 140.035631  53.207815 15.149
 16    -0.126 52783.49564231 19.66 140.034021  53.211035 15.149
 16     0.418 52783.49564295 21.58 140.032421  53.214255 15.149
 16     0.863 52783.49564360 22.64 140.030821  53.217475 15.149
 16     1.071 52783.49564424 26.49 140.029211  53.220695 15.149
 16     1.346 52783.49564489 28.73 140.027611  53.223915 15.149
 17    -2.156 52818.49571805 17.60 140.038669  53.203174 17.644
 17    -1.363 52818.49571869 19.60 140.037059  53.206384 17.644
 17    -0.522 52818.49571934 19.41 140.035459  53.209604 17.644
 17     0.034 52818.49571998 20.26 140.033859  53.212824 17.644
 17     0.492 52818.49572063 22.53 140.032259  53.216044 17.644
 17     0.856 52818.49572127 22.82 140.030649  53.219264 17.644
 17     0.971 52818.49572192 25.45 140.029049  53.222484 17.644
 18    -1.748 52853.49576757 26.02 140.045880  53.204606 22.627
 18    -0.859 52853.49576822 27.87 140.044270  53.207826 22.627
 18    -0.398 52853.49576886 30.34 140.042670  53.211036 22.627
 18     0.768 52853.49576951 25.66 140.041070  53.214256 22.627
 18     1.069 52853.49577015 24.73 140.039470  53.217476 22.627
 18     1.424 52853.49577080 23.67 140.037860  53.220696 22.627
 18     1.305 52853.49577144 30.93 140.036260  53.223916 22.627
 20     1.897 52923.49575502 14.26 140.055134  53.203430 29.207
 20     2.120 52923.49575566 17.27 140.053534  53.206640 29.207
 20     2.390 52923.49575631 18.06 140.051934  53.209860 29.207
 20     3.110 52923.49575695 16.81 140.050334  53.213080 29.207
 20     3.320 52923.49575760 19.08 140.048734  53.216300 29.207
 20     2.489 52923.49575824 19.90 140.047134  53.219520 29.207
 20     2.633 52923.49575888 24.40 140.045534  53.222740 29.207
 21     0.813 52958.49572130 40.30 140.049081  53.202986 15.904
 21     0.716 52958.49572194 42.92 140.047481  53.206206 15.904
 21     0.697 52958.49572259 45.17 140.045881  53.209426 15.904
 21     0.839 52958.49572323 44.77 140.044281  53.212636 15.904
 21     0.904 52958.49572388 44.87 140.042671  53.215856 15.904
 21     0.847 52958.49572452 42.84 140.041071  53.219076 15.904
 21     0.774 52958.49572517 40.07 140.039471  53.222296 15.904
 22     0.381 52993.49574841 18.79 140.049287  53.203175  4.064
 22     0.500 52993.49574906 19.75 140.047687  53.206395  4.064
 22     0.548 52993.49574970 20.24 140.046087  53.209615  4.064
 22     0.578 52993.49575035 20.77 140.044487  53.212835  4.064
 22     0.562 52993.49575099 21.41 140.042877  53.216055  4.064
 22     0.525 52993.49575164 20.85 140.041277  53.219275  4.064
 22     0.453 52993.49575228 20.49 140.039677  53.222495  4.064
 23     0.705 53028.49571304 17.41 140.059743  53.204075  4.038
 23     0.880 53028.49571369 17.38 140.058143  53.207295  4.038
 23     0.724 53028.49571433 17.81 140.056543  53.210515  4.038
 24     0.857 53063.49572120 17.26 140.052819  53.203668  4.398
 24     0.971 53063.49572184 17.68 140.051219  53.206888  4.398
 24     0.986 53063.49572249 17.66 140.049609  53.210108  4.398
 24     0.827 53063.49572313 18.94 140.048009  53.213328  4.398
 24     0.822 53063.49572378 19.16 140.046409  53.216548  4.398
 24     0.852 53063.49572442 17.83 140.044809  53.219768  4.398
 24     0.888 53063.49572507 17.32 140.043199  53.222988  4.398
 25     1.036 53098.49573711  9.75 140.050021  53.204439  2.027
 25     1.098 53098.49573775 10.05 140.048425  53.207665  2.817
 25     0.992 53098.49573840 10.67 140.046825  53.210885  2.817
 25     0.888 53098.49573904 11.23 140.045225  53.214105  2.817
 25     0.955 53098.49573969 11.28 140.043615  53.217325  2.817
 25     0.883 53098.49574033 11.26 140.042015  53.220535  2.817
 25     0.786 53098.49574098 10.86 140.040415  53.223755  2.817
 26     7.517 53133.49571970 29.03 140.053626  53.203635 29.776
 26     5.463 53133.49572034 21.20 140.052016  53.206855 29.776
 26     3.928 53133.49572099 23.43 140.050416  53.210075 29.776
 26     4.332 53133.49572163 27.33 140.048816  53.213295 29.776
 26     4.372 53133.49572228 32.37 140.047216  53.216515 29.776
 26     4.101 53133.49572292 29.95 140.045606  53.219735 29.776
 26     4.432 53133.49572357 26.76 140.044006  53.222955 29.776
 28     6.002 53203.49579382 18.38 140.047035  53.204012 20.882
 28     0.981 53203.49579446 18.22 140.045435  53.207232 20.882
 28     1.145 53203.49579511 19.80 140.043835  53.210452 20.882
 28     1.038 53203.49579575 20.04 140.042235  53.213672 20.882
 28     1.281 53203.49579640 20.85 140.040625  53.216892 20.882
 28     1.572 53203.49579704 23.26 140.039025  53.220112 20.882
 28     1.709 53203.49579769 31.34 140.037425  53.223332 20.882
 29     2.741 53238.49576205 18.13 140.059805  53.204636 28.174
 29     2.402 53238.49576270 19.42 140.058205  53.207846 28.174
 29     2.482 53238.49576334 20.37 140.056605  53.211066 28.174
 30     2.539 53273.49572326 15.68 140.039787  53.204582 12.730
 30     1.452 53273.49572391 16.54 140.038177  53.207802 12.730
 30     1.251 53273.49572455 18.10 140.036577  53.211022 12.730
 30     0.978 53273.49572519 19.72 140.034977  53.214242 12.730
 30     1.031 53273.49572584 21.58 140.033367  53.217462 12.730
 30     1.297 53273.49572648 22.97 140.031767  53.220682 12.730
 30     1.359 53273.49572713 31.32 140.030157  53.223902 12.730
 31     1.376 53308.49578082 45.59 140.040931  53.204504 37.143
 31     2.862 53308.49578146 50.12 140.039331  53.207724 37.143
 31     2.850 53308.49578210 46.46 140.037731  53.210944 37.143
 31     2.279 53308.49578275 46.81 140.036131  53.214164 37.143
 31     0.887 53308.49578404 52.62 140.032921  53.220604 37.143
 31     1.044 53308.49578468 49.36 140.031321  53.223824 37.143
 33     0.353 53378.49568963 18.53 140.041191  53.205449  3.809
 33     0.368 53378.49569028 19.11 140.039591  53.208669  3.809
 33     0.304 53378.49569092 19.22 140.037991  53.211889  3.809
 33     0.467 53378.49569157 19.51 140.036381  53.215109  3.809
 33     0.414 53378.49569221 19.90 140.034781  53.218329  3.809
 33     0.388 53378.49569286 19.67 140.033181  53.221549  3.809
 34     0.222 53413.49572302 14.80 140.054165  53.203437  3.196
 34     0.468 53413.49572366 15.22 140.052565  53.206647  3.196
 34     0.392 53413.49572431 16.17 140.050965  53.209867  3.196
 34     0.427 53413.49572495 16.10 140.049365  53.213087  3.196
 34     0.521 53413.49572559 16.16 140.047765  53.216307  3.196
 34     0.679 53413.49572624 15.98 140.046155  53.219527  3.196
 34     0.462 53413.49572688 15.74 140.044555  53.222747  3.196
 35    -0.207 53448.49571246 13.03 140.037781  53.204728  2.632
 35     0.026 53448.49571310 13.68 140.036181  53.207948  2.632
 35     0.074 53448.49571374 14.38 140.034581  53.211168  2.632
 35    -0.041 53448.49571439 15.14 140.032975  53.214388  2.867
 35     0.264 53448.49571503 13.73 140.031375  53.217608  2.867
 35    -0.255 53448.49571568 13.44 140.029765  53.220828  2.867
 35     0.277 53448.49571632 13.04 140.028165  53.224048  2.867
 36     3.502 53483.49579762  3.71 140.038158  53.203507  1.998
 36     3.222 53483.49579826  3.73 140.036558  53.206727  1.998
 36     2.425 53483.49579891  3.81 140.034948  53.209947  1.998
 36     1.854 53483.49579955  4.08 140.033348  53.213167  1.998
 36     1.848 53483.49580020  3.76 140.031748  53.216387  1.998
 36     1.799 53483.49580084  3.42 140.030148  53.219607  1.998
 36     2.087 53483.49580148  3.58 140.028538  53.222827  1.998
 37    19.559 53518.49579659 20.04 140.051671  53.203968 22.035
 37     6.138 53518.49579724 19.26 140.050071  53.207188 22.035
 37     3.238 53518.49579788 21.21 140.048471  53.210408 22.035
 37     3.546 53518.49579853 22.46 140.046861  53.213628 22.035
 37     3.432 53518.49579917 24.01 140.045261  53.216848 22.035
 37     3.468 53518.49579982 24.39 140.043661  53.220068 22.035
 37     3.233 53518.49580046 24.24 140.042061  53.223288 22.035
 38     0.961 53553.49581855 16.11 140.043419  53.203790 18.836
 38     1.407 53553.49581920 16.95 140.041819  53.207010 18.836
 38     1.474 53553.49581984 18.89 140.040219  53.210230 18.836
 38     1.423 53553.49582049 21.32 140.038609  53.213450 18.836
 38     1.740 53553.49582113 24.34 140.037009  53.216670 18.836
 38     2.243 53553.49582178 24.08 140.035409  53.219890 18.836
 38     2.395 53553.49582242 26.09 140.033809  53.223110 18.836
 39     0.984 53588.49576682 13.03 140.059101  53.202945 28.374
 39     1.119 53588.49576746 13.62 140.057501  53.206155 28.374
 39     1.179 53588.49576811 17.01 140.055901  53.209375 28.374
 39     1.286 53588.49576875 19.11 140.054301  53.212595 28.374
 41     1.203 53658.49576740 15.62 140.042747  53.203530 20.789
 41     1.099 53658.49576804 15.68 140.041147  53.206750 20.789
 41     0.600 53658.49576869 17.56 140.039547  53.209970 20.789
 41     0.249 53658.49576933 22.80 140.037937  53.213190 20.789
 41     0.500 53658.49576998 25.61 140.036337  53.216410 20.789
 41     0.906 53658.49577062 26.47 140.034737  53.219630 20.789
 41     1.039 53658.49577127 27.62 140.033127  53.222850 20.789
 42     0.558 53693.49574757 49.54 140.051334  53.204726 24.437
 42     1.044 53693.49574822 49.09 140.049734  53.207946 24.437
 42     0.581 53693.49574886 51.01 140.048134  53.211166 24.437
 42     0.650 53693.49574951 48.69 140.046534  53.214386 24.437
 42     0.636 53693.49575015 48.37 140.044934  53.217606 24.437
 42     0.546 53693.49575080 42.85 140.043324  53.220826 24.437
 42     0.612 53693.49575144 33.44 140.041724  53.224046 24.437
 43     0.174 53728.49567020 17.14 140.061719  53.203280  3.480
 43     0.303 53728.49567084 17.40 140.060119  53.206500  3.480
 43     0.364 53728.49567149 18.14 140.058519  53.209710  3.480
 44     0.976 53763.49563030 11.26 140.049965  53.204352  3.709
 44     1.393 53763.49563095 11.16 140.048365  53.207572  3.709
 44     0.602 53763.49563159 11.20 140.046765  53.210792  3.709
 44     0.509 53763.49563223 12.44 140.045155  53.214012  3.709
 44     0.889 53763.49563288 12.51 140.043555  53.217232  3.709
 44     0.671 53763.49563352 13.08 140.041955  53.220452  3.709
 44     0.869 53763.49563417 12.60 140.040345  53.223672  3.709
 45     0.685 53798.49563895  9.80 140.059218  53.204343  2.501
 45     0.669 53798.49563960  9.64 140.057618  53.207553  2.501
 45     0.631 53798.49564024 10.24 140.056018  53.210773  2.501
 47     8.911 53868.49569929 29.66 140.044218  53.202931 39.144
 47     7.157 53868.49569994 21.52 140.042618  53.206151 39.144
 47     9.218 53868.49570058 30.18 140.041018  53.209371 39.144
 47     9.233 53868.49570123 32.72 140.039418  53.212581 39.144
 47     7.085 53868.49570187 28.10 140.037808  53.215801 39.144
 47     5.743 53868.49570252 23.73 140.036208  53.219021 39.144
 47     5.516 53868.49570316 22.59 140.034608  53.222241 39.144
 48     0.839 53903.49573175 15.07 140.046832  53.203523 18.840
 48    -0.012 53903.49573240 17.19 140.045222  53.206743 18.840
 48     0.542 53903.49573304 18.34 140.043622  53.209963 18.840
 48     0.932 53903.49573369 17.91 140.042022  53.213183 18.840
 48     1.207 53903.49573433 19.01 140.040422  53.216403 18.840
 48     1.436 53903.49573498 24.08 140.038822  53.219623 18.840
 48     1.646 53903.49573562 31.27 140.037212  53.222843 18.840
 49    -0.841 53938.49576765 17.07 140.037946  53.204014 16.958
 49    -0.226 53938.49576830 18.60 140.036346  53.207234 16.958
 49     0.641 53938.49576894 19.00 140.034736  53.210444 16.958
 49     1.276 53938.49576959 20.28 140.033136  53.213664 16.958
 49     1.801 53938.49577023 22.52 140.031536  53.216884 16.958
 49     2.084 53938.49577088 24.84 140.029936  53.220104 16.958
 49     2.286 53938.49577152 26.51 140.028326  53.223324 16.958
 50     2.880 53973.49572936 16.65 140.050224  53.206137 26.380
 50     1.866 53973.49573000 17.06 140.048624  53.209357 26.380
 50     1.883 53973.49573065 19.36 140.047024  53.212577 26.380
 50     1.892 53973.49573129 20.67 140.045414  53.215797 26.380
 50     1.792 53973.49573194 23.44 140.043814  53.219007 26.380
 50     2.262 53973.49573258 25.36 140.042214  53.222227 26.380
 51     1.420 54008.49572227 33.93 140.034946  53.218126 17.180
 51     1.555 54008.49572292 33.33 140.033346  53.221346 17.180
 52     1.249 54043.49574111 48.65 140.050263  53.204601 23.202
 52     1.513 54043.49574175 44.31 140.048653  53.207821 23.202
 52     1.171 54043.49574240 48.48 140.047053  53.211041 23.202
 52     1.265 54043.49574304 45.89 140.045453  53.214261 23.202
 52     1.163 54043.49574369 46.52 140.043853  53.217481 23.202
 52     1.098 54043.49574433 51.22 140.042253  53.220691 23.202
 52     1.272 54043.49574497 41.38 140.040643  53.223911 23.202
 53     0.540 54078.49573434 12.84 140.053902  53.203081  1.856
 53     0.664 54078.49573498 12.92 140.052302  53.206306  2.808
 53     0.586 54078.49573563 14.03 140.050702  53.209526  2.808
 53     0.586 54078.49573627 14.42 140.049102  53.212746  2.808
 53     0.489 54078.49573692 14.98 140.047502  53.215966  2.808
 53     0.549 54078.49573756 14.36 140.045892  53.219186  2.808
 53     0.456 54078.49573821 14.07 140.044292  53.222396  2.808
 54     0.854 54113.49567208 12.03 140.058992  53.203885  1.714
 54     0.952 54113.49567272 12.27 140.057383  53.207103  2.421
 54     0.797 54113.49567337 12.74 140.055783  53.210323  2.421
 56     1.665 54183.49566148 11.33 140.057626  53.204999  2.225
 56     1.383 54183.49566212 11.55 140.056026  53.208219  2.225
 56     1.301 54183.49566277 11.94 140.054426  53.211439  2.225
 57     2.347 54218.49568903 23.08 140.043166  53.205396 15.499
 57     1.278 54218.49568967 21.55 140.041566  53.208616 15.499
 57     0.774 54218.49569032 22.74 140.039966  53.211826 15.499
 57     0.909 54218.49569096 24.12 140.038366  53.215046 15.499
 57     1.352 54218.49569161 27.32 140.036756  53.218266 15.499
 57     1.553 54218.49569225 31.28 140.035156  53.221486 15.499
 58     1.819 54253.49571703 28.28 140.039715  53.220131 10.586
 58     1.912 54253.49571767 30.58 140.038105  53.223351 10.586
 59     2.736 54288.49571718 12.51 140.052808  53.203246 12.953
 59     1.088 54288.49571783 12.79 140.051208  53.206466 12.953
 59     0.883 54288.49571847 14.65 140.049608  53.209686 12.953
 59     0.796 54288.49571912 16.68 140.047998  53.212906 12.953
 59     0.735 54288.49571976 20.43 140.046398  53.216126 12.953
 59     0.794 54288.49572041 24.15 140.044798  53.219346 12.953
 59     1.157 54288.49572105 27.01 140.043198  53.222566 12.953
 60     2.075 54323.49571494 17.81 140.050916  53.205309  8.484
 60     2.169 54323.49571558 17.85 140.049306  53.208529  8.484
 60     2.125 54323.49571623 19.12 140.047706  53.211749  8.484
 60     2.134 54323.49571687 18.95 140.046106  53.214969  8.484
 60     3.044 54323.49571752 21.23 140.044506  53.218189  8.484
 60     1.497 54323.49571816 24.40 140.042906  53.221399  8.484
 61     1.128 54358.49567148 21.24 140.058462  53.206020 18.824
 61     1.270 54358.49567212 22.61 140.056862  53.209240 18.824
 61     1.277 54358.49567277 24.63 140.055262  53.212460 18.824
 62     3.359 54393.49565466 15.83 140.049983  53.202419 13.766
 62     2.842 54393.49565531 13.36 140.048383  53.205639 13.766
 62     0.789 54393.49565595 14.58 140.046783  53.208859 13.766
 62     0.515 54393.49565660 18.12 140.045173  53.212079 13.766
 62     0.463 54393.49565724 20.63 140.043573  53.215299 13.766
 62     0.789 54393.49565789 23.12 140.041973  53.218509 13.766
 62     1.090 54393.49565853 27.85 140.040373  53.221729 13.766
 63     0.583 54428.49562093 26.20 140.055882  53.202529  5.350
 63     0.662 54428.49562158 28.04 140.054282  53.205749  5.350
 63     0.644 54428.49562222 29.04 140.052682  53.208969  5.350
 63     0.592 54428.49562287 28.80 140.051082  53.212189  5.350
 63     0.618 54428.49562351 29.38 140.049472  53.215409  5.350
 63     0.389 54428.49562480 28.27 140.046272  53.221849  5.350
 64     0.434 54463.49563372 16.04 140.046701  53.204279  3.190
 64     0.521 54463.49563437 16.58 140.045091  53.207499  3.190
 64     0.525 54463.49563501 17.50 140.043491  53.210719  3.190
 64     0.639 54463.49563565 17.97 140.041891  53.213939  3.190
 64     0.507 54463.49563630 17.86 140.040291  53.217159  3.190
 64     0.429 54463.49563694 18.70 140.038681  53.220369  3.190
 64     0.383 54463.49563759 18.08 140.037081  53.223589  3.190
 65     0.635 54498.49563048 14.72 140.055278  53.202338  2.616
 65     0.801 54498.49563112 15.24 140.053678  53.205558  2.616
 65     0.781 54498.49563176 16.10 140.052078  53.208778  2.616
 65     0.706 54498.49563241 17.34 140.050468  53.211988  2.616
 65     0.657 54498.49563305 17.43 140.048868  53.215208  2.616
 65     0.655 54498.49563434 17.21 140.045671  53.221652  2.909
 66     0.688 54533.49564740 13.43 140.050052  53.203941  3.319
 66     0.764 54533.49564804 13.61 140.048452  53.207161  3.319
 66     0.706 54533.49564869 14.75 140.046852  53.210381  3.319
 66     0.664 54533.49564933 15.21 140.045242  53.213601  3.319
 66     0.724 54533.49564998 15.33 140.043642  53.216821  3.319
 66     0.635 54533.49565062 15.55 140.042042  53.220041  3.319
 66     0.599 54533.49565126 15.00 140.040442  53.223261  3.319
 68     5.136 54603.49564267 18.54 140.047294  53.204589 16.939
 68     2.709 54603.49564331 13.96 140.045694  53.207809 16.939
 68     1.855 54603.49564395 15.87 140.044094  53.211029 16.939
 68     1.312 54603.49564460 17.19 140.042484  53.214249 16.939
 68     1.429 54603.49564524 19.87 140.040884  53.217469 16.939
 68     1.508 54603.49564589 23.87 140.039284  53.220689 16.939
 68     1.647 54603.49564653 32.35 140.037684  53.223909 16.939
 69     1.282 54638.49565296 24.08 140.050135  53.203512 19.194
 69     1.245 54638.49565360 25.01 140.048535  53.206722 19.194
 69     0.871 54638.49565425 28.54 140.046935  53.209942 19.194
 69     0.393 54638.49565489 33.12 140.045335  53.213162 19.194
 69     1.153 54638.49565554 25.88 140.043725  53.216382 19.194
 69     1.214 54638.49565618 27.73 140.042125  53.219602 19.194
 69     1.369 54638.49565683 30.31 140.040525  53.222822 19.194
 70     0.841 54673.49565622 16.84 140.049111  53.205090 15.763
 70     0.571 54673.49565687 20.01 140.047511  53.208310 15.763
 70     0.514 54673.49565751 19.36 140.045911  53.211530 15.763
 70     0.235 54673.49565816 20.54 140.044311  53.214750 15.763
 70     0.630 54673.49565880 24.74 140.042701  53.217970 15.763
 70     0.903 54673.49565945 28.41 140.041101  53.221190 15.763
 71     1.248 54708.49561445 14.11 140.056655  53.204997 21.709
 71     1.366 54708.49561510 16.70 140.055055  53.208217 21.709
 71     1.114 54708.49561574 18.83 140.053455  53.211427 21.709
 71     1.277 54708.49561639 19.50 140.051855  53.214647 21.709
 71     1.174 54708.49561767 25.83 140.048645  53.221087 21.709
 72     0.140 54743.49562216 17.91 140.046957  53.205016 19.202
 72     0.369 54743.49562281 19.14 140.045357  53.208236 19.202
 72    -0.049 54743.49562345 20.73 140.043757  53.211456 19.202
 72     0.354 54743.49562410 22.34 140.042147  53.214676 19.202
 72     0.729 54743.49562474 20.98 140.040547  53.217896 19.202
 72     0.950 54743.49562539 25.86 140.038947  53.221116 19.202
 73    -0.521 54778.49559631 14.42 140.054475  53.202860 20.059
 73    -0.658 54778.49559695 16.80 140.052875  53.206080 20.059
 73    -0.109 54778.49559760 18.89 140.051275  53.209290 20.059
 73     0.318 54778.49559824 17.83 140.049675  53.212510 20.059
 73     0.226 54778.49559889 20.41 140.048075  53.215730 20.059
 73     0.617 54778.49559953 21.76 140.046465  53.218950 20.059
 73     0.954 54778.49560018 27.45 140.044865  53.222170 20.059
 74     0.781 54813.49561550 12.85 140.044945  53.204337  3.227
 74     0.720 54813.49561614 14.11 140.043345  53.207557  3.227
 74     0.777 54813.49561679 14.64 140.041745  53.210777  3.227
 74     0.729 54813.49561743 14.54 140.040135  53.213997  3.227
 74     0.860 54813.49561808 14.24 140.038535  53.217217  3.227
 74     0.904 54813.49561872 13.91 140.036935  53.220437  3.227
 74     0.900 54813.49561936 13.98 140.035325  53.223657  3.227
 75     0.544 54848.49559598 10.76 140.055062  53.202261  2.698
 75     0.571 54848.49559662 10.91 140.053462  53.205481  2.698
 75     0.447 54848.49559727 11.88 140.051862  53.208691  2.698
 75     0.471 54848.49559791 12.11 140.050262  53.211911  2.698
 75     0.269 54848.49559855 12.40 140.048662  53.215131  2.698
 75     0.689 54848.49559984 11.94 140.045452  53.221571  2.698
 76     2.129 54883.49561870 11.33 140.046302  53.203949  2.603
 76     1.065 54883.49561935 11.84 140.044702  53.207169  2.603
 76     0.652 54883.49561999 12.82 140.043102  53.210389  2.603
 76     0.712 54883.49562064 12.62 140.041492  53.213609  2.603
 76     0.879 54883.49562128 12.28 140.039892  53.216829  2.603
 76     0.798 54883.49562193 12.74 140.038292  53.220049  2.603
 76     0.817 54883.49562257 13.00 140.036692  53.223269  2.603
 77     1.832 54918.49559846  9.70 140.056326  53.203541  2.142
 77     2.095 54918.49559911  9.29 140.054726  53.206761  2.142
 77     1.332 54918.49559975 10.00 140.053126  53.209981  2.142
 77     0.839 54918.49560040 10.50 140.051526  53.213201  2.142
 77     1.192 54918.49560169 10.05 140.048316  53.219641  2.142
 77     1.605 54918.49560233  9.89 140.046716  53.222861  2.142
 78     2.059 54953.49561317 36.53 140.046960  53.202386 31.574
 78     1.948 54953.49561382 30.95 140.045360  53.205606 31.574
 78     1.875 54953.49561446 31.01 140.043760  53.208826 31.574
 78     1.921 54953.49561511 34.39 140.042150  53.212046 31.574
 78     1.919 54953.49561575 37.01 140.040550  53.215266 31.574
 78     1.898 54953.49561640 36.53 140.038950  53.218486 31.574
 78     1.842 54953.49561704 36.91 140.037350  53.221706 31.574
 79     1.563 54988.49563741 16.73 140.045858  53.203520 17.392
 79     1.229 54988.49563805 17.88 140.044258  53.206740 17.392
 79     1.080 54988.49563870 18.15 140.042658  53.209960 17.392
 79     1.355 54988.49563934 18.82 140.041048  53.213180 17.392
 79     1.156 54988.49563998 20.23 140.039448  53.216400 17.392
 79     1.410 54988.49564063 19.95 140.037848  53.219620 17.392
 79     1.438 54988.49564127 28.48 140.036248  53.222840 17.392
 80     1.565 55023.49562885 14.34 140.054106  53.202704 22.148
 80     1.318 55023.49562950 16.08 140.052506  53.205924 22.148
 80     1.251 55023.49563014 17.70 140.050906  53.209144 22.148
 80     1.408 55023.49563079 19.17 140.049296  53.212364 22.148
 80     1.531 55023.49563143 20.29 140.047696  53.215584 22.148
 80     1.636 55023.49563208 20.83 140.046096  53.218804 22.148
 80     1.877 55023.49563272 24.69 140.044496  53.222024 22.148
 81     1.032 55058.49562431 15.39 140.052152  53.202768 24.548
 81     1.604 55058.49562495 16.37 140.050552  53.205978 24.548
 81     1.948 55058.49562560 17.09 140.048952  53.209198 24.548
 81     2.049 55058.49562624 18.69 140.047352  53.212418 24.548
 81     2.025 55058.49562689 20.73 140.045752  53.215638 24.548
 81     2.057 55058.49562753 24.18 140.044142  53.218858 24.548
 81     2.357 55058.49562818 24.65 140.042542  53.222078 24.548
 82     2.587 55093.49557875 24.07 140.057169  53.203943 33.141
 82     2.399 55093.49557939 25.00 140.055569  53.207163 33.141
 82     2.668 55093.49558004 26.06 140.053969  53.210383 33.141
 82     2.744 55093.49558068 28.47 140.052369  53.213603 33.141
 82     2.853 55093.49558197 31.78 140.049169  53.220043 33.141
 82     2.719 55093.49558262 31.02 140.047569  53.223263 33.141
 83     2.842 55128.49556533 19.84 140.048027  53.204865 22.109
 83     1.442 55128.49556597 19.44 140.046427  53.208085 22.109
 83     1.032 55128.49556662 23.08 140.044827  53.211305 22.109
 83     1.423 55128.49556726 23.58 140.043217  53.214525 22.109
 83     1.642 55128.49556791 28.03 140.041617  53.217745 22.109
 83     1.836 55128.49556855 27.63 140.040017  53.220965 22.109
 84     0.700 55163.49554055 26.91 140.052353  53.205226  6.061
 84     0.848 55163.49554120 28.16 140.050753  53.208446  6.061
 84     0.878 55163.49554184 28.17 140.049153  53.211656  6.061
 84     0.676 55163.49554249 28.53 140.047553  53.214876  6.061
 84     0.708 55163.49554313 28.15 140.045953  53.218096  6.061
 84     0.697 55163.49554378 28.02 140.044353  53.221316  6.061
 85     0.481 55198.49555681 13.95 140.045535  53.204134  4.298
 85     0.958 55198.49555745 15.10 140.043935  53.207354  4.298
 85     0.609 55198.49555810 15.80 140.042335  53.210574  4.298
 85     0.845 55198.49555874 16.57 140.040725  53.213794  4.298
 85     0.708 55198.49555939 16.94 140.039125  53.217014  4.298
 85     0.623 55198.49556003 16.73 140.037525  53.220234  4.298
 85     0.553 55198.49556068 16.23 140.035925  53.223454  4.298
 86     0.679 55233.49554449 11.46 140.055822  53.202621  2.989
 86     0.826 55233.49554514 12.14 140.054222  53.205841  2.989
 86     0.714 55233.49554578 13.09 140.052622  53.209051  2.989
 86     0.642 55233.49554643 14.50 140.051022  53.212271  2.989
 86     0.713 55233.49554707 13.58 140.049422  53.215491  2.989
 86     0.940 55233.49554836 13.62 140.046212  53.221931  2.989
 87     0.133 55268.49555125  9.88 140.048917  53.204113  2.713
 87     0.289 55268.49555189 10.66 140.047317  53.207333  2.713
 87     0.205 55268.49555254 11.41 140.045707  53.210553  2.713
 87     0.217 55268.49555318 11.29 140.044107  53.213773  2.713
 87     0.520 55268.49555383 10.91 140.042507  53.216993  2.713
 87     0.543 55268.49555447 10.84 140.040907  53.220213  2.713
 87     0.135 55268.49555512 11.01 140.039307  53.223433  2.713
 88     1.955 55303.49552500  9.92 140.058824  53.204872  2.277
 88     2.221 55303.49552565  9.92 140.057224  53.208092  2.277
 88     1.106 55303.49552629 11.69 140.055624  53.211312  2.277
 89     2.999 55338.49552449 21.87 140.050692  53.203398 29.360
 89     2.318 55338.49552513 22.39 140.049092  53.206608 29.360
 89     2.281 55338.49552578 23.78 140.047492  53.209828 29.360
 89     2.168 55338.49552642 25.70 140.045892  53.213048 29.360
 89     2.224 55338.49552706 26.78 140.044292  53.216268 29.360
 89     2.460 55338.49552771 27.54 140.042682  53.219488 29.360
 89     2.644 55338.49552835 31.10 140.041082  53.222708 29.360
 90     2.291 55373.49551492 17.92 140.053458  53.202381 22.725
 90     2.159 55373.49551556 17.93 140.051858  53.205601 22.725
 90     1.860 55373.49551621 19.65 140.050258  53.208821 22.725
 90     2.034 55373.49551685 19.88 140.048658  53.212041 22.725
 90     1.912 55373.49551750 22.05 140.047048  53.215261 22.725
 90     1.944 55373.49551814 22.47 140.045448  53.218481 22.725
 90     2.110 55373.49551879 25.71 140.043848  53.221701 22.725
 91     2.852 55408.49553610 13.58 140.049598  53.202730 18.941
 91     1.219 55408.49553674 13.94 140.047998  53.205950 18.941
 91     1.299 55408.49553739 14.84 140.046398  53.209170 18.941
 91     0.977 55408.49553803 17.95 140.044788  53.212390 18.941
 91     1.123 55408.49553868 19.02 140.043188  53.215610 18.941
 91     1.443 55408.49553932 21.27 140.041588  53.218830 18.941
 91     1.685 55408.49553997 25.55 140.039988  53.222050 18.941
 92     1.875 55443.49553337 16.70 140.052013  53.204242 26.124
 92     2.013 55443.49553402 17.96 140.050413  53.207462 26.124
 92     2.300 55443.49553466 19.06 140.048813  53.210682 26.124
 92     2.577 55443.49553531 21.12 140.047213  53.213902 26.124
 92     2.273 55443.49553595 24.45 140.045613  53.217122 26.124
 92     2.355 55443.49553660 26.08 140.044003  53.220342 26.124
 92     2.500 55443.49553724 32.94 140.042403  53.223562 26.124
 93     2.392 55478.49547126 14.92 140.060899  53.203625 24.512
 93     2.196 55478.49547190 15.38 140.059299  53.206845 24.512
 93     1.799 55478.49547255 19.63 140.057699  53.210065 24.512
