# NaN NaN NaN ;Mean Elev.(m), Avg Gradient(m/km), RMS Gradient(m/km) - SRTM1     
#  110.306  -0.347   3.156 ;Mean Elev.(m), Avg Gradient(m/km), RMS Gradient(m/km) - ASTER GDEM
#  124.374  -0.145   0.980 ;Mean Elev.(m), Avg Gradient(m/km), RMS Gradient(m/km) - GMTED2010 
  7 127.686684  50.478693   127.408   127.427  4 52468.09104892 40.464
  8 127.685176  50.480919   123.452   123.391  3 52503.09103792 40.880
 10 127.687105  50.479217   126.722   126.785  3 52573.09106293 48.418
 11 127.687419  50.478016   126.876   126.851  3 52608.09102126 36.084
 12 127.690840  50.476191   127.015   127.016  4 52643.09101762 21.729
 13 127.687815  50.477656   127.334   127.354  4 52678.09100058 20.514
 14 127.691038  50.477206   127.356   127.347  3 52713.09103728 25.616
 15 127.677230  50.484560   127.715   127.709  3 52748.09106265 41.484
 16 127.693283  50.473527   126.744   126.792  3 52783.09100439 44.354
 17 127.692686  50.475402   127.849   127.893  3 52818.09108206 19.793
 18 127.691862  50.473670   128.500   128.487  3 52853.09113223 47.798
 20 127.683194  50.480396   128.207   128.259  3 52923.09111967 30.341
 21 127.696779  50.470021   126.421   126.421  3 52958.09108725 38.870
 22 127.692683  50.475447   127.599   127.600  3 52993.09111178 26.970
 23 127.686996  50.477376   127.561   127.586  3 53028.09107641 22.275
 24 127.694836  50.473856   127.431   127.407  3 53063.09108521 14.303
 25 127.679840  50.483701   129.206   129.688  3 53098.09110177 22.604
 26 127.696524  50.470844   127.877   127.894  4 53133.09108339 22.809
 28 127.687616  50.476891   126.782   126.747  3 53203.09115783 35.395
 29 127.689622  50.475878   129.329   129.192  3 53238.09112671 19.659
 30 127.697600  50.469367   127.906   127.927  4 53273.09108695 28.508
 31 127.686479  50.478609   127.114   127.166  3 53308.09114551 49.998
 33 127.698390  50.467497   127.295   127.304  4 53378.09105373 16.537
 34 127.691428  50.474483   127.449   127.454  3 53413.09108888 16.924
 35 127.696375  50.471380   127.350   127.270  3 53448.09107675 19.131
 36 127.685388  50.478661   127.755   127.791  3 53483.09116094 40.670
 37 127.688382  50.477486   128.054   128.100  3 53518.09116084 28.976
 38 127.682868  50.481570   128.602   128.575  3 53553.09118196 48.506
 39 127.689106  50.477242   126.824   126.881  3 53588.09113310 50.919
 40 127.690724  50.477458   127.209   127.195  3 53623.09110371 32.105
 41 127.690146  50.475941   126.857   126.795  4 53658.09113156 35.126
 42 127.684594  50.478973   126.408   126.372  3 53693.09111303 46.329
 43 127.683880  50.479249   127.720   127.719  3 53728.09103624 18.447
 44 127.697333  50.467950   127.202   127.205  4 53763.09099574 16.321
 45 127.687822  50.479545   128.161   128.042  3 53798.09100380 14.304
 47 127.689630  50.476315   126.693   126.651  4 53868.09106385 43.450
 48 127.688151  50.478387   127.898   127.783  4 53903.09109504 27.043
 49 127.680778  50.481330   128.017   128.005  3 53938.09113101 40.293
 50 127.682188  50.481350   128.554   128.615  3 53973.09109384 19.349
 52 127.695305  50.472707   126.645   126.629  3 54043.09110668 44.254
 53 127.685989  50.479349   127.997   127.998  4 54078.09109961 31.286
 56 127.682429  50.481585   127.671   127.696  3 54183.09102636 33.461
 57 127.690339  50.475479   127.925   127.831  3 54218.09105279 26.871
 58 127.688862  50.477737   128.383   128.259  3 54253.09107755 32.864
 59 127.688974  50.477059   128.211   128.219  4 54288.09108211 50.466
 60 127.689164  50.476172   129.531   129.525  3 54323.09107956 42.989
 61 127.683393  50.480420   129.284   129.288  3 54358.09103617 35.677
 62 127.690295  50.477211   127.298   127.307  4 54393.09101977 27.708
 63 127.687588  50.479671   126.739   126.772  3 54428.09098654 39.650
 65 127.687523  50.478541   127.709   127.715  4 54498.09099582 23.238
 66 127.691094  50.475323   127.602   127.601  3 54533.09101205 28.120
 67 127.684021  50.480736   128.098   128.096  3 54568.09099969 35.485
 68 127.689453  50.476333   127.397   127.400  3 54603.09100667 48.625
 69 127.686995  50.478080   127.093   126.992  3 54638.09101761 31.779
 70 127.687291  50.479586   127.315   127.306  3 54673.09102023 32.218
 71 127.686599  50.479035   127.659   127.545  3 54708.09097910 32.465
 72 127.690227  50.476485 14575.286 14575.269  4 54743.09098649 50.388
 73 127.688289  50.478751   127.052   127.052  3 54778.09096160 45.039
 74 127.692172  50.474544   127.828   127.821  3 54813.09098014 26.499
 75 127.685797  50.478526   127.893   127.902  3 54848.09096127 17.665
 76 127.689679  50.476972   127.913   127.911  3 54883.09098335 11.433
 77 127.681813  50.483220   130.523   130.624  3 54918.09096311  8.340
 78 127.689438  50.476691   128.120   128.105  3 54953.09097718 26.806
 79 127.687561  50.477859   127.912   127.874  3 54988.09100141 28.703
 80 127.688655  50.478493   127.724   127.595  3 55023.09099350 51.225
 81 127.687974  50.477907   127.904   127.904  3 55058.09098895 49.605
 82 127.683978  50.482687   128.827   128.802  3 55093.09094340 50.597
 83 127.689534  50.476807   127.545   127.539  3 55128.09092998 51.667
 84 127.686360  50.477779 14572.837 14572.803  3 55163.09090584 43.280
 85 127.690916  50.475871   128.182   128.188  4 55198.09092113 16.104
 86 127.684174  50.480854   127.968   127.948  3 55233.09090978 10.986
 87 127.689510  50.476488   128.022   128.065  3 55268.09091590  8.608
 88 127.685109  50.481155   127.543   127.554  3 55303.09088900 25.954
 89 127.687996  50.477245   127.802   127.854  3 55338.09088913 29.651
 90 127.688126  50.477401   129.329   129.311  4 55373.09087989 36.272
 91 127.691195  50.474520   129.383   129.379  3 55408.09090075 51.696
 92 127.687602  50.477249   128.879   128.875  3 55443.09089802 52.814
 93 127.683033  50.479734   127.159   127.169  3 55478.09083719 53.279
