# NaN NaN NaN ;Mean Elev.(m), Avg Gradient(m/km), RMS Gradient(m/km) - SRTM1     
#   88.783  -7.532  22.888 ;Mean Elev.(m), Avg Gradient(m/km), RMS Gradient(m/km) - ASTER GDEM
#   85.956  -6.788  21.101 ;Mean Elev.(m), Avg Gradient(m/km), RMS Gradient(m/km) - GMTED2010 
  6    91.669 52441.52884820 33.27 129.631586  49.283445  9.181
  6    91.510 52441.52884885 25.92 129.630196  49.286685  9.181
  8    91.045 52511.52879472 45.99 129.650513  49.289020 22.033
  8    91.421 52511.52879537 50.05 129.649123  49.292260 22.033
  8    91.100 52511.52879601 45.53 129.647733  49.295500 22.033
 10    89.476 52581.52883823 41.01 129.639120  49.286325 15.352
 10    89.680 52581.52883888 44.63 129.637730  49.289555 15.352
 11    89.620 52616.52880873 17.15 129.642591  49.286142  4.615
 11    89.797 52616.52880938 17.49 129.641201  49.289382  4.615
 12    89.423 52651.52878535 13.93 129.643604  49.287756  4.601
 12    89.553 52651.52878600 15.18 129.642214  49.290986  4.601
 13    89.684 52686.52877759 11.88 129.647907  49.287701  4.109
 13    89.819 52686.52877823 12.28 129.646517  49.290931  4.109
 13    89.846 52686.52877888 12.04 129.645127  49.294171  4.109
 14    89.719 52721.52882640 25.84 129.639414  49.285643  7.235
 14    89.627 52721.52882705 24.77 129.638024  49.288883  7.235
 18    96.557 52861.52891446 19.15 129.640351  49.287886  9.813
 18    95.524 52861.52891511 21.74 129.638961  49.291126  9.813
 20    93.310 52931.52889207 46.86 129.643953  49.288393 19.783
 20    93.904 52931.52889271 43.60 129.642563  49.291633 19.783
 21    90.715 52966.52889035 36.54 129.637912  49.284464 17.037
 21    95.067 52966.52889099 35.29 129.636522  49.287704 17.037
 21    89.822 52966.52889164 28.82 129.635132  49.290934 17.037
 24    90.328 53071.52889164 14.85 129.639484  49.287321  4.888
 24    90.558 53071.52889229 13.40 129.638091  49.290560  3.706
 25    98.133 53106.52887015 18.62 129.644817  49.288718 15.076
 25    97.378 53106.52887079 20.64 129.643427  49.291958 15.076
 28    95.315 53211.52894650 35.70 129.639918  49.285233 15.166
 28    95.185 53211.52894715 37.95 129.638528  49.288473 15.166
 29    97.045 53246.52891510 19.20 129.644933  49.287687  6.080
 29    92.569 53246.52891575 19.59 129.643543  49.290917  6.080
 31    90.374 53316.52891081 51.12 129.640028  49.286772  9.672
 31    90.455 53316.52891145 55.26 129.638641  49.290010 18.614
 32    90.988 53351.52887663 26.39 129.647306  49.288948  5.051
 32    90.909 53351.52887727 26.25 129.645919  49.292188  4.616
 33    90.481 53386.52886296 21.81 129.634915  49.283532  5.136
 33    90.518 53386.52886360 22.28 129.633535  49.286772  5.136
 33    90.361 53386.52886425 20.59 129.632145  49.290002  5.136
 34    97.821 53421.52886640 16.66 129.647682  49.288820  7.723
 34    93.835 53421.52886705 14.95 129.646292  49.292060  7.723
 35    90.855 53456.52887173 30.10 129.637022  49.286391 11.729
 35    90.709 53456.52887238 27.37 129.635632  49.289631 11.729
 36    94.237 53491.52895657 41.65 129.633119  49.283053 22.781
 36    93.997 53491.52895722 47.60 129.631729  49.286293 22.781
 36    93.479 53491.52895786 43.93 129.630339  49.289523 22.781
 38    93.162 53561.52896700 43.43 129.637529  49.284031 22.786
 38    93.249 53561.52896765 46.45 129.636149  49.287271 22.786
 38    93.379 53561.52896829 47.50 129.634759  49.290511 22.786
 39    91.012 53596.52890649 46.84 129.649637  49.288690 22.913
 39    91.528 53596.52890713 52.93 129.648247  49.291930 22.913
 39    91.341 53596.52890778 47.81 129.646857  49.295160 22.913
 42    88.870 53701.52887338 46.75 129.646091  49.289034  9.281
 42    88.989 53701.52887403 51.78 129.644704  49.292273  9.461
 43    91.149 53736.52878356 30.88 129.653861  49.290185  6.293
 43    91.456 53736.52878420 27.40 129.652477  49.293426  5.560
 44    91.670 53771.52878889 16.76 129.644456  49.286469  4.650
 44    92.492 53771.52878954 16.87 129.643066  49.289709  4.650
 44    92.311 53771.52879018 16.37 129.641676  49.292949  4.650
 45    92.751 53806.52877972 13.48 129.649695  49.288442  5.454
 45    92.373 53806.52878036 13.68 129.648315  49.291682  5.454
 45    92.310 53806.52878101 13.82 129.646925  49.294922  5.454
 49   101.290 53946.52891444 12.35 129.634394  49.284324  8.572
 49   100.618 53946.52891509 10.90 129.633004  49.287554  8.572
 50   101.588 53981.52885900 16.37 129.644325  49.286935  6.618
 50    99.239 53981.52885964 17.45 129.642945  49.290175  6.618
 52    89.496 54051.52888106 46.66 129.646790  49.289653 13.403
 52    89.656 54051.52888171 38.47 129.645400  49.292883 13.403
 53    91.827 54086.52887292 25.24 129.644110  49.288588  6.311
 53    91.630 54086.52887357 26.09 129.642720  49.291828  6.311
 55    91.064 54156.52883291 11.34 129.640090  49.287145  4.212
 55    90.869 54156.52883355 11.85 129.638700  49.290375  4.212
 56    99.613 54191.52879635  7.04 129.648238  49.289085  2.551
 56    99.236 54191.52879700  7.43 129.646848  49.292325  2.551
 60    93.356 54331.52886009 17.95 129.644879  49.289613 17.184
 60    93.165 54331.52886073 19.69 129.643499  49.292853 17.184
 63    90.537 54436.52875923 36.09 129.645713  49.288163  9.952
 63    90.518 54436.52875988 45.14 129.644323  49.291393  9.952
 64    90.627 54471.52878622 20.38 129.640679  49.285368  4.534
 64    90.478 54471.52878687 21.29 129.639289  49.288608  4.534
 65    90.279 54506.52877178 17.14 129.647100  49.289023  4.516
 65    90.235 54506.52877242 16.96 129.645710  49.292263  4.516
 66    91.638 54541.52880095 25.73 129.643544  49.285922 10.637
 66    90.774 54541.52880159 28.93 129.642164  49.289162 10.637
 66    90.709 54541.52880224 28.51 129.640772  49.292400 10.626
 69    90.238 54646.52879977 40.74 129.641475  49.285825 15.498
 69    89.994 54646.52880042 50.22 129.640085  49.289065 15.498
 70    92.139 54681.52880114 51.77 129.642435  49.287476 14.706
 70    91.951 54681.52880178 52.71 129.641045  49.290716 14.706
 71    92.919 54716.52875063 21.77 129.648196  49.290378 15.027
 71    93.414 54716.52875128 32.34 129.646806  49.293618 15.027
 73    90.141 54786.52873982 48.07 129.645165  49.289174 12.456
 73    90.222 54786.52874046 45.58 129.643775  49.292414 12.456
 74    91.791 54821.52876583 17.71 129.639865  49.284450  5.422
 74    91.802 54821.52876648 18.23 129.638475  49.287690  5.422
 74    91.844 54821.52876712 18.36 129.637086  49.290928  4.298
 76    90.284 54891.52876945 12.49 129.641329  49.286926  4.694
 76    90.860 54891.52877010 12.15 129.639949  49.290166  4.694
 77    91.646 54926.52873445 37.20 129.646956  49.288388 12.360
 77    92.328 54926.52873510 49.09 129.645566  49.291628 12.360
 81    95.270 55066.52876909 37.89 129.644682  49.288297 14.440
 81    95.084 55066.52876973 38.46 129.643292  49.291537 14.440
 82    93.361 55101.52871001 47.89 129.647324  49.289089 13.254
 82    93.477 55101.52871066 41.68 129.645944  49.292329 13.254
 83    91.356 55136.52871414 39.40 129.640548  49.284934 10.194
 83    91.273 55136.52871478 40.09 129.639158  49.288174 10.194
 83    91.298 55136.52871542 41.97 129.637768  49.291414 10.194
 84    91.964 55171.52867724 20.82 129.646175  49.289344  4.460
 84    92.019 55171.52867789 22.64 129.644785  49.292574  4.460
 85    92.802 55206.52870832 15.44 129.639238  49.286006  4.545
 85    92.585 55206.52870897 16.27 129.637848  49.289246  4.545
 86    91.808 55241.52868257 13.49 129.646145  49.289356  4.715
 86    92.007 55241.52868322 13.11 129.644755  49.292586  4.715
 87    99.698 55276.52870209  8.24 129.643395  49.286357  3.306
 87    92.203 55276.52870274  8.45 129.642015  49.289597  3.306
 88    91.186 55311.52866779 51.35 129.646540  49.290086 18.791
 88    91.181 55311.52866843 49.73 129.645150  49.293316 18.791
 89    96.661 55346.52867224 52.95 129.642795  49.288457 10.408
 89    95.156 55346.52867289 50.27 129.641404  49.291698 25.786
 90    99.528 55381.52866364 15.96 129.644850  49.286010  5.264
 90    92.138 55381.52866428 16.43 129.643460  49.289250  5.264
 90    91.871 55381.52866493 16.74 129.642080  49.292490  5.264
 91    94.732 55416.52869092 47.59 129.639595  49.284810  9.747
 91    95.955 55416.52869157 49.07 129.638205  49.288050  9.747
 92    93.199 55451.52867468 51.32 129.646474  49.287416 15.403
 92    94.457 55451.52867532 50.69 129.645084  49.290656 15.403
 93    90.854 55486.52859834 21.55 129.649805  49.290568 10.420
 93    91.127 55486.52859898 25.37 129.648415  49.293808 10.420
