-126736.931   265.535     0.00   13.76
-126364.245   260.505   -13.50   12.96
-125991.598   254.569   -15.93    6.29
-125618.988   252.134    -6.54    2.76
-125246.417   251.101    -2.77    2.71
-124873.885   249.719    -3.71    3.37
-124501.390   248.544    -3.16    2.84
-124128.934   247.754    -2.12    2.19
-123756.516   251.824    10.93    9.62
-123384.137   260.368    22.95   17.89
-123011.795   271.456    29.78   21.27
-122639.492   285.660    38.16   20.02
-122267.227   304.690    51.13   22.94
-121895.001   319.496    39.78   22.50
-121522.812   331.316    31.76   18.22
-121150.662   337.994    17.94   15.59
-120778.550   332.772   -14.03   19.05
-120406.475   320.860   -32.02   20.40
-120034.439   308.971   -31.96   21.29
-119662.442   298.105   -29.21   22.14
-119290.482   288.006   -27.15   23.59
-118918.560   277.201   -29.06   23.47
-118546.677   267.175   -26.96   21.70
-118174.831   254.571   -33.90   22.40
-117803.024   245.240   -25.10   18.75
-117431.254   238.458   -18.24   13.22
-117059.523   236.005    -6.60   10.99
-116687.829   232.265   -10.07    9.10
-116316.174   229.833    -6.54    8.41
-115944.557   230.439     1.63    8.90
-115572.977   236.971    17.58   14.61
-115201.436   250.860    37.38   21.39
-114829.932   271.567    55.75   25.73
-114458.466   283.226    31.39   24.08
-114087.039   287.440    11.35   21.93
-113715.649   285.110    -6.27   22.94
-113344.297   273.281   -31.86   24.22
-112972.983   260.933   -33.26   25.88
-112601.707   249.917   -29.67   26.03
-112230.468   238.208   -31.55   21.80
-111859.268   230.070   -21.93   15.78
-111488.105   229.772    -0.80   16.59
-111116.980   233.351     9.64   22.41
-110745.893   240.316    18.77   25.04
-110374.844   245.070    12.81   23.78
-110003.832   243.807    -3.41   18.82
-109632.858   239.137   -12.59   14.79
-109261.922   231.300   -21.13   13.41
-108891.024   228.065    -8.72    9.35
-108520.163   231.842    10.19   11.42
-108149.341   240.224    22.60   16.55
-107778.555   253.029    34.54   18.74
-107407.808   262.754    26.23   13.26
-107037.098   262.885     0.35   12.60
-106666.426   253.127   -26.33   20.76
-106295.791   236.644   -44.48   23.46
-105925.194   217.592   -51.41   19.58
-105554.635   205.315   -33.13   12.92
-105184.113   198.978   -17.11    6.05
-104808.538   197.351    -4.33    2.64
-104430.388   199.799     6.48    4.12
-104052.278   203.114     8.77    4.83
-103674.207   207.544    11.72    5.71
-103296.175   212.456    13.00    6.79
-102918.182   216.754    11.37    7.39
-102540.229   222.298    14.67    7.94
-102162.315   228.029    15.17    8.08
-101784.440   232.368    11.48    7.77
-101406.604   235.042     7.08    7.34
-101028.807   236.614     4.16    6.45
-100651.050   236.123    -1.30    7.39
-100273.331   235.494    -1.67    8.64
 -99895.652   235.930     1.15    8.45
 -99518.012   238.424     6.60    9.12
 -99140.411   241.065     7.00    9.92
 -98762.849   245.129    10.76    9.23
 -98385.326   248.503     8.94    9.15
 -98007.842   250.494     5.27   12.60
 -97630.397   252.976     6.58   15.95
 -97252.991   256.540     9.45   17.73
 -96875.624   259.244     7.16   17.05
 -96498.296   262.961     9.85   16.80
 -96121.007   267.110    11.00   18.56
 -95743.757   275.137    21.28   17.74
 -95366.547   278.456     8.80   14.98
 -94989.375   278.719     0.70   14.83
 -94612.241   278.869     0.40   12.42
 -94235.147   279.190     0.85   10.63
 -93858.092   286.368    19.04   12.67
 -93481.076   294.440    21.41   14.29
 -93104.098   302.588    21.62   13.49
 -92727.159   306.494    10.36   11.68
 -92350.260   302.877    -9.60   13.50
 -91973.399   294.471   -22.31   18.22
 -91596.577   280.078   -38.20   19.80
 -91219.793   267.333   -33.83   17.57
 -90843.049   261.092   -16.57   14.92
 -90466.343   271.281    27.05   23.49
 -90089.676   291.476    53.62   32.39
 -89713.048   305.901    38.30   32.73
 -89336.458   311.175    14.01   34.92
 -88959.907   308.208    -7.88   38.73
 -88583.395   300.995   -19.16   35.95
 -88206.922   295.246   -15.27   31.16
 -87830.487   298.029     7.39   26.83
 -87454.091   299.388     3.61   21.94
 -87077.733   315.922    43.94   31.03
 -86701.415   337.123    56.34   27.66
 -86325.134   344.368    19.26   21.50
 -85948.893   338.012   -16.90   24.57
 -85572.690   324.246   -36.60   28.18
 -85196.526   301.912   -59.38   24.62
 -84820.400   289.751   -32.34   17.17
 -84444.313   289.130    -1.65   14.96
 -84068.264   293.083    10.51   17.83
 -83692.254   298.175    13.54   18.04
 -83316.282   306.246    21.47   18.95
 -82940.349   318.547    32.73   22.27
 -82564.454   334.807    43.26   25.21
 -82188.598   354.933    53.55   26.25
 -81812.780   376.779    58.14   24.66
 -81437.001   387.005    27.21   19.03
 -81061.260   383.147   -10.27   22.90
 -80685.558   364.042   -50.86   33.86
 -80309.894   339.632   -64.98   35.17
 -79934.268   313.282   -70.15   28.93
 -79558.681   296.333   -45.13   24.26
 -79183.132   284.937   -30.35   19.41
 -78807.622   280.428   -12.01   18.50
 -78432.150   281.583     3.08   21.30
 -78056.716   288.587    18.66   28.03
 -77681.320   304.965    43.63   30.99
 -77305.963   333.403    75.77   36.19
 -76930.644   355.526    58.95   32.31
 -76555.364   365.439    26.42   24.23
 -76180.121   356.297   -24.36   31.82
 -75804.917   328.971   -72.83   38.42
 -75429.751   308.147   -55.51   34.32
 -75054.624   298.075   -26.85   30.73
 -74679.534   307.140    24.17   42.00
 -74304.483   324.877    47.30   46.75
 -73929.470   353.369    75.98   39.86
 -73554.495   372.421    50.81   36.48
 -73179.558   375.976     9.48   38.52
 -72804.659   368.615   -19.64   44.90
 -72429.799   349.114   -52.03   47.37
 -72054.977   329.404   -52.59   29.75
 -71680.192   320.023   -25.03   23.63
 -71305.446   304.797   -40.63   21.80
 -70930.738   294.422   -27.69   24.62
 -70556.068   285.614   -23.51   25.99
 -70181.436   284.193    -3.79   28.95
 -69806.842   289.244    13.48   32.06
 -69432.286   291.587     6.26   34.19
 -69057.768   277.672   -37.16   41.54
 -68683.288   262.955   -39.30   39.20
 -68308.846   261.469    -3.97   38.47
 -67934.442   275.387    37.18   45.35
 -67560.076   295.895    54.78   38.74
 -67185.748   300.799    13.10   35.90
 -66811.458   296.083   -12.60   28.44
 -66437.206   290.421   -15.13   19.60
 -66062.991   287.205    -8.59   19.01
 -65688.815   291.351    11.08   21.12
 -65314.676   298.524    19.17   20.41
 -64940.576   306.316    20.83   19.52
 -64566.513   304.315    -5.35   23.10
 -64192.488   297.930   -17.07   22.13
 -63818.501   296.833    -2.93   20.43
 -63444.551   305.494    23.16   27.58
 -63070.640   334.937    78.75   44.60
 -62696.766   362.262    73.09   54.15
 -62322.930   383.719    57.40   49.03
 -61949.131   383.517    -0.54   49.52
 -61575.371   358.421   -67.15   52.91
 -61201.648   320.708  -100.92   38.85
 -60827.963   303.053   -47.25   28.56
 -60454.316   300.053    -8.03   24.12
 -60080.706   314.708    39.23   29.88
 -59707.134   324.075    25.08   26.50
 -59333.600   310.637   -35.98   44.55
 -58960.103   286.609   -64.33   57.27
 -58586.644   264.505   -59.19   46.78
 -58213.223   260.708   -10.17   40.47
 -57839.839   271.587    29.14   34.84
 -57466.493   267.281   -11.54   38.47
 -57093.184   234.744   -87.16   64.70
 -56719.913   193.489  -110.53   72.75
 -56346.679   164.561   -77.51   61.09
 -55973.483   158.569   -16.06   56.77
 -55600.325   198.978   108.30   66.38
 -55227.204   243.078   118.20   50.36
 -54854.121   272.779    79.61   32.01
 -54481.075   277.851    13.60   27.49
 -54108.067   273.851   -10.72   31.64
 -53735.096   271.555    -6.16   35.29
 -53362.162   273.644     5.60   32.73
 -52989.266   292.547    50.70   27.76
 -52616.408   305.403    34.48   19.33
 -52243.587   310.386    13.36   19.45
 -51870.803   315.047    12.50   18.44
 -51498.057   318.859    10.23   16.90
 -51125.348   323.966    13.70   13.52
 -50752.676   331.807    21.04   14.15
 -50380.042   339.514    20.68   18.00
 -50007.445   351.281    31.58   16.37
 -49634.885   358.119    18.36   12.18
 -49262.363   357.575    -1.46   13.12
 -48889.878   354.561    -8.09   14.01
 -48517.430   351.779    -7.47   15.20
 -48145.020   353.571     4.81   13.17
 -47772.647   353.529    -0.11   13.80
 -47400.311   352.196    -3.58   17.06
 -47028.012   349.024    -8.52   17.57
 -46655.751   346.619    -6.46   20.05
 -46283.527   345.943    -1.81   21.21
 -45911.340   348.158     5.95   22.11
 -45539.190   350.933     7.46   23.30
 -45167.077   358.661    20.77   25.42
 -44795.002   373.509    39.91   25.85
 -44422.964   386.387    34.62   22.13
 -44050.963   391.127    12.74   18.34
 -43678.998   390.226    -2.42   18.76
 -43307.072   377.263   -34.85   28.12
 -42935.182   362.425   -39.90   29.29
 -42563.329   347.762   -39.43   33.25
 -42191.513   338.558   -24.75   33.15
 -41819.735   324.198   -38.63   35.41
 -41447.993   309.154   -40.47   34.29
 -41076.289   290.708   -49.63   31.89
 -40704.621   269.667   -56.62   27.50
 -40332.991   263.904   -15.51   28.04
 -39961.397   278.158    38.36   43.76
 -39589.840   294.797    44.78   57.79
 -39218.321   321.596    72.14   51.19
 -38846.838   337.092    41.71   32.52
 -38475.393   334.940    -5.79   30.77
 -38103.984   335.690     2.02   40.63
 -37732.612   339.109     9.21   46.98
 -37361.277   344.442    14.36   43.05
 -36989.979   347.263     7.60   34.11
 -36618.718   356.547    25.01   30.14
 -36247.494   367.262    28.86   28.79
 -35876.307   363.175   -11.01   32.72
 -35505.156   349.169   -37.74   46.47
 -35134.042   334.404   -39.79   49.22
 -34762.965   323.424   -29.59   51.51
 -34391.925   304.333   -51.45   52.11
 -34020.922   283.615   -55.85   60.28
 -33649.956   251.368   -86.93   62.68
 -33279.026   218.244   -89.30   58.53
 -32908.133   197.982   -54.63   50.83
 -32537.277   187.315   -28.76   48.14
 -32166.457   187.779     1.25   55.71
 -31795.674   202.512    39.73   77.25
 -31424.928   205.387     7.75   74.85
 -31054.219   209.029     9.83   80.90
 -30683.546   207.714    -3.55   80.51
 -30312.910   197.178   -28.43   78.78
 -29937.832   194.647    -6.75   72.16
 -29559.767   189.971   -12.37   60.74
 -29181.740   193.029     8.09   54.23
 -28803.752   209.491    43.55   58.05
 -28425.802   233.154    62.61   56.65
 -28047.890   259.169    68.84   48.75
 -27670.016   281.609    59.39   47.87
 -27292.181   292.543    28.94   50.14
 -26914.383   297.101    12.06   37.28
 -26536.624   297.240     0.37   34.86
 -26158.903   290.456   -17.96   39.53
 -25781.220   286.726    -9.88   42.49
 -25403.575   284.190    -6.71   47.89
 -25025.968   267.000   -45.53   51.45
 -24648.400   240.992   -68.88   45.21
 -24270.869   230.351   -28.19   36.73
 -23893.377   222.458   -20.91   37.01
 -23515.922   209.824   -33.47   39.34
 -23138.506   199.529   -27.28   41.58
 -22761.127   184.060   -40.99   35.28
 -22383.787   183.230    -2.20   28.46
 -22006.485   193.255    26.57   32.21
 -21629.220   211.529    48.44   36.51
 -21251.994   220.092    22.70   32.59
 -20874.805   229.474    24.87   33.80
 -20497.655   253.930    64.85   40.28
 -20120.543   283.737    79.04   46.10
 -19743.468   311.596    73.89   55.84
 -19366.431   341.258    78.67   59.68
 -18989.432   365.860    65.26   54.17
 -18612.471   372.190    16.79   52.13
 -18235.548   354.158   -47.84   59.57
 -17858.663   335.619   -49.19   53.77
 -17481.816   316.887   -49.71   45.34
 -17105.006   290.105   -71.08   48.50
 -16728.235   265.728   -64.70   52.02
 -16351.501   240.439   -67.13   47.83
 -15974.805   224.555   -42.17   54.51
 -15598.146   205.035   -51.82   50.83
 -15221.526   201.672    -8.93   45.61
 -14844.943   217.439    41.87   47.18
 -14468.398   241.368    63.55   45.45
 -14091.891   258.060    44.33   36.03
 -13715.421   256.063    -5.31   45.56
 -13338.989   238.278   -47.25   56.99
 -12962.595   213.842   -64.92   59.49
 -12586.238   197.036   -44.66   61.37
 -12209.919   174.047   -61.09   61.28
 -11833.638   146.154   -74.13   63.63
 -11457.395   132.708   -35.74   64.42
 -11081.189   117.137   -41.39   56.58
 -10705.020   124.777    20.31   67.81
 -10328.889   133.565    23.37   79.11
  -9952.796   152.851    51.28   91.80
  -9576.741   161.824    23.86   89.94
  -9200.723   152.210   -25.57   83.77
  -8824.742   135.514   -44.41   67.39
  -8448.799   115.632   -52.89   53.05
  -8072.894   120.815    13.79   56.61
  -7697.026   125.605    12.74   62.56
  -7321.195   130.101    11.96   63.60
  -6945.402   120.208   -26.33   58.17
  -6569.647    99.246   -55.79   49.10
  -6193.928    90.667   -22.83   40.94
  -5818.248    89.053    -4.30   35.60
  -5442.605    93.958    13.06   44.26
  -5066.999   101.029    18.83   49.23
  -4691.430   114.774    36.60   53.54
  -4315.899   130.989    43.18   58.69
  -3940.406   145.012    37.35   54.52
  -3564.950   149.263    11.32   47.89
  -3189.531   142.190   -18.84   48.70
  -2814.149   136.842   -14.25   48.49
  -2438.805   125.070   -31.36   48.47
  -2063.498   119.708   -14.29   49.87
  -1688.228   106.851   -34.26   47.59
  -1312.996    76.351   -81.28   47.77
   -937.801    48.583   -74.01   47.06
   -562.643    24.851   -63.26   36.46
   -187.522    10.404   -38.51   24.52
    187.561     2.404   -21.33    6.09
    562.607     4.833     6.48    7.44
    937.616     8.088     8.68    8.01
   1312.588    11.569     9.28    8.41
   1687.522    13.667     5.59    7.24
   2062.420    15.275     4.29    6.24
   2437.280    16.895     4.32    5.11
   2812.103    19.512     6.98    5.67
   3186.889    23.529    10.72    5.86
   3561.637    28.263    12.63    6.22
   3936.349    30.733     6.59    6.18
   4311.024    33.012     6.08    6.17
   4685.661    33.466     1.21    6.75
   5060.262    30.422    -8.13    8.11
   5434.825    26.714    -9.90    7.54
   5809.351    24.246    -6.59    5.63
   6183.841    23.137    -2.96    3.23
   6558.293    25.491     6.29    4.08
   6932.708    28.815     8.88    4.26
   7307.087    31.878     8.18    4.11
   7681.428    34.070     5.86    3.20
   8055.732    34.024    -0.12    3.87
   8430.000    31.772    -6.02    4.69
   8804.230    29.203    -6.87    4.04
   9178.424    27.719    -3.96    3.29
   9552.580    28.619     2.40    3.91
   9926.700    29.726     2.96    4.38
  10300.783    31.281     4.16    4.82
  10674.829    31.969     1.84    5.23
  11048.838    31.737    -0.62    5.26
  11422.810    31.751     0.04    4.51
  11796.745    32.799     2.80    3.89
  12170.644    34.992     5.87    4.15
  12544.505    38.369     9.03    4.38
  12918.330    41.922     9.51    4.76
  13292.118    44.807     7.72    4.83
  13665.870    46.246     3.85    5.26
  14039.584    45.922    -0.87    7.09
  14413.262    43.976    -5.21    7.66
  14786.903    42.870    -2.96    8.37
  15160.508    44.730     4.98    8.58
  15534.075    48.147     9.15    9.10
  15907.606    50.719     6.89   10.75
  16281.100    53.262     6.81   12.02
  16654.558    56.690     9.18   14.00
  17027.979    60.958    11.43   14.86
  17401.363    68.762    20.90   17.05
  17774.711    81.351    33.72   19.76
  18148.022    86.573    13.99   17.48
  18521.296    87.263     1.85   16.08
  18894.534    87.447     0.49   15.61
  19267.735    94.421    18.69   20.63
  19640.900   115.005    55.16   26.41
  20014.028   136.158    56.69   28.42
  20387.119   150.297    37.90   27.07
  20760.174   151.869     4.21   30.74
  21133.192   150.297    -4.21   32.60
  21506.174   154.624    11.60   33.75
  21879.120   176.976    59.93   41.85
  22252.029   196.216    51.59   32.68
  22624.901   194.208    -5.39   30.82
  22997.737   175.898   -49.11   43.42
  23370.536   140.368   -95.30   49.69
  23743.299   102.442  -101.74   36.31
  24116.026    80.887   -57.83   18.23
  24488.716    75.842   -13.54   11.41
  24861.370    84.726    23.84   19.38
  25233.987   104.737    53.70   28.31
  25606.568   121.592    45.24   27.46
  25979.113   147.744    70.20   37.32
  26351.621   173.601    69.41   35.86
  26724.093   187.190    36.48   27.27
  27096.529   187.277     0.23   29.62
  27468.928   171.842   -41.45   34.22
  27841.291   150.333   -57.76   29.74
  28213.618   138.976   -30.50   32.69
  28585.908   127.851   -29.88   35.51
  28958.162   114.795   -35.07   30.47
  29330.380    99.922   -39.96   26.04
  29702.562    88.166   -31.59   21.56
  30074.707    80.540   -20.49   22.73
  30446.817    70.755   -26.30   19.65
  30818.890    64.065   -17.98   20.44
  31190.926    56.887   -19.29   19.50
  31562.927    47.824   -24.36   13.48
  31934.891    39.297   -22.92    9.74
  32306.820    33.869   -14.60    7.86
  32678.712    29.708   -11.19    4.68
  33050.568    27.758    -5.24    2.06
  33422.388    27.298    -1.24    1.30
  33794.172    27.824     1.41    1.27
  34165.919    28.210     1.04    1.16
  34537.631    28.485     0.74    1.21
  34909.306    28.851     0.98    1.25
  35280.946    28.779    -0.19    1.23
  35652.549    29.065     0.77    1.20
  36024.117    29.296     0.62    1.13
  36395.648    29.666     0.99    1.21
  36767.143    30.208     1.46    1.48
  37138.602    30.369     0.43    1.67
  37510.026    30.351    -0.05    1.87
  37881.413    30.162    -0.51    2.01
  38252.765    30.193     0.08    2.07
  38624.080    30.389     0.53    1.87
  38995.360    30.583     0.52    1.67
  39366.603    30.592     0.02    1.60
  39737.811    30.672     0.22    1.48
  40108.983    30.387    -0.77    1.33
  40480.118    30.351    -0.10    1.23
  40851.218    30.422     0.19    1.06
  41222.283    30.815     1.06    1.54
  41593.311    31.172     0.96    1.66
  41964.303    31.238     0.18    1.89
  42335.260    31.351     0.31    1.78
  42706.181    31.295    -0.15    1.62
  43077.066    31.614     0.86    1.97
  43447.915    31.785     0.46    2.32
  43818.728    31.815     0.08    2.66
  44189.506    31.762    -0.14    3.04
  44560.248    31.123    -1.72    3.02
  44934.899    29.807    -3.51    1.40
  45312.887    29.387    -1.11    1.50
  45690.838    28.994    -1.04    1.52
  46068.751    28.408    -1.55    1.59
  46446.627    27.667    -1.96    1.35
  46824.466    26.896    -2.04    1.15
  47202.268    26.547    -0.92    1.10
  47580.032    27.140     1.57    2.58
  47957.759    30.060     7.73    5.93
  48335.450    34.614    12.06    9.38
  48713.103    37.985     8.93   10.40
  49090.718    37.315    -1.78   11.15
  49468.297    34.536    -7.36   11.98
  49845.839    31.065    -9.19   10.47
  50223.343    27.042   -10.66    5.73
  50600.810    25.147    -5.02    1.68
  50978.241    24.422    -1.92    1.68
  51355.634    23.814    -1.61    1.40
  51732.990    23.494    -0.85    1.30
  52110.309    23.499     0.01    1.31
  52487.591    23.458    -0.11    1.41
  52864.836    23.529     0.19    1.36
  53242.044    23.696     0.44    1.22
  53619.215    23.744     0.13    1.11
  53996.349    23.332    -1.09    1.11
  54373.446    23.175    -0.41    1.04
  54750.506    22.933    -0.64    1.12
  55127.530    22.649    -0.75    1.21
  55504.516    22.369    -0.74    1.25
  55881.465    22.092    -0.74    1.36
  56258.378    21.815    -0.73    1.44
  56635.253    21.889     0.20    1.66
  57012.092    21.744    -0.39    1.59
  57388.893    21.666    -0.21    1.44
  57765.658    21.690     0.06    1.24
  58142.386    22.279     1.56    1.32
  58519.077    22.714     1.15    1.34
  58895.732    22.494    -0.59    1.53
  59272.349    22.087    -1.08    1.62
  59648.930    21.690    -1.05    1.43
  60025.474    21.999     0.82    1.63
  60401.981    22.119     0.32    1.62
  60778.452    22.172     0.14    1.64
  61154.886    21.994    -0.47    1.48
  61531.283    21.587    -1.08    1.40
  61907.643    21.496    -0.24    1.37
  62283.966    20.842    -1.74    1.42
  62660.253    20.351    -1.31    1.70
  63036.503    19.869    -1.28    1.54
  63412.717    19.387    -1.28    1.40
  63788.894    19.368    -0.05    1.27
  64165.034    18.965    -1.07    1.26
  64541.137    18.387    -1.54    1.54
  64917.204    18.065    -0.86    1.50
  65293.235    17.793    -0.72    1.32
  65669.228    17.654    -0.37    1.08
  66045.186    17.478    -0.47    1.07
  66421.106    17.275    -0.54    1.05
  66796.990    16.737    -1.43    1.18
  67172.838    16.496    -0.64    1.15
  67548.649    16.387    -0.29    1.06
  67924.423    16.480     0.25    1.17
  68300.161    16.684     0.54    1.19
  68675.862    16.709     0.07    1.19
  69051.527    16.851     0.38    1.48
  69427.156    17.172     0.86    1.67
  69802.748    17.158    -0.04    1.57
  70178.303    16.596    -1.49    1.42
  70553.822    16.166    -1.15    1.39
  70929.305    15.654    -1.36    1.11
  71304.751    15.447    -0.55    0.87
  71680.161    15.440    -0.02    0.98
  72055.535    15.442     0.00    1.04
  72430.872    15.332    -0.29    0.99
  72806.173    15.193    -0.37    1.01
  73181.437    14.951    -0.65    0.97
  73556.665    14.726    -0.60    1.00
  73931.857    14.517    -0.56    0.99
  74307.012    14.262    -0.68    1.05
  74682.132    14.011    -0.67    1.13
  75057.214    13.779    -0.62    1.01
  75432.261    13.678    -0.27    0.94
  75807.271    13.458    -0.59    1.00
  76182.245    13.316    -0.38    1.09
  76557.183    13.055    -0.70    1.09
  76932.085    12.887    -0.45    1.09
  77306.950    12.966     0.21    1.05
  77681.779    12.940    -0.07    1.02
  78056.572    12.696    -0.65    1.02
  78431.329    12.533    -0.44    0.94
  78806.050    12.315    -0.58    0.87
  79180.734    12.314    -0.00    0.94
  79555.383    12.458     0.38    1.07
  79929.995    12.842     1.02    1.17
  80304.571    12.769    -0.19    1.15
  80679.111    12.812     0.12    1.02
  81053.615    12.797    -0.04    1.11
  81428.083    12.779    -0.05    1.19
  81802.515    12.976     0.52    1.15
  82176.910    13.060     0.22    0.99
  82551.270    12.610    -1.20    1.08
  82925.594    12.583    -0.07    1.13
  83299.881    12.634     0.14    1.03
  83674.133    12.744     0.29    1.00
  84048.349    12.928     0.49    1.09
  84422.528    13.172     0.65    1.10
  84796.672    13.387     0.57    1.14
  85170.780    13.137    -0.67    1.14
  85544.851    13.242     0.28    1.13
  85918.887    13.478     0.63    1.25
  86292.887    13.351    -0.34    1.16
  86666.851    13.332    -0.05    1.08
  87040.779    13.422     0.24    1.06
  87414.671    13.562     0.37    1.05
  87788.528    13.601     0.10    0.92
  88162.348    13.460    -0.38    0.98
  88536.133    13.529     0.19    0.97
  88909.882    13.422    -0.29    0.87
  89283.595    13.442     0.05    0.89
  89657.272    13.279    -0.43    0.87
  90030.913    13.389     0.29    1.00
  90404.519    13.460     0.19    1.12
  90778.089    13.536     0.20    1.29
  91151.623    13.476    -0.16    1.32
  91525.121    13.709     0.63    1.32
  91898.583    13.547    -0.43    1.20
  92272.010    13.805     0.69    1.17
  92645.401    13.904     0.27    1.16
  93018.757    13.958     0.14    1.04
  93392.076    14.143     0.50    0.95
  93765.360    14.208     0.17    0.98
  94138.609    14.274     0.18    0.95
  94511.821    14.190    -0.22    1.14
  94884.998    14.011    -0.48    1.19
  95258.140    13.785    -0.61    1.34
  95631.246    13.869     0.22    1.39
  96004.316    14.036     0.45    1.41
  96377.350    14.190     0.41    1.23
  96750.349    14.296     0.28    1.13
  97123.313    14.614     0.85    1.16
  97496.241    14.812     0.53    1.13
  97869.133    14.940     0.34    1.14
  98241.990    14.256    -1.83    2.13
  98614.811    13.476    -2.09    2.23
  98987.596    13.005    -1.26    2.20
  99360.347    13.005     0.00    1.97
  99733.061    13.637     1.69    1.36
 100105.741    13.714     0.21    1.25
 100478.384    13.976     0.70    1.00
 100850.993    13.558    -1.12    1.68
 101223.566    13.533    -0.07    1.90
 101596.103    13.181    -0.94    2.12
 101968.605    13.024    -0.42    2.21
 102341.072    12.992    -0.08    2.07
 102713.503    12.976    -0.04    1.96
 103085.899    13.314     0.91    1.77
 103458.259    13.860     1.46    1.23
 103830.584    14.137     0.74    1.11
 104202.874    14.351     0.58    1.03
 104575.128    14.315    -0.10    1.14
 104947.348    14.043    -0.73    1.42
 105319.531    13.690    -0.95    1.82
 105691.680    13.332    -0.96    1.96
 106063.793    13.422     0.24    2.01
 106435.871    13.462     0.11    2.07
 106807.914    13.351    -0.30    2.00
 107179.921    13.476     0.34    1.98
 107551.893    13.797     0.86    2.01
 107923.830    14.005     0.56    1.92
 108295.732    14.114     0.29    1.93
 108667.598    14.672     1.50    1.34
 109039.429    14.755     0.22    1.33
 109411.226    14.672    -0.22    1.18
 109782.986    14.766     0.25    1.12
 110154.712    14.851     0.23    0.91
 110526.403    14.624    -0.61    0.83
 110898.058    14.684     0.16    0.93
 111269.679    14.851     0.45    1.06
 111641.264    15.060     0.56    1.05
 112012.814    15.263     0.55    0.87
 112384.329    15.313     0.13    0.92
 112755.809    15.316     0.01    0.82
 113127.254    15.428     0.30    0.71
 113498.664    15.512     0.23    0.76
 113870.039    15.596     0.23    0.85
 114241.378    15.726     0.35    0.89
 114612.683    15.824     0.26    1.00
 114983.953    15.930     0.29    1.10
 115355.187    15.982     0.14    1.14
 115726.387    16.042     0.16    1.09
 116097.552    16.012    -0.08    1.00
 116468.682    16.124     0.30    0.93
 116839.777    15.976    -0.40    1.26
 117210.837    15.985     0.03    1.30
 117581.862    16.035     0.13    1.18
 117952.852    16.005    -0.08    1.47
 118323.807    15.619    -1.04    1.94
 118694.727    14.878    -2.00    2.16
 119065.612    14.012    -2.34    2.27
 119436.463    13.110    -2.43    1.76
 119810.774    12.878    -0.62    1.61
 120188.682    13.297     1.11    2.15
 120566.553    14.601     3.45    3.00
 120944.387    16.551     5.16    3.49
 121322.186    18.388     4.86    2.42
 121699.948    19.387     2.64    1.36
 122077.674    19.744     0.95    1.38
 122455.364    19.740    -0.01    1.27
 122833.017    19.708    -0.08    1.46
 123210.634    19.735     0.07    1.75
 123588.216    19.769     0.09    1.72
 123965.760    19.555    -0.57    1.77
 124343.269    19.369    -0.49    1.56
 124720.742    19.060    -0.82    1.29
 125098.178    19.184     0.33    1.34
 125475.578    19.405     0.59    1.25
 125852.942    19.351    -0.14    1.31
 126230.270    19.533     0.48    1.07
 126607.562    19.388    -0.38    0.93
 126984.818    19.637     0.66    1.16
 127362.038    19.969     0.88    1.11
 127739.222    20.333     0.96    1.24
 128116.369    20.751     1.11    1.56
 128493.481    21.274     1.39    1.70
 128870.556    23.297     5.37    3.75
 129247.596    25.129     4.86    4.49
 129624.599    26.512     3.67    5.01
 130001.567    27.737     3.25    3.99
 130378.498    27.860     0.33    4.01
 130755.394    28.172     0.83    4.46
 131132.254    28.889     1.90    4.74
 131509.077    28.619    -0.72    3.58
 131885.865    29.184     1.50    3.12
 132262.617    30.992     4.80    4.48
 132639.333    35.690    12.47    6.35
 133016.013    40.980    14.04    7.17
 133392.657    46.533    14.74    8.32
 133769.265    52.917    16.95   10.61
 134145.837    59.565    17.65   12.84
 134522.374    65.294    15.21   13.87
 134898.875    69.976    12.43   13.50
 135275.340    77.387    19.68   17.08
 135651.769    88.994    30.83   20.39
 136028.162    99.969    29.16   18.60
 136404.519   105.181    13.85   13.54
 136780.841   106.012     2.21   15.11
 137157.127   102.096   -10.40   16.05
 137533.377   104.422     6.18   18.94
 137909.592   108.610    11.13   17.34
 138285.770   106.666    -5.17   17.44
 138661.913   105.226    -3.83   19.03
 139038.020   107.162     5.15   25.29
 139414.092   109.787     6.98   28.43
 139790.128   109.697    -0.24   26.97
 140166.128   107.896    -4.79   25.60
 140542.093   102.629   -14.01   22.18
 140918.022   104.992     6.29   22.18
 141293.915   112.101    18.91   21.03
 141669.773   118.777    17.76   21.44
 142045.595   125.914    18.99   18.97
 142421.381   130.076    11.07   17.58
 142797.132   141.684    30.89   28.77
 143172.847   163.592    58.30   40.67
 143548.527   194.797    83.05   47.70
 143924.171   213.605    50.06   36.24
 144299.780   213.642     0.10   36.21
 144675.353   197.279   -43.56   42.25
 145050.891   174.615   -60.34   23.79
 145426.393   165.987   -22.97   21.25
 145801.859   155.543   -27.81   25.51
 146177.291   142.565   -34.56   27.60
 146552.686   127.129   -41.11   15.27
 146928.046   122.814   -11.49    9.99
 147303.371   132.690    26.31   22.76
 147678.661   145.055    32.94   28.06
 148053.914   164.029    50.56   28.06
 148429.133   179.678    41.70   26.14
 148804.316   184.951    14.05   27.09
 149179.464   189.147    11.18   28.98
 149554.576   185.744    -9.07   31.91
 149929.653   186.024     0.75   34.01
 150304.695   181.260   -12.70   35.32
 150679.701   177.169   -10.91   33.98
 151054.672   177.879     1.89   32.63
 151429.608   177.440    -1.17   24.26
 151804.508   182.620    13.81   25.41
 152179.373   191.440    23.52   31.28
 152554.203   206.573    40.37   34.63
 152928.997   219.422    34.28   35.51
 153303.757   242.172    60.70   39.80
 153678.481   257.514    40.94   39.10
 154053.170   268.779    30.06   35.81
 154427.823   273.639    12.97   32.00
 154802.441   268.422   -13.92   32.52
 155177.025   256.143   -32.78   30.25
 155551.573   245.690   -27.90   26.08
 155926.085   236.278   -25.13   27.77
 156300.563   226.869   -25.12   32.33
 156675.006   213.279   -36.29   34.84
 157049.413   207.962   -14.20   37.19
 157423.785   201.281   -17.84   38.75
 157798.122   191.889   -25.08   37.68
 158172.424   177.842   -37.52   25.41
 158546.691   171.147   -17.88   19.46
 158920.923   172.029     2.36   28.67
 159295.120   174.629     6.94   35.95
 159669.281   171.787    -7.59   38.12
 160043.408   161.951   -26.29   36.28
 160417.500   152.634   -24.90   30.89
 160791.556   146.083   -17.51   23.74
 161165.578   144.658    -3.81   24.51
 161539.564   155.042    27.76   33.03
 161913.516   168.521    36.04   42.95
 162287.433   184.678    43.20   50.17
 162661.314   184.762     0.22   49.16
 163035.161   170.703   -37.60   48.50
 163408.973   149.933   -55.55   46.77
 163782.750   125.558   -65.20   34.77
 164156.492   108.887   -44.60   16.97
 164530.199   101.861   -18.80    8.21
 164903.871   104.205     6.27   10.08
 165277.508   108.777    12.23   10.68
 165651.110   113.797    13.44   13.00
 166024.678   124.973    29.91   19.67
 166398.210   138.569    36.39   23.42
 166771.708   146.860    22.19   19.85
 167145.171   142.615   -11.36   23.82
 167518.599   125.351   -46.22   25.04
 167891.993   107.390   -48.09   14.92
 168265.351    98.047   -25.02   12.25
 168638.675    90.332   -20.66    8.56
 169011.964    86.332   -10.71    6.73
 169385.218    82.869    -9.28    5.32
 169758.438    80.795    -5.55    4.80
 170131.623    79.137    -4.44    4.11
 170504.773    77.653    -3.98    3.93
 170877.888    78.333     1.82    4.57
 171250.969    80.331     5.35    5.45
 171624.015    82.460     5.71    4.65
 171997.026    83.917     3.91    3.92
 172370.003    84.012     0.25    6.15
 172742.945    82.684    -3.56    8.87
 173115.852    79.012    -9.85   11.72
 173488.725    73.333   -15.23   13.08
 173861.563    67.092   -16.74   10.15
 174234.366    62.672   -11.85    3.48
 174607.135    61.831    -2.26    1.22
 174979.869    61.696    -0.36    1.08
 175352.569    61.766     0.19    1.20
 175725.234    62.405     1.72    1.53
 176097.865    63.443     2.79    1.88
 176470.461    64.747     3.50    2.17
 176843.022    66.422     4.50    2.33
 177215.549    67.906     3.98    2.23
 177588.042    69.551     4.41    2.16
 177960.500    71.233     4.52    2.20
 178332.923    73.512     6.12    2.97
 178705.312    75.832     6.23    3.34
 179077.667    79.005     8.52    3.93
 179449.987    83.096    10.99    5.41
 179822.272    87.833    12.72    6.92
 180194.524    94.936    19.08    9.06
 180566.741   100.878    15.96    8.40
 180938.923   104.114     8.69    5.81
 181311.071   102.943    -3.15    6.98
 181683.185    97.458   -14.74    9.17
 182055.264    89.908   -20.29    7.41
 182427.309    83.904   -16.14    6.91
 182799.319    79.766   -11.12    3.86
 183171.296    79.703    -0.17    4.31
 183543.238    80.869     3.14    5.83
 183915.145    81.943     2.89    6.08
 184287.018    82.119     0.47    5.41
 184658.857    82.499     1.02    4.66
 185030.662    85.610     8.37    7.24
 185402.433    89.766    11.18    8.62
 185774.169    97.610    21.10   10.23
 186145.871   104.928    19.68    8.93
 186517.538   110.096    13.90    6.88
 186889.172   113.312     8.65    5.43
 187260.771   113.619     0.83    6.10
 187632.336   113.610    -0.02    6.72
 188003.867   112.036    -4.24    6.96
 188375.364   109.601    -6.55    6.72
 188746.826   107.502    -5.65    6.84
 189118.255   102.779   -12.71    7.98
 189489.649    98.351   -11.92    8.27
 189861.009    94.906    -9.27    6.32
 190232.335    91.821    -8.31    5.12
 190603.627    87.987   -10.32    9.25
 190974.885    80.672   -19.70   12.37
 191346.108    72.860   -21.04   11.65
 191717.298    66.184   -17.98    6.29
 192088.453    63.904    -6.14    3.27
 192459.575    62.658    -3.36    1.28
 192830.662    62.539    -0.32    1.29
 193201.715    62.888     0.94    1.38
 193572.735    63.238     0.94    1.37
 193943.720    63.296     0.16    1.37
 194314.671    63.178    -0.32    1.34
 194688.704    62.842    -0.90    1.27
 195066.533    62.313    -1.40    1.21
 195444.326    61.898    -1.10    1.12
 195822.084    61.672    -0.60    1.40
 196199.807    61.275    -1.05    1.40
 196577.495    61.440     0.44    1.43
 196955.147    61.485     0.12    1.51
 197332.763    61.896     1.09    1.09
 197710.345    62.240     0.91    1.02
 198087.891    62.634     1.04    1.52
 198465.402    63.460     2.19    1.91
 198842.878    64.143     1.81    1.78
 199220.318    65.042     2.38    1.80
 199597.724    65.151     0.29    2.58
 199975.094    64.642    -1.35    3.51
 200352.428    63.610    -2.73    4.07
 200729.728    62.017    -4.22    3.41
 201106.993    60.464    -4.12    0.99
 201484.222    60.055    -1.09    1.04
 201861.416    60.073     0.05    1.09
 202238.575    60.332     0.69    1.06
 202615.699    60.387     0.15    1.22
 202992.787    61.147     2.02    1.58
 203369.841    61.512     0.97    1.58
 203746.860    62.060     1.45    1.66
 204123.843    62.555     1.31    1.59
 204500.791    62.422    -0.35    1.41
 204877.705    62.671     0.66    1.25
 205254.583    62.654    -0.04    1.09
 205631.426    62.832     0.47    1.33
 206008.234    63.314     1.28    1.43
 206385.007    64.137     2.18    1.73
 206761.745    65.527     3.69    2.45
 207138.449    67.951     6.43    3.83
 207515.117    70.466     6.68    3.52
 207891.750    71.906     3.82    2.36
 208268.348    72.162     0.68    2.06
 208644.911    71.645    -1.37    1.88
 209021.440    71.404    -0.64    1.61
 209397.933    71.555     0.40    1.58
 209774.392    72.666     2.95    2.16
 210150.815    73.966     3.45    2.48
 210527.204    75.577     4.28    2.47
 210903.558    76.653     2.86    1.94
 211279.877    77.624     2.58    1.76
 211656.161    78.458     2.22    1.91
 212032.410    79.634     3.12    2.08
 212408.624    81.860     5.92    3.30
 212784.804    85.505     9.69    4.82
 213160.949    89.999    11.95    7.34
 213537.059    95.721    15.21    8.01
 213913.134   100.154    11.79    6.52
 214289.174   103.488     8.86    3.79
 214665.180   104.634     3.05    4.11
 215041.151   106.592     5.21    5.43
 215417.087   109.601     8.00    6.87
 215792.988   113.751    11.04    6.72
 216168.855   116.429     7.12    5.96
 216544.687   117.083     1.74    6.37
 216920.484   115.480    -4.26    8.00
 217296.247   113.388    -5.57    8.52
 217671.975   110.958    -6.47    6.85
 218047.668   109.233    -4.59    4.45
 218423.327   111.654     6.44    5.69
 218798.951   114.917     8.68    6.64
 219174.540   118.219     8.79    7.07
 219550.095   124.999    18.05   12.15
 219925.615   134.793    26.08   20.79
 220301.101   145.262    27.87   26.10
 220676.552   155.388    26.97   27.70
 221051.968   164.869    25.25   31.44
 221427.350   168.625    10.00   34.17
 221802.697   171.728     8.26   31.51
 222178.010   179.120    19.69   34.17
 222553.288   190.244    29.63   35.30
 222928.532   202.795    33.44   36.60
 223303.741   225.162    59.60   44.19
 223678.916   256.653    83.92   54.23
 224054.056   269.233    33.53   52.46
 224429.162   283.036    36.79   48.90
 224804.233   281.445    -4.24   49.16
 225179.270   275.047   -17.06   44.38
 225554.272   275.313     0.71   42.21
 225929.240   278.187     7.66   34.19
 226304.174   296.024    47.56   46.13
 226679.073   314.592    49.52   52.31
 227053.938   347.114    86.74   52.46
 227428.768   385.871   103.37   43.49
 227803.564   414.690    76.88   54.82
 228178.326   435.200    54.71   48.25
 228553.053   428.226   -18.61   57.55
 228927.746   384.279  -117.26   78.32
 229302.405   329.860  -145.22   60.79
 229677.029   291.976  -101.10   45.07
 230051.619   272.709   -51.42   45.42
 230426.175   258.517   -37.88   38.93
 230800.696   248.697   -26.22   33.09
 231175.184   236.521   -32.51   30.72
 231549.636   228.860   -20.45   30.36
 231924.055   219.740   -24.35   26.04
 232298.440   219.404    -0.90   27.07
 232672.790   221.812     6.43   31.17
 233047.106   237.615    42.21   40.31
 233421.388   245.547    21.19   37.15
 233795.635   235.017   -28.13   42.75
 234169.849   213.832   -56.60   47.82
 234544.028   196.601   -46.04   36.49
 234918.173   187.106   -25.37   30.55
 235292.284   184.351    -7.36   31.08
 235666.361   174.758   -25.64   33.67
 236040.404   161.092   -36.53   26.03
 236414.413   152.351   -23.36   17.56
 236788.387   147.111   -14.01    8.52
 237162.328   148.744     4.37   11.92
 237536.234   150.073     3.55   13.67
 237910.106   153.678     9.64   21.52
 238283.945   160.443    18.09   28.97
 238657.749   167.936    20.04   34.35
 239031.519   177.101    24.51   40.19
 239405.255   179.785     7.18   41.10
 239778.957   182.496     7.25   38.61
 240152.626   181.408    -2.91   33.41
 240526.260   171.914   -25.40   26.91
 240899.860   161.406   -28.12   26.73
 241273.426   151.011   -27.82   15.64
 241646.958   148.758    -6.03   11.00
 242020.457   154.502    15.37   16.31
 242393.921   170.917    43.94   24.83
 242767.352   188.332    46.62   27.54
 243140.748   197.184    23.70   24.52
 243514.111   196.620    -1.51   29.62
 243887.439   182.714   -37.24   32.57
 244260.734   167.258   -41.39   22.77
 244633.995   164.119    -8.41   20.62
 245007.222   172.068    21.29   29.37
 245380.416   184.425    33.10   36.56
 245753.575   193.442    24.16   33.25
 246126.701   197.966    12.12   28.64
 246499.793   195.514    -6.57   23.01
 246872.851   189.711   -15.55   20.34
 247245.875   181.005   -23.33   20.96
 247618.865   170.672   -27.70   17.78
 247991.822   172.517     4.95   23.56
 248364.745   171.726    -2.12   25.11
 248737.634   169.049    -7.18   25.90
 249110.490   173.619    12.25   28.68
 249483.311   176.555     7.87   28.01
 249856.099   184.184    20.46   32.15
 250228.854   197.431    35.53   34.47
 250601.574   210.502    35.06   32.12
 250974.261   217.293    18.22   29.72
 251346.914   224.005    18.01   30.74
 251719.534   231.221    19.36   28.42
 252092.120   231.587     0.98   31.73
 252464.672   212.939   -50.04   33.16
 252837.191   197.274   -42.04   26.03
 253209.676   204.443    19.24   34.36
 253582.127   220.928    44.25   39.61
 253954.545   220.042    -2.38   41.09
 254326.930   197.370   -60.87   61.38
 254699.280   157.404  -107.31   62.58
 255071.597   122.721   -93.13   33.33
 255443.881   109.203   -36.30   10.44
 255816.131   111.187     5.33   12.16
 256188.348   119.464    22.23   19.52
 256560.531   135.226    42.34   27.75
 256932.680   150.558    41.19   26.80
 257304.796   165.240    39.44   23.36
 257676.879   174.832    25.77   22.84
 258048.928   184.860    26.95   21.58
 258420.943   181.351    -9.43   26.13
 258792.925   171.219   -27.23   30.96
 259164.874   161.777   -25.38   30.59
 259536.789   156.925   -13.04   24.96
 259908.671   166.313    25.24   33.15
 260280.520   176.573    27.58   37.57
 260652.335   200.703    64.88   40.01
 261024.116   220.428    53.04   33.14
 261395.864   242.369    59.01   36.68
 261767.579   263.408    56.59   39.91
 262139.261   291.583    75.78   50.00
 262510.909   316.256    66.37   43.27
 262882.524   316.133    -0.33   46.33
 263254.105   314.221    -5.14   48.58
 263625.653   300.955   -35.70   45.79
 263997.168   286.762   -38.19   48.88
 264368.650   282.116   -12.50   54.71
 264740.098   264.769   -46.69   61.81
 265111.513   243.312   -57.75   58.03
 265482.895   231.499   -31.80   45.26
 265854.244   232.947     3.90   48.27
 266225.559   235.294     6.32   43.18
 266596.841   247.539    32.97   40.71
 266968.090   252.690    13.87   38.95
 267339.305   262.514    26.46   38.56
 267710.488   279.947    46.95   46.48
 268081.637   315.577    95.97   70.24
 268452.753   358.197   114.81   80.45
 268823.836   402.666   119.80   65.52
 269194.886   416.332    36.82   51.35
 269568.697   404.587   -31.41   54.16
 269946.453   399.143   -14.41   48.51
 270324.174   388.744   -27.52   54.98
 270701.862   381.678   -18.70   65.53
 271079.514   371.162   -27.84   72.24
 271457.132   365.914   -13.89   66.26
 271834.716   372.111    16.41   68.69
 272212.266   395.708    62.48   72.62
 272589.781   431.653    95.19   62.56
 272967.261   464.610    87.28   50.87
 273344.708   496.260    83.83   51.30
 273722.120   520.124    63.21   44.59
 274099.498   536.987    44.67   40.74
 274476.841   552.031    39.86   46.08
 274854.150   570.833    49.82   54.91
 275231.425   588.999    48.14   52.11
 275608.665   611.313    59.13   49.94
 275985.871   612.101     2.09   51.81
 276363.043   594.096   -47.72   60.13
 276740.181   553.042  -108.83   75.60
 277117.285   499.332  -142.39   67.59
 277494.354   456.634  -113.20   50.08
 277871.389   423.166   -88.74   46.14
 278248.390   395.120   -74.37   46.29
 278625.356   377.137   -47.69   48.53
 279002.289   368.639   -22.54   45.68
 279379.187   359.055   -25.42   53.29
 279756.051   350.082   -23.80   51.26
 280132.881   333.690   -43.49   44.57
 280509.677   320.703   -34.46   38.78
 280886.439   322.985     6.06   39.54
 281263.166   357.896    92.64   61.24
 281639.860   399.389   110.12   79.25
 282016.519   439.073   105.33   64.66
 282393.145   459.611    54.52   53.89
 282769.736   440.389   -51.03   70.84
 283146.293   399.203  -109.34   73.61
 283522.816   365.462   -89.59   59.41
 283899.305   341.445   -63.77   46.07
 284275.761   325.908   -41.26   48.04
 284652.182   308.596   -45.98   52.10
 285028.569   299.571   -23.97   48.20
 285404.922   293.615   -15.82   33.17
 285781.241   307.795    37.67   40.01
 286157.526   338.666    82.02   51.58
 286533.777   368.606    79.55   52.47
 286909.994   396.766    74.83   58.47
 287286.178   424.036    72.47   59.18
 287662.327   449.120    66.67   55.26
 288038.442   455.480    16.91   48.87
 288414.524   441.332   -37.61   55.20
 288790.571   405.029   -96.51   67.70
 289166.585   368.096   -98.19   61.96
 289542.565   345.485   -60.12   51.31
 289918.511   346.406     2.45   55.60
 290294.423   370.197    63.27   64.58
 290670.302   411.029   108.60   71.67
 291046.146   436.841    68.66   63.13
 291421.957   431.842   -13.30   63.24
 291797.734   393.879  -100.99   78.15
 292173.477   349.369  -118.42   74.04
 292549.186   319.958   -78.26   51.93
 292924.862   326.991    18.71   53.66
 293300.503   375.060   127.93   68.21
 293676.111   427.860   140.53   61.37
 294051.686   458.533    81.64   59.71
 294427.226   472.036    35.95   63.28
 294802.733   465.658   -16.98   67.90
 295178.206   440.708   -66.43   75.17
 295553.645   420.312   -54.31   81.95
 295929.051   390.922   -78.26   97.57
 296304.423   351.992  -103.68   95.72
 296679.762   321.485   -81.25   80.92
 297055.066   304.577   -45.04   70.33
 297430.337   294.639   -26.47   54.21
 297805.575   303.078    22.48   51.32
 298180.779   319.426    43.56   61.78
 298555.949   357.462   101.35   76.38
 298931.085   408.292   135.46   97.97
 299306.189   474.275   175.85  102.24
 299681.258   535.181   162.34   93.38
 300056.294   567.332    85.70   72.55
 300431.296   584.068    44.62   61.77
 300806.265   597.908    36.90   50.27
 301181.200   600.879     7.92   46.16
 301556.102   608.101    19.26   52.66
 301930.970   613.888    15.43   67.49
 302305.805   603.124   -28.71   75.57
 302680.606   590.678   -33.20   75.00
 303055.374   570.672   -53.37   75.62
 303430.108   561.714   -23.90   79.18
 303804.809   563.216     4.01   69.00
 304179.476   584.197    55.98   62.65
 304554.110   599.110    39.79   54.12
 304928.711   601.139     5.42   56.79
 305303.278   587.297   -36.94   61.69
 305677.811   585.558    -4.64   52.59
 306052.312   599.297    36.67   58.97
 306426.779   637.634   102.34   71.21
 306801.212   672.898    94.15   65.09
 307175.612   690.592    47.24   44.58
 307549.979   696.751    16.45   31.77
 307924.313   693.110    -9.72   38.70
 308298.613   696.704     9.60   42.25
 308672.880   700.024     8.87   44.11
 309047.113   693.999   -16.09   46.42
 309421.313   666.992   -72.15   59.91
 309795.480   617.244  -132.92   71.37
 310169.614   556.658  -161.88   79.46
 310543.714   507.624  -131.03   65.57
 310917.781   479.274   -75.76   52.72
 311291.815   478.906    -0.98   54.52
 311665.816   496.716    47.60   57.99
 312039.783   517.037    54.32   47.69
 312413.718   539.619    60.37   45.98
 312787.619   542.275     7.10   39.85
 313161.486   541.224    -2.81   43.31
 313535.321   532.672   -22.87   47.24
 313909.123   498.906   -90.30   48.85
 314282.891   479.226   -52.64   48.89
 314656.626   469.200   -26.82   49.43
 315030.328   460.851   -22.33   55.76
 315403.997   453.124   -20.67   59.83
 315777.633   443.992   -24.43   59.65
 316151.235   431.709   -32.87   57.53
 316524.805   414.238   -46.75   56.50
 316898.342   406.390   -21.00   54.65
 317271.845   383.314   -61.76   51.14
 317645.315   364.332   -50.81   48.60
 318018.753   352.295   -32.22   41.84
 318392.157   359.596    19.55   53.67
 318765.528   378.012    49.31   66.61
 319138.866   409.900    85.39   63.82
 319512.172   433.235    62.49   60.97
 319885.444   458.898    68.73   59.14
 320258.683   478.332    52.05   53.68
 320631.889   484.240    15.83   47.80
 321005.062   468.076   -43.30   58.41
 321378.203   428.512  -106.00   64.14
 321751.310   386.106  -113.62   59.48
 322124.384   358.293   -74.52   57.10
 322497.426   333.714   -65.87   55.82
 322870.435   311.143   -60.49   43.44
 323243.410   289.779   -57.26   36.07
 323616.353   274.488   -40.99   28.68
 323989.263   264.295   -27.32   27.92
 324362.140   252.870   -30.63   20.33
 324734.984   248.980   -10.43   15.17
 325107.795   254.407    14.55   19.85
 325480.574   269.116    39.44   23.90
 325853.319   283.169    37.69   25.72
 326226.032   292.483    24.98   25.81
 326598.712   298.181    15.28   28.28
 326971.359   300.939     7.40   27.53
 327343.974   305.464    12.14   24.92
 327716.555   310.059    12.33   25.75
 328089.104   320.943    29.21   30.93
 328461.620   332.917    32.13   34.49
 328834.104   352.896    53.62   37.12
 329206.554   370.197    46.44   34.12
 329578.972   389.521    51.87   38.20
 329951.357   405.716    43.48   41.16
 330323.710   409.293     9.60   46.88
 330696.029   396.684   -33.85   44.78
 331068.316   389.447   -19.43   46.24
 331440.571   388.842    -1.63   52.86
 331812.793   395.763    18.59   55.57
 332184.982   397.976     5.94   53.65
 332557.138   392.870   -13.71   49.65
 332929.262   383.238   -25.88   45.15
 333301.353   370.405   -34.48   39.53
 333673.412   365.005   -14.51   34.31
 334045.437   357.987   -18.86   32.44
