# NaN NaN NaN ;Mean Elev.(m), Avg Gradient(m/km), RMS Gradient(m/km) - SRTM1     
#   10.193   0.103   1.857 ;Mean Elev.(m), Avg Gradient(m/km), RMS Gradient(m/km) - ASTER GDEM
#    0.298   0.206   2.400 ;Mean Elev.(m), Avg Gradient(m/km), RMS Gradient(m/km) - GMTED2010 
  7 140.040340  51.720195     8.650     8.469  3 52452.49739287 18.014
  8 140.044991  51.732669     4.781     4.742  7 52487.49737597 23.138
  9 140.045407  51.733891     5.499     5.467  7 52522.49734745 36.681
 10 140.038723  51.719868     3.738     3.738  4 52557.49739568 51.490
 11 140.041999  51.722248     3.396     3.431  4 52592.49739234 35.999
 12 140.043585  51.728522     2.724     2.712  5 52627.49731217 15.921
 13 140.043195  51.727378     2.452     2.344  5 52662.49735624 12.157
 14 140.040621  51.722716     2.421     2.420  3 52697.49733226 11.495
 15 140.049503  51.735353     2.483     2.337  6 52732.49735634 24.021
 16 140.044899  51.733383     3.711     3.764  6 52767.49736501 32.017
 17 140.039071  51.720373     3.904     3.916  3 52802.49737455 49.259
 18 140.041755  51.725391     4.212     4.135  4 52837.49744027 25.146
 19 140.043663  51.726667     5.814     5.883  5 52872.49748064 20.233
 20 140.046091  51.734507     6.752     6.727  7 52907.49747026 22.912
 21 140.041725  51.727278     5.102     5.087  5 52942.49739651 48.493
 23 140.042273  51.728834     3.228     3.240  5 53012.49745356 21.862
 24 140.039920  51.721420     2.645     2.630  3 53047.49742008 17.226
 25 140.042017  51.722275     2.609     2.563  3 53082.49745496 13.976
 26 140.038287  51.718514     4.665     4.644  3 53117.49742485 31.188
 27 140.039861  51.720509     7.336     7.311  4 53152.49747470 36.274
 28 140.046830  51.733429     7.069     7.057  6 53187.49746421 26.734
 29 140.045468  51.733270     5.843     5.813  7 53222.49748555 25.181
 30 140.044066  51.731596     5.432     5.329  7 53257.49746118 47.252
 32 140.045069  51.732555     3.852     3.872  6 53327.49745369 41.508
 33 140.049146  51.735596     2.248     2.208  7 53362.49740915 16.292
 34 140.041426  51.720378     2.498     2.449  3 53397.49742803 14.008
 35 140.048065  51.735204     3.195     3.155  6 53432.49742192 10.551
 36 140.039876  51.720601     3.723     3.744  4 53467.49745543 14.709
 37 140.040912  51.721841     7.720     7.658  4 53502.49750741 28.091
 38 140.043793  51.729952     7.487     7.426  5 53537.49750220 22.996
 39 140.041598  51.727211     5.135     5.180  5 53572.49750501 33.531
 40 140.047777  51.735461     5.651     5.696  6 53607.49745533 28.802
 41 140.039072  51.719040     3.745     3.772  4 53642.49745346 23.424
 42 140.041154  51.722966     2.885     2.835  3 53677.49747285 53.566
 43 140.049439  51.737044     1.555     1.595  6 53712.49740418 22.921
 44 140.040924  51.721983     2.103     2.101  3 53747.49731410 11.813
 45 140.045805  51.734391     2.960     2.822  6 53782.49734723  8.324
 46 140.052558  51.737677     2.431     3.032  7 53817.49731270  8.834
 47 140.037975  51.719738     3.360     3.379  3 53852.49738337 37.857
 48 140.047766  51.734945     6.330     6.274  6 53887.49739217 29.885
 50 140.041192  51.721134     6.484     6.466  3 53957.49745501 19.652
 51 140.039103  51.720625     6.409     6.283  3 53992.49737940 16.511
 52 140.041497  51.722140     3.778     3.822  3 54027.49744245 32.412
 53 140.046623  51.734353     2.718     2.774  6 54062.49743796 24.176
 54 140.046759  51.734526     2.602     2.677  7 54097.49740818 13.856
 55 140.040403  51.721014     2.731     2.741  4 54132.49735828 10.702
 56 140.044874  51.731686     3.199     3.246  6 54167.49738107  8.860
 57 140.040729  51.721321     4.303     4.505  3 54202.49736169  4.898
 58 140.043645  51.726915     5.478     5.287  5 54237.49739843 29.102
 59 140.043402  51.731984     4.469     4.436  7 54272.49741856 21.088
 60 140.043044  51.728626     3.464     3.417  5 54307.49741996 32.893
 61 140.047067  51.734790     6.032     6.051  7 54342.49740070 47.888
 62 140.041921  51.724526     4.477     4.501  3 54377.49735436 53.025
 63 140.043051  51.731999     3.114     3.172  6 54412.49734746 53.004
 66 140.041892  51.722515     2.117     2.113  3 54517.49733326 16.975
 67 140.045563  51.733793     2.523     2.755  7 54552.49735297 20.483
 68 140.042762  51.726134     4.992     4.367  5 54587.49732991 43.915
 69 140.043709  51.729127     3.707     3.862  5 54622.49734858 27.015
 70 140.042632  51.727195     3.386     3.022  5 54657.49735761 41.481
 71 140.044114  51.732996     4.357     4.319  6 54692.49734156 22.008
 72 140.042437  51.722299     3.620     3.708  3 54727.49730964 52.545
 73 140.042853  51.729189     3.650     3.697  5 54762.49731795 25.024
 74 140.038967  51.720953     2.578     2.537  3 54797.49730247 22.267
 75 140.043578  51.729047     3.070     2.977  5 54832.49730784 12.702
 76 140.040586  51.722996     2.830     2.826  3 54867.49729874 10.330
 77 140.044125  51.732364     3.261     3.247  6 54902.49731827  8.892
 78 140.042145  51.725539     4.479     4.428  5 54937.49728942 13.144
 79 140.041921  51.728721     6.147     6.037  5 54972.49732264 24.663
 80 140.043947  51.727056     5.006     4.954  5 55007.49733898 18.627
 81 140.044062  51.728026     7.517     7.511  5 55042.49732810 50.258
 82 140.045418  51.733346     7.735     7.759  6 55077.49730838 24.948
 83 140.042107  51.725003     7.533     7.533  5 55112.49725997 45.243
 84 140.043271  51.727154     4.723     4.720  5 55147.49726154 47.737
 85 140.040331  51.720799     3.216     3.228  4 55182.49723956 19.961
 86 140.044171  51.729947     3.397     3.403  6 55217.49725856 15.831
 87 140.041341  51.726302     3.078     3.063  4 55252.49723661 14.821
 88 140.045009  51.733590     3.783     3.877  6 55287.49725087 11.801
 89 140.043231  51.726067     6.617     6.568  5 55322.49722560 35.605
 90 140.043463  51.729075     7.627     7.696  5 55357.49722523 40.317
 91 140.041837  51.723536     5.230     5.707  3 55392.49722652 21.115
 92 140.043663  51.728898     7.392     7.379  5 55427.49724154 45.775
 93 140.048016  51.734680     7.574     7.545  6 55462.49720742 24.090
