-283449.175   542.778     0.00   66.65
-283074.561   593.964   136.60  110.77
-282699.910   677.143   221.95  143.15
-282325.221   780.158   274.86  149.06
-281950.496   836.018   149.03  127.54
-281575.733   856.052    53.44  135.15
-281200.932   829.593   -70.58  152.99
-280826.095   799.368   -80.61  148.23
-280451.220   783.241   -43.01  131.76
-280076.307   758.946   -64.78  118.60
-279701.357   763.596    12.40  105.18
-279326.370   786.393    60.78   96.69
-278951.345   788.143     4.67   86.20
-278576.283   792.018    10.33   93.80
-278201.184   777.732   -38.08   94.13
-277826.047   765.462   -32.70  102.88
-277450.872   759.842   -14.97  110.73
-277075.660   743.055   -44.73  116.16
-276700.411   725.912   -45.67   99.54
-276325.124   733.054    19.02   90.87
-275949.799   730.600    -6.54   90.51
-275574.437   733.947     8.92   76.64
-275199.038   731.346    -6.93   63.67
-274823.601   746.263    39.72   60.72
-274448.126   789.655   115.53   71.08
-274072.613   867.439   207.08   96.04
-273697.064   950.625   221.44  101.95
-273321.476  1006.982   150.01   83.70
-272945.851  1047.544   107.95   83.35
-272570.188  1063.054    41.27   94.03
-272194.487  1042.655   -54.28   95.38
-271818.749  1047.130    11.91   80.92
-271442.973  1006.018  -109.38   94.77
-271067.160   968.981   -98.52   88.11
-270691.309   986.232    45.89   92.43
-270315.420  1024.161   100.88   98.68
-269939.493  1073.754   131.89   99.56
-269563.529  1109.054    93.86   88.94
-269187.526  1102.091   -18.51  110.46
-268811.486  1078.161   -63.62  120.71
-268435.409  1057.855   -53.98  135.62
-268059.293  1038.086   -52.54  135.19
-267683.140  1000.696   -99.37  124.83
-267306.949   977.536   -61.55  101.50
-266930.720   959.561   -47.76  100.40
-266554.453   979.946    54.16  109.39
-266178.148  1043.632   169.19  124.49
-265801.805  1080.288    97.38  131.28
-265425.425  1118.875   102.49  115.59
-265049.006  1109.554   -24.76  111.83
-264672.550  1073.684   -95.26   94.32
-264296.056  1042.088   -83.90   89.93
-263919.523   991.965  -133.08   92.73
-263542.953   928.393  -168.77   98.25
-263166.345   865.442  -167.11   98.52
-262789.699   873.345    20.98   98.16
-262413.015   915.400   111.62  114.87
-262036.293   940.544    66.73  107.83
-261659.533   932.321   -21.82  108.12
-261282.734   893.875  -102.01  108.52
-260905.898   875.241   -49.43   85.66
-260529.024   887.423    32.31   95.32
-260152.111   928.509   108.98   99.52
-259775.161   965.927    99.24  108.48
-259398.172   983.105    45.55  105.44
-259021.146  1023.035   105.88  111.52
-258644.081  1062.702   105.17  104.15
-258266.978  1082.304    51.97   98.82
-257889.837  1089.491    19.05   95.48
-257512.658  1016.881  -192.46  135.72
-257135.440   909.579  -284.38  117.81
-256758.184   835.789  -195.54   92.99
-256380.891   788.491  -125.33   45.16
-256003.558   781.589   -18.29   43.81
-255626.188   783.052     3.87   42.69
-255248.780   790.113    18.71   41.87
-254871.333   798.018    20.94   41.34
-254493.848   796.418    -4.24   33.12
-254116.324   816.246    52.51   46.19
-253738.762   878.411   164.61   96.12
-253361.162   947.175   182.06  106.53
-252983.524  1003.772   149.83   79.25
-252605.847  1051.745   126.99   63.37
-252228.132  1081.763    79.45   85.58
-251850.379  1096.473    38.93   89.34
-251472.587  1084.456   -31.80   80.79
-251094.757  1053.000   -83.23   87.69
-250716.888  1007.143  -121.33   65.01
-250338.981   951.534  -147.11   53.61
-249961.036   913.057  -101.78   57.91
-249588.269   898.509   -39.02   60.52
-249217.791   893.204   -14.32   71.37
-248847.276   899.268    16.36   80.43
-248476.725   885.893   -36.09   77.30
-248106.137   870.121   -42.55   62.91
-247735.512   868.782    -3.61   58.15
-247364.850   864.351   -11.95   55.92
-246994.151   869.158    12.96   53.76
-246623.416   865.000   -11.21   47.28
-246252.643   859.123   -15.85   41.47
-245881.834   861.429     6.22   37.86
-245510.987   867.214    15.60   38.19
-245140.104   869.226     5.42   38.43
-244769.183   866.881    -6.32   40.66
-244398.226   861.429   -14.70   42.33
-244027.231   854.576   -18.47   41.18
-243656.200   850.574   -10.78   37.83
-243285.131   843.893   -18.00   39.22
-242914.026   829.772   -38.04   36.00
-242542.883   818.737   -29.73   34.46
-242171.704   799.228   -52.55   31.45
-241800.487   780.772   -49.71   30.03
-241429.233   760.860   -53.62   23.49
-241057.942   753.321   -20.30   26.91
-240686.614   770.102    45.18   53.17
-240315.249   804.036    91.36   69.06
-239943.847   851.789   128.54   64.58
-239572.408   872.056    54.55   45.74
-239200.931   880.946    23.93   48.61
-238829.417   904.732    64.01   53.63
-238457.866   912.684    21.40   51.18
-238086.278   916.877    11.28   45.43
-237714.653   906.357   -28.30   55.61
-237342.990   868.211  -102.61   73.99
-236971.291   828.727  -106.20   59.67
-236599.554   810.379   -49.35   45.25
-236227.779   825.755    41.35   57.44
-235855.968   867.429   112.06   60.23
-235484.119   901.333    91.16   63.47
-235112.232   947.732   124.74   69.21
-234740.309   961.571    37.20   63.48
-234368.348   933.596   -75.19   78.48
-233996.350   920.596   -34.94   76.18
-233624.314   909.625   -29.48   65.18
-233252.241   912.362     7.35   60.85
-232880.131   945.875    90.04   57.06
-232507.983   972.441    71.37   62.01
-232135.798   990.000    47.17   54.72
-231763.576   980.404   -25.78   63.22
-231391.316   944.926   -95.28   80.02
-231019.018   897.052  -128.56   75.81
-230646.683   855.618  -111.25   56.96
-230274.311   822.158   -89.84   43.33
-229901.901   794.228   -74.98   43.21
-229529.454   767.714   -71.17   45.38
-229156.969   731.767   -96.49   40.15
-228784.446   707.255   -65.79   29.85
-228411.887   691.190   -43.11   15.90
-228039.289   710.278    51.22   58.05
-227666.654   776.982   178.97  106.98
-227293.981   865.528   237.54  126.09
-226921.271   934.407   184.76   95.88
-226548.523   978.607   118.55   77.43
-226175.738   998.362    52.98   91.77
-225802.915  1019.614    56.99  105.15
-225430.054  1037.127    46.96   98.15
-225057.156  1029.379   -20.77   80.22
-224684.220  1009.370   -53.64   76.19
-224311.246   973.088   -97.26   73.17
-223938.235   936.796   -97.27   67.86
-223565.185   911.895   -66.74   61.07
-223192.099   890.232   -58.05   62.86
-222818.974   877.390   -34.41   63.77
-222445.812   852.518   -66.64   51.48
-222072.612   822.268   -81.04   49.62
-221699.374   782.333  -106.97   59.53
-221326.098   744.625  -101.00   54.37
-220952.785   730.259   -38.47   48.64
-220579.433   729.537    -1.93   56.22
-220206.044   763.860    91.90   70.90
-219832.617   816.698   141.46   74.21
-219459.153   844.949    75.63   59.56
-219085.650   828.625   -43.70   72.60
-218712.109   818.125   -28.10   71.06
-218338.531   825.088    18.63   75.09
-217964.915   835.527    27.94   82.31
-217591.260   870.136    92.60   74.03
-217217.568   872.259     5.68   76.89
-216843.838   864.607   -20.47   70.04
-216470.070   854.056   -28.22   59.25
-216096.264   847.000   -18.87   53.77
-215722.420   862.821    42.31   53.92
-215348.538   862.534    -0.77   54.44
-214974.618   840.807   -58.09   67.43
-214600.660   814.554   -70.19   71.86
-214226.664   780.069   -92.19   54.68
-213852.630   773.860   -16.60   49.66
-213478.557   778.982    13.69   53.70
-213104.447   805.148    69.93   62.30
-212730.299   830.286    67.17   66.35
-212356.112   839.055    23.43   68.68
-211981.888   852.172    35.05   72.09
-211607.625   855.070     7.74   73.90
-211233.324   857.807     7.31   71.05
-210858.985   857.316    -1.31   66.96
-210484.608   862.421    13.63   61.54
-210110.192   858.051   -11.67   49.65
-209735.739   850.442   -20.31   41.94
-209361.247   860.125    25.85   49.41
-208986.717   870.316    27.20   48.86
-208612.149   881.263    29.22   52.02
-208237.542   898.719    46.59   58.60
-207862.897   926.193    73.32   80.23
-207488.214   965.140   103.93   87.10
-207113.493   978.800    36.45   86.45
-206738.733   992.102    35.49   78.39
-206363.935   993.545     3.85   66.07
-205989.099  1006.172    33.68   64.19
-205614.224  1026.140    53.25   54.38
-205239.311  1029.561     9.12   55.53
-204864.360  1004.569   -66.64   74.84
-204489.370   961.088  -115.93   81.02
-204114.342   911.000  -133.53   64.60
-203739.275   887.778   -61.90   64.81
-203364.170   872.390   -41.01   68.47
-202989.027   844.491   -74.35   71.97
-202613.845   812.186   -86.09   72.72
-202238.624   795.772   -43.74   69.76
-201863.366   794.684    -2.90   70.53
-201488.068   791.825    -7.62   74.90
-201112.732   798.339    17.35   76.80
-200737.358   777.554   -55.36   66.94
-200361.945   739.093  -102.43   61.35
-199986.494   712.946   -69.63   53.44
-199611.004   701.893   -29.43   42.48
-199235.475   706.000    10.93   42.11
-198859.908   730.518    65.27   54.81
-198484.302   764.411    90.22   61.09
-198108.658   802.133   100.40   64.00
-197732.975   839.895   100.49   74.35
-197357.253   887.246   126.00   74.13
-196981.493   909.296    58.67   65.44
-196605.694   900.518   -23.35   78.41
-196229.856   871.929   -76.05   86.63
-195853.980   856.328   -41.50   74.86
-195478.065   841.684   -38.95   52.33
-195102.111   854.276    33.49   58.66
-194726.118   895.949   110.81   78.70
-194350.087   947.536   137.16   76.82
-193974.017   999.339   137.72   80.67
-193597.908  1054.925   147.76   90.77
-193221.760  1097.089   112.07   85.20
-192845.574  1107.724    28.26   84.75
-192469.349  1106.857    -2.30   93.70
-192093.085  1087.439   -51.60  105.20
-191716.782  1076.218   -29.81  113.80
-191340.440  1077.772     4.13   99.26
-190964.059  1077.709    -0.17   88.28
-190587.640  1045.233   -86.26   91.67
-190211.181  1010.661   -91.82  103.82
-189834.684   989.316   -56.68  110.06
-189458.147   956.932   -85.99   97.91
-189081.572   928.929   -74.35  106.86
-188704.958   886.448  -112.77  125.51
-188328.305   823.241  -167.78  125.68
-187951.613   773.474  -132.09   86.67
-187574.881   770.018    -9.17   83.56
-187198.111   803.483    88.80   99.04
-186821.302   886.544   220.39  102.23
-186444.454   952.456   174.87   83.31
-186067.566   960.644    21.72   69.06
-185690.640   930.309   -80.46   81.31
-185313.675   862.254  -180.50  107.02
-184936.670   778.491  -222.14   89.81
-184559.626   732.071  -123.09   67.56
-184182.544   721.966   -26.80   53.29
-183805.422   732.966    29.16   61.61
-183428.261   762.411    78.06   81.15
-183051.060   790.364    74.09   81.04
-182673.821   811.424    55.82   79.04
-182296.542   823.145    31.06   84.26
-181919.224   821.831    -3.48   81.57
-181541.867   827.088    13.93   80.45
-181164.471   825.000    -5.53   68.27
-180787.036   835.186    26.98   58.92
-180409.561   847.107    31.57   63.15
-180032.047   873.228    69.18   74.19
-179654.493   917.796   118.02   78.31
-179276.901   935.931    48.02   74.33
-178899.269   953.055    45.34   68.07
-178521.597   962.638    25.37   69.10
-178143.887   946.579   -42.51   85.26
-177766.137   918.429   -74.51   96.26
-177388.347   892.350   -69.02   90.58
-177010.519   900.333    21.13  101.43
-176632.650   976.845   202.45  115.07
-176254.743  1034.526   152.61  100.53
-175876.796  1054.561    53.00   80.80
-175498.809  1054.526    -0.09   81.04
-175120.783  1041.000   -35.78   82.66
-174747.325   995.929  -120.67   91.21
-174376.961   958.415  -101.27   96.54
-174006.560   901.763  -152.92   98.91
-173636.121   842.655  -159.53   82.98
-173265.644   801.034  -112.32   84.33
-172895.129   779.161   -59.02   91.51
-172524.576   755.143   -64.81   85.80
-172153.986   737.362   -47.97   80.51
-171783.357   735.561    -4.86   81.63
-171412.691   750.526    40.37   87.42
-171041.987   768.707    49.03   90.47
-170671.245   797.103    76.58   77.99
-170300.465   813.232    43.49   84.62
-169929.647   843.339    81.18   90.38
-169558.792   912.245   185.77   89.52
-169187.898   950.879   104.15   96.20
-168816.966   976.037    67.81   87.10
-168445.997   988.414    33.36   81.68
-168074.989   983.268   -13.87   77.73
-167703.944   982.441    -2.23   71.90
-167332.860   947.603   -93.86   77.14
-166961.739   903.912  -117.71   83.21
-166590.579   851.862  -140.21   87.23
-166219.381   800.368  -138.70   82.64
-165848.146   764.018   -97.90   68.42
-165476.872   739.473   -66.10   79.42
-165105.560   732.862   -17.80   77.46
-164734.210   738.291    14.62   66.45
-164362.822   737.617    -1.82   53.63
-163991.396   751.091    36.27   45.12
-163619.931   746.193   -13.18   46.37
-163248.429   726.140   -53.97   56.85
-162876.888   700.912   -67.89   48.60
-162505.309   698.211    -7.27   59.57
-162133.692   718.421    54.38   77.24
-161762.037   749.088    82.50   70.33
-161390.343   766.357    46.45   60.82
-161018.612   746.950   -52.20   81.13
-160646.842   707.236  -106.81   84.84
-160275.034   690.696   -44.48   76.40
-159903.187   709.222    49.81   81.58
-159531.302   748.070   104.45   96.15
-159159.379   831.321   223.80  102.62
-158787.418   902.689   191.84  114.37
-158415.418  1001.393   265.29  121.08
-158043.380  1084.579   223.56  108.87
-157671.304  1151.867   180.82   85.23
-157299.189  1193.661   112.30   63.25
-156927.036  1215.237    57.97   54.59
-156554.844  1208.509   -18.07   61.87
-156182.614  1180.579   -75.02   77.65
-155810.346  1135.154  -122.00   84.06
-155438.039  1071.966  -169.69   89.37
-155065.694   996.607  -202.36   81.98
-154693.310   945.931  -136.06   69.46
-154320.888   924.034   -58.79   69.15
-153948.427   914.158   -26.51   72.50
-153575.928   925.000    29.10   72.80
-153203.390   924.276    -1.94   58.00
-152830.814   915.429   -23.74   58.80
-152458.199   918.764     8.95   71.52
-152085.546   932.576    37.06   90.89
-151712.854   940.321    20.78   90.22
-151340.123   932.780   -20.23   87.73
-150967.354   943.268    28.13   90.20
-150594.546   933.339   -26.63   89.27
-150221.700   948.517    40.70   85.46
-149848.815   972.086    63.20   67.29
-149475.891   977.421    14.30   52.85
-149102.929   960.930   -44.21   54.57
-148729.928   916.650  -118.69   68.13
-148356.888   878.661  -101.82   51.02
-147983.810   871.644   -18.80   41.06
-147610.693   871.491    -0.41   49.01
-147237.537   862.875   -23.09   60.14
-146864.342   837.404   -68.24   73.36
-146491.109   791.500  -122.97   69.83
-146117.837   735.895  -148.95   69.42
-145744.526   704.897   -83.02   61.60
-145371.176   683.931   -56.15   66.25
-144997.788   679.895   -10.81   78.25
-144624.360   680.966     2.87   77.60
-144250.894   673.462   -20.09   72.50
-143877.389   657.368   -43.08   66.51
-143503.845   627.464   -80.04   69.68
-143130.262   582.983  -119.05   78.23
-142756.641   553.421   -79.11   65.76
-142382.980   555.475     5.49   71.99
-142009.280   558.259     7.45   78.49
-141635.542   548.464   -26.20   88.39
-141261.764   492.900  -148.63  101.27
-140887.948   412.151  -215.98   89.53
-140514.092   364.491  -127.46   67.43
-140140.198   353.473   -29.47   73.11
-139766.265   368.793    40.97   85.47
-139392.292   372.036     8.67   84.49
-139018.281   345.724   -70.34   83.57
-138644.230   300.018  -122.18   68.32
-138270.140   255.946  -117.79   44.62
-137896.012   231.133   -66.31   34.18
-137521.844   214.800   -43.65   18.61
-137147.637   203.930   -29.04    9.07
-136773.391   206.481     6.82   21.81
-136399.106   232.069    68.35   60.12
-136024.782   258.661    71.03   65.08
-135650.418   269.220    28.20   56.46
-135276.016   272.246     8.08   45.25
-134901.574   267.768   -11.96   37.88
-134527.093   268.650     2.36   36.89
-134152.572   280.600    31.90   38.43
-133778.013   304.614    64.10   34.14
-133403.414   330.111    68.06   51.24
-133028.776   345.552    41.21   53.23
-132654.099   347.719     5.78   53.70
-132279.382   334.424   -35.48   54.66
-131904.627   328.035   -17.05   58.09
-131529.831   343.500    41.26   69.62
-131154.997   366.400    61.09   59.44
-130780.123   366.214    -0.50   52.80
-130405.210   341.193   -66.73   56.21
-130030.257   302.907  -102.09   54.45
-129655.265   265.224  -100.48   43.85
-129280.234   246.053   -51.11   32.93
-128905.163   243.322    -7.28   34.35
-128530.053   244.877     4.15   36.64
-128154.903   247.304     6.47   33.73
-127779.714   236.750   -28.13   40.32
-127404.485   216.855   -53.02   41.64
-127029.217   192.214   -65.65   37.06
-126653.910   175.855   -43.58   26.00
-126278.563   165.000   -28.92   11.11
-125903.176   161.232   -10.04    4.76
-125527.750   161.407     0.47    4.62
-125152.284   160.982    -1.13    3.83
-124776.779   160.456    -1.40    2.23
-124401.234   160.317    -0.37    1.78
-124025.650   159.574    -1.98    2.01
-123650.026   184.053    65.16   44.99
-123274.362   214.873    82.03   56.49
-122898.659   239.825    66.41   47.25
-122522.916   238.679    -3.05   43.54
-122147.133   219.517   -50.98   41.48
-121771.310   210.193   -24.81   36.18
-121395.448   216.825    17.64   39.68
-121019.547   235.000    48.35   40.68
-120643.605   249.870    39.55   35.46
-120267.624   266.552    44.36   19.69
-119891.603   274.667    21.58    8.81
-119515.542   275.966     3.45    8.83
-119139.442   277.158     3.17    8.95
-118763.301   279.737     6.86    9.22
-118387.121   282.293     6.79    8.64
-118010.901   284.927     7.00    7.93
-117634.641   288.426     9.30    7.40
-117258.342   290.945     6.69    6.86
-116882.002   290.965     0.05    8.13
-116505.623   286.724   -11.27   12.96
-116129.203   279.614   -18.89   15.65
-115752.744   268.544   -29.40   13.86
-115376.245   259.250   -24.68   13.17
-114999.706   253.333   -15.71   13.45
-114623.127   245.089   -21.89   17.85
-114246.508   225.733   -51.39   32.36
-113869.849   198.281   -72.88   39.86
-113493.150   171.333   -71.53   30.74
-113116.411   153.441   -47.49   12.96
-112739.632   162.224    23.31   36.17
-112362.813   192.491    80.31   58.64
-111985.954   231.148   102.57   64.29
-111609.054   248.407    45.79   54.94
-111232.115   245.965    -6.48   56.52
-110855.136   238.361   -20.17   54.72
-110478.116   245.845    19.85   68.10
-110101.057   287.724   111.06   83.39
-109723.957   338.656   135.05   68.71
-109346.817   369.339    81.35   52.46
-108969.637   361.690   -20.28   51.92
-108592.416   339.909   -57.73   47.49
-108215.156   320.119   -52.45   41.42
-107837.855   303.860   -43.09   40.36
-107460.514   304.525     1.76   45.93
-107083.133   305.483     2.54   43.00
-106705.712   312.000    17.27   47.53
-106328.250   321.458    25.05   45.40
-105950.748   324.074     6.93   34.40
-105573.206   328.321    11.25   20.77
-105195.623   339.102    28.55   15.54
-104818.000   348.533    24.97   14.02
-104440.337   359.690    29.54   12.70
-104062.633   367.310    20.17   10.37
-103684.889   369.356     5.41   10.52
-103307.105   365.929    -9.07   14.73
-102929.280   357.800   -21.51   16.90
-102551.414   349.576   -21.76   15.17
-102173.509   346.241    -8.82   13.28
-101795.563   346.052    -0.50   12.48
-101417.576   344.508    -4.08   12.57
-101039.549   338.357   -16.27   17.26
-100661.481   319.232   -50.58   29.78
-100283.373   312.500   -17.80   36.13
 -99909.121   315.263     7.38   41.43
 -99538.876   333.052    48.04   47.40
 -99168.592   351.102    48.74   44.00
 -98798.270   348.596    -6.76   47.80
 -98427.909   326.276   -60.26   60.91
 -98057.509   300.814   -68.74   51.54
 -97687.070   283.351   -47.14   34.26
 -97316.593   280.561    -7.53   29.88
 -96946.077   281.100     1.45   25.83
 -96575.522   260.564   -55.42   44.78
 -96204.928   242.017   -50.04   46.51
 -95834.295   237.519   -12.14   45.61
 -95463.623   260.328    61.53   52.93
 -95092.913   291.754    84.77   38.74
 -94722.163   307.836    43.37   21.69
 -94351.375   312.807    13.41    9.10
 -93980.548   308.193   -12.44   10.05
 -93609.682   302.932   -14.18    9.56
 -93238.777   297.518   -14.60   11.57
 -92867.833   293.158   -11.75   11.85
 -92496.850   291.807    -3.64   13.11
 -92125.828   292.441     1.71   14.88
 -91754.767   294.768     6.27   14.41
 -91383.667   293.295    -3.97   15.57
 -91012.528   286.000   -19.65   15.94
 -90641.350   273.070   -34.83   18.26
 -90270.133   260.782   -33.10   19.28
 -89898.877   251.759   -24.30   16.66
 -89527.581   245.071   -18.01   16.00
 -89156.247   241.902    -8.54   17.77
 -88784.873   237.123   -12.87   17.90
 -88413.461   234.707    -6.50   18.55
 -88042.009   236.517     4.87   18.30
 -87670.518   237.552     2.79   17.43
 -87298.988   239.804     6.06   20.15
 -86927.419   240.352     1.48   25.95
 -86555.810   243.458     8.36   27.78
 -86184.163   250.161    18.03   23.45
 -85812.476   249.339    -2.21   26.21
 -85440.750   235.517   -37.18   36.22
 -85068.984   215.140   -54.81   44.70
 -84697.180   189.339   -69.39   46.71
 -84325.336   160.169   -78.44   41.39
 -83953.452   133.483   -71.76   37.52
 -83581.530   109.492   -64.50   31.70
 -83209.568    88.820   -55.57   22.54
 -82837.567    80.526   -22.29   16.47
 -82465.526    79.559    -2.60   19.01
 -82093.446    83.852    11.54   25.32
 -81721.327    81.491    -6.34   26.13
 -81349.169    75.456   -16.22   25.90
 -80976.970    65.639   -26.37   22.66
 -80604.733    53.589   -32.37   10.97
 -80232.456    54.534     2.54   16.03
 -79860.140    62.817    22.24   23.73
 -79487.784    77.857    40.39   29.10
 -79115.389   101.655    63.90   26.45
 -78742.954   117.855    43.49   16.10
 -78370.479   120.881     8.13   11.80
 -77997.966   120.782    -0.27   10.87
 -77625.412   116.656   -11.07   11.15
 -77252.819   113.070    -9.62   10.27
 -76880.187   109.667    -9.13   11.33
 -76507.515   105.789   -10.40   12.58
 -76134.803   105.000    -2.12   13.82
 -75762.052   100.138   -13.04   13.21
 -75389.261    97.153    -8.01   13.45
 -75016.430    87.069   -27.04   19.28
 -74643.560    72.614   -38.76   20.25
 -74270.650    58.500   -37.85   18.55
 -73897.701    48.232   -27.53   10.80
 -73524.712    48.845     1.64   10.96
 -73151.683    48.161    -1.83   12.52
 -72778.614    46.623    -4.12   11.35
 -72405.506    46.964     0.91   11.22
 -72032.358    46.780    -0.49   10.80
 -71659.170    51.966    13.90   11.21
 -71285.942    56.667    12.59    8.73
 -70912.675    58.305     4.39    7.49
 -70539.368    56.327    -5.30    8.61
 -70166.021    50.895   -14.55    8.68
 -69792.634    46.536   -11.67    7.34
 -69419.207    44.344    -5.87    5.13
 -69045.741    45.140     2.13    5.96
 -68672.234    47.621     6.64    7.63
 -68298.688    50.017     6.42    8.82
 -67925.102    48.807    -3.24    9.18
 -67551.475    44.672   -11.07    8.77
 -67177.809    40.561   -11.00    6.55
 -66804.103    38.492    -5.54    4.42
 -66430.357    38.655     0.44    4.09
 -66056.571    40.131     3.95    3.72
 -65682.745    40.804     1.80    4.73
 -65308.879    39.702    -2.95    5.78
 -64934.973    38.068    -4.37    6.73
 -64561.027    36.517    -4.15    6.54
 -64187.041    34.500    -5.39    6.14
 -63813.015    32.542    -5.23    4.04
 -63438.949    31.610    -2.49    1.96
 -63064.842    31.914     0.81    1.47
 -62690.696    32.678     2.04    1.20
 -62316.509    33.145     1.25    1.19
 -61942.283    33.679     1.42    1.13
 -61568.016    34.155     1.27    1.04
 -61193.709    34.583     1.14    1.05
 -60819.362    35.190     1.62    1.23
 -60444.974    35.305     0.31    1.36
 -60070.547    35.590     0.76    1.26
 -59696.079    35.737     0.39    1.38
 -59321.571    35.717    -0.05    1.01
 -58947.022    35.704    -0.03    0.92
 -58572.434    35.983     0.74    1.07
 -58197.805    35.948    -0.09    1.16
 -57823.136    35.778    -0.46    1.34
 -57448.426    35.316    -1.23    1.38
 -57073.677    34.754    -1.50    1.14
 -56698.886    34.508    -0.66    1.12
 -56324.056    34.448    -0.16    1.16
 -55949.185    34.000    -1.20    1.14
 -55574.274    33.722    -0.74    1.22
 -55199.322    33.932     0.56    1.42
 -54824.330    34.351     1.12    1.45
 -54449.298    34.492     0.38    1.43
 -54074.225    34.712     0.59    1.34
 -53699.111    34.759     0.12    1.35
 -53323.958    34.847     0.24    1.39
 -52948.763    35.121     0.73    1.40
 -52573.528    35.393     0.73    1.50
 -52198.253    35.661     0.71    1.79
 -51822.937    36.328     1.78    2.86
 -51447.581    36.912     1.56    4.11
 -51072.184    36.914     0.00    4.31
 -50696.746    36.305    -1.62    3.59
 -50321.268    35.724    -1.55    3.26
 -49945.749    35.034    -1.84    3.17
 -49570.190    34.000    -2.75    2.93
 -49194.590    33.542    -1.22    2.61
 -48818.949    33.607     0.17    2.63
 -48443.268    33.230    -1.01    2.66
 -48067.546    32.052    -3.13    2.08
 -47691.783    31.035    -2.71    1.88
 -47315.980    30.169    -2.30    1.35
 -46940.136    29.898    -0.72    1.23
 -46564.251    30.263     0.97    1.76
 -46188.325    32.357     5.57    5.38
 -45812.359    37.898    14.74    9.03
 -45436.352    44.321    17.08   10.64
 -45060.304    51.246    18.41   11.04
 -44684.215    58.559    19.45   12.45
 -44308.085    65.362    18.09   13.16
 -43931.915    75.627    27.29   17.18
 -43555.703    87.797    32.35   23.16
 -43179.451   102.754    39.75   27.43
 -42803.158   119.684    44.99   29.26
 -42426.824   141.475    57.90   32.65
 -42050.449   159.579    48.10   33.02
 -41674.033   162.448     7.62   32.36
 -41297.577   151.550   -28.95   40.59
 -40921.079   130.579   -55.70   44.00
 -40544.540   102.351   -74.96   27.72
 -40167.961    85.455   -44.87   17.36
 -39791.340    78.390   -18.76   11.38
 -39414.678    80.286     5.03   12.30
 -39037.975    90.902    28.18   20.62
 -38661.232   106.864    42.37   23.73
 -38284.447   125.569    49.64   25.85
 -37907.621   148.233    60.14   28.93
 -37530.754   165.576    46.02   25.62
 -37153.845   171.667    16.16   23.67
 -36776.896   161.946   -25.79   33.45
 -36399.906   136.984   -66.21   38.55
 -36022.874   106.456   -80.96   29.47
 -35645.801    84.862   -57.27   22.83
 -35268.687    68.133   -44.36   20.21
 -34891.532    54.879   -35.14   14.31
 -34514.336    43.914   -29.07   11.41
 -34137.098    37.218   -17.75    8.04
 -33759.819    36.695    -1.39    8.43
 -33382.499    39.518     7.48   10.45
 -33005.138    45.742    16.49    9.82
 -32627.735    52.017    16.63   11.32
 -32250.291    59.672    20.28   20.07
 -31872.806    61.683     5.33   23.39
 -31495.279    58.293    -8.98   26.42
 -31117.711    49.586   -23.06   26.00
 -30740.102    37.464   -32.10    9.97
 -30362.451    38.623     3.07   11.75
 -29984.759    40.161     4.07   11.63
 -29607.025    35.672   -11.88   13.04
 -29229.250    29.656   -15.93   13.86
 -28851.434    23.439   -16.45   14.89
 -28473.576    19.525   -10.36   15.66
 -28095.676    17.148    -6.29   16.16
 -27717.735    11.067   -16.09   11.64
 -27339.753     7.807    -8.62    6.21
 -26961.729     6.377    -3.78    1.10
 -26583.664     6.586     0.55    1.16
 -26205.557     6.946     0.95    1.17
 -25827.408     7.066     0.32    1.24
 -25449.218     7.179     0.30    1.36
 -25074.060     7.293     0.31    1.40
 -24703.933     7.158    -0.37    1.59
 -24333.767     7.131    -0.07    1.97
 -23963.561     7.175     0.12    2.22
 -23593.316     7.121    -0.15    2.44
 -23223.030     7.000    -0.33    2.39
 -22852.705     7.119     0.32    2.05
 -22482.340     7.224     0.28    1.39
 -22111.935     7.220    -0.01    1.15
 -21741.491     7.138    -0.22    1.08
 -21371.007     7.105    -0.09    1.05
 -21000.483     7.213     0.29    0.99
 -20629.919     7.333     0.32    1.09
 -20259.315     7.345     0.03    1.07
 -19888.671     7.130    -0.58    1.41
 -19517.987     6.450    -1.83    1.48
 -19147.264     6.172    -0.75    1.31
 -18776.500     5.967    -0.55    1.40
 -18405.697     5.305    -1.79    2.66
 -18034.854     4.724    -1.57    3.22
 -17663.970     4.288    -1.18    3.52
 -17293.047     3.667    -1.68    3.53
 -16922.084     3.603    -0.17    3.47
 -16551.081     3.424    -0.48    3.42
 -16180.037     3.197    -0.61    3.59
 -15808.954     3.407     0.57    3.89
 -15437.831     4.339     2.51    4.27
 -15066.667     6.537     5.92    3.64
 -14695.464     7.746     3.26    1.95
 -14324.220     7.544    -0.54    1.60
 -13952.936     7.279    -0.71    1.45
 -13581.612     6.847    -1.16    1.47
 -13210.248     6.707    -0.38    1.36
 -12838.844     6.525    -0.49    1.32
 -12467.400     6.492    -0.09    1.26
 -12095.915     6.724     0.63    1.32
 -11724.391     6.733     0.02    1.19
 -11352.826     6.787     0.14    1.24
 -10981.221     6.448    -0.91    2.11
 -10609.575     5.441    -2.71    3.08
 -10237.890     4.222    -3.28    3.61
  -9866.164     3.050    -3.15    3.73
  -9494.397     1.931    -3.01    3.36
  -9122.591     1.508    -1.14    3.11
  -8750.744     0.847    -1.78    2.38
  -8378.857     0.500    -0.93    1.88
  -8006.930     0.237    -0.71    1.29
  -7634.962     0.000    -0.64    0.00
  -7262.954     0.000     0.00    0.00
  -6890.905     0.136     0.36    1.04
  -6518.816     0.279     0.38    1.37
  -6146.687     0.446     0.45    1.76
  -5774.517     0.500     0.14    1.74
  -5402.306     0.481    -0.05    1.59
  -5030.056     0.283    -0.53    1.22
  -4657.765     0.053    -0.62    0.40
  -4285.433     0.000    -0.14    0.00
  -3913.061     0.000     0.00    0.00
  -3540.648     0.000     0.00    0.00
  -3168.195     0.000     0.00    0.00
  -2795.701     0.000     0.00    0.00
  -2423.166     0.000     0.00    0.00
  -2050.591     0.000     0.00    0.00
  -1677.976     0.000     0.00    0.00
  -1305.320     0.000     0.00    0.00
   -932.623     0.000     0.00    0.00
   -559.886     0.055     0.15    0.40
   -187.107     0.086     0.08    0.66
    185.711     2.105     5.42    8.84
    558.571     8.567    17.33   24.24
    931.471    12.183     9.70   30.33
   1304.412    13.607     3.82   33.76
   1677.393    12.820    -2.11   32.06
   2050.416     7.464   -14.36   22.85
   2423.479     0.983   -17.37    4.68
   2796.582     0.246    -1.98    1.06
   3169.727     0.066    -0.48    0.51
   3542.912     0.000    -0.18    0.00
   3916.139     0.000     0.00    0.00
   4289.406     0.441     1.18    1.78
   4662.714     1.119     1.82    2.82
   5036.063     2.466     3.61    3.75
   5409.452     3.356     2.38    3.90
   5782.883     3.984     1.68    3.81
   6156.354     3.345    -1.71    3.53
   6529.867     2.850    -1.32    3.33
   6903.420     2.964     0.30    4.20
   7277.014     5.695     7.31    6.93
   7650.649     9.390     9.89    7.61
   8024.326    12.889     9.36    6.12
   8398.043    15.746     7.64    2.35
   8771.801    16.169     1.13    2.28
   9145.600    17.524     3.62    2.83
   9519.441    18.915     3.72    2.90
   9893.322    20.404     3.98    2.85
  10267.244    22.127     4.61    2.38
  10641.208    22.410     0.76    2.26
  11015.212    22.982     1.53    1.62
  11389.258    24.000     2.72    2.58
  11763.345    25.424     3.81    2.79
  12137.473    27.661     5.98    3.27
  12511.642    30.052     6.39    3.04
  12885.853    31.689     4.37    3.15
  13260.104    32.966     3.41    2.35
  13634.397    34.544     4.22    2.24
  14008.731    40.475    15.85   12.03
  14383.106    45.518    13.47   14.09
  14757.522    47.351     4.90   11.44
  15131.980    47.793     1.18    8.64
  15506.479    46.350    -3.85    5.71
  15881.020    44.466    -5.03    4.43
  16255.601    44.017    -1.20    4.41
  16630.224    45.095     2.88    4.13
  17004.888    47.373     6.08    5.25
  17379.594    49.667     6.12    4.67
  17754.341    51.556     5.04    3.50
  18129.130    53.450     5.05    3.05
  18503.959    55.603     5.75    2.88
  18878.831    58.656     8.14    5.86
  19253.743    64.356    15.20   12.29
  19628.698    69.328    13.26   15.21
  20003.693    75.763    17.16   20.15
  20378.730    79.576    10.17   21.86
  20753.809    87.678    21.60   25.49
  21128.929    95.672    21.31   30.42
  21504.091    96.279     1.62   31.34
  21879.294    93.542    -7.29   27.13
  22254.539    84.862   -23.13   18.92
  22629.825    79.390   -14.58    5.57
  23005.153    82.458     8.17    8.02
  23380.522    89.431    18.58   11.91
  23755.933    97.103    20.44   12.46
  24131.386    99.213     5.62   11.07
  24506.881    99.321     0.29   10.64
  24882.417    98.067    -3.34   11.64
  25257.994    96.364    -4.53   10.97
  25633.614    96.190    -0.46    6.84
  26009.275   101.847    15.06   11.59
  26384.978   112.183    27.51   20.25
  26760.723   128.250    42.76   26.89
  27136.509   140.017    31.31   23.22
  27512.337   152.311    32.71   21.54
  27888.207   160.018    20.50   28.21
  28264.119   164.203    11.13   31.75
  28640.073   165.492     3.43   37.22
  29016.068   160.048   -14.48   39.06
  29392.105   146.085   -37.13   28.38
  29768.185   136.603   -25.21   20.34
  30144.306   129.113   -19.92    9.31
  30520.469   125.203   -10.39    5.23
  30896.674   121.780    -9.10    4.55
  31272.920   119.429    -6.25    3.13
  31649.209   117.774    -4.40    2.63
  32025.540   117.368    -1.08    3.00
  32401.912   117.610     0.64    4.25
  32778.327   118.311     1.86    6.05
  33154.784   119.717     3.73    8.09
  33531.283   120.586     2.31    9.93
  33907.823   124.291     9.84   15.14
  34284.406   129.017    12.55   20.74
  34661.031   135.690    17.72   26.06
  35037.698   145.721    26.63   32.16
  35414.407   158.068    32.78   34.07
  35791.158   168.780    28.43   30.41
  36167.952   179.949    29.64   24.89
  36544.787   186.828    18.25   18.08
  36921.665   187.417     1.56   19.25
  37298.584   183.897    -9.34   23.31
  37675.546   179.787   -10.90   24.10
  38052.551   173.932   -15.53   26.82
  38429.597   166.328   -20.17   28.59
  38806.686   155.967   -27.48   30.72
  39183.817   143.644   -32.68   30.57
  39560.990   127.948   -41.62   27.81
  39938.206   114.719   -35.07   24.07
  40315.463   103.426   -29.94   17.77
  40692.764    96.259   -19.00   15.14
  41070.106    91.707   -12.06   11.97
  41447.491    86.492   -13.82   11.03
  41824.918    80.983   -14.60    9.78
  42202.388    74.948   -15.99    8.74
  42579.900    69.780   -13.69    6.36
  42957.454    65.869   -10.36    3.55
  43335.051    63.786    -5.52    1.58
  43712.690    63.183    -1.60    1.41
  44090.372    62.852    -0.88    1.79
  44468.097    63.119     0.70    2.27
  44845.863    63.237     0.31    2.60
  45223.673    63.576     0.90    2.79
  45601.524    64.131     1.47    2.92
  45979.419    64.625     1.31    2.99
  46357.356    65.410     2.08    2.93
  46735.335    66.254     2.23    2.80
  47113.357    66.797     1.43    2.62
  47491.422    67.200     1.07    2.68
  47869.529    67.459     0.69    2.99
  48247.679    67.617     0.42    3.31
  48625.872    67.821     0.54    3.98
  49004.107    68.016     0.52    5.04
  49382.385    68.695     1.79    6.34
  49758.559    69.293     1.59    7.17
  50128.562    69.220    -0.20    8.46
  50498.605    68.475    -2.01    9.67
  50868.690    64.610   -10.44    9.03
  51238.815    60.500   -11.11    7.41
  51608.981    57.111    -9.16    4.67
  51979.187    56.400    -1.92    3.47
  52349.434    58.746     6.34    6.78
  52719.723    63.517    12.89    9.24
  53090.052    70.689    19.37   11.70
  53460.421    76.821    16.56   10.76
  53830.832    83.417    17.81   11.16
  54201.284    91.778    22.57   13.70
  54571.776   108.883    46.17   24.81
  54942.309   125.448    44.71   22.69
  55312.883   130.484    13.59   20.48
  55683.498   129.661    -2.22   25.47
  56054.154   121.500   -22.02   29.88
  56424.851   108.900   -33.99   29.29
  56795.589   102.712   -16.69   21.93
  57166.368   103.424     1.92   18.10
  57537.188   112.051    23.27   20.45
  57908.049   128.311    43.85   28.27
  58278.951   142.983    39.56   30.93
  58649.894   159.300    43.99   30.83
  59020.878   172.000    34.24   28.06
  59391.903   184.705    34.24   25.22
  59762.969   189.596    13.18   21.98
  60134.076   185.082   -12.17   23.88
  60505.225   170.356   -39.68   29.63
  60876.414   151.603   -50.52   29.40
  61247.645   132.067   -52.63   24.91
  61618.917   117.820   -38.38   21.62
  61990.230   103.983   -37.27   23.36
  62361.584    87.875   -43.38   20.89
  62732.980    74.213   -36.79   17.24
  63104.416    65.534   -23.37   11.93
  63475.894    58.847   -18.00    5.24
  63847.413    55.914    -7.90    2.73
  64218.974    57.689     4.78    9.43
  64590.575    61.667    10.71   12.95
  64962.218    62.864     3.22   12.26
  65333.902    60.424    -6.57   12.16
  65705.628    55.934   -12.08   11.03
  66077.395    48.746   -19.34    8.36
  66449.203    44.483   -11.46    4.48
  66821.053    42.274    -5.94    1.68
  67192.944    42.033    -0.65    1.44
  67564.877    42.552     1.39    1.76
  67936.850    43.789     3.33    2.40
  68308.866    45.500     4.60    2.86
  68680.923    47.500     5.38    3.03
  69053.021    49.918     6.50    4.18
  69425.161    53.232     8.91    4.93
  69797.342    57.136    10.49    6.16
  70169.565    62.085    13.30    7.56
  70541.829    68.143    16.27    9.12
  70914.135    76.917    23.57   11.90
  71286.482    85.407    22.80   13.88
  71658.871    96.066    28.62   17.01
  72031.301   108.085    32.27   21.59
  72403.774   123.881    42.41   26.76
  72776.287   139.810    42.76   32.01
  73148.843   155.656    42.53   36.45
  73521.440   167.707    32.35   40.60
  73894.079   169.407     4.56   38.21
  74266.759   169.517     0.30   34.44
  74639.481   174.339    12.94   31.74
  75012.245   182.559    22.05   32.86
  75385.050   197.533    40.17   33.40
  75757.898   213.758    43.52   28.74
  76130.787   214.733     2.62   29.89
  76503.718   198.207   -44.32   41.97
  76876.690   167.158   -83.25   41.75
  77249.705   135.258   -85.53   31.09
  77622.761   114.964   -54.40   22.75
  77995.859   100.000   -40.11   20.31
  78368.999    87.474   -33.57   14.02
  78742.181    80.103   -19.75    9.57
  79115.404    76.467    -9.74    7.99
  79488.670    75.164    -3.49    9.70
  79861.977    74.483    -1.82   10.63
  80235.327    72.845    -4.39   10.03
  80608.718    70.806    -5.46    9.46
  80982.152    67.912    -7.75    7.26
  81355.627    65.083    -7.58    5.60
  81729.144    62.810    -6.09    4.36
  82102.703    60.377    -6.51    2.63
  82476.305    58.712    -4.46    1.45
  82849.948    57.915    -2.13    1.10
  83223.634    57.593    -0.86    1.18
  83597.361    57.311    -0.75    1.19
  83971.131    57.288    -0.06    1.23
  84344.942    57.383     0.25    1.42
  84718.796    57.381    -0.01    1.28
  85092.692    57.431     0.13    1.22
  85466.630    57.393    -0.10    1.11
  85840.611    57.464     0.19    1.06
  86214.633    57.855     1.04    1.29
  86588.698    58.356     1.34    2.00
  86962.805    59.083     1.94    2.35
  87336.954    60.246     3.11    2.43
  87711.145    61.131     2.37    2.23
  88085.379    61.678     1.46    2.05
  88459.655    61.729     0.14    2.14
  88833.973    61.306    -1.13    2.00
  89208.333    61.036    -0.72    1.98
  89582.736    60.323    -1.90    2.35
  89957.181    59.875    -1.20    2.50
  90331.669    59.583    -0.78    2.47
  90706.199    62.967     9.03   14.06
  91080.771    75.016    32.17   26.55
  91455.386    97.902    61.10   35.71
  91830.043   119.536    57.75   33.07
  92204.742   132.344    34.19   25.68
  92579.484   136.196    10.28   27.57
  92954.269   133.295    -7.74   31.84
  93329.096   129.534   -10.03   33.04
  93703.965   129.403    -0.35   32.89
  94078.877   126.593    -7.50   28.46
  94453.832   129.661     8.18   24.47
  94828.829   133.100     9.17   22.86
  95203.868   137.180    10.88   20.83
  95578.951   136.881    -0.80   18.75
  95954.075   137.966     2.89   21.52
  96329.243   137.197    -2.05   28.61
  96704.453   133.474    -9.92   33.80
  97079.705   131.661    -4.83   31.68
  97455.001   132.966     3.48   32.06
  97830.339   142.206    24.62   34.36
  98205.719   157.574    40.94   31.99
  98581.143   164.902    19.52   35.37
  98956.609   162.524    -6.33   34.29
  99332.118   158.864    -9.75   34.40
  99707.670   139.968   -50.32   36.49
 100083.264   121.052   -50.37   28.14
 100458.901   114.852   -16.50   23.08
 100834.581   112.559    -6.10   18.02
 101210.304   120.917    22.25   19.26
 101586.070   128.689    20.68   15.21
 101961.878   128.864     0.47   14.27
 102337.729   123.267   -14.89   13.20
 102713.624   116.373   -18.34   14.29
 103089.561   110.180   -16.47   13.91
 103465.541   105.017   -13.73   11.36
 103841.564   109.450    11.79   15.01
 104217.630   111.915     6.56   13.24
 104593.739   109.867    -5.45   14.56
 104969.891   101.217   -23.00   17.70
 105346.086    90.717   -27.91   14.70
 105722.324    84.016   -17.81    7.40
 106098.605    83.169    -2.25    6.43
 106474.929    85.533     6.28    7.05
 106851.296    87.893     6.27    7.83
 107227.706    90.355     6.54   11.83
 107604.159    90.356     0.00   12.12
 107980.656    89.082    -3.38   10.72
 108357.195    84.787   -11.41    7.74
 108733.778    80.600   -11.12    5.76
 109110.404    76.864    -9.92    4.99
 109487.073    73.404    -9.19    5.06
 109863.785    70.082    -8.82    4.73
 110240.540    67.649    -6.46    3.32
 110617.339    66.082    -4.16    1.48
 110994.181    65.426    -1.74    1.12
 111371.066    65.426     0.00    1.04
 111747.994    65.559     0.35    1.00
 112124.966    65.441    -0.31    1.05
 112501.981    65.581     0.37    0.90
 112879.039    65.207    -0.99    1.09
 113256.141    64.869    -0.90    1.35
 113633.286    64.683    -0.49    1.41
 114010.475    64.237    -1.18    1.45
 114387.706    63.712    -1.39    1.25
 114764.982    63.322    -1.03    0.80
 115142.300    63.065    -0.68    0.36
 115519.662    63.000    -0.17    0.00
 115897.068    63.000     0.00    0.00
 116274.517    63.000     0.00    0.00
 116652.010    63.000     0.00    0.00
 117029.546    63.000     0.00    0.00
 117407.125    63.000     0.00    0.00
 117784.748    63.000     0.00    0.00
 118162.415    63.000     0.00    0.00
 118540.125    63.000     0.00    0.00
 118917.879    63.000     0.00    0.00
 119295.676    63.000     0.00    0.00
 119673.518    63.000     0.00    0.00
 120051.402    63.000     0.00    0.00
 120429.331    63.000     0.00    0.00
 120807.303    63.000     0.00    0.00
 121185.318    63.000     0.00    0.00
 121563.378    63.000     0.00    0.00
 121941.481    63.161     0.43    0.55
 122319.628    63.458     0.78    0.97
 122697.819    63.850     1.04    1.30
 123076.053    64.344     1.31    1.60
 123454.331    64.817     1.25    1.87
 123832.653    65.169     0.93    1.85
 124211.019    65.552     1.01    1.65
 124588.327    65.672     0.32    1.36
 124958.202    65.534    -0.37    1.33
 125328.118    65.484    -0.14    1.21
 125698.077    65.263    -0.60    1.09
 126068.077    65.656     1.06    2.00
 126438.118    65.983     0.88    1.97
 126808.202    66.730     2.02    2.50
 127178.328    67.300     1.54    2.62
 127548.495    67.153    -0.40    2.82
 127918.704    66.197    -2.58    3.05
 128288.955    65.230    -2.61    3.09
 128659.248    64.283    -2.56    2.26
 129029.583    63.797    -1.31    1.67
 129399.959    63.855     0.16    1.76
 129770.378    63.690    -0.45    1.47
 130140.839    63.550    -0.38    1.37
 130511.341    63.793     0.66    1.50
 130881.886    64.213     1.13    1.97
 131252.472    64.684     1.27    2.26
 131623.100    64.770     0.23    2.12
 131993.771    65.153     1.03    1.95
 132364.483    65.302     0.40    1.82
 132735.238    65.333     0.09    0.93
 133106.035    65.644     0.84    1.00
 133476.873    66.115     1.27    0.90
 133847.754    66.590     1.28    1.02
 134218.677    66.932     0.92    1.00
 134589.642    66.933     0.00    1.10
 134960.649    67.016     0.22    1.07
 135331.699    67.153     0.37    1.11
 135702.790    67.286     0.36    1.08
 136073.924    67.596     0.84    0.98
 136445.100    67.885     0.78    0.93
 136816.318    67.966     0.22    0.86
 137187.579    68.115     0.40    0.82
 137558.881    68.250     0.36    1.02
 137930.226    68.532     0.76    1.29
 138301.613    68.800     0.72    1.46
 138673.043    68.951     0.41    1.44
 139044.515    69.082     0.35    1.29
 139416.029    69.267     0.50    0.99
 139787.585    69.508     0.65    1.07
 140159.184    70.051     1.46    1.22
 140530.826    70.548     1.34    1.17
 140902.509    71.000     1.22    1.11
 141274.235    71.270     0.73    0.79
 141646.004    71.589     0.86    0.80
 142017.815    71.839     0.67    0.83
 142389.668    72.100     0.70    0.80
 142761.564    72.194     0.25    0.83
 143133.503    72.574     1.02    0.92
 143505.484    72.833     0.70    0.92
 143877.507    73.100     0.72    0.95
 144249.573    73.295     0.52    0.90
 144621.682    73.468     0.46    0.84
 144993.833    73.417    -0.14    0.87
 145366.026    73.290    -0.34    0.89
 145738.263    73.464     0.47    0.93
 146110.542    73.581     0.31    1.02
 146482.863    73.810     0.62    0.91
 146855.228    74.081     0.73    0.89
 147227.635    74.356     0.74    0.96
 147600.084    74.833     1.28    1.21
 147972.576    75.067     0.63    1.18
 148345.111    74.968    -0.27    1.09
 148717.689    74.754    -0.57    1.03
 149090.310    74.770     0.04    1.10
 149462.973    74.951     0.48    1.18
 149835.679    75.638     1.84    1.45
 150208.428    76.213     1.54    1.17
 150581.220    76.638     1.14    1.78
 150954.054    77.082     1.19    1.80
 151326.932    77.414     0.89    1.85
 151699.852    77.590     0.47    1.99
 152072.815    78.525     2.51    4.53
 152445.821    84.603    16.30   14.69
 152818.870    94.950    27.74   21.87
 153191.962   103.467    22.83   24.58
 153565.097   105.533     5.54   22.63
 153938.274   102.508    -8.11   20.34
 154311.495    94.344   -21.88   12.03
 154684.759    89.966   -11.73    6.66
 155058.066    91.492     4.09    5.76
 155431.415    95.649    11.14    8.94
 155804.808   101.082    14.55   11.24
 156178.244   107.373    16.85   10.75
 156551.723   112.270    13.11   10.51
 156925.245   117.617    14.32   10.43
 157298.811   122.650    13.48   12.20
 157672.419   130.800    21.82   14.86
 158046.070   136.082    14.14   14.86
 158419.765   141.492    14.48   12.47
 158793.503   146.224    12.66    9.20
 159167.284   142.262   -10.60   11.30
 159541.108   136.404   -15.68   14.29
 159914.975   132.115   -11.47   16.16
 160288.886   128.186   -10.51   15.41
 160662.840   124.619    -9.54   15.67
 161036.837   119.083   -14.80   15.92
 161410.878   111.150   -21.21   14.43
 161784.961   102.417   -23.35    8.12
 162159.089    98.852    -9.53    5.70
 162533.259    95.459    -9.07    5.95
 162907.473    91.431   -10.77    7.30
 163281.730    88.148    -8.77    7.42
 163656.031    86.190    -5.23    4.38
 164030.375    88.048     4.97    4.58
 164404.762    91.525     9.29    6.37
 164779.193    97.355    15.57    8.58
 165153.667   106.540    24.53   15.65
 165528.185   113.000    17.25   15.90
 165902.746   120.459    19.92   15.16
 166277.351   124.169     9.91   13.13
 166651.999   126.823     7.08    9.24
 167026.691   133.259    17.18   10.56
 167401.427   143.952    28.54   15.45
 167776.206   155.350    30.42   14.83
 168151.028   160.984    15.03   14.03
 168525.895   160.672    -0.83   17.13
 168900.804   156.738   -10.50   20.39
 169275.758   158.694     5.22   19.53
 169650.755   166.850    21.75   21.46
 170025.796   173.984    19.02   22.44
 170400.880   180.386    17.07   20.69
 170776.008   176.629   -10.02   23.35
 171151.180   170.983   -15.05   22.07
 171526.396   166.597   -11.69   18.24
 171901.655   159.508   -18.89   21.37
 172276.958   148.167   -30.22   24.61
 172652.305   130.867   -46.10   23.48
 173027.696   116.590   -38.04   18.25
 173403.131   105.339   -29.97   14.43
 173778.609    98.780   -17.47   12.40
 174154.132    96.381    -6.39   12.55
 174529.698   103.286    18.39   17.96
 174905.308   117.613    38.15   26.69
 175280.962   132.311    39.13   29.59
 175656.660   142.113    26.09   24.57
 176032.401   145.016     7.73   20.52
 176408.187   137.383   -20.32   21.19
 176784.017   125.700   -31.09   19.22
 177159.891   119.086   -17.60   14.59
 177535.809   121.607     6.71   14.66
 177911.770   126.672    13.48   17.13
 178287.776   134.161    19.92   17.91
 178663.826   134.920     2.02   20.57
