# NaN NaN NaN ;Mean Elev.(m), Avg Gradient(m/km), RMS Gradient(m/km) - SRTM1     
#    5.230  -2.088  17.875 ;Mean Elev.(m), Avg Gradient(m/km), RMS Gradient(m/km) - ASTER GDEM
#   17.092  -1.758  17.272 ;Mean Elev.(m), Avg Gradient(m/km), RMS Gradient(m/km) - GMTED2010 
  8    21.779 52496.50890988 52.67 136.712651  49.564381 36.325
  8    21.902 52496.50891053 43.71 136.711251  49.567621 36.325
  8    21.577 52496.50891117 48.68 136.709851  49.570851 36.325
  8    21.516 52496.50891182 52.68 136.708451  49.574091 36.325
  9    21.667 52531.50889337 50.63 136.702318  49.548736 36.354
  9    21.724 52531.50889402 49.16 136.700918  49.551966 36.354
  9    21.619 52531.50889466 52.37 136.699518  49.555206 36.354
  9    21.613 52531.50889531 53.70 136.698118  49.558436 36.354
 10    20.690 52566.50891684 30.73 136.710288  49.559327 21.153
 10    21.294 52566.50891748 24.56 136.708888  49.562567 21.153
 10    20.512 52566.50891813 22.67 136.707488  49.565797 21.153
 10    20.546 52566.50891877 21.94 136.706088  49.569037 21.153
 10    19.978 52566.50891942 25.63 136.704688  49.572267 21.153
 11    19.439 52601.50892812 23.86 136.708454  49.556488  4.867
 11    19.474 52601.50892876 23.89 136.707054  49.559724 10.746
 11    19.457 52601.50892941 23.52 136.705654  49.562964 10.746
 11    19.487 52601.50893005 24.54 136.704254  49.566194 10.746
 11    19.534 52601.50893070 26.05 136.702854  49.569434 10.746
 12    19.376 52636.50889215 12.47 136.703340  49.552863  4.452
 12    19.563 52636.50889279 12.03 136.701940  49.556103  4.452
 12    19.592 52636.50889344 12.10 136.700540  49.559343  4.452
 12    19.553 52636.50889408 12.03 136.699140  49.562573  4.452
 13    19.717 52671.50889823 10.61 136.709031  49.558587  4.452
 13    19.770 52671.50889887 10.65 136.707631  49.561827  4.452
 13    19.800 52671.50889952 11.82 136.706221  49.565067  4.452
 13    19.531 52671.50890016 11.79 136.704821  49.568297  4.452
 13    19.273 52671.50890081 12.47 136.703421  49.571537  4.452
 14    19.388 52706.50889575  8.14 136.707533  49.555332  3.591
 14    19.595 52706.50889640  8.42 136.706133  49.558562  3.591
 14    19.642 52706.50889704  8.01 136.704733  49.561802  3.591
 14    19.501 52706.50889769  8.71 136.703333  49.565042  3.591
 14    19.278 52706.50889833  9.43 136.701933  49.568282  3.591
 15    19.558 52741.50892877 42.88 136.708291  49.557739 29.967
 15    19.573 52741.50892941 49.41 136.706891  49.560979 29.967
 15    19.422 52741.50893006 45.28 136.705491  49.564209 29.967
 15    19.344 52741.50893070 34.52 136.704091  49.567449 29.967
 15    19.245 52741.50893135 32.99 136.702691  49.570689 29.967
 16    19.245 52776.50887359 37.91 136.717520  49.565371 31.112
 16    19.254 52776.50887423 49.06 136.716120  49.568611 31.112
 16    19.249 52776.50887488 39.09 136.714720  49.571841 31.112
 16    18.965 52776.50887552 49.55 136.713320  49.575081 31.112
 16    19.078 52776.50887617 51.36 136.711920  49.578321 31.112
 17    20.155 52811.50894917 52.74 136.702143  49.552772 33.346
 17    19.817 52811.50894982 52.28 136.700743  49.556012 33.346
 17    19.788 52811.50895046 52.50 136.699343  49.559242 33.346
 18    22.523 52846.50900420 49.20 136.704700  49.552800 37.790
 18    22.590 52846.50900484 51.70 136.703300  49.556040 37.790
 18    22.408 52846.50900549 52.66 136.701900  49.559280 37.790
 18    22.530 52846.50900613 51.27 136.700500  49.562510 37.790
 18    22.392 52846.50900678 52.48 136.699100  49.565750 37.790
 19    22.863 52881.50904160 21.41 136.707010  49.555783 33.150
 19    22.734 52881.50904225 20.54 136.705610  49.559023 33.150
 19    22.976 52881.50904289 22.39 136.704210  49.562263 33.150
 19    23.020 52881.50904354 24.45 136.702810  49.565493 33.150
 19    23.181 52881.50904418 29.48 136.701410  49.568733 33.150
 20    22.584 52916.50899983 28.96 136.714452  49.562827 34.382
 20    22.132 52916.50900048 21.61 136.713052  49.566067 34.382
 20    22.207 52916.50900112 22.90 136.711652  49.569297 34.382
 20    22.561 52916.50900177 24.18 136.710252  49.572537 34.382
 20    22.681 52916.50900241 34.78 136.708852  49.575777 34.382
 21    20.721 52951.50895944 46.68 136.707073  49.555653 26.600
 21    20.567 52951.50896008 47.81 136.705673  49.558893 26.600
 21    20.451 52951.50896073 44.74 136.704273  49.562123 26.600
 21    20.509 52951.50896137 42.22 136.702873  49.565363 26.600
 21    20.479 52951.50896202 42.90 136.701473  49.568593 26.600
 22    19.797 52986.50897888 17.30 136.712432  49.564372  5.638
 22    19.787 52986.50897953 17.84 136.711032  49.567612  5.638
 22    19.803 52986.50898017 18.96 136.709632  49.570852  5.638
 22    19.698 52986.50898081 18.97 136.708232  49.574082  5.638
 23    19.472 53021.50896806 14.02 136.714299  49.562841  3.845
 23    19.572 53021.50896870 15.58 136.712899  49.566071  3.845
 23    19.661 53021.50896935 14.54 136.711499  49.569311  3.845
 23    19.734 53021.50896999 14.55 136.710099  49.572551  3.845
 23    19.679 53021.50897064 14.62 136.708699  49.575781  3.845
 24    18.803 53056.50895799 17.95 136.710244  49.561687  5.216
 24    18.866 53056.50895864 16.52 136.708844  49.564917  5.216
 24    18.960 53056.50895928 17.57 136.707444  49.568157  5.216
 24    19.004 53056.50895993 16.96 136.706034  49.571397  5.216
 25    21.405 53091.50899473  9.53 136.707916  49.556243  3.170
 25    21.468 53091.50899538  9.85 136.706516  49.559483  3.170
 25    21.166 53091.50899602 10.28 136.705116  49.562723  3.170
 25    21.088 53091.50899667 10.58 136.703716  49.565953  3.170
 25    20.883 53091.50899731 11.08 136.702316  49.569193  3.170
 26    21.475 53126.50896587 51.26 136.706986  49.557996 42.943
 26    21.484 53126.50896652 50.47 136.705586  49.561236 42.943
 26    21.478 53126.50896716 52.34 136.704186  49.564466 42.943
 26    21.485 53126.50896780 52.54 136.702776  49.567706 42.943
 27    24.233 53161.50902791 25.76 136.703588  49.554462 30.618
 27    23.979 53161.50902856 26.56 136.702188  49.557702 30.618
 27    24.207 53161.50902920 24.99 136.700788  49.560942 30.618
 27    24.304 53161.50902985 26.26 136.699388  49.564172 30.618
 28    21.967 53196.50902695 20.07 136.710228  49.559654 31.661
 28    21.545 53196.50902759 21.10 136.708828  49.562884 31.661
 28    21.447 53196.50902824 23.86 136.707428  49.566124 31.661
 28    21.387 53196.50902888 22.16 136.706028  49.569354 31.661
 28    21.313 53196.50902952 27.94 136.704628  49.572594 31.661
 29    22.311 53231.50900978 39.35 136.714375  49.565009 34.528
 29    22.072 53231.50901042 28.76 136.712975  49.568249 34.528
 29    21.706 53231.50901107 25.38 136.711575  49.571489 34.528
 29    21.903 53231.50901171 25.47 136.710175  49.574719 34.528
 30    21.251 53266.50897934 47.41 136.713981  49.564801 44.280
 30    21.152 53266.50897998 39.34 136.712581  49.568041 44.280
 30    21.141 53266.50898063 48.80 136.711181  49.571281 44.280
 30    21.194 53266.50898127 50.22 136.709781  49.574511 44.280
 32    18.765 53336.50900030 36.30 136.709622  49.559187 27.613
 32    18.835 53336.50900094 36.41 136.708222  49.562427 27.613
 32    18.764 53336.50900159 40.04 136.706822  49.565667 27.613
 32    18.843 53336.50900223 48.43 136.705422  49.568897 27.613
 32    18.818 53336.50900288 47.09 136.704022  49.572137 27.613
 33    19.627 53371.50893762 17.37 136.716706  49.564292  5.012
 33    19.526 53371.50893827 18.30 136.715306  49.567532  5.012
 33    19.441 53371.50893891 17.32 136.713906  49.570772  5.012
 33    19.292 53371.50893956 18.57 136.712506  49.574002  5.012
 33    19.234 53371.50894020 18.23 136.711106  49.577242  5.012
 34    19.687 53406.50897278 10.53 136.707876  49.558086  4.226
 34    19.612 53406.50897342 10.99 136.706476  49.561326  4.226
 34    19.436 53406.50897406 11.81 136.705076  49.564566  4.226
 34    19.001 53406.50897471 14.10 136.703676  49.567806  4.226
 34    18.808 53406.50897535 13.69 136.702276  49.571036  4.226
 35    19.518 53441.50895973  9.21 136.714455  49.563861  3.778
 35    19.426 53441.50896038 11.47 136.713055  49.567101  3.778
 35    19.553 53441.50896102 10.36 136.711655  49.570331  3.778
 35    19.356 53441.50896167 11.77 136.710255  49.573571  3.778
 35    19.263 53441.50896231 13.06 136.708855  49.576811  3.778
 36    23.142 53476.50902581 35.09 136.703615  49.551197 31.229
 36    19.879 53476.50902645 31.01 136.702215  49.554437 31.229
 36    19.772 53476.50902710 30.66 136.700815  49.557677 31.229
 36    19.707 53476.50902774 32.55 136.699415  49.560907 31.229
 37    22.721 53511.50904067 49.68 136.708151  49.558068 42.079
 37    22.850 53511.50904132 47.32 136.706751  49.561308 42.079
 37    22.699 53511.50904196 49.65 136.705351  49.564538 42.079
 37    22.803 53511.50904261 50.79 136.703951  49.567778 42.079
 37    22.719 53511.50904325 50.00 136.702551  49.571018 42.079
 38    22.977 53546.50905770 39.74 136.707094  49.557163 45.681
 38    22.978 53546.50905834 38.49 136.705694  49.560403 45.681
 38    22.916 53546.50905899 37.20 136.704294  49.563643 45.681
 38    22.822 53546.50905963 40.53 136.702894  49.566873 45.681
 38    22.766 53546.50906028 45.00 136.701494  49.570113 45.681
 39    21.775 53581.50903068 50.49 136.710512  49.562013 45.491
 39    21.576 53581.50903132 52.06 136.709112  49.565253 45.491
 39    21.596 53581.50903197 50.69 136.707712  49.568493 45.491
 39    21.614 53581.50903261 53.36 136.706312  49.571733 45.491
 40    21.126 53616.50898598 21.92 136.711726  49.562778 33.779
 40    21.024 53616.50898663 21.83 136.710326  49.566018 33.779
 40    20.837 53616.50898727 20.29 136.708926  49.569248 33.779
 40    20.699 53616.50898792 21.43 136.707526  49.572488 33.779
 41    20.130 53651.50900016 50.79 136.707242  49.557664 35.999
 41    20.067 53651.50900080 50.82 136.705842  49.560904 35.999
 41    19.998 53651.50900145 51.01 136.704442  49.564144 35.999
 41    19.907 53651.50900209 51.67 136.703042  49.567374 35.999
 42    18.986 53686.50900577 40.22 136.706066  49.557102 28.773
 42    18.950 53686.50900642 39.94 136.704666  49.560332 28.773
 42    18.923 53686.50900706 40.35 136.703266  49.563572 28.773
 42    18.933 53686.50900771 45.73 136.701866  49.566812 28.773
 43    20.725 53721.50893298 10.08 136.715884  49.566019  3.777
 43    20.403 53721.50893362 10.95 136.714484  49.569259  3.777
 43    19.608 53721.50893427 11.75 136.713084  49.572499  3.777
 43    19.274 53721.50893491 12.56 136.711684  49.575729  3.777
 44    20.181 53756.50886233  8.71 136.709624  49.561971  3.052
 44    20.139 53756.50886298  8.96 136.708224  49.565211  3.052
 44    20.170 53756.50886362  8.83 136.706824  49.568441  3.052
 44    19.500 53756.50886427 11.31 136.705424  49.571681  3.052
 45    20.406 53791.50888871  6.68 136.713360  49.562710  2.988
 45    20.100 53791.50888936  6.87 136.711960  49.565950  2.988
 45    21.613 53791.50889000  6.16 136.710560  49.569190  2.988
 45    19.682 53791.50889065  6.94 136.709160  49.572420  2.988
 45    20.785 53791.50889129  6.28 136.707760  49.575660  2.988
 46    22.023 53826.50885009  7.93 136.706339  49.557884  2.386
 46    21.944 53826.50885074  8.52 136.704939  49.561124  2.386
 46    22.115 53826.50885138  8.09 136.703539  49.564354  2.386
 46    22.075 53826.50885203  8.45 136.702129  49.567594  2.386
 47    21.340 53861.50893886 49.74 136.704682  49.553027 42.697
 47    21.296 53861.50893950 52.63 136.703282  49.556257 42.697
 47    21.269 53861.50894014 53.22 136.701882  49.559497 42.697
 47    21.301 53861.50894079 53.31 136.700482  49.562737 42.697
 47    21.249 53861.50894143 52.64 136.699082  49.565967 42.697
 48    20.797 53896.50896007 33.76 136.708256  49.557927 31.492
 48    20.711 53896.50896072 30.57 136.706856  49.561167 31.492
 48    20.600 53896.50896136 31.39 136.705456  49.564397 31.492
 48    20.560 53896.50896201 27.85 136.704056  49.567637 31.492
 48    21.189 53896.50896265 25.11 136.702656  49.570867 31.492
 49    22.498 53931.50900953 24.36 136.702801  49.551531 32.775
 49    22.137 53931.50901017 24.78 136.701391  49.554761 32.775
 49    22.062 53931.50901082 28.58 136.700001  49.558001 32.775
 49    22.165 53931.50901146 31.93 136.698591  49.561241 32.775
 50    23.778 53966.50898567 48.21 136.707158  49.554905 47.583
 50    23.709 53966.50898632 48.65 136.705758  49.558145 47.583
 50    23.866 53966.50898696 43.65 136.704358  49.561375 47.583
 50    23.545 53966.50898761 31.38 136.702958  49.564615 47.583
 50    23.552 53966.50898825 28.68 136.701548  49.567855 47.583
 51    22.801 54001.50894734 31.84 136.704659  49.552719 32.106
 51    21.870 54001.50894798 17.71 136.703259  49.555949 32.106
 51    21.542 54001.50894862 19.51 136.701859  49.559189 32.106
 51    21.864 54001.50894927 21.20 136.700459  49.562429 32.106
 51    21.996 54001.50894991 22.97 136.699059  49.565659 32.106
 52    21.982 54036.50898804 20.04 136.709862  49.557262 17.894
 52    21.631 54036.50898868 21.32 136.708462  49.560492 17.894
 52    19.650 54036.50898933 22.92 136.707062  49.563732 17.894
 52    20.865 54036.50898997 19.93 136.705662  49.566972 17.894
 52    19.408 54036.50899061 23.53 136.704262  49.570202 17.894
 53    19.190 54071.50898309 26.46 136.709801  49.562161 10.044
 53    19.149 54071.50898373 26.92 136.708401  49.565401 10.044
 53    19.096 54071.50898438 26.78 136.707001  49.568641 10.044
 53    19.243 54071.50898502 27.72 136.705601  49.571871 10.044
 54    19.377 54106.50893495 20.28 136.713880  49.564621  9.893
 54    19.358 54106.50893560 21.37 136.712480  49.567861  9.893
 54    19.209 54106.50893624 22.63 136.711080  49.571101  9.893
 54    19.087 54106.50893689 27.07 136.709680  49.574331  9.893
 55    19.314 54141.50891590 16.31 136.706262  49.556059  4.842
 55    19.246 54141.50891654 15.55 136.704862  49.559299  4.842
 55    19.278 54141.50891719 14.83 136.703462  49.562539  4.842
 55    19.111 54141.50891783 15.92 136.702062  49.565779  4.842
 55    19.114 54141.50891848 15.28 136.700662  49.569009  4.842
 56    19.181 54176.50891588  8.99 136.711632  49.561875  2.970
 56    19.139 54176.50891652 10.03 136.710232  49.565115  2.970
 56    19.016 54176.50891716 11.84 136.708832  49.568355  2.970
 56    19.057 54176.50891781 12.09 136.707432  49.571585  2.970
 56    19.295 54176.50891845 13.64 136.706032  49.574825  2.970
 57    21.112 54211.50892280 37.36 136.705997  49.556070 36.098
 57    21.012 54211.50892344 36.22 136.704597  49.559310 36.098
 57    21.102 54211.50892409 33.53 136.703197  49.562550 36.098
 57    21.071 54211.50892473 33.53 136.701797  49.565780 36.098
 58    21.667 54246.50895288 13.68 136.708051  49.557382 23.540
 58    21.424 54246.50895353 14.39 136.706651  49.560622 23.540
 58    21.563 54246.50895417 17.73 136.705251  49.563862 23.540
 58    21.931 54246.50895481 21.97 136.703851  49.567092 23.540
 58    21.187 54246.50895546 26.32 136.702451  49.570332 23.540
 60    22.010 54316.50896263 30.03 136.710403  49.563618 18.782
 60    21.700 54316.50896327 28.64 136.709003  49.566858 18.782
 60    21.799 54316.50896392 27.50 136.707603  49.570088 18.782
 60    21.623 54316.50896456 24.66 136.706203  49.573328 18.782
 61    21.723 54351.50892929 25.04 136.713159  49.562065 27.891
 61    21.885 54351.50892994 33.70 136.711759  49.565305 27.891
 61    22.079 54351.50893058 37.57 136.710359  49.568545 27.891
 61    21.856 54351.50893123 32.38 136.708959  49.571775 27.891
 61    21.874 54351.50893187 31.93 136.707559  49.575015 27.891
 62    20.830 54386.50890108 21.53 136.708132  49.559527 16.922
 62    20.476 54386.50890173 26.13 136.706732  49.562757 16.922
 62    20.297 54386.50890237 23.81 136.705332  49.565997 16.922
 62    20.259 54386.50890302 24.31 136.703932  49.569237 16.922
 63    18.628 54421.50887897 37.00 136.711171  49.562195 17.249
 63    18.687 54421.50887962 36.97 136.709771  49.565425 17.249
 63    18.567 54421.50888026 38.35 136.708371  49.568665 17.249
 63    18.666 54421.50888090 46.45 136.706971  49.571905 17.249
 64    18.792 54456.50887324 25.83 136.705556  49.554803  7.816
 64    18.718 54456.50887388 27.33 136.704156  49.558033  7.816
 64    18.787 54456.50887453 26.10 136.702756  49.561273  7.816
 64    18.941 54456.50887517 25.12 136.701346  49.564513  7.816
 64    18.781 54456.50887582 24.60 136.699946  49.567743  7.816
 65    18.900 54491.50888081 19.80 136.711311  49.562967  5.154
 65    18.808 54491.50888145 20.47 136.709911  49.566207  5.154
 65    18.908 54491.50888210 20.92 136.708511  49.569447  5.154
 65    18.797 54491.50888274 20.79 136.707111  49.572677  5.154
 66    18.969 54526.50888636 14.31 136.708867  49.557283  4.342
 66    18.973 54526.50888701 12.95 136.707467  49.560513  4.342
 66    19.040 54526.50888765 13.68 136.706067  49.563753  4.342
 66    18.916 54526.50888830 13.01 136.704667  49.566983  4.342
 66    18.669 54526.50888894 13.71 136.703267  49.570223  4.342
 67    19.403 54561.50888923 46.07 136.711813  49.562758 31.798
 67    19.378 54561.50888987 40.85 136.710413  49.565998 31.798
 67    19.273 54561.50889052 40.17 136.709013  49.569228 31.798
 67    19.274 54561.50889116 46.56 136.707613  49.572468 31.798
 68    19.737 54596.50888261 48.67 136.709162  49.558000 36.108
 68    19.655 54596.50888325 50.00 136.707762  49.561240 36.108
 68    19.667 54596.50888389 50.07 136.706362  49.564480 36.108
 68    19.675 54596.50888454 51.76 136.704962  49.567710 36.108
 68    19.642 54596.50888518 50.54 136.703562  49.570950 36.108
 69    20.317 54631.50889569 46.91 136.709166  49.556091 30.629
 69    20.269 54631.50889633 51.12 136.707766  49.559321 30.629
 69    20.326 54631.50889697 51.43 136.706366  49.562561 30.629
 69    20.151 54631.50889762 51.00 136.704966  49.565801 30.629
 69    20.133 54631.50889826 50.90 136.703566  49.569031 30.629
 70    19.724 54666.50890217 50.43 136.707914  49.558059 32.498
 70    19.531 54666.50890282 49.46 136.706514  49.561299 32.498
 70    19.386 54666.50890346 50.98 136.705114  49.564529 32.498
 70    19.407 54666.50890411 51.14 136.703714  49.567769 32.498
 70    19.282 54666.50890475 48.75 136.702314  49.570999 32.498
 71    20.644 54701.50887120 45.14 136.714110  49.563285 31.398
 71    21.255 54701.50887185 52.73 136.712710  49.566525 31.398
 71    20.547 54701.50887249 43.65 136.711310  49.569765 31.398
 71    20.607 54701.50887314 50.74 136.709910  49.572995 31.398
 71    20.480 54701.50887378 53.03 136.708510  49.576235 31.398
 72    20.473 54736.50886147 46.84 136.706462  49.553966 28.429
 72    20.611 54736.50886212 51.76 136.705062  49.557206 28.429
 72    20.504 54736.50886276 48.54 136.703662  49.560436 28.429
 72    20.459 54736.50886340 37.66 136.702262  49.563676 28.429
 72    20.319 54736.50886405 26.78 136.700862  49.566916 28.429
 73    19.861 54771.50885116 32.84 136.712009  49.560873 18.868
 73    19.805 54771.50885180 31.85 136.710609  49.564113 18.868
 73    19.661 54771.50885245 30.30 136.709209  49.567353 18.868
 73    19.734 54771.50885309 28.93 136.707809  49.570583 18.868
 73    19.319 54771.50885374 25.46 136.706409  49.573823 18.868
 74    19.224 54806.50885500 21.07 136.705385  49.553684  5.643
 74    19.260 54806.50885565 21.82 136.703985  49.556924  5.643
 74    19.100 54806.50885629 22.50 136.702585  49.560154  5.643
 74    19.117 54806.50885694 21.54 136.701185  49.563394  5.643
 74    19.062 54806.50885758 20.33 136.699785  49.566624  5.643
 75    19.241 54841.50884739 19.54 136.709830  49.560575  6.468
 75    19.370 54841.50884804 18.34 136.708430  49.563815  6.468
 75    19.353 54841.50884868 17.78 136.707030  49.567045  6.468
 75    19.527 54841.50884933 19.61 136.705630  49.570285  6.468
 76    19.135 54876.50885716 10.57 136.706535  49.557659  3.021
 76    19.183 54876.50885780 11.22 136.705135  49.560899  3.021
 76    19.017 54876.50885844 11.77 136.703735  49.564129  3.021
 76    18.929 54876.50885909 11.48 136.702335  49.567369  3.021
 77    19.385 54911.50885275  9.18 136.711191  49.562874  9.889
 77    18.966 54911.50885340 10.43 136.709791  49.566104  9.889
 77    18.934 54911.50885404 13.81 136.708391  49.569344  9.889
 77    18.959 54911.50885469 30.15 136.706991  49.572584  9.889
 78    21.822 54946.50884958 50.08 136.706027  49.554888 37.594
 78    21.924 54946.50885023 50.81 136.704627  49.558118 37.594
 78    21.768 54946.50885087 52.87 136.703227  49.561358 37.594
 78    21.829 54946.50885152 52.22 136.701827  49.564588 37.594
 78    21.905 54946.50885216 51.12 136.700427  49.567828 37.594
 79    22.756 54981.50887594 44.04 136.708654  49.557253 32.171
 79    22.723 54981.50887658 46.83 136.707254  49.560483 32.171
 79    20.951 54981.50887723 51.59 136.705854  49.563723 32.171
 79    20.893 54981.50887787 53.23 136.704454  49.566953 32.171
 79    20.860 54981.50887852 52.44 136.703054  49.570193 32.171
 80    22.644 55016.50887647 48.06 136.709867  49.557682 30.029
 80    23.031 55016.50887711 50.39 136.708467  49.560922 30.029
 80    22.741 55016.50887776 51.47 136.707067  49.564152 30.029
 80    22.543 55016.50887840 52.19 136.705667  49.567392 30.029
 80    22.683 55016.50887905 51.92 136.704267  49.570632 30.029
 81    24.619 55051.50887162 28.69 136.710922  49.559077 32.415
 81    24.143 55051.50887227 25.65 136.709522  49.562317 32.415
 81    23.957 55051.50887291 23.62 136.708122  49.565547 32.415
 81    24.228 55051.50887355 23.17 136.706722  49.568787 32.415
 81    24.581 55051.50887420 23.71 136.705322  49.572017 32.415
 82    23.603 55086.50883739 27.15 136.712541  49.565050 43.647
 82    23.447 55086.50883804 25.20 136.711139  49.568289 43.647
 82    23.703 55086.50883868 25.47 136.709739  49.571529 43.647
 82    23.963 55086.50883933 25.08 136.708339  49.574759 43.647
 83    21.811 55121.50880524 23.47 136.707868  49.556517 34.895
 83    21.951 55121.50880588 19.16 136.706468  49.559757 34.895
 83    22.036 55121.50880653 20.12 136.705068  49.562997 34.895
 83    22.214 55121.50880717 22.52 136.703668  49.566227 34.895
 83    22.298 55121.50880782 25.30 136.702268  49.569467 34.895
 84    20.472 55156.50879643 32.57 136.710965  49.559893  8.250
 84    20.556 55156.50879707 33.49 136.709565  49.563133  8.250
 84    20.567 55156.50879772 36.34 136.708159  49.566368 13.009
 84    20.443 55156.50879836 34.08 136.706759  49.569608 13.009
 84    20.356 55156.50879901 32.63 136.705359  49.572848 13.009
 85    20.365 55191.50879493 13.58 136.704742  49.556088  2.868
 85    20.287 55191.50879558 14.17 136.703342  49.559318  2.868
 85    20.244 55191.50879622 14.14 136.701942  49.562558  2.868
 85    20.195 55191.50879687 14.23 136.700542  49.565788  2.868
 86    19.706 55226.50879732 10.34 136.710672  49.560675  2.903
 86    19.935 55226.50879796  9.65 136.709267  49.563911  2.376
 86    19.971 55226.50879861  9.14 136.707867  49.567151  2.376
 86    19.939 55226.50879925  9.30 136.706467  49.570391  2.376
 86    19.761 55226.50879990  9.54 136.705067  49.573621  2.376
 87    20.031 55261.50879058  7.00 136.709458  49.558046  2.411
 87    19.948 55261.50879122  7.77 136.708058  49.561286  2.411
 87    20.004 55261.50879187  8.01 136.706658  49.564526  2.411
 87    19.899 55261.50879251  7.44 136.705258  49.567756  2.411
 87    20.069 55261.50879315  7.54 136.703858  49.570996  2.411
 88    19.732 55296.50878307 15.07 136.711962  49.563905  7.768
 88    19.763 55296.50878371 15.44 136.710558  49.567142  5.915
 88    19.290 55296.50878436 16.81 136.709158  49.570382  5.915
 88    19.851 55296.50878500 16.09 136.707758  49.573612  5.915
 89    22.169 55331.50877152 20.47 136.707810  49.559009 33.205
 89    22.300 55331.50877216 19.58 136.706410  49.562249 33.205
 89    22.539 55331.50877281 21.19 136.705010  49.565479 33.205
 89    22.661 55331.50877345 23.97 136.703610  49.568719 33.205
 90    21.885 55366.50876438 51.10 136.711348  49.560920 29.561
 90    21.847 55366.50876502 47.43 136.709942  49.564157 36.061
 90    21.807 55366.50876567 46.67 136.708542  49.567397 36.061
 90    21.743 55366.50876631 43.18 136.707142  49.570627 36.061
 90    21.774 55366.50876696 44.90 136.705742  49.573867 36.061
 91    21.707 55401.50877720 51.87 136.705597  49.557020 38.376
 91    21.715 55401.50877785 52.31 136.704197  49.560260 38.376
 91    21.527 55401.50877849 52.70 136.702797  49.563500 38.376
 91    21.503 55401.50877913 53.26 136.701397  49.566730 38.376
 92    24.345 55436.50878240 48.52 136.710709  49.563687 50.580
 92    24.231 55436.50878304 53.31 136.709309  49.566927 50.580
 92    24.146 55436.50878369 53.78 136.707909  49.570167 50.580
 92    24.173 55436.50878433 52.34 136.706509  49.573397 50.580
 93    20.912 55471.50873367 50.81 136.714141  49.565319 40.805
 93    20.686 55471.50873432 41.05 136.712741  49.568559 40.805
 93    20.878 55471.50873496 45.79 136.711341  49.571799 40.805
 93    20.774 55471.50873561 51.76 136.709941  49.575029 40.805
