-310361.002    15.713     0.00    1.77
-309983.821    15.392    -0.85    1.10
-309606.607    15.168    -0.59    0.00
-309229.359    15.168     0.00    0.00
-308852.077    15.168     0.00    0.00
-308474.762    15.168     0.00    0.00
-308097.413    15.168     0.00    0.00
-307720.031    15.168     0.00    0.00
-307342.614    15.168     0.00    0.00
-306965.165    15.168     0.00    0.00
-306587.681    15.168     0.00    0.00
-306210.164    15.168     0.00    0.00
-305832.613    15.168     0.00    0.00
-305455.029    15.168     0.00    0.00
-305077.411    15.168     0.00    0.00
-304699.759    15.168     0.00    0.00
-304322.073    15.168     0.00    0.00
-303949.870    15.168     0.00    0.00
-303578.751    15.168     0.00    0.00
-303207.600    15.168     0.00    0.00
-302836.416    15.168     0.00    0.00
-302465.200    15.168     0.00    0.00
-302093.951    15.168     0.00    0.00
-301722.670    15.168     0.00    0.00
-301351.357    15.168     0.00    0.00
-300980.010    15.168     0.00    0.00
-300608.631    15.168     0.00    0.00
-300237.220    15.168     0.00    0.00
-299865.776    15.168     0.00    0.00
-299494.299    15.168     0.00    0.00
-299122.790    15.168     0.00    0.00
-298751.248    15.168     0.00    0.00
-298379.674    15.168     0.00    0.00
-298008.067    15.168     0.00    0.00
-297636.427    15.168     0.00    0.00
-297264.754    15.168     0.00    0.00
-296893.049    15.168     0.00    0.00
-296521.312    15.168     0.00    0.00
-296149.541    15.168     0.00    0.00
-295777.738    15.168     0.00    0.00
-295405.902    15.168     0.00    0.00
-295034.033    15.168     0.00    0.00
-294662.132    15.168     0.00    0.00
-294290.198    15.168     0.00    0.00
-293918.231    15.168     0.00    0.00
-293546.232    15.168     0.00    0.00
-293174.199    15.168     0.00    0.00
-292802.134    15.168     0.00    0.00
-292430.036    15.168     0.00    0.00
-292057.905    15.168     0.00    0.00
-291685.742    15.168     0.00    0.00
-291313.545    15.168     0.00    0.00
-290941.316    15.168     0.00    0.00
-290569.054    15.168     0.00    0.00
-290196.759    15.168     0.00    0.00
-289824.431    15.168     0.00    0.00
-289452.071    15.168     0.00    0.00
-289079.677    15.168     0.00    0.00
-288707.251    15.168     0.00    0.00
-288334.791    15.168     0.00    0.00
-287962.299    15.168     0.00    0.00
-287589.774    15.168     0.00    0.00
-287217.216    15.168     0.00    0.00
-286844.624    15.168     0.00    0.00
-286472.000    15.168     0.00    0.00
-286099.343    15.168     0.00    0.00
-285726.653    15.168     0.00    0.00
-285353.930    15.168     0.00    0.00
-284981.174    15.168     0.00    0.00
-284608.385    15.168     0.00    0.00
-284235.563    15.168     0.00    0.00
-283862.708    15.168     0.00    0.00
-283489.820    15.168     0.00    0.00
-283116.898    15.168     0.00    0.00
-282743.944    15.168     0.00    0.00
-282370.957    15.168     0.00    0.00
-281997.936    15.168     0.00    0.00
-281624.883    15.168     0.00    0.00
-281251.796    15.168     0.00    0.00
-280878.676    15.168     0.00    0.00
-280505.523    15.495     0.88    1.65
-280132.337    16.329     2.23    2.81
-279759.118    17.610     3.43    3.73
-279385.866    18.341     1.96    3.98
-279012.580    18.594     0.68    3.71
-278639.261    18.802     0.56    3.47
-278265.909    18.313    -1.31    2.71
-277892.524    17.227    -2.91    0.42
-277519.106    17.168    -0.16    0.00
-277145.654    17.168     0.00    0.00
-276772.169    17.168     0.00    0.00
-276398.651    17.168     0.00    0.00
-276025.100    17.168     0.00    0.00
-275651.515    17.168     0.00    0.00
-275277.897    17.168     0.00    0.00
-274904.246    17.168     0.00    0.00
-274530.562    17.168     0.00    0.00
-274156.844    17.168     0.00    0.00
-273783.093    17.168     0.00    0.00
-273409.308    17.168     0.00    0.00
-273035.491    17.550     1.02    0.99
-272661.639    18.130     1.55    1.49
-272287.755    19.038     2.43    1.86
-271913.837    19.888     2.27    1.73
-271539.886    20.413     1.40    1.44
-271165.901    20.610     0.53    1.16
-270791.883    20.640     0.08    1.08
-270417.831    20.668     0.08    1.02
-270043.746    20.860     0.51    1.02
-269669.628    20.904     0.12    1.06
-269295.476    20.768    -0.36    1.07
-268921.291    20.594    -0.47    1.09
-268547.072    20.300    -0.79    1.18
-268172.820    20.331     0.08    1.20
-267798.534    20.514     0.49    1.14
-267424.215    20.561     0.12    1.07
-267049.862    20.756     0.52    1.06
-266675.476    20.923     0.44    1.07
-266301.056    20.979     0.15    1.02
-265926.602    21.168     0.50    1.03
-265552.115    21.221     0.14    0.98
-265177.595    21.305     0.22    0.94
-264803.041    21.313     0.02    0.87
-264428.453    21.501     0.50    0.87
-264053.832    21.760     0.69    0.98
-263679.177    22.400     1.71    1.14
-263304.488    22.874     1.26    1.14
-262929.766    23.241     0.98    1.03
-262555.010    23.802     1.50    0.91
-262180.221    24.055     0.67    0.89
-261805.397    24.552     1.33    1.12
-261430.541    25.033     1.28    1.19
-261055.650    25.257     0.60    1.00
-260680.726    25.564     0.82    0.86
-260305.768    25.575     0.03    0.92
-259930.776    25.668     0.25    0.80
-259555.751    25.853     0.49    0.86
-259180.692    25.979     0.34    0.94
-258805.599    26.148     0.45    0.99
-258430.472    26.335     0.50    1.06
-258055.312    26.797     1.23    1.42
-257680.117    27.621     2.19    1.72
-257304.889    28.228     1.62    1.61
-256929.627    28.545     0.85    1.50
-256554.332    28.815     0.72    1.51
-256179.002    29.149     0.89    1.37
-255803.639    29.260     0.30    1.29
-255428.242    29.705     1.18    1.37
-255052.810    29.893     0.50    1.34
-254677.346    30.110     0.58    1.76
-254301.847    30.057    -0.14    1.54
-253926.314    30.283     0.60    1.52
-253550.747    30.277    -0.02    1.51
-253175.147    30.338     0.16    1.07
-252799.512    30.846     1.35    1.42
-252423.844    31.319     1.26    1.79
-252048.141    31.923     1.61    1.83
-251672.405    32.279     0.95    1.72
-251296.635    32.348     0.18    1.62
-250920.830    32.311    -0.10    1.46
-250544.992    32.283    -0.07    1.40
-250169.120    32.695     1.10    1.43
-249793.213    33.149     1.21    1.35
-249417.273    33.300     0.40    1.49
-249041.298    33.382     0.22    1.36
-248665.290    33.208    -0.46    1.47
-248289.247    32.804    -1.07    1.46
-247913.171    32.564    -0.64    1.38
-247537.060    32.451    -0.30    1.45
-247160.915    32.594     0.38    1.46
-246784.736    32.809     0.57    1.32
-246408.523    32.846     0.10    1.13
-246032.276    32.621    -0.60    1.03
-245655.995    32.612    -0.02    0.90
-245279.679    32.514    -0.26    1.08
-244903.330    32.745     0.61    1.07
-244526.946    33.204     1.22    1.14
-244150.528    33.319     0.30    1.28
-243774.076    33.550     0.61    1.18
-243397.589    33.995     1.18    1.38
-243021.069    34.094     0.26    1.40
-242644.514    34.147     0.14    1.39
-242267.925    34.696     1.46    1.56
-241891.301    35.206     1.35    1.78
-241514.644    35.335     0.34    1.67
-241137.952    35.375     0.11    1.69
-240761.226    35.111    -0.70    1.62
-240384.465    35.446     0.89    2.14
-240007.670    35.854     1.08    2.63
-239630.841    36.057     0.54    2.42
-239253.978    36.621     1.50    2.45
-238877.080    36.829     0.55    2.44
-238500.148    36.726    -0.27    2.03
-238123.181    37.187     1.22    1.92
-237746.180    37.427     0.64    2.02
-237369.145    36.923    -1.34    1.92
-236992.076    37.186     0.70    2.01
-236614.971    36.753    -1.15    1.77
-236237.833    36.446    -0.81    1.57
-235860.660    36.394    -0.14    1.48
-235483.453    35.866    -1.40    1.08
-235106.211    35.775    -0.24    1.04
-234728.935    36.050     0.73    1.07
-234351.624    36.096     0.12    1.17
-233974.278    36.501     1.07    1.23
-233596.899    36.760     0.69    1.27
-233219.484    36.739    -0.06    1.22
-232842.036    36.678    -0.16    1.10
-232464.552    36.550    -0.34    1.10
-232087.034    36.564     0.04    1.18
-231709.482    36.731     0.44    1.29
-231331.895    36.797     0.17    1.22
-230954.273    37.036     0.63    1.14
-230576.617    37.275     0.63    0.97
-230198.926    37.384     0.29    0.92
-229821.201    37.586     0.54    1.07
-229443.441    37.677     0.24    1.12
-229070.899    37.715     0.10    1.17
-228699.883    37.538    -0.48    1.22
-228328.833    37.262    -0.74    1.15
-227957.749    37.259    -0.01    1.28
-227586.633    37.319     0.16    1.23
-227215.482    37.641     0.87    1.21
-226844.299    37.952     0.84    1.24
-226473.082    37.797    -0.42    1.05
-226101.832    37.841     0.12    1.10
-225730.548    37.668    -0.47    1.16
-225359.231    37.520    -0.40    1.22
-224987.881    37.471    -0.13    1.31
-224616.497    37.507     0.10    1.34
-224245.080    37.594     0.23    1.31
-223873.629    37.750     0.42    1.40
-223502.145    37.895     0.39    1.33
-223130.627    38.043     0.40    1.10
-222759.076    38.031    -0.03    0.83
-222387.491    37.936    -0.26    0.89
-222015.873    38.033     0.26    0.97
-221644.221    38.057     0.06    1.00
-221272.536    38.149     0.25    1.90
-220900.817    38.129    -0.05    1.50
-220529.065    38.131     0.01    1.26
-220157.279    38.223     0.25    0.96
-219785.459    38.550     0.88    1.15
-219413.606    38.918     0.99    1.10
-219041.719    39.149     0.62    1.05
-218669.799    39.384     0.63    0.94
-218297.845    39.520     0.37    1.05
-217925.858    39.621     0.27    1.12
-217553.837    39.775     0.41    1.17
-217181.782    39.828     0.14    1.14
-216809.693    40.025     0.53    1.52
-216437.571    41.904     5.05    4.23
-216065.415    43.964     5.54    5.13
-215693.226    46.436     6.64    5.36
-215321.002    49.148     7.29    5.95
-214948.746    52.313     8.50    9.36
-214576.455    56.706    11.80   12.37
-214204.130    63.686    18.74   15.10
-213831.772    72.658    24.09   18.23
-213459.380    81.913    24.85   20.06
-213086.955    92.150    27.48   20.77
-212714.495    98.451    16.91   18.31
-212342.002   100.677     5.97   14.59
-211969.475    98.055    -7.04   13.41
-211596.914    90.186   -21.12   13.21
-211224.319    81.454   -23.43   10.76
-210851.691    75.520   -15.92    9.33
-210479.028    70.904   -12.38    6.10
-210106.332    71.061     0.42    5.15
-209733.602    72.464     3.76    4.82
-209360.838    72.668     0.55    6.13
-208988.040    70.281    -6.40    7.47
-208615.208    67.602    -7.18    7.83
-208242.343    66.986    -1.65    8.52
-207869.443    68.668     4.51   10.28
-207496.509    74.335    15.19   11.97
-207123.542    82.187    21.05   14.07
-206750.540    89.604    19.88   14.48
-206377.505    96.983    19.78   15.78
-206004.436   103.281    16.88   18.32
-205631.332   113.096    26.30   27.67
-205258.195   126.297    35.37   37.25
-204885.023   135.350    24.25   39.59
-204511.818   147.552    32.69   38.32
-204138.578   155.038    20.05   35.97
-203765.305   150.708   -11.60   32.89
-203391.997   140.059   -28.52   34.86
-203018.656   128.168   -31.84   34.80
-202645.280   111.422   -44.84   26.06
-202271.870   103.432   -21.39   19.58
-201898.426   105.538     5.64   20.05
-201524.948   111.568    16.14   23.10
-201151.436   123.783    32.70   27.78
-200777.890   139.543    42.18   30.66
-200404.309   158.564    50.91   30.78
-200030.695   181.775    62.11   40.50
-199657.046   208.149    70.57   41.48
-199283.363   232.022    63.87   36.85
-198909.646   251.077    50.98   28.06
-198535.895   253.742     7.13   28.77
-198162.109   247.954   -15.48   32.06
-197788.289   240.011   -21.24   33.35
-197414.435   235.007   -13.38   28.32
-197040.547   237.281     6.08   26.00
-196666.625   254.112    45.00   32.11
-196292.668   287.409    89.02   44.90
-195918.677   317.923    81.57   43.03
-195544.651   329.041    29.72   32.99
-195170.592   330.470     3.82   34.55
-194796.498   310.368   -53.72   37.55
-194422.370   285.698   -65.93   35.18
-194048.207   261.038   -65.89   45.39
-193674.010   230.809   -80.77   41.76
-193299.779   224.186   -17.70   38.57
-192925.513   233.696    25.41   51.21
-192551.213   257.596    63.84   62.61
-192176.878   274.677    45.62   52.08
-191802.510   268.262   -17.13   55.79
-191428.106   246.543   -58.00   53.29
-191053.669   239.456   -18.92   54.26
-190679.196   274.275    92.96   67.96
-190304.690   321.790   126.85   57.54
-189930.149   350.531    76.72   31.54
-189555.573   350.446    -0.23   33.07
-189180.963   335.260   -40.53   43.02
-188806.319   313.721   -57.48   45.03
-188431.640   294.734   -50.67   45.75
-188056.926   274.168   -54.87   49.25
-187682.178   258.629   -41.46   41.44
-187307.396   242.786   -42.27   41.61
-186932.579   223.001   -52.78   49.66
-186557.727   199.375   -63.02   53.32
-186182.841   176.441   -61.17   53.18
-185807.920   162.904   -36.10   45.96
-185432.964   158.222   -12.48   43.57
-185057.974   169.841    30.98   47.77
-184682.950   190.723    55.67   48.53
-184307.890   206.923    43.18   41.48
-183932.796   213.531    17.62   28.49
-183557.668   202.960   -28.17   31.55
-183182.504   188.149   -39.47   34.06
-182807.306   168.797   -51.57   34.16
-182432.074   148.375   -54.42   25.92
-182056.807   135.954   -33.10   22.72
-181681.505   134.033    -5.12   23.57
-181306.168   140.954    18.43   33.96
-180930.796   146.057    13.59   36.67
-180555.390   142.659    -9.05   35.41
-180179.949   134.275   -22.33   32.82
-179804.473   123.489   -28.72   22.13
-179428.963   118.114   -14.31   12.50
-179053.418   114.745    -8.97   11.04
-178677.837   109.568   -13.78   10.50
-178302.222   100.111   -25.17   17.47
-177926.573    88.514   -30.87   22.85
-177550.888    73.614   -39.65   22.70
-177175.169    62.705   -29.03   17.35
-176799.414    53.427   -24.69    7.17
-176423.625    49.835    -9.56    1.75
-176047.801    49.918     0.22    4.75
-175671.942    49.399    -1.38    5.47
-175296.048    47.989    -3.75    4.38
-174920.120    46.409    -4.20    2.39
-174544.156    45.495    -2.43    1.74
-174168.157    44.772    -1.92    1.74
-173792.124    44.545    -0.60    1.81
-173416.055    44.112    -1.15    1.91
-173039.952    43.979    -0.35    1.85
-172663.813    43.757    -0.59    1.90
-172287.640    44.319     1.49    2.36
-171911.431    45.632     3.49    3.52
-171535.188    49.204     9.49    5.42
-171158.909    53.927    12.55    6.56
-170782.596    60.931    18.61    8.83
-170406.247    69.268    22.15    9.84
-170029.863    79.900    28.24   12.40
-169653.444    91.594    31.06   12.73
-169276.991    97.575    15.89   10.45
-168900.502    98.418     2.24    9.05
-168523.978    94.281   -10.98   10.32
-168147.418    89.768   -11.98   11.32
-167770.824    86.591    -8.43   12.17
-167394.194    83.495    -8.22   10.23
-167017.530    81.001    -6.62    7.41
-166640.830    77.885    -8.27    6.72
-166264.095    72.495   -14.30    8.63
-165887.325    68.904    -9.53    9.39
-165510.519    64.222   -12.42    8.92
-165133.679    60.428   -10.07    7.59
-164756.803    58.295    -5.66    7.23
-164379.892    56.583    -4.54    6.92
-164002.945    55.513    -2.84    7.22
-163625.964    53.375    -5.67    7.37
-163248.947    52.112    -3.35    7.39
-162871.895    50.986    -2.99    7.38
-162494.807    51.187     0.53    7.76
-162117.684    51.441     0.67    7.19
-161740.526    51.001    -1.16    6.26
-161363.333    50.079    -2.45    5.17
-160986.104    46.983    -8.21    6.14
-160608.840    42.640   -11.51    7.82
-160231.540    38.586   -10.74    7.35
-159854.206    35.948    -6.99    5.78
-159476.835    35.829    -0.32    5.13
-159099.430    36.520     1.83    4.89
-158721.988    37.239     1.91    5.26
-158344.512    37.757     1.37    4.75
-157967.000    38.526     2.04    3.86
-157589.452    39.668     3.02    3.82
-157211.870    42.206     6.72    3.92
-156834.251    44.531     6.16    5.15
-156456.597    46.279     4.63    6.44
-156078.908    45.533    -1.97    6.93
-155701.183    43.989    -4.09    7.21
-155323.423    44.168     0.47    7.26
-154945.627    46.075     5.05    7.57
-154567.795    50.384    11.40    9.18
-154194.835    58.204    20.97   10.91
-153823.921    62.998    12.92   10.63
-153452.973    63.004     0.02   11.56
-153081.991    57.242   -15.53   14.19
-152710.974    49.704   -20.31   13.82
-152339.923    40.168   -25.70   11.29
-151968.838    34.998   -13.93   10.37
-151597.719    32.471    -6.81   10.25
-151226.566    30.149    -6.26   10.36
-150855.378    29.900    -0.67   11.08
-150484.156    28.533    -3.68    9.26
-150112.900    27.311    -3.29    7.34
-149741.609    25.677    -4.40    4.98
-149370.284    24.507    -3.15    3.62
-148998.925    23.586    -2.48    2.02
-148627.532    23.649     0.17    1.36
-148256.104    24.364     1.92    2.99
-147884.642    25.205     2.26    3.89
-147513.145    25.353     0.40    3.82
-147141.614    25.226    -0.34    3.10
-146770.049    24.501    -1.95    1.08
-146398.450    24.572     0.19    1.19
-146026.816    24.632     0.16    1.21
-145655.147    24.610    -0.06    1.07
-145283.444    24.400    -0.57    1.18
-144911.707    24.094    -0.82    1.29
-144539.935    23.631    -1.25    1.38
-144168.129    23.400    -0.62    1.25
-143796.288    23.557     0.42    1.32
-143424.413    23.418    -0.37    1.22
-143052.503    23.302    -0.31    1.31
-142680.559    22.853    -1.21    1.30
-142308.580    22.379    -1.27    1.11
-141936.567    22.222    -0.42    1.16
-141564.520    22.507     0.77    1.39
-141192.437    22.454    -0.14    1.40
-140820.320    22.187    -0.72    1.13
-140448.169    22.204     0.05    1.15
-140075.983    21.853    -0.94    1.36
-139703.762    21.409    -1.19    1.50
-139331.507    20.895    -1.38    1.46
-138959.217    20.668    -0.61    1.49
-138586.893    20.277    -1.05    1.40
-138214.534    20.224    -0.14    1.23
-137842.140    19.864    -0.97    1.57
-137469.712    19.259    -1.63    1.77
-137097.248    18.885    -1.00    1.62
-136724.751    18.811    -0.20    1.45
-136352.218    18.779    -0.09    1.34
-135979.651    18.561    -0.59    1.19
-135607.049    18.341    -0.59    1.20
-135234.412    17.989    -0.94    1.32
-134861.741    17.533    -1.22    1.09
-134489.035    17.241    -0.79    1.02
-134116.294    16.804    -1.17    1.14
-133743.518    16.489    -0.84    1.21
-133370.708    16.036    -1.22    1.09
-132997.863    15.750    -0.77    0.99
-132624.983    15.596    -0.41    0.95
-132252.068    15.319    -0.74    1.01
-131879.118    15.079    -0.64    1.07
-131506.133    15.110     0.08    1.07
-131133.114    15.061    -0.13    1.00
-130760.060    14.797    -0.71    1.09
-130386.970    14.668    -0.35    0.98
-130013.846    14.459    -0.56    0.96
-129640.687    14.205    -0.68    1.03
-129267.493    14.221     0.04    1.00
-128894.265    14.113    -0.29    1.13
-128521.001    13.895    -0.58    0.91
-128147.702    13.745    -0.40    0.94
-127774.368    13.596    -0.40    0.87
-127401.000    13.715     0.32    0.93
-127027.596    13.454    -0.70    0.89
-126654.158    13.350    -0.28    0.96
-126280.684    13.022    -0.88    0.89
-125907.175    12.936    -0.23    0.91
-125533.632    12.835    -0.27    0.95
-125160.053    12.686    -0.40    1.01
-124786.439    12.360    -0.87    0.97
-124412.790    12.186    -0.47    0.94
-124039.106    12.224     0.10    0.95
-123665.387    12.112    -0.30    0.92
-123291.633    12.004    -0.29    0.92
-122917.844    11.946    -0.16    0.98
-122544.019    11.846    -0.27    0.97
-122170.160    11.750    -0.26    1.05
-121796.265    11.804     0.15    0.93
-121422.336    12.014     0.56    1.18
-121048.371    12.043     0.08    1.10
-120674.370    11.979    -0.17    1.24
-120300.335    12.079     0.27    1.20
-119926.264    11.859    -0.59    1.15
-119552.159    11.622    -0.63    1.18
-119178.018    11.596    -0.07    1.13
-118803.841    11.612     0.04    1.18
-118429.630    11.668     0.15    1.19
-118055.383    11.783     0.31    1.16
-117681.101    11.757    -0.07    1.07
-117306.784    11.649    -0.29    0.99
-116932.431    11.696     0.13    0.97
-116558.043    11.739     0.12    1.04
-116183.620    11.723    -0.04    1.09
-115809.161    11.750     0.07    1.07
-115434.667    11.568    -0.49    1.03
-115060.138    11.489    -0.21    0.99
-114685.573    11.322    -0.45    0.92
-114310.973    11.295    -0.07    0.86
-113936.338    11.495     0.53    0.96
-113561.667    11.311    -0.49    1.02
-113186.961    11.353     0.11    1.10
-112812.219    11.520     0.44    1.01
-112437.442    11.346    -0.46    0.99
-112062.629    11.379     0.09    0.80
-111687.781    11.454     0.20    0.89
-111312.898    11.375    -0.21    0.91
-110937.979    11.400     0.07    0.85
-110563.024    11.113    -0.76    0.89
-110188.034    10.927    -0.50    0.87
-109813.009    10.900    -0.07    0.92
-109437.948    10.964     0.17    1.00
-109062.851    10.950    -0.04    1.08
-108687.719    10.956     0.02    1.13
-108312.551    11.022     0.18    1.06
-107937.348    11.017    -0.01    1.13
-107562.109    11.007    -0.03    1.04
-107186.834    11.111     0.28    1.26
-106811.524    11.279     0.45    1.27
-106436.178    11.313     0.09    1.28
-106060.797    11.357     0.12    1.35
-105685.379    11.454     0.26    1.40
-105309.927    11.495     0.11    1.44
-104934.438    11.489    -0.01    1.57
-104558.914    11.446    -0.12    1.64
-104183.354    11.409    -0.10    1.74
-103807.759    11.400    -0.02    1.84
-103432.127    11.297    -0.27    1.82
-103056.460    10.989    -0.82    1.51
-102680.758    10.456    -1.42    1.36
-102305.019    10.459     0.01    1.12
-101929.245    10.390    -0.18    1.41
-101553.435    10.471     0.22    1.54
-101177.589    10.543     0.19    1.41
-100801.707    10.495    -0.13    1.49
-100425.789    10.668     0.46    1.28
-100049.836    10.860     0.51    1.39
 -99673.847    10.704    -0.42    1.44
 -99297.822    10.677    -0.07    1.66
 -98921.761    10.168    -1.35    1.08
 -98545.664     9.968    -0.53    1.19
 -98169.531    10.131     0.44    1.29
 -97793.363     9.882    -0.66    1.29
 -97417.158     9.790    -0.24    1.24
 -97040.918     9.775    -0.04    1.11
 -96664.641     9.923     0.39    1.05
 -96288.329     9.606    -0.84    1.18
 -95911.981     9.364    -0.64    1.10
 -95535.596     9.041    -0.86    1.07
 -95159.176     9.204     0.43    0.97
 -94782.720     9.242     0.10    0.95
 -94406.227     9.335     0.25    0.97
 -94029.699     9.552     0.58    0.82
 -93653.135     9.331    -0.59    0.79
 -93276.534     9.222    -0.29    0.85
 -92899.898     9.115    -0.28    0.93
 -92523.225     9.149     0.09    0.93
 -92146.516     9.149     0.00    0.88
 -91769.772     9.007    -0.38    1.01
 -91392.991     9.033     0.07    0.93
 -91016.174     9.079     0.12    0.94
 -90639.321     8.931    -0.39    1.07
 -90262.431     8.918    -0.04    1.12
 -89885.506     8.704    -0.57    1.04
 -89508.544     8.895     0.51    1.33
 -89131.546     9.096     0.53    1.58
 -88754.512     9.129     0.09    1.34
 -88377.442     9.025    -0.28    1.12
 -88000.336     9.020    -0.01    1.19
 -87623.193     9.111     0.24    1.18
 -87246.014     9.114     0.01    1.24
 -86868.799     9.204     0.24    1.23
 -86491.547     9.096    -0.29    1.35
 -86114.260     8.745    -0.93    1.26
 -85736.936     9.010     0.70    1.52
 -85359.575     8.964    -0.12    1.73
 -84982.179     8.543    -1.12    1.57
 -84604.746     8.353    -0.50    1.26
 -84227.276     8.316    -0.10    1.05
 -83849.771     8.422     0.28    0.91
 -83472.229     8.514     0.24    0.79
 -83094.650     8.471    -0.11    0.85
 -82717.035     8.483     0.03    1.18
 -82339.384     8.436    -0.12    1.26
 -81961.696     8.364    -0.19    1.13
 -81583.972     8.631     0.71    1.28
 -81206.212     8.936     0.81    1.49
 -80828.415     9.033     0.26    1.31
 -80450.581     8.739    -0.78    1.23
 -80072.711     8.507    -0.61    1.07
 -79694.805     8.446    -0.16    1.00
 -79321.349     8.454     0.02    1.17
 -78950.543     8.713     0.70    1.14
 -78579.701     8.835     0.33    1.14
 -78208.824     8.968     0.36    1.30
 -77837.912     8.782    -0.50    1.26
 -77466.966     8.802     0.06    1.17
 -77095.984     8.846     0.12    1.08
 -76724.967     8.790    -0.15    0.92
 -76353.914     8.596    -0.52    0.95
 -75982.827     8.550    -0.13    1.01
 -75611.705     8.536    -0.04    0.96
 -75240.547     8.589     0.14    1.03
 -74869.354     8.750     0.43    0.99
 -74498.126     8.596    -0.41    1.06
 -74126.863     8.464    -0.36    1.11
 -73755.565     8.614     0.40    1.22
 -73384.231     8.696     0.22    1.25
 -73012.862     8.922     0.61    1.27
 -72641.458     9.091     0.45    1.20
 -72270.019     9.186     0.26    1.17
 -71898.545     9.113    -0.19    1.10
 -71527.035     9.204     0.24    1.16
 -71155.490     9.168    -0.10    1.20
 -70783.909     9.277     0.29    1.17
 -70412.294     9.454     0.48    1.07
 -70040.643     9.422    -0.08    1.02
 -69668.956     9.382    -0.11    1.02
 -69297.235     9.341    -0.11    1.00
 -68925.478     9.404     0.17    1.20
 -68553.685     9.409     0.01    1.32
 -68181.857     9.311    -0.26    1.38
 -67809.994     9.451     0.38    1.42
 -67438.096     9.829     1.02    1.39
 -67066.162    10.150     0.86    1.48
 -66694.192    10.331     0.49    1.26
 -66322.188    10.454     0.33    1.23
 -65950.147    10.594     0.38    1.45
 -65578.072    10.721     0.34    1.49
 -65205.960    10.706    -0.04    1.35
 -64833.814    10.721     0.04    1.25
 -64461.632    10.413    -0.83    1.41
 -64089.414    10.311    -0.28    1.23
 -63717.161    10.446     0.36    1.20
 -63344.872    10.422    -0.06    1.14
 -62972.548    10.477     0.15    1.22
 -62600.188    10.386    -0.24    1.34
 -62227.792    10.293    -0.25    1.36
 -61855.361    10.260    -0.09    1.34
 -61482.895    10.471     0.57    1.56
 -61110.393    11.033     1.51    2.02
 -60737.855    11.614     1.56    2.16
 -60365.281    11.742     0.34    1.98
 -59992.672    11.561    -0.49    1.61
 -59620.028    11.418    -0.38    1.15
 -59247.347    11.459     0.11    1.07
 -58874.631    11.721     0.70    1.28
 -58501.880    12.631     2.44    2.19
 -58129.092    14.507     5.03    3.25
 -57756.269    16.316     4.85    3.16
 -57383.410    17.495     3.16    2.40
 -57010.516    18.036     1.45    2.16
 -56637.585    17.614    -1.13    1.86
 -56264.619    17.822     0.56    2.00
 -55891.617    18.293     1.26    1.85
 -55518.580    17.829    -1.24    1.79
 -55145.506    17.877     0.13    1.59
 -54772.397    17.150    -1.95    3.07
 -54399.252    14.885    -6.07    4.88
 -54026.071    12.043    -7.62    4.95
 -53652.855     9.283    -7.39    3.37
 -53279.602     7.624    -4.45    1.90
 -52906.314     7.059    -1.51    2.16
 -52532.989     6.561    -1.33    2.06
 -52159.629     6.464    -0.26    1.91
 -51786.233     6.877     1.11    2.08
 -51412.801     7.022     0.39    2.00
 -51039.333     6.835    -0.50    2.01
 -50665.829     6.079    -2.02    1.64
 -50292.289     6.110     0.08    1.74
 -49918.713     7.061     2.54    2.22
 -49545.102     7.964     2.42    2.35
 -49171.454     8.632     1.79    1.90
 -48797.770     8.739     0.29    1.64
 -48424.050     8.604    -0.36    1.64
 -48050.295     8.519    -0.23    1.55
 -47676.503     8.890     0.99    1.41
 -47302.675     9.045     0.41    1.39
 -46928.811     9.223     0.48    1.41
 -46554.911     9.273     0.13    1.37
 -46180.975     9.335     0.16    1.37
 -45807.003     9.811     1.27    1.37
 -45432.994     9.971     0.43    1.41
 -45058.950    10.025     0.14    1.38
 -44684.869    10.061     0.10    1.23
 -44310.753    10.055    -0.02    1.01
 -43936.600     9.918    -0.37    1.03
 -43562.411    10.129     0.57    1.22
 -43188.186    10.080    -0.13    1.39
 -42813.924    10.168     0.23    1.40
 -42439.627    10.329     0.43    1.46
 -42065.293    10.400     0.19    1.48
 -41690.923    10.436     0.10    1.33
 -41316.517    10.114    -0.86    1.34
 -40942.074    10.022    -0.25    1.21
 -40567.595     9.757    -0.71    1.29
 -40193.080     9.783     0.07    1.35
 -39818.529     9.686    -0.26    1.31
 -39443.941     9.596    -0.24    1.29
 -39069.317     9.571    -0.07    1.00
 -38694.657     9.449    -0.33    0.92
 -38319.960     9.400    -0.13    0.95
 -37945.227     9.329    -0.19    0.99
 -37570.458     9.451     0.33    1.18
 -37195.652     9.739     0.77    1.16
 -36820.810     9.904     0.44    1.26
 -36445.931     9.882    -0.06    1.25
 -36071.016     9.793    -0.24    1.10
 -35696.065    10.063     0.72    1.29
 -35321.077    10.095     0.09    1.30
 -34946.053    10.350     0.68    1.35
 -34570.992    10.589     0.64    1.29
 -34195.895    10.418    -0.46    1.12
 -33820.761    10.346    -0.19    1.24
 -33445.591    10.338    -0.02    1.22
 -33070.384     9.852    -1.29    1.26
 -32695.141     9.507    -0.92    1.07
 -32319.861     9.471    -0.10    1.06
 -31944.544     9.186    -0.76    0.86
 -31569.192     9.094    -0.24    0.84
 -31193.802     9.080    -0.04    0.87
 -30818.376     9.241     0.43    0.92
 -30442.913     9.346     0.28    0.92
 -30067.414     9.557     0.56    1.02
 -29691.878     9.554    -0.01    1.06
 -29316.306     9.295    -0.69    1.07
 -28940.696     8.859    -1.16    1.17
 -28565.050     8.519    -0.91    0.99
 -28189.368     8.399    -0.32    0.90
 -27813.649     8.596     0.53    0.85
 -27437.893     8.658     0.16    0.99
 -27062.100     8.571    -0.23    1.03
 -26686.271     8.436    -0.36    1.04
 -26310.405     8.346    -0.24    0.96
 -25934.502     8.400     0.14    0.99
 -25558.562     8.760     0.96    1.14
 -25182.586     9.273     1.36    1.25
 -24806.573     9.594     0.85    1.50
 -24430.523     9.650     0.15    1.54
 -24054.436     9.513    -0.36    1.52
 -23678.312     9.115    -1.06    1.46
 -23302.152     8.866    -0.66    1.03
 -22925.954     8.659    -0.55    1.09
 -22549.720     8.704     0.12    1.16
 -22173.449     8.706     0.01    1.18
 -21797.141     8.900     0.51    1.14
 -21420.796     8.946     0.12    1.06
 -21044.415     8.624    -0.85    1.10
 -20667.996     8.431    -0.51    1.14
 -20291.540     8.382    -0.13    1.11
 -19915.048     8.614     0.62    1.94
 -19538.518     9.514     2.39    2.64
 -19161.952    10.045     1.41    2.73
 -18785.348    10.077     0.08    2.79
 -18408.708     9.561    -1.37    2.16
 -18032.030     9.150    -1.09    1.99
 -17655.316     9.132    -0.05    1.80
 -17278.564     9.382     0.66    1.82
 -16901.775     9.507     0.33    1.72
 -16524.950     9.704     0.52    1.61
 -16148.087     9.779     0.20    1.45
 -15771.187     9.829     0.13    1.43
 -15394.250     9.695    -0.35    1.21
 -15017.276     9.586    -0.29    0.98
 -14640.265     9.757     0.45    0.95
 -14263.216     9.923     0.44    1.21
 -13886.131    10.257     0.89    1.46
 -13509.008    10.552     0.78    1.50
 -13131.848    10.554     0.00    1.44
 -12754.651    10.418    -0.36    1.01
 -12377.417    10.350    -0.18    1.12
 -12000.145    10.150    -0.53    1.04
 -11622.837    10.114    -0.09    1.17
 -11245.491    10.010    -0.28    1.10
 -10868.107    10.110     0.27    1.06
 -10490.687     9.882    -0.60    1.16
 -10113.229     9.729    -0.41    1.15
  -9735.734     9.729     0.00    1.30
  -9358.202     9.764     0.09    1.40
  -8980.632     9.612    -0.40    1.19
  -8603.025     9.311    -0.80    1.03
  -8225.381     9.033    -0.73    1.05
  -7847.699     9.080     0.12    1.21
  -7469.980     9.331     0.67    1.30
  -7092.223     9.614     0.75    1.46
  -6714.429     8.922    -1.83    3.47
  -6336.598     8.204    -1.90    4.03
  -5958.729     7.308    -2.37    4.17
  -5580.823     7.041    -0.71    4.02
  -5202.880     6.712    -0.87    3.88
  -4824.899     7.077     0.97    2.55
  -4450.858     7.025    -0.14    3.17
  -4080.157     6.614    -1.11    3.34
  -3709.420     6.311    -0.82    3.42
  -3338.648     6.007    -0.82    3.52
  -2967.839     6.077     0.19    3.18
  -2596.995     5.757    -0.86    3.64
  -2226.114     4.764    -2.68    3.95
  -1855.198     3.507    -3.39    3.95
  -1484.245     2.575    -2.51    4.03
  -1113.257     1.864    -1.92    3.83
   -742.232     0.557    -3.52    2.71
   -371.172     0.257    -0.81    2.61
     -0.075     0.471     0.58    2.84
    371.058     1.293     2.21    3.44
    742.227     2.326     2.78    3.67
   1113.432     3.382     2.85    3.53
   1484.673     4.721     3.61    3.27
   1855.950     5.753     2.78    2.50
   2227.263     6.027     0.74    1.84
   2598.613     5.768    -0.70    1.73
   2969.998     5.887     0.32    1.54
   3341.420     5.835    -0.14    1.43
   3712.878     6.007     0.46    1.39
   4084.372     6.150     0.39    1.38
   4455.903     5.940    -0.57    1.61
   4827.469     5.361    -1.56    1.60
   5199.072     4.931    -1.16    1.99
   5570.711     5.204     0.73    2.01
   5942.387     5.300     0.26    1.90
   6314.098     5.543     0.65    1.79
   6685.846     5.853     0.83    1.24
   7057.630     5.677    -0.47    1.20
   7429.451     5.471    -0.55    1.19
   7801.308     5.343    -0.34    1.26
   8173.201     5.275    -0.18    1.38
   8545.130     5.449     0.47    1.32
   8917.096     5.536     0.24    1.40
   9289.099     5.841     0.82    1.32
   9661.137     5.811    -0.08    1.33
  10033.212     5.790    -0.05    1.43
  10405.324     5.971     0.49    1.44
  10777.471     6.168     0.53    1.37
  11149.656     6.396     0.61    1.56
  11521.876     6.596     0.54    1.65
  11894.134     6.554    -0.11    1.58
  12266.427     6.346    -0.56    1.57
  12638.757     6.311    -0.10    1.55
  13011.124     6.185    -0.34    1.71
  13383.527     6.150    -0.10    1.81
  13755.967     6.489     0.91    1.85
  14128.443     7.168     1.82    1.69
  14500.955     7.614     1.20    1.48
  14873.505     7.790     0.47    1.33
  15246.091     7.817     0.07    1.33
  15618.713     7.859     0.11    1.41
  15991.372     8.010     0.41    1.41
  16364.068     8.186     0.47    1.47
  16736.800     8.364     0.48    1.26
  17109.569     8.291    -0.20    1.27
  17482.374     8.020    -0.73    1.34
  17855.216     7.900    -0.32    1.43
  18228.095     7.723    -0.47    1.49
  18601.011     7.864     0.38    1.61
  18973.963     8.025     0.43    1.73
  19346.952    10.606     6.92    7.11
  19719.977    19.989    25.15   20.96
  20093.040    32.940    34.71   30.05
  20466.139    43.882    29.33   27.12
  20839.274    49.786    15.82   24.46
  21212.447    44.431   -14.35   25.35
  21585.656    33.866   -28.31   22.39
  21958.903    22.614   -30.15   15.92
  22332.186    15.260   -19.70    8.33
  22705.505    11.739    -9.43    3.48
  23078.862    10.604    -3.04    1.70
  23452.255    10.313    -0.78    1.21
  23825.686    10.185    -0.34    1.13
  24199.153    10.382     0.53    1.28
  24572.657    10.624     0.65    1.34
  24946.198    10.954     0.88    1.38
  25319.776    11.361     1.09    1.33
  25693.391    11.456     0.26    1.13
  26067.042    11.900     1.19    1.27
  26440.731    12.257     0.96    1.23
  26814.457    12.589     0.89    1.35
  27188.219    12.882     0.78    1.42
  27562.019    13.291     1.09    1.51
  27935.855    13.614     0.87    1.48
  28309.729    13.927     0.84    1.41
  28683.640    14.219     0.78    1.41
  29057.587    14.489     0.72    1.31
  29431.572    14.519     0.08    1.04
  29805.594    14.760     0.65    1.11
  30179.652    15.168     1.09    1.43
  30553.748    15.543     1.00    1.54
  30927.881    16.096     1.48    1.63
  31302.051    16.256     0.43    1.49
  31676.259    16.757     1.34    1.53
  32050.503    17.239     1.29    1.45
  32424.784    17.918     1.81    1.64
  32799.103    18.642     1.94    1.65
  33173.459    19.346     1.88    1.72
  33547.852    20.045     1.87    1.64
  33922.282    20.368     0.86    1.47
  34296.750    20.747     1.01    1.45
  34671.254    21.115     0.98    1.56
  35045.796    21.543     1.14    1.64
  35420.375    22.449     2.42    1.99
  35794.992    23.057     1.62    2.08
  36169.645    23.579     1.39    2.00
  36544.336    24.168     1.57    2.07
  36919.064    24.308     0.37    1.88
  37293.830    24.686     1.01    1.79
  37668.633    24.954     0.71    1.63
  38043.473    25.519     1.51    1.90
  38418.351    26.186     1.78    2.36
  38793.266    26.625     1.17    2.49
  39168.218    27.110     1.29    2.53
  39543.208    27.650     1.44    2.80
  39918.235    28.326     1.80    3.23
  40293.299    29.080     2.01    3.56
  40668.401    29.975     2.39    3.74
  41043.541    30.114     0.37    3.57
  41418.718    30.454     0.90    3.64
  41793.932    30.451    -0.01    3.65
  42169.184    30.914     1.23    3.46
  42544.473    30.964     0.13    2.36
  42919.800    31.150     0.50    1.64
  43295.164    32.150     2.66    1.95
  43670.566    32.852     1.87    2.05
  44046.006    33.561     1.89    2.09
  44421.483    34.454     2.38    2.20
  44796.997    35.642     3.16    2.21
  45172.549    36.890     3.32    1.95
  45548.139    38.010     2.98    1.89
  45923.766    38.760     2.00    2.04
  46299.431    39.133     0.99    2.31
  46675.134    40.061     2.47    2.56
  47050.874    40.811     2.00    2.57
  47426.652    41.764     2.54    2.37
  47802.468    43.168     3.73    2.71
  48178.321    44.337     3.11    2.96
  48554.212    46.110     4.72    3.20
  48930.141    47.739     4.33    3.49
  49306.107    49.010     3.38    3.90
  49682.111    50.256     3.31    3.97
  50058.153    51.712     3.87    4.09
  50434.233    52.793     2.87    4.07
  50810.351    54.596     4.80    4.18
  51186.506    56.802     5.87    4.75
  51562.699    60.392     9.54    5.89
  51938.930    64.686    11.41    4.90
  52315.199    65.536     2.26    4.40
  52691.505    64.721    -2.17    4.38
  53067.850    63.829    -2.37    3.30
  53444.232    64.616     2.09    3.30
  53820.652    66.602     5.28    3.31
  54197.110    68.632     5.39    3.13
  54573.606    70.750     5.62    2.64
  54950.140    72.257     4.00    2.45
  55326.712    74.293     5.41    2.56
  55703.322    75.887     4.23    3.02
  56079.970    78.025     5.68    3.20
  56456.655    79.742     4.56    3.25
  56833.379    81.957     5.88    3.31
  57210.141    84.677     7.22    3.44
  57586.941    86.778     5.58    3.63
  57963.779    89.220     6.48    3.58
  58340.654    91.536     6.15    3.71
  58717.568    93.835     6.10    3.90
  59094.520    96.329     6.62    4.12
  59471.510   100.501    11.07    5.67
  59848.539   104.872    11.59    7.41
  60225.605   110.096    13.86    9.02
  60602.709   115.368    13.98    8.24
  60979.852   120.992    14.91    8.43
  61357.032   128.025    18.65    8.48
  61734.251   135.386    19.52   10.12
  62111.508   145.484    26.77   12.32
  62488.804   154.604    24.18   13.38
  62866.137   160.388    15.33   14.43
  63243.509   169.971    25.40   25.64
  63620.919   188.203    48.31   43.15
  63998.367   209.677    56.90   54.62
  64375.853   233.257    62.47   63.71
  64753.378   254.922    57.39   68.09
  65130.941   259.372    11.79   69.08
  65508.542   255.326   -10.72   61.84
  65886.181   245.835   -25.13   58.11
  66263.859   225.256   -54.49   55.91
  66641.575   199.061   -69.36   49.22
  67019.330   179.804   -50.98   39.89
  67397.123   163.030   -44.40   23.72
  67774.954   159.386    -9.64   15.69
  68152.824   171.778    32.80   26.50
  68530.732   190.668    49.99   34.00
  68908.678   202.449    31.17   36.70
  69286.663   207.431    13.18   37.83
  69664.687   202.632   -12.70   31.01
  70042.749   195.396   -19.14   24.00
  70417.458   193.520    -5.01   20.23
  70788.045   195.471     5.27   19.22
  71158.668   205.226    26.32   27.85
  71529.329   220.812    42.05   36.06
  71900.026   239.043    49.18   50.67
  72270.761   248.519    25.56   53.03
  72641.532   264.311    42.60   52.85
  73012.340   269.971    15.27   46.85
  73383.185   285.793    42.67   46.55
  73754.067   315.757    80.80   55.69
  74124.986   363.543   128.84   77.93
  74495.942   421.989   157.57   85.46
  74866.935   490.133   183.69   80.43
  75237.965   534.319   119.10   57.01
  75609.032   548.413    37.99   45.38
  75980.136   531.077   -46.72   56.58
  76351.277   493.961  -100.01   74.69
  76722.455   452.519  -111.66   64.63
  77093.670   435.346   -46.26   57.62
  77464.922   450.936    41.99   70.74
  77836.212   467.596    44.88   73.93
  78207.538   477.846    27.61   79.91
  78578.901   474.561    -8.85   79.80
  78950.302   483.651    24.48   73.18
  79321.740   511.975    76.26   70.93
  79693.214   548.236    97.62   66.25
  80064.726   580.668    87.30   49.22
  80436.276   576.027   -12.49   49.43
  80807.862   545.531   -82.08   75.76
  81179.486   509.835   -96.06   84.87
  81551.146   471.275  -103.76   81.86
  81922.844   448.806   -60.46   82.71
  82294.580   467.642    50.67   82.22
  82666.352   499.364    85.34   78.14
  83038.162   543.354   118.32   90.81
  83410.009   596.221   142.19   76.38
  83781.893   618.840    60.83   77.15
  84153.815   630.649    31.75   93.00
  84525.774   642.829    32.75   88.91
  84897.770   646.797    10.67   82.64
  85269.803   659.799    34.95   65.88
  85641.874   670.768    29.48   51.83
  86013.983   680.721    26.75   39.23
  86386.128   682.203     3.98   34.37
  86758.311   666.650   -41.79   50.13
  87130.532   625.914  -109.45   65.72
  87502.790   584.454  -111.38   62.57
  87875.085   543.712  -109.44   55.45
  88247.418   515.723   -75.18   59.69
  88619.788   504.484   -30.19   62.78
  88992.195   489.526   -40.17   67.40
  89364.641   456.737   -88.05   71.07
  89737.123   408.257  -130.16   68.04
  90109.643   362.133  -123.83   58.53
  90482.201   318.150  -118.07   47.69
  90854.796   286.936   -83.78   33.39
  91227.429   264.659   -59.79   22.21
  91600.099   250.036   -39.24   11.12
  91972.807   242.115   -21.25    8.54
  92345.553   236.020   -16.35    8.20
  92718.336   230.203   -15.61    8.02
  93091.156   224.525   -15.23    7.55
  93464.015   220.100   -11.87    6.72
  93836.910   217.346    -7.39    4.86
  94209.844   220.536     8.55   10.41
  94582.815   230.513    26.75   19.47
  94955.824   249.295    50.36   30.62
  95328.871   288.519   105.15   58.43
  95701.955   338.477   133.92   69.25
  96075.077   374.115    95.52   54.40
  96448.237   390.918    45.03   38.05
  96821.434   367.909   -61.66   52.88
  97194.670   339.293   -76.68   41.98
  97567.943   331.426   -21.08   29.45
  97941.253   344.519    35.07   33.29
  98314.602   369.954    68.13   39.87
  98687.988   406.289    97.32   48.83
  99061.413   430.550    64.98   44.81
  99434.875   437.080    17.49   44.95
  99808.374   419.335   -47.52   61.78
 100181.912   401.659   -47.32   61.49
 100555.488   390.632   -29.52   47.91
 100929.101   391.625     2.66   39.36
 101302.753   405.793    37.92   29.21
 101676.442   423.694    47.91   31.23
 102050.169   447.185    62.86   39.97
 102423.934   466.422    51.47   37.21
 102797.738   470.375    10.57   34.32
 103171.579   452.668   -47.37   49.73
 103545.458   431.168   -57.51   45.77
 103919.375   411.753   -51.93   41.03
 104293.330   399.371   -33.11   41.34
 104667.323   377.329   -58.94   59.51
 105041.354   327.571  -133.04   78.14
 105415.423   263.495  -171.31   77.71
 105789.531   209.721  -143.75   59.87
 106163.676   176.117   -89.83   34.07
 106537.859   171.149   -13.28   31.08
 106912.081   183.400    32.74   34.62
 107286.340   203.859    54.67   32.74
 107660.638   230.291    70.62   37.17
 108034.974   264.513    91.43   53.65
 108409.348   306.554   112.31   69.39
 108783.760   351.905   121.14   74.29
 109158.210   403.239   137.11   78.12
 109532.699   455.642   139.95   73.27
 109907.226   479.986    65.01   57.45
 110281.791   489.061    24.23   39.53
 110656.394   484.277   -12.77   41.00
 111031.035   471.150   -35.04   38.99
 111405.715   451.133   -53.43   38.12
 111780.433   433.484   -47.11   38.05
 112155.189   412.346   -56.41   32.39
 112529.984   400.010   -32.92   27.14
 112904.817   390.829   -24.50   23.83
 113279.688   382.721   -21.63   21.10
 113654.597   371.625   -29.60   21.55
 114029.545   359.790   -31.57   19.36
 114404.531   350.846   -23.85   19.98
 114779.556   338.466   -33.02   24.70
 115154.619   327.378   -29.57   30.31
 115529.720   309.642   -47.29   28.31
 115904.860   296.308   -35.55   21.57
 116280.039   283.013   -35.44   17.44
 116655.255   272.872   -27.03   18.87
 117030.510   263.236   -25.68   17.06
 117405.804   253.971   -24.69   10.39
 117781.136   249.185   -12.75    7.55
 118156.507   247.150    -5.42    9.26
 118531.916   243.940    -8.55    8.59
 118907.364   242.501    -3.83    8.73
 119282.850   242.257    -0.65   10.33
 119658.375   245.203     7.85   13.09
 120033.938   251.649    17.16   16.84
 120409.540   262.642    29.27   21.25
 120785.180   274.311    31.07   16.94
 121160.860   279.202    13.02   13.26
 121536.577   276.922    -6.07   12.66
 121912.334   267.275   -25.68   15.38
 122288.129   256.778   -27.94   14.06
 122663.962   251.319   -14.53   11.90
 123039.835   248.254    -8.15   12.31
 123415.746   244.550    -9.86   11.73
 123791.696   237.220   -19.50   12.80
 124167.684   231.846   -14.29   11.05
 124543.711   230.254    -4.24    9.07
 124919.777   233.624     8.96   10.27
 125295.882   240.811    19.11   10.04
 125672.026   245.035    11.23    7.93
 126048.208   246.075     2.77    8.27
 126424.429   241.975   -10.90   11.20
 126800.689   233.782   -21.78   13.45
 127176.987   225.624   -21.68   13.84
 127553.325   215.729   -26.30    9.99
 127929.701   209.799   -15.76    6.48
 128306.117   206.396    -9.04    3.61
 128682.571   204.372    -5.38    2.05
 129059.064   208.371    10.62    9.09
 129435.596   217.936    25.40   16.67
 129812.167   233.392    41.05   22.52
 130188.777   252.064    49.59   22.34
 130565.425   264.940    34.19   18.58
 130942.113   272.202    19.28   12.16
 131318.840   272.346     0.38   12.44
 131695.606   267.507   -12.85   15.07
 132072.410   258.797   -23.12   14.99
 132449.254   253.685   -13.57   14.55
 132826.137   251.596    -5.54   12.18
 133203.059   254.133     6.73   10.29
 133580.020   257.151     8.01   10.55
 133957.019   263.096    15.77   11.22
 134334.058   274.693    30.76   18.49
 134711.137   288.899    37.68   24.27
 135088.254   307.729    49.94   24.73
 135465.410   316.043    22.05   19.56
 135842.606   309.220   -18.09   26.13
 136219.841   289.396   -52.56   28.68
 136597.114   269.431   -52.93   21.11
 136974.427   255.378   -37.25   14.30
 137351.780   249.968   -14.34   11.11
 137729.171   248.676    -3.42   12.47
 138106.602   247.793    -2.34   12.05
 138484.072   246.870    -2.45    9.89
 138861.581   244.975    -5.02    3.71
 139239.129   247.239     6.00    4.60
 139616.717   253.870    17.56   10.93
 139994.344   263.586    25.73   16.50
 140372.011   275.739    32.18   20.45
 140749.716   291.649    42.13   23.48
 141127.461   307.785    42.72   26.28
 141505.246   328.659    55.26   27.73
 141883.069   339.995    30.01   28.37
 142260.932   355.524    41.10   26.49
 142638.835   366.694    29.56   24.94
 143016.777   375.625    23.63   21.84
 143394.758   383.441    20.68   18.00
 143772.779   387.079     9.63   18.06
 144150.839   396.599    25.19   23.61
 144528.939   408.151    30.56   23.28
 144907.078   420.096    31.60   20.71
 145282.558   430.750    28.38   30.24
 145653.029   441.219    28.26   40.74
 146023.539   446.668    14.71   45.49
 146394.086   454.880    22.16   43.27
 146764.671   463.621    23.59   43.17
 147135.294   471.471    21.19   40.33
 147505.954   473.852     6.42   42.76
 147876.653   465.308   -23.05   48.24
 148247.389   437.918   -73.89   53.09
 148618.164   403.720   -92.25   36.03
 148988.976   389.712   -37.78   20.47
 149359.826   391.239     4.12   21.95
 149730.714   388.201    -8.19   22.98
 150101.640   381.436   -18.24   27.49
 150472.604   370.145   -30.44   31.10
