# NaN NaN NaN ;Mean Elev.(m), Avg Gradient(m/km), RMS Gradient(m/km) - SRTM1     
#    3.385 -17.701  21.145 ;Mean Elev.(m), Avg Gradient(m/km), RMS Gradient(m/km) - ASTER GDEM
#    6.702 -17.741  21.284 ;Mean Elev.(m), Avg Gradient(m/km), RMS Gradient(m/km) - GMTED2010 
  6    11.543 52439.50323204 23.62 138.230779  50.963632 11.247
  6    10.764 52439.50323269 23.05 138.229309  50.966872 11.247
  6    10.784 52439.50323333 22.63 138.227829  50.970102 11.247
  6    10.405 52439.50323397 23.19 138.226359  50.973332 11.247
  7    64.666 52474.50323204 11.01 138.232277  50.971839 21.161
  7    52.142 52474.50323269 10.50 138.230807  50.975069 21.161
  9    11.220 52544.50319483 25.71 138.236246  50.970080  5.259
  9     9.333 52544.50319548 27.12 138.234776  50.973310  5.259
  9     9.304 52544.50319612 25.92 138.233306  50.976540  5.259
 11     8.510 52614.50319977 13.20 138.239243  50.971170  8.343
 11     8.491 52614.50320042 12.94 138.237773  50.974400  8.343
 11     8.234 52614.50320106 12.84 138.236303  50.977630  8.343
 12    10.348 52649.50317933  7.93 138.239132  50.968612  6.037
 12     9.374 52649.50317997  9.67 138.237652  50.971842  6.037
 12     8.914 52649.50318062  8.73 138.236182  50.975072  6.037
 12     8.950 52649.50318126  7.88 138.234712  50.978302  6.037
 14    39.919 52719.50321431  3.62 138.236274  50.966661  8.523
 14    20.608 52719.50321495  3.88 138.234804  50.969891  8.523
 14    16.666 52719.50321560  2.80 138.233334  50.973121  8.523
 14    15.939 52719.50321624  2.98 138.231854  50.976361  8.523
 15    15.114 52754.50323862 35.02 138.232678  50.965954 10.758
 15    15.526 52754.50323927 38.75 138.231208  50.969184 10.758
 15    14.909 52754.50323991 42.50 138.229738  50.972414 10.758
 15    13.168 52754.50324056 39.73 138.228268  50.975644 10.758
 17    10.181 52824.50325694 15.04 138.234888  50.967417 14.270
 17     9.623 52824.50325758 15.58 138.233418  50.970647 14.270
 17     9.649 52824.50325823 15.84 138.231948  50.973877 14.270
 21    12.179 52964.50327074 25.63 138.235388  50.969113 17.152
 21    11.784 52964.50327138 24.54 138.233918  50.972343 17.152
 21    11.797 52964.50327203 22.59 138.232438  50.975573 17.152
 22    11.033 52999.50330651 20.58 138.233252  50.968056 17.546
 22    11.036 52999.50330715 18.98 138.231782  50.971286 17.546
 22    10.294 52999.50330780 16.41 138.230312  50.974516 17.546
 23    11.246 53034.50325773  9.21 138.241970  50.970848  7.880
 23    11.007 53034.50325837  9.24 138.240500  50.974078  7.880
 23    11.026 53034.50325902  8.21 138.239020  50.977308  7.880
 24    12.031 53069.50327469  7.27 138.237390  50.970446  8.244
 24    10.843 53069.50327534  7.67 138.235920  50.973676  8.244
 24    10.592 53069.50327598  7.72 138.234450  50.976906  8.244
 27    14.685 53174.50331719 33.36 138.236268  50.968358 15.141
 27    14.409 53174.50331784 31.84 138.234798  50.971588 15.141
 27    14.468 53174.50331848 30.36 138.233328  50.974818 15.141
 32     8.709 53349.50327020 17.31 138.242695  50.971898 12.027
 32     9.054 53349.50327085 17.83 138.241215  50.975128 12.027
 32     9.117 53349.50327149 17.85 138.239745  50.978358 12.027
 33     9.273 53384.50324520 11.41 138.232542  50.966952  8.340
 33     9.165 53384.50324585 11.46 138.231072  50.970182  8.340
 33     9.516 53384.50324649 11.09 138.229602  50.973412  8.340
 34    11.162 53419.50325180  9.07 138.245752  50.972091  6.647
 34    10.910 53419.50325245  8.62 138.244282  50.975321  6.647
 34    11.169 53419.50325309  7.81 138.242812  50.978551  6.647
 34    10.314 53419.50325374  9.38 138.241342  50.981781  6.647
 35    10.386 53454.50325687  6.75 138.233320  50.966247  2.974
 35     9.571 53454.50325751  7.82 138.231840  50.969487  2.974
 35     9.041 53454.50325816  7.96 138.230370  50.972717  2.974
 35     9.425 53454.50325880  6.91 138.228900  50.975947  2.974
 39    11.636 53594.50329392 45.20 138.248721  50.973025 14.753
 39    11.897 53594.50329457 44.03 138.247251  50.976265 14.753
 39    11.705 53594.50329521 44.14 138.245781  50.979495 14.753
 39    11.766 53594.50329586 44.67 138.244311  50.982725 14.753
 40    10.909 53629.50328547 19.77 138.225534  50.963242 12.239
 40    10.396 53629.50328612 19.33 138.224054  50.966482 12.239
 40     9.995 53629.50328676 19.11 138.222584  50.969712 12.239
 42     7.912 53699.50326708 24.24 138.243603  50.969355 17.280
 42     8.868 53699.50326772 24.68 138.242133  50.972585 17.280
 42     8.564 53699.50326837 27.85 138.240663  50.975815 17.280
 42     9.494 53699.50326901 33.70 138.239183  50.979055 17.280
 43     8.795 53734.50319002 11.95 138.249914  50.973860  8.181
 43     8.715 53734.50319067 11.12 138.248434  50.977090  8.181
 43     9.200 53734.50319131 11.32 138.246964  50.980330  8.181
 43     8.917 53734.50319196 10.99 138.245494  50.983560  8.181
 45    10.096 53804.50317001  5.72 138.246936  50.972269  2.865
 45    10.521 53804.50317066  5.55 138.245466  50.975509  2.865
 45     9.168 53804.50317130  5.99 138.243986  50.978729  2.865
 45    12.492 53804.50317195  5.94 138.242516  50.981969  2.865
 52     9.396 54049.50327136 24.58 138.244542  50.970251 14.686
 52     9.698 54049.50327201 27.90 138.243062  50.973481 14.686
 52     8.730 54049.50327265 34.21 138.241592  50.976711 14.686
 52     9.278 54049.50327330 33.29 138.240122  50.979941 14.686
 54     7.847 54119.50319249 10.28 138.247744  50.973037  3.727
 54     7.764 54119.50319314 10.13 138.246274  50.976267  3.727
 54     7.901 54119.50319378  9.18 138.244804  50.979497  3.727
 54     7.758 54119.50319443  8.42 138.243334  50.982727  3.727
 56    10.981 54189.50318793  7.83 138.245868  50.971519  2.172
 56    15.419 54189.50318858  6.68 138.244398  50.974749  2.172
 56    15.302 54189.50318922  6.72 138.242921  50.977981  2.280
 56    13.947 54189.50318987  6.41 138.241451  50.981211  2.280
 57    33.188 54224.50323082  8.68 138.235265  50.969186  2.978
 57    13.709 54224.50323146 20.18 138.233790  50.972416  4.215
 57    14.478 54224.50323211 21.46 138.232320  50.975646  4.215
 58    12.770 54259.50325209 26.86 138.238043  50.970882  4.282
 58    12.955 54259.50325273 26.55 138.236571  50.974115  6.422
 58    12.957 54259.50325338 25.77 138.235101  50.977345  6.422
 62    10.669 54399.50318932 22.75 138.240115  50.968772  3.582
 62    10.378 54399.50318996 24.52 138.238645  50.972002  3.582
 62    10.411 54399.50319061 21.49 138.237175  50.975232  3.582
 62    10.458 54399.50319125 19.54 138.235697  50.978462  3.961
 63     7.317 54434.50314734 18.33 138.244777  50.971686  8.649
 63     7.392 54434.50314798 19.30 138.243307  50.974916  8.649
 63     7.700 54434.50314863 18.15 138.241836  50.978148  7.742
 63     6.990 54434.50314927 18.61 138.240366  50.981378  7.742
 64     8.119 54469.50317283 14.07 138.236840  50.969937  7.879
 64     7.460 54469.50317347 16.27 138.235370  50.973167  7.879
 64     7.200 54469.50317412 15.94 138.233897  50.976396  4.811
 65     7.102 54504.50316156 13.92 138.245056  50.969554  4.904
 65     6.538 54504.50316220 13.90 138.243586  50.972784  4.904
 65     6.262 54504.50316285 15.25 138.242116  50.976014  4.904
 65     8.707 54504.50316349 15.76 138.240636  50.979244  4.904
 66    10.203 54539.50318772 10.44 138.241344  50.969100  4.574
 66    11.172 54539.50318836 10.48 138.239874  50.972330  4.574
 66    11.698 54539.50318901  8.92 138.238404  50.975560  4.574
 66    11.258 54539.50318965  8.50 138.236934  50.978790  4.574
 67    12.941 54574.50316277 41.30 138.245697  50.971511 12.034
 67    11.282 54574.50316341 39.21 138.244227  50.974741 12.034
 67    13.968 54574.50316405 31.36 138.242757  50.977981 12.034
 67    13.763 54574.50316470 41.12 138.241277  50.981211 12.034
 71    10.977 54714.50314143 17.78 138.247701  50.970887 12.007
 71    10.324 54714.50314208 26.53 138.246231  50.974117 12.007
 71    10.524 54714.50314272 30.63 138.244751  50.977347 12.007
 71    10.388 54714.50314337 24.05 138.243281  50.980587 12.007
 73     9.805 54784.50312907 21.67 138.243665  50.969405 17.708
 73    10.252 54784.50312971 26.73 138.242195  50.972625 17.708
 73     9.797 54784.50313036 34.86 138.240715  50.975865 17.708
 73     9.410 54784.50313100 36.83 138.239245  50.979095 17.708
 74     9.576 54819.50315264  9.31 138.236431  50.969905  6.156
 74    10.175 54819.50315328  8.63 138.234961  50.973135  6.156
 74     9.571 54819.50315393  9.01 138.233491  50.976365  6.156
 75    10.153 54854.50312633  5.28 138.242998  50.971063  2.831
 75    10.081 54854.50312698  5.13 138.241528  50.974293  2.831
 75     9.712 54854.50312762  4.86 138.240048  50.977533  2.831
 75     9.649 54854.50312827  5.23 138.238578  50.980763  2.831
 76    11.627 54889.50315698  3.82 138.238094  50.969549  3.683
 76    11.123 54889.50315762  3.23 138.236624  50.972789  3.683
 76    10.082 54889.50315827  3.90 138.235144  50.976019  3.683
 77    11.073 54924.50312535  9.78 138.246059  50.969621  3.079
 77    11.271 54924.50312599 10.91 138.244589  50.972851  3.079
 77     8.914 54924.50312664 10.75 138.243109  50.976081  3.079
 77     9.336 54924.50312728  8.32 138.241639  50.979321  3.079
 78    36.070 54959.50315457  6.56 138.236139  50.966948  4.049
 78    11.125 54959.50315586 19.48 138.233189  50.973408  4.049
 78    13.034 54959.50315650 16.65 138.231719  50.976638  4.049
 83    12.518 55134.50310196 14.48 138.237712  50.967111  6.011
 83    11.724 55134.50310261 15.07 138.236232  50.970351  6.011
 83    12.364 55134.50310325 14.73 138.234762  50.973581  6.011
 84    10.013 55169.50306694 16.47 138.243897  50.972287 11.838
 84     9.892 55169.50306759 16.33 138.242427  50.975527 11.838
 84     9.566 55169.50306823 16.32 138.240957  50.978757 11.838
 85    10.127 55204.50309571 13.79 138.236057  50.969990 12.171
 85    10.237 55204.50309635 13.07 138.234587  50.973220 12.171
 85    10.026 55204.50309700 11.85 138.233117  50.976450 12.171
 86    10.692 55239.50307304  9.50 138.244590  50.969135  8.467
 86    10.139 55239.50307368 10.80 138.243120  50.972365  8.467
 86    10.363 55239.50307433 10.42 138.241650  50.975595  8.467
 86     8.701 55239.50307497 12.11 138.240180  50.978825  8.467
 87    11.615 55274.50308928  5.04 138.240535  50.969493  3.881
 87    10.996 55274.50308993  5.17 138.239065  50.972733  3.881
 87    10.475 55274.50309057  5.47 138.237595  50.975963  3.881
 87    10.779 55274.50309122  4.43 138.236125  50.979193  3.881
 88    14.363 55309.50305692 21.97 138.246595  50.969922 13.737
 88    13.418 55309.50305756 23.55 138.245125  50.973152 13.737
 88    11.279 55309.50305821 22.85 138.243655  50.976382 13.737
 88    11.856 55309.50305885 21.14 138.242185  50.979622 13.737
 91    15.078 55414.50307831 27.69 138.234967  50.972294  9.330
 91    14.682 55414.50307896 28.39 138.233497  50.975524  9.330
