# NaN NaN NaN ;Mean Elev.(m), Avg Gradient(m/km), RMS Gradient(m/km) - SRTM1     
#   23.107  -0.716   6.412 ;Mean Elev.(m), Avg Gradient(m/km), RMS Gradient(m/km) - ASTER GDEM
#   27.170  -0.314   5.651 ;Mean Elev.(m), Avg Gradient(m/km), RMS Gradient(m/km) - GMTED2010 
  8    33.258 52483.51471396 26.79 134.991929  48.524472 12.834
  8    32.898 52483.51471461 21.72 134.990579  48.527722 12.834
  9    33.382 52518.51467314 48.14 134.998131  48.527343 24.634
  9    33.344 52518.51467379 49.54 134.996781  48.530583 24.634
  9    33.180 52518.51467443 48.15 134.995421  48.533823 24.634
 11    30.362 52588.51470474 42.90 134.995270  48.525434 28.657
 11    30.255 52588.51470538 40.17 134.993910  48.528674 28.657
 12    30.536 52623.51465621 22.70 134.998581  48.526743  6.401
 12    30.361 52623.51465685 22.50 134.997231  48.529983  6.401
 12    30.115 52623.51465750 23.23 134.995881  48.533223  6.401
 13    30.334 52658.51467469 16.62 134.993722  48.524675  3.456
 13    30.395 52658.51467534 15.56 134.992368  48.527915  3.817
 17    32.242 52798.51468091 49.55 134.991463  48.524005 24.831
 17    32.192 52798.51468155 50.75 134.990113  48.527245 24.831
 19    35.193 52868.51479384 48.28 134.996286  48.526945 42.065
 19    35.145 52868.51479449 47.01 134.994926  48.530185 42.065
 20    34.369 52903.51480703 44.36 134.993429  48.526999 39.447
 20    34.289 52903.51480767 44.42 134.992069  48.530239 39.447
 21    32.570 52938.51474363 50.04 134.999553  48.527473 42.717
 21    32.561 52938.51474428 50.60 134.998203  48.530713 42.717
 21    32.424 52938.51474492 51.37 134.996853  48.533953 42.717
 21    32.429 52938.51474557 47.47 134.995503  48.537193 42.717
 23    31.581 53008.51478726 21.35 134.988734  48.523581  6.121
 23    31.572 53008.51478790 22.39 134.987374  48.526831  6.121
 28    32.989 53183.51479253 27.32 134.996220  48.528567 36.666
 28    34.575 53183.51479317 24.11 134.994870  48.531807 36.666
 30    31.749 53253.51479404 37.84 134.994624  48.525858 31.869
 30    31.583 53253.51479469 36.83 134.993274  48.529108 31.869
 32    30.991 53323.51477238 49.03 134.998285  48.527160 35.355
 32    30.915 53323.51477302 45.35 134.996935  48.530410 35.355
 32    30.858 53323.51477367 50.24 134.995585  48.533650 35.355
 33    30.875 53358.51473608 26.87 135.001448  48.528025 11.945
 33    30.849 53358.51473673 35.10 135.000088  48.531265 11.945
 33    30.795 53358.51473737 34.05 134.998738  48.534505 11.945
 35    30.786 53428.51474694 13.12 134.998298  48.529656  3.498
 35    30.701 53428.51474758 13.29 134.996948  48.532896  3.498
 35    30.774 53428.51474822 12.49 134.995598  48.536136  3.498
 36    31.644 53463.51476664 24.66 134.989382  48.524337 10.800
 36    35.269 53463.51476728 24.94 134.988032  48.527577 10.800
 38    35.488 53533.51481941 44.37 134.997018  48.525880 40.244
 38    35.334 53533.51482005 41.99 134.995668  48.529120 40.244
 38    35.272 53533.51482069 40.08 134.994308  48.532360 40.244
 40    32.902 53603.51478276 46.98 134.998344  48.529271 41.978
 40    32.878 53603.51478341 45.78 134.996994  48.532511 41.978
 40    32.857 53603.51478405 46.61 134.995644  48.535751 41.978
 43    30.431 53708.51473242 25.04 135.002071  48.528966 12.108
 43    30.072 53708.51473306 26.34 135.000721  48.532206 12.108
 43    30.130 53708.51473371 27.16 134.999371  48.535446 12.108
 44    31.213 53743.51464332 21.05 135.003968  48.530475  6.960
 44    31.284 53743.51464396 23.12 135.002618  48.533715  6.960
 44    31.340 53743.51464461 22.48 135.001268  48.536955  6.960
 44    31.232 53743.51464525 22.41 134.999918  48.540195  6.960
 45    30.796 53778.51467042 16.17 134.996271  48.525777  3.985
 45    31.017 53778.51467106 15.61 134.994911  48.529017  3.985
 46    31.001 53813.51464501 10.76 135.003176  48.528209  3.402
 46    30.966 53813.51464566 10.61 135.001826  48.531449  3.402
 46    31.038 53813.51464630 11.25 135.000476  48.534689  3.402
 53    30.340 54058.51475906 34.21 134.997548  48.528551 14.734
 53    30.338 54058.51475971 35.74 134.996198  48.531801 14.734
 54    31.551 54093.51473866 21.22 134.997584  48.528349  7.050
 54    31.468 54093.51473931 22.36 134.996224  48.531589  7.050
 56    30.806 54163.51470801 14.25 134.993681  48.524615  2.980
 56    30.811 54163.51470866 13.57 134.992331  48.527855  2.980
 57    34.504 54198.51467901 32.81 134.989006  48.523038 21.328
 57    35.414 54198.51467966 24.78 134.987656  48.526278 21.328
 59    32.488 54268.51474150 20.15 134.993180  48.526866 29.420
 59    32.736 54268.51474214 19.95 134.991820  48.530106 29.420
 60    31.620 54303.51474481 48.43 134.993442  48.526144 28.804
 60    31.617 54303.51474546 46.67 134.992082  48.529384 28.804
 61    32.942 54338.51472986 29.63 134.995769  48.526562 40.821
 61    33.175 54338.51473050 37.93 134.994419  48.529802 40.821
 62    32.236 54373.51467795 37.05 134.991084  48.524198 32.349
 62    32.173 54373.51467859 33.98 134.989734  48.527438 32.349
 65    30.482 54478.51466475 19.76 134.994091  48.525240  4.819
 65    30.526 54478.51466540 20.69 134.992731  48.528480  4.819
 67    31.435 54548.51467858 26.07 134.995373  48.526135 19.829
 67    30.462 54548.51467922 31.31 134.994013  48.529375 19.829
 68    31.278 54583.51465015 28.33 134.992697  48.525550 29.695
 68    30.741 54583.51465080 41.22 134.991347  48.528790 29.695
 69    30.807 54618.51467028 32.24 134.992805  48.525332 24.316
 69    31.621 54618.51467092 36.92 134.991450  48.528574 24.388
 71    32.465 54688.51467074 33.88 134.995076  48.525775 29.882
 71    32.063 54688.51467139 20.24 134.993726  48.529015 29.882
 73    31.501 54758.51464630 47.42 134.993193  48.525266 37.763
 73    31.473 54758.51464695 39.84 134.991843  48.528506 37.763
 75    31.233 54828.51464510 20.35 134.991913  48.525407  4.842
 75    31.378 54828.51464575 19.83 134.990563  48.528647  4.842
 76    30.605 54863.51461720 16.27 134.989275  48.523119  3.380
 76    30.671 54863.51461784 15.83 134.987915  48.526359  3.380
 77    30.574 54898.51464481 11.98 134.992922  48.526459  3.217
 77    30.844 54898.51464546 11.49 134.991562  48.529699  3.217
 79    33.338 54968.51464633 50.42 134.992301  48.525806 36.651
 79    33.258 54968.51464698 51.85 134.990951  48.529046 36.651
 81    36.155 55038.51465258 48.65 134.994456  48.524841 45.018
 81    36.062 55038.51465323 46.36 134.993096  48.528081 45.018
 82    34.718 55073.51463834 27.02 134.994871  48.527996 40.756
 82    34.993 55073.51463898 30.22 134.993521  48.531236 40.756
 83    34.502 55108.51458462 30.09 134.988692  48.522645 34.492
 83    34.595 55108.51458527 22.61 134.987342  48.525885 34.492
 86    31.794 55213.51458377 16.86 134.993495  48.524482  3.307
 86    31.851 55213.51458441 17.99 134.992135  48.527722  3.307
 87    30.978 55248.51455769 14.09 134.990394  48.524142  3.115
 87    31.113 55248.51455834 15.19 134.989044  48.527382  3.115
 89    33.832 55318.51454824 51.85 134.992184  48.524291 34.452
 89    33.707 55318.51454889 49.01 134.990833  48.527534 34.783
 90    35.359 55353.51455072 48.08 134.993880  48.525892 43.299
 90    35.320 55353.51455136 48.49 134.992520  48.529132 43.299
 91    32.926 55388.51454799 46.03 134.987551  48.523164 29.976
 91    32.983 55388.51454864 47.82 134.986199  48.526403 19.800
 92    35.259 55423.51456854 28.35 134.993364  48.527008 38.106
 92    35.251 55423.51456919 36.15 134.992004  48.530248 38.106
 93    33.678 55458.51454025 29.27 134.996400  48.528153 32.955
 93    34.335 55458.51454089 28.03 134.995050  48.531393 32.955
