-219454.987   364.144     0.00   17.72
-219076.923   352.114   -31.83   21.79
-218698.904   334.997   -45.29   19.70
-218320.928   318.455   -43.77   15.66
-217942.998   307.671   -28.54   11.94
-217565.112   298.646   -23.89   13.08
-217187.270   287.862   -28.55   14.34
-216809.473   277.519   -27.38   14.26
-216431.721   267.931   -25.39   12.24
-216054.013   261.647   -16.64    5.10
-215676.349   262.726     2.86    9.43
-215298.730   270.015    19.31   18.33
-214921.156   281.170    29.55   23.32
-214543.625   293.860    33.62   24.17
-214166.139   299.535    15.04   22.98
-213788.698   300.214     1.80   21.64
-213411.300   304.297    10.82   21.98
-213033.947   319.415    40.07   33.99
-212656.639   345.914    70.25   44.58
-212279.375   373.210    72.37   35.23
-211902.154   380.739    19.97   26.50
-211524.979   371.286   -25.07   28.22
-211147.847   354.421   -44.73   20.83
-210770.760   349.730   -12.44   21.10
-210393.717   343.455   -16.65   22.60
-210016.718   338.636   -12.79   26.15
-209639.763   341.044     6.39   29.95
-209262.853   343.144     5.57   36.67
-208885.986   338.931   -11.18   39.50
-208509.164   341.086     5.72   37.53
-208132.386   343.302     5.88   33.22
-207755.652   330.160   -34.89   30.70
-207378.961   316.818   -35.43   37.80
-207002.315   289.302   -73.07   41.67
-206625.714   266.997   -59.24   31.61
-206249.156   257.851   -24.29   24.84
-205872.642   257.584    -0.71   29.90
-205496.172   270.259    33.67   32.72
-205119.746   278.791    22.67   24.84
-204743.364   273.577   -13.86   27.00
-204367.026   254.111   -51.73   30.07
-203990.732   236.308   -47.32   26.23
-203614.481   223.497   -34.06   22.64
-203238.275   214.980   -22.64   22.43
-202862.113   210.109   -12.95   20.36
-202485.994   209.946    -0.43   24.13
-202109.919   215.701    15.31   27.57
-201733.888   219.826    10.97   25.96
-201357.901   218.173    -4.40   23.87
-200981.958   217.147    -2.73   24.33
-200606.058   205.324   -31.46   29.64
-200230.202   191.091   -37.88   30.96
-199854.390   181.647   -25.13   26.64
-199478.622   181.097    -1.46   24.38
-199102.897   200.999    52.98   33.36
-198727.216   219.291    48.70   31.96
-198351.578   237.659    48.91   28.66
-197975.985   261.514    63.53   38.97
-197600.435   286.414    66.32   46.27
-197224.928   303.012    44.21   40.33
-196849.465   308.447    14.48   35.37
-196474.046   293.347   -40.23   44.71
-196098.670   265.821   -73.34   47.00
-195723.338   236.722   -77.54   38.01
-195348.050   208.182   -76.06   37.75
-194972.805   183.753   -65.11   28.06
-194597.603   169.689   -37.49   21.83
-194222.445   160.625   -24.17   14.68
-193847.330   167.447    18.19   24.94
-193472.259   185.111    47.10   37.27
-193097.231   190.314    13.87   36.00
-192722.247   182.896   -19.79   37.92
-192347.306   170.065   -34.23   36.45
-191972.409   157.439   -33.69   17.41
-191597.555   161.515    10.88   15.15
-191222.744   178.560    45.48   22.56
-190847.976   199.048    54.68   25.92
-190473.252   218.900    52.99   25.79
-190098.571   236.865    47.96   19.99
-189723.934   244.455    20.26   18.27
-189349.339   246.630     5.81   19.38
-188974.788   250.630    10.68   20.62
-188600.281   261.160    28.12   27.43
-188225.816   280.964    52.89   30.71
-187851.395   296.275    40.90   32.78
-187477.017   313.015    44.72   43.95
-187102.682   338.280    67.51   58.55
-186728.390   362.397    64.44   68.45
-186354.141   383.399    56.13   56.68
-185979.935   384.647     3.34   46.34
-185605.773   362.230   -59.92   57.96
-185231.654   324.329  -101.33   59.81
-184857.577   301.506   -61.02   38.70
-184483.544   306.141    12.39   39.93
-184109.554   323.584    46.65   38.44
-183735.607   330.472    18.42   39.51
-183361.702   317.811   -33.87   46.50
-182987.841   302.726   -40.36   44.47
-182614.023   287.997   -39.41   40.14
-182240.248   283.480   -12.09   39.35
-181866.515   294.014    28.19   40.55
-181492.826   308.230    38.05   37.26
-181119.180   327.075    50.44   34.47
-180745.576   338.252    29.92   27.18
-180372.015   336.706    -4.14   23.31
-179998.497   332.912   -10.16   25.92
-179625.022   321.685   -30.07   27.84
-179251.590   313.164   -22.82   30.65
-178878.201   313.608     1.19   36.16
-178504.854   311.947    -4.45   36.68
-178131.551   307.383   -12.23   36.55
-177758.290   296.557   -29.01   32.36
-177385.071   290.814   -15.39   28.03
-177011.896   286.091   -12.66   20.51
-176638.763   282.235   -10.34   18.92
-176265.673   274.357   -21.12   23.45
-175892.625   260.227   -37.88   26.58
-175519.621   245.439   -39.65   26.09
-175146.659   235.082   -27.77   24.49
-174773.739   222.832   -32.85   25.06
-174400.862   213.619   -24.71   22.66
-174028.028   211.193    -6.51   23.25
-173655.236   216.164    13.34   31.20
-173282.487   219.630     9.30   30.15
-172909.781   221.995     6.35   25.94
-172537.117   223.201     3.24   22.93
-172164.495   219.750    -9.26   25.27
-171791.916   222.895     8.44   31.85
-171419.380   230.636    20.78   31.76
-171046.886   238.860    22.08   30.86
-170674.434   241.544     7.21   29.31
-170302.025   236.332   -14.00   36.03
-169929.659   231.864   -12.00   39.03
-169557.334   225.116   -18.13   36.87
-169185.053   214.302   -29.05   35.40
-168812.813   203.931   -27.87   39.21
-168440.616   187.014   -45.46   35.38
-168068.461   170.160   -45.29   19.81
-167696.349   166.797    -9.04   13.93
-167324.279   169.077     6.13   19.17
-166952.251   167.630    -3.89   18.91
-166580.265   163.914    -9.99   14.20
-166208.322   160.696    -8.66    6.00
-165836.421   169.047    22.46   15.18
-165464.562   185.608    44.54   26.78
-165092.746   208.456    61.46   32.64
-164720.971   234.564    70.24   29.39
-164349.239   251.830    46.46   26.81
-163977.549   264.947    35.29   23.19
-163605.901   268.701    10.10   26.89
-163234.296   269.680     2.63   26.60
-162862.732   277.540    21.16   23.15
-162491.211   289.447    32.06   31.51
-162119.731   298.209    23.59   38.63
-161748.294   306.341    21.90   39.93
-161376.899   310.964    12.45   39.25
-161005.546   305.587   -14.48   32.73
-160634.234   291.184   -38.79   32.44
-160262.965   272.353   -50.73   37.75
-159891.738   248.180   -65.13   41.04
-159520.553   228.641   -52.65   40.75
-159149.410   207.218   -57.73   33.93
-158778.309   198.062   -24.68   34.21
-158407.249   187.011   -29.79   32.35
-158036.232   173.747   -35.76   33.59
-157665.257   162.286   -30.90   34.12
-157294.323   147.116   -40.90   23.40
-156923.431   146.275    -2.27   21.34
-156552.581   163.239    45.75   35.21
-156181.773   188.914    69.25   41.69
-155811.007   218.821    80.67   36.70
-155440.283   251.851    89.11   47.48
-155069.600   284.303    87.56   43.23
-154698.960   298.802    39.13   30.82
-154328.361   302.095     8.89   32.15
-153957.803   297.080   -13.53   39.37
-153587.288   277.455   -52.97   39.48
-153216.814   267.259   -27.53   36.96
-152846.382   269.636     6.42   30.46
-152475.991   278.239    23.23   28.27
-152105.643   303.193    67.39   34.07
-151735.336   319.860    45.02   27.79
-151365.070   319.130    -1.97   28.69
-150994.846   313.119   -16.24   33.23
-150624.664   298.652   -39.09   31.48
-150254.523   287.683   -29.64   31.55
-149884.424   281.669   -16.25   34.50
-149514.367   275.119   -17.70   32.84
-149144.351   262.915   -32.99   29.65
-148774.377   242.726   -54.58   29.15
-148400.702   221.421   -57.02   33.23
-148022.283   204.865   -43.76   26.16
-147643.909   206.082     3.22   33.49
-147265.578   213.642    19.98   39.66
-146887.290   224.034    27.48   41.64
-146509.046   226.800     7.31   39.64
-146130.845   210.286   -43.67   34.52
-145752.688   188.625   -57.29   33.43
-145374.575   173.259   -40.64   29.44
-144996.505   167.150   -16.16   26.48
-144618.478   158.777   -22.15   26.72
-144240.495   152.757   -15.93   27.29
-143862.555   154.226     3.89   31.48
-143484.659   153.757    -1.24   32.44
-143106.806   153.438    -0.84   32.02
-142728.997   155.743     6.10   32.56
-142351.231   147.291   -22.38   32.91
-141973.508   132.014   -40.45   27.16
-141595.828   119.930   -32.00   24.11
-141218.192   116.816    -8.25   23.02
-140840.599   120.326     9.30   27.55
-140463.050   126.286    15.79   31.03
-140085.544   133.574    19.31   32.35
-139708.080   136.867     8.73   32.27
-139330.661   131.625   -13.89   28.04
-138953.284   129.080    -6.74   26.86
-138575.951   123.318   -15.27   26.20
-138198.661   117.033   -16.66   22.14
-137821.413   113.931    -8.22   20.88
-137444.210   107.188   -17.88   20.03
-137067.049    95.609   -30.70   24.16
-136689.931    76.794   -49.90   24.29
-136312.857    62.275   -38.51   20.98
-135935.825    50.932   -30.09   12.87
-135558.837    45.303   -14.93    5.95
-135181.892    44.147    -3.07    4.85
-134804.989    48.392    11.27   11.63
-134428.130    53.335    13.12   16.97
-134051.314    56.625     8.73   17.72
-133674.541    61.303    12.42   22.00
-133297.810    62.259     2.54   24.07
-132921.123    57.547   -12.51   21.91
-132544.479    53.455   -10.87   15.13
-132167.877    56.119     7.07   18.72
-131791.319    81.701    67.95   42.02
-131414.803   107.803    69.33   43.17
-131038.330   132.439    65.45   38.62
-130661.900   150.800    48.78   38.91
-130285.513   147.880    -7.76   37.74
-129909.169   141.998   -15.63   35.01
-129532.868   135.014   -18.56   30.62
-129156.609   122.431   -33.45   24.29
-128780.393   111.517   -29.01   22.98
-128404.220   101.609   -26.34   23.55
-128028.090    90.035   -30.77   20.38
-127652.002    81.619   -22.38   17.96
-127275.957    75.630   -15.93   17.62
-126899.955    69.373   -16.64   16.33
-126523.996    63.014   -16.92   13.02
-126148.079    60.860    -5.73   12.06
-125772.205    60.125    -1.96   13.89
-125396.373    60.785     1.76   15.35
-125020.584    59.797    -2.63   14.49
-124644.838    53.879   -15.75   11.98
-124269.134    49.424   -11.86    9.99
-123893.473    44.080   -14.23    9.56
-123517.854    39.709   -11.64    8.95
-123142.278    34.814   -13.04    7.88
-122766.745    31.998    -7.50    6.90
-122391.253    29.864    -5.68    5.49
-122015.805    27.998    -4.97    3.61
-121640.399    27.029    -2.58    1.35
-121265.035    27.150     0.32    1.36
-120889.714    26.828    -0.86    1.54
-120514.435    26.540    -0.77    1.45
-120139.199    26.380    -0.43    1.44
-119764.005    26.133    -0.66    1.46
-119388.853    26.150     0.05    1.36
-119013.744    26.193     0.11    1.13
-118638.677    26.360     0.45    1.24
-118263.653    26.308    -0.14    1.21
-117888.670    26.119    -0.50    1.50
-117513.731    25.689    -1.15    1.38
-117138.833    25.412    -0.74    1.17
-116763.978    25.347    -0.17    1.06
-116389.164    25.141    -0.55    1.09
-116014.394    25.014    -0.34    1.20
-115639.665    24.877    -0.36    1.08
-115264.978    24.535    -0.91    1.08
-114890.334    24.291    -0.65    1.14
-114515.732    23.999    -0.78    1.11
-114141.172    24.029     0.08    1.33
-113766.654    24.014    -0.04    1.92
-113392.179    24.201     0.50    2.54
-113017.745    27.564     8.98    9.05
-112643.354    34.914    19.64   17.66
-112269.004    54.180    51.47   32.87
-111894.697    78.050    63.78   38.21
-111520.432   104.528    70.76   36.20
-111146.208   125.749    56.71   26.46
-110772.027   132.167    17.15   21.50
-110397.888   133.760     4.26   21.84
-110023.791   128.821   -13.21   24.28
-109649.736   125.297    -9.42   21.96
-109275.722   124.692    -1.62   16.85
-108901.751   134.351    25.83   20.98
-108527.821   152.082    47.42   33.19
-108153.934   183.743    84.69   44.66
-107780.088   207.757    64.24   34.87
-107406.284   209.029     3.40   33.53
-107032.522   206.153    -7.70   37.13
-106658.802   205.314    -2.25   33.98
-106285.124   203.998    -3.52   31.93
-105911.488   197.947   -16.20   31.86
-105537.893   173.808   -64.62   37.42
-105164.340   145.387   -76.09   28.27
-104790.829   121.900   -62.89   24.67
-104417.360   107.446   -38.71   18.00
-104043.932   101.347   -16.34   12.88
-103670.546   101.593     0.66   11.83
-103297.202   110.608    24.15   18.42
-102923.900   122.981    33.15   20.94
-102550.639   133.077    27.05   19.72
-102177.420   134.116     2.79   19.45
-101804.242   127.133   -18.71   24.18
-101431.106   118.286   -23.71   27.16
-101058.012   106.767   -30.88   26.50
-100684.959   100.964   -15.56   23.14
-100311.948   103.828     7.68   21.64
 -99938.979   116.415    33.75   33.13
 -99566.051   136.297    53.32   39.50
 -99193.164   154.498    48.82   34.78
 -98820.319   163.841    25.06   29.84
 -98447.516   160.867    -7.98   26.46
 -98074.754   148.653   -32.77   18.85
 -97702.033   139.506   -24.54   18.62
 -97329.354   133.652   -15.71   26.37
 -96956.717   124.423   -24.77   29.63
 -96584.121   115.336   -24.39   29.33
 -96211.566   108.116   -19.38   24.02
 -95839.053   109.480     3.66   21.09
 -95466.581   112.464     8.01   21.77
 -95094.150   119.406    18.64   23.97
 -94721.761   123.371    10.65   23.18
 -94349.413   118.930   -11.93   24.51
 -93977.106   111.252   -20.63   21.71
 -93604.841   104.077   -19.28   13.59
 -93232.617   102.047    -5.45    8.86
 -92860.434   103.257     3.25    7.16
 -92488.293   108.747    14.75    9.32
 -92116.193   114.692    15.98   10.70
 -91744.134   122.506    21.00   12.52
 -91372.116   130.574    21.69   14.61
 -91000.140   136.636    16.30   12.76
 -90628.204   145.550    23.97   16.46
 -90256.310   154.390    23.77   19.43
 -89884.457   163.291    23.94   17.81
 -89512.645   175.603    33.12   20.05
 -89140.874   186.671    29.77   19.92
 -88769.144   199.177    33.65   19.70
 -88397.456   212.625    36.18   20.28
 -88025.808   223.845    30.19   24.37
 -87654.202   240.336    44.38   25.58
 -87282.636   249.587    24.90   25.56
 -86911.112   257.082    20.18   29.25
 -86539.629   250.515   -17.68   33.78
 -86168.186   233.835   -44.91   34.45
 -85796.785   231.736    -5.65   32.45
 -85425.424   231.257    -1.29   30.57
 -85054.105   238.402    19.25   31.70
 -84682.827   248.308    26.68   29.56
 -84311.589   241.726   -17.73   30.21
 -83940.392   229.119   -33.97   39.50
 -83569.236   202.554   -71.58   42.46
 -83198.122   175.981   -71.61   32.11
 -82827.048   155.472   -55.27   20.36
 -82456.014   151.218   -11.47   18.79
 -82085.022   161.014    26.41   30.13
 -81714.070   180.893    53.60   39.41
 -81343.160   209.308    76.61   36.93
 -80972.290   223.499    38.27   26.26
 -80601.461   219.147   -11.74   30.07
 -80230.672   211.136   -21.61   34.36
 -79859.925   194.341   -45.30   31.75
 -79489.218   180.308   -37.86   30.17
 -79118.551   164.930   -41.49   30.20
 -78747.926   150.048   -40.16   27.89
 -78377.341   138.730   -30.54   24.90
 -78006.797   128.429   -27.80   23.29
 -77636.294   125.997    -6.57   28.05
 -77265.831   122.914    -8.32   34.54
 -76895.408   119.726    -8.61   38.96
 -76525.027   107.119   -34.04   40.66
 -76154.686    89.709   -47.01   30.02
 -75784.385    80.685   -24.37   19.55
 -75414.126    82.999     6.25   24.30
 -75043.906    99.423    44.36   37.69
 -74673.727   122.624    62.68   40.86
 -74303.589   142.714    54.28   34.44
 -73933.491   149.584    18.57   29.19
 -73560.522   141.867   -20.69   26.70
 -73182.194   125.896   -42.22   25.35
 -72803.908   110.964   -39.48   24.26
 -72425.664    91.281   -52.04   23.36
 -72047.463    78.184   -34.63   17.65
 -71669.305    70.252   -20.98   14.71
 -71291.189    66.464   -10.02   15.54
 -70913.115    61.593   -12.88   15.39
 -70535.083    54.806   -17.95   13.34
 -70157.094    49.862   -13.08   10.58
 -69779.148    49.060    -2.12   10.36
 -69401.243    56.722    20.28   18.11
 -69023.381    81.147    64.64   37.14
 -68645.561   112.649    83.38   44.68
 -68267.784   137.497    65.78   39.78
 -67890.048   151.929    38.21   27.73
 -67512.355   145.160   -17.92   32.70
 -67134.705   126.297   -49.95   31.95
 -66757.096   105.535   -54.99   22.02
 -66379.530    88.128   -46.11   21.29
 -66002.005    73.527   -38.68   25.60
 -65624.523    56.280   -45.69   24.18
 -65247.083    40.387   -42.11   16.70
 -64869.686    27.662   -33.72   13.93
 -64492.330    17.540   -26.83   12.62
 -64115.016    10.930   -17.52    9.22
 -63737.745     6.754   -11.07    5.07
 -63360.516     7.709     2.53    6.97
 -62983.328     9.774     5.47    9.63
 -62606.183    14.034    11.30   15.87
 -62229.080    13.947    -0.23   16.28
 -61852.019    11.067    -7.64   11.14
 -61474.999     8.981    -5.53    3.36
 -61098.022     9.259     0.74    2.89
 -60721.087     9.014    -0.65    2.38
 -60344.193     9.201     0.49    2.25
 -59967.342     9.464     0.70    2.07
 -59590.532     9.697     0.62    1.75
 -59213.765    10.584     2.36    1.95
 -58837.039    11.630     2.78    2.12
 -58460.355    12.421     2.10    2.14
 -58083.713    13.584     3.09    2.89
 -57707.113    14.860     3.39    3.86
 -57330.555    15.436     1.53    4.08
 -56954.038    16.180     1.98    4.05
 -56577.563    16.877     1.85    3.73
 -56201.130    17.570     1.84    3.34
 -55824.739    18.480     2.42    3.15
 -55448.390    18.774     0.78    3.21
 -55072.082    17.455    -3.50    3.79
 -54695.816    15.845    -4.28    4.27
 -54319.592    13.326    -6.70    4.50
 -53943.409    10.402    -7.77    3.81
 -53567.268     8.964    -3.82    3.01
 -53191.169     9.016     0.14    4.06
 -52815.111     9.188     0.46    4.47
 -52439.095     8.865    -0.86    4.57
 -52063.121     6.964    -5.06    4.78
 -51687.188     4.828    -5.68    4.38
 -51311.297     5.082     0.68    5.86
 -50935.447     6.390     3.48    7.21
 -50559.639     6.767     1.00    8.12
 -50183.872     5.130    -4.36    8.58
 -49808.147     2.279    -7.59    7.85
 -49432.463    -0.692    -7.91    5.84
 -49056.821    -3.019    -6.20    0.13
 -48681.221    -3.036    -0.05    0.00
 -48305.661    -2.967     0.18    0.53
 -47930.144    -2.726     0.64    1.33
 -47554.667    -2.495     0.61    1.79
 -47179.232    -2.387     0.29    1.92
 -46803.839    -2.536    -0.40    1.68
 -46428.487    -2.054     1.29    2.53
 -46053.176    -1.786     0.71    2.93
 -45677.906    -2.140    -0.94    2.57
 -45302.678    -2.680    -1.44    1.68
 -44927.491    -2.987    -0.82    0.38
 -44552.346    -3.036    -0.13    0.00
 -44177.242    -3.036     0.00    0.00
 -43802.179    -2.518     1.38    1.71
 -43427.157    -1.420     2.93    3.43
 -43052.176     0.412     4.88    5.44
 -42677.237     1.106     1.85    5.25
 -42302.339     2.794     4.50    5.27
 -41927.482     4.205     3.76    4.42
 -41552.667     3.764    -1.18    2.37
 -41177.892     3.619    -0.39    1.65
 -40803.159     3.806     0.50    1.47
 -40428.467     3.946     0.37    1.39
 -40053.816     3.964     0.05    1.20
 -39679.206     3.981     0.05    1.17
 -39304.637     3.757    -0.60    1.31
 -38930.109     3.472    -0.76    1.25
 -38555.622     3.533     0.16    1.30
 -38181.176     3.550     0.05    1.91
 -37806.772     3.692     0.38    2.16
 -37432.408     3.980     0.77    2.10
 -37058.085     4.071     0.24    1.74
 -36683.804     3.865    -0.55    1.69
 -36309.563     3.731    -0.36    1.78
 -35935.363     3.964     0.62    2.49
 -35561.204     4.048     0.23    2.73
 -35187.086     4.144     0.26    2.69
 -34813.009     3.705    -1.17    1.56
 -34438.973     3.659    -0.12    1.24
 -34064.978     3.837     0.48    1.24
 -33691.024     4.102     0.71    1.19
 -33317.110     4.330     0.61    1.21
 -32943.237     4.427     0.26    1.65
 -32569.406     4.397    -0.08    1.63
 -32195.615     4.279    -0.31    1.53
 -31821.864     3.947    -0.89    1.16
 -31448.155     3.896    -0.14    1.06
 -31074.486     3.912     0.04    1.13
 -30700.858     3.998     0.23    1.05
 -30327.271     4.167     0.45    1.05
 -29953.724     4.174     0.02    1.06
 -29580.218     4.084    -0.24    1.08
 -29206.753     4.160     0.20    1.26
 -28833.329     3.839    -0.86    1.27
 -28459.945     3.523    -0.85    1.28
 -28086.602     3.332    -0.51    1.40
 -27713.299     3.015    -0.85    1.07
 -27340.037     4.843     4.90    6.65
 -26966.816     8.065     8.63   11.35
 -26593.635    12.659    12.31   17.06
 -26220.495    13.560     2.42   17.64
 -25847.395    10.914    -7.09   14.78
 -25474.336     7.600    -8.88    8.14
 -25101.317     6.860    -1.98    7.52
 -24728.339     7.385     1.41    9.13
 -24355.402     7.275    -0.29    8.56
 -23982.504     5.981    -3.47    6.23
 -23609.648     5.895    -0.23    5.34
 -23236.831     7.226     3.57    6.36
 -22864.056    11.930    12.62   17.07
 -22491.320    19.567    20.49   23.53
 -22118.625    26.360    18.23   26.48
 -21745.971    31.997    15.13   28.10
 -21373.357    32.481     1.30   27.99
 -21000.783    28.390   -10.98   23.37
 -20628.249    26.606    -4.79   17.70
 -20255.756    30.606    10.74   14.90
 -19883.303    42.998    33.27   24.69
 -19510.891    54.797    31.68   25.97
 -19138.518    61.412    17.76   24.22
 -18766.186    63.845     6.53   27.52
 -18393.895    62.603    -3.34   29.75
 -18021.643    64.929     6.25   31.99
 -17649.432    74.998    27.05   29.32
 -17277.261    82.000    18.82   23.26
 -16905.130    87.397    14.50   21.52
 -16533.039    92.839    14.62   20.73
 -16160.989    97.505    12.54   21.27
 -15788.978    96.303    -3.23   22.73
 -15417.008    83.332   -34.87   25.13
 -15045.078    66.557   -45.10   20.19
 -14673.188    49.709   -45.30   20.02
 -14301.338    36.119   -36.55   20.02
 -13929.528    29.760   -17.10   20.90
 -13557.759    24.931   -12.99   19.59
 -13186.029    21.929    -8.08   19.96
 -12814.339    17.530   -11.83   20.60
 -12442.690     9.075   -22.75   14.74
 -12071.080     5.147   -10.57    9.86
 -11699.511     3.999    -3.09    7.27
 -11327.981     6.587     6.97   10.22
 -10956.491     6.705     0.32   10.41
 -10585.042     5.843    -2.32   10.47
 -10213.632     3.794    -5.52    8.67
  -9842.262     1.636    -5.81    3.16
  -9470.932     0.877    -2.04    1.67
  -9099.642     1.404     1.42    2.43
  -8728.392     2.095     1.86    3.00
  -8357.182     2.498     1.09    3.24
  -7986.011     3.147     1.75    3.30
  -7614.880     3.509     0.98    3.26
  -7243.790     3.877     0.99    3.19
  -6872.739     3.874    -0.01    3.12
  -6501.728     3.832    -0.11    3.11
  -6130.756     3.893     0.16    3.15
  -5759.825     3.688    -0.55    3.30
  -5388.933     3.404    -0.76    3.38
  -5018.080     2.722    -1.84    3.43
  -4647.268     1.636    -2.93    2.94
  -4276.495     0.515    -3.02    1.83
  -3905.762    -0.036    -1.49    0.00
  -3535.069    -0.036     0.00    0.00
  -3164.415    -0.036     0.00    0.00
  -2793.801    -0.036     0.00    0.00
  -2423.227    -0.036     0.00    0.00
  -2052.692     0.149     0.50    0.95
  -1682.197     0.099    -0.13    0.75
  -1311.741    -0.036    -0.37    0.00
   -941.325    -0.036     0.00    0.00
   -570.949    -0.036     0.00    0.00
   -200.612    -0.036     0.00    0.00
    169.685    -0.036     0.00    0.00
    539.943    -0.036     0.00    0.00
    910.161    -0.036     0.00    0.00
   1282.528    -0.036     0.00    0.00
   1660.766    -0.036     0.00    0.00
   2038.963    -0.036     0.00    0.00
   2417.118    -0.036     0.00    0.00
   2795.232    -0.036     0.00    0.00
   3173.305    -0.036     0.00    0.00
   3551.336    -0.036     0.00    0.00
   3929.326    -0.036     0.00    0.00
   4307.275    -0.036     0.00    0.00
   4685.182    -0.036     0.00    0.00
   5063.049    -0.036     0.00    0.00
   5440.874     0.119     0.41    0.83
   5818.658     0.308     0.50    1.29
   6196.400     0.540     0.61    1.70
   6574.102     0.743     0.54    1.97
   6951.762     0.964     0.58    2.20
   7329.381     1.192     0.60    2.34
   7706.959     1.980     2.09    2.78
   8084.496     2.244     0.70    2.93
   8461.992     2.033    -0.56    2.88
   8839.447     2.133     0.27    2.71
   9216.860     1.584    -1.45    2.49
   9594.233     1.084    -1.32    2.38
   9971.564     0.945    -0.37    2.48
  10348.855     0.930    -0.04    2.31
  10726.104     0.999     0.18    2.30
  11103.313     1.882     2.34    2.97
  11480.480     2.653     2.05    3.15
  11857.607     3.262     1.61    3.06
  12234.692     4.046     2.08    2.85
  12611.737     4.608     1.49    2.38
  12988.740     4.981     0.99    2.23
  13365.703     5.093     0.30    2.27
  13742.625     5.438     0.92    2.06
  14119.506     5.543     0.28    1.98
  14496.346     5.659     0.31    1.93
  14873.145     5.642    -0.04    1.92
  15249.904     5.274    -0.98    2.07
  15626.621     4.540    -1.95    2.57
  16003.298     3.491    -2.78    2.67
  16379.934     2.739    -2.00    2.52
  16756.529     2.209    -1.41    2.31
  17133.084     1.750    -1.22    1.75
  17509.597     1.718    -0.09    1.67
  17886.070     1.619    -0.26    1.69
  18262.503     1.609    -0.03    1.66
  18638.894     1.420    -0.50    1.42
  19015.245     1.252    -0.45    1.00
  19391.555     1.278     0.07    1.18
  19767.825     1.180    -0.26    1.03
  20144.053     0.981    -0.53    0.13
  20520.242     0.996     0.04    0.18
  20896.389     0.964    -0.09    0.00
  21272.496     0.964     0.00    0.00
  21648.563     0.964     0.00    0.00
  22024.588     0.964     0.00    0.00
  22400.574     1.015     0.14    0.39
  22776.518     1.241     0.60    1.22
  23152.423     1.280     0.10    1.20
  23528.286     1.356     0.20    1.46
  23904.110     1.523     0.44    1.92
  24279.892     1.830     0.82    2.47
  24655.635     1.839     0.02    2.32
  25031.336     2.164     0.87    2.25
  25406.998     2.445     0.75    2.02
  25782.619     2.791     0.92    2.10
  26158.199     3.377     1.56    2.37
  26533.739     3.783     1.08    2.51
  26909.239     5.806     5.39    7.99
  27284.698    10.705    13.05   16.93
  27660.117    23.423    33.87   31.82
  28035.496    29.543    16.30   33.95
  28410.834    28.675    -2.31   32.21
  28786.133    22.241   -17.14   28.33
  29161.390    11.830   -27.74   21.10
  29536.608     4.946   -18.35   10.81
  29911.785     2.157    -7.43    0.87
  30286.922     2.274     0.31    1.19
  30662.019     2.665     1.04    1.75
  31037.075     3.029     0.97    1.92
  31412.092     2.981    -0.13    1.87
  31787.068     2.560    -1.12    1.71
  32162.004     2.204    -0.95    1.16
  32536.899     1.964    -0.64    0.00
  32911.755     1.964     0.00    0.00
  33286.571     2.111     0.39    0.73
  33661.346     2.981     2.32    2.07
  34036.081     3.877     2.39    2.47
  34410.776     5.523     4.39    2.92
  34785.431     6.625     2.94    2.56
  35160.047     7.785     3.10    1.48
  35534.622     7.673    -0.30    1.56
  35909.156     7.828     0.41    1.53
  36283.651     7.718    -0.29    1.43
  36658.106     7.828     0.29    1.43
  37032.521     7.896     0.18    1.27
  37406.896     7.826    -0.19    1.25
  37781.231     8.136     0.83    1.20
  38155.526     8.086    -0.13    1.43
  38529.782     8.139     0.14    1.43
  38903.997     8.178     0.10    1.38
  39278.172     8.095    -0.22    1.35
  39652.308     8.236     0.38    1.24
  40026.403     8.404     0.45    1.32
  40400.459     8.437     0.09    1.49
  40774.475     8.507     0.19    1.40
  41148.451     8.244    -0.70    1.28
  41522.387     7.806    -1.17    1.44
  41896.283     7.481    -0.87    1.68
  42270.140     7.122    -0.96    1.83
  42643.957     6.882    -0.64    1.70
  43017.734     6.927     0.12    1.64
  43391.471     7.102     0.47    1.66
  43765.169     7.499     1.06    1.22
  44138.827     8.446     2.53    2.42
  44512.445    10.757     6.18    4.06
  44886.024    12.031     3.41    4.25
  45259.562    12.998     2.59    3.93
  45633.062    13.285     0.77    3.37
  46006.521    12.114    -3.14    2.48
  46379.941    11.182    -2.50    1.33
  46753.321    10.860    -0.86    1.04
  47126.662    10.473    -1.04    0.98
  47499.963    10.330    -0.38    1.10
  47873.225    10.374     0.12    1.19
  48246.447    10.099    -0.74    1.40
  48619.629     9.930    -0.45    1.40
  48992.772     9.929    -0.00    1.30
  49365.875     9.860    -0.18    1.28
  49738.939     9.788    -0.19    1.27
  50111.964     9.714    -0.20    1.22
  50484.948     9.785     0.19    1.31
  50857.894     9.747    -0.10    1.33
  51230.800     9.595    -0.41    1.32
  51603.666     9.133    -1.24    1.37
  51976.494     8.642    -1.32    1.22
  52349.281     8.385    -0.69    1.15
  52722.030     8.343    -0.11    1.09
  53094.739     8.377     0.09    1.03
  53467.408     7.964    -1.11    1.49
  53840.039     7.543    -1.13    1.58
  54212.630     7.734     0.51    1.63
  54585.181     7.839     0.28    1.61
  54957.693     8.472     1.70    1.34
  55330.166     8.527     0.15    1.21
  55702.600     8.630     0.28    1.42
  56074.995     8.771     0.38    1.47
  56447.350     8.557    -0.57    1.44
  56819.666     8.736     0.48    1.36
  57191.943     8.749     0.04    1.26
  57564.180     8.570    -0.48    1.32
  57936.379     8.648     0.21    1.14
  58308.538     8.774     0.34    1.07
  58680.658     8.834     0.16    1.06
  59052.739     8.896     0.17    0.96
  59424.780     9.017     0.33    0.88
  59796.783     8.780    -0.64    1.00
  60168.746     8.688    -0.25    1.18
  60540.671     8.490    -0.53    1.21
  60912.556     8.320    -0.46    1.11
  61284.402     8.498     0.48    0.99
  61656.210     8.367    -0.35    1.13
  62027.978     8.472     0.28    1.40
  62399.707     8.506     0.09    1.53
  62771.397     8.364    -0.38    1.75
  63143.048     8.264    -0.27    1.75
  63514.660     7.964    -0.81    1.58
  63886.233     7.964     0.00    1.54
  64257.768     7.946    -0.05    1.47
  64629.263     8.102     0.42    1.56
  65000.719     8.385     0.76    1.58
  65372.137     8.794     1.10    1.33
  65743.515     9.171     1.01    1.27
  66114.855     9.356     0.50    1.20
  66486.156     9.210    -0.40    1.23
  66857.417     9.033    -0.48    1.23
  67228.640     9.035     0.01    1.23
  67599.825     8.797    -0.64    1.19
  67970.970     8.794    -0.01    1.04
  68342.077     8.803     0.02    1.06
  68713.144     8.564    -0.64    1.06
  69084.173     8.274    -0.78    1.26
  69455.164     7.788    -1.31    1.65
  69826.115     7.421    -0.99    1.76
  70197.028     7.659     0.64    1.81
  70567.902     8.102     1.19    2.01
  70938.737     8.760     1.78    1.99
  71309.534     9.747     2.66    1.44
  71680.292     9.946     0.54    1.85
  72051.011     9.438    -1.37    2.52
  72421.692     8.964    -1.28    2.63
  72792.334     7.912    -2.84    2.45
  73162.937     7.182    -1.97    1.96
  73533.502     6.743    -1.18    1.60
  73904.028     5.964    -2.10    0.00
  74274.516     5.964     0.00    0.00
  74644.965     5.998     0.09    0.18
  75015.375     6.033     0.09    0.26
  75385.747     7.308     3.44    3.55
  75756.080    10.082     7.49    5.80
  76127.927    13.314     8.69    6.02
  76506.081    16.560     8.58    4.40
  76884.194    18.065     3.98    2.81
  77262.267    18.339     0.72    2.69
  77640.299    21.116     7.35    6.73
  78018.291    25.065    10.45   10.06
  78396.243    31.671    17.47   14.59
  78774.155    35.964    11.36   13.89
  79152.027    35.473    -1.30   13.32
  79529.858    34.472    -2.65   12.64
  79907.650    33.127    -3.56   15.00
  80285.401    31.880    -3.30   18.31
  80663.112    28.053   -10.13   17.64
  81040.783    23.981   -10.78   11.67
  81418.413    20.114   -10.24    3.11
  81796.004    20.981     2.30    2.98
  82173.554    21.675     1.84    2.59
  82551.065    21.167    -1.35    2.81
  82928.535    21.678     1.35    3.07
  83305.966    21.739     0.16    3.36
  83683.356    22.252     1.36    3.16
  84060.706    22.174    -0.21    3.18
  84438.016    21.227    -2.51    2.71
  84815.287    20.647    -1.54    2.02
  85192.517    20.374    -0.72    2.03
  85569.707    20.014    -0.96    1.98
  85946.858    19.981    -0.09    1.89
  86323.968    20.543     1.49    2.02
  86701.039    21.188     1.71    1.91
  87078.069    21.525     0.89    1.66
  87455.060    21.736     0.56    1.89
  87832.011    22.260     1.39    2.60
  88208.922    22.794     1.42    2.73
  88585.793    23.525     1.94    2.71
  88962.624    22.929    -1.58    3.07
  89339.416    21.015    -5.08    3.34
  89716.168    19.291    -4.58    3.35
  90092.879    18.274    -2.70    2.98
  90469.552    18.000    -0.73    2.88
  90846.184    18.016     0.04    2.70
  91222.777    18.204     0.50    2.52
  91599.329    18.080    -0.33    2.47
  91975.843    18.089     0.02    2.83
  92352.316    18.188     0.26    2.99
  92728.750    17.797    -1.04    3.09
  93105.144    17.892     0.25    2.85
  93481.498    18.811     2.44    2.70
  93857.813    20.112     3.46    2.05
  94234.088    19.981    -0.35    1.66
  94610.324    20.209     0.61    1.81
  94986.520    20.447     0.63    1.80
  95362.676    20.653     0.55    1.94
  95738.793    20.688     0.09    2.11
  96114.870    20.898     0.56    2.07
  96490.908    20.964     0.17    2.06
  96866.906    20.421    -1.44    1.71
  97242.865    20.001    -1.12    1.74
  97618.784    20.124     0.33    1.71
  97994.663    20.774     1.73    2.10
  98370.503    21.455     1.81    1.90
  98746.304    21.209    -0.65    3.15
  99122.065    20.291    -2.44    4.76
  99497.787    19.489    -2.13    5.64
  99873.469    18.660    -2.21    6.26
 100249.112    17.964    -1.85    6.46
 100624.716    16.709    -3.34    6.68
 101000.280    16.071    -1.70    6.92
 101375.805    15.671    -1.07    6.94
 101751.290    14.811    -2.29    6.73
 102126.737    15.578     2.04    7.25
 102502.143    15.636     0.16    7.27
 102877.511    16.387     2.00    7.58
 103252.839    15.928    -1.22    7.79
 103628.128    14.116    -4.83    7.54
 104003.378    12.821    -3.45    6.98
 104378.588    11.160    -4.43    5.50
 104753.759    11.808     1.73    5.77
 105128.891    11.981     0.46    5.27
 105503.984    10.678    -3.47    2.47
 105879.037    11.606     2.48    3.39
 106254.052    11.828     0.59    3.53
 106629.027    11.749    -0.21    3.72
 107003.963    11.336    -1.10    3.10
 107378.860    10.788    -1.46    2.71
 107753.717    10.736    -0.14    2.54
 108128.536    11.116     1.02    2.37
 108503.316    11.671     1.48    1.94
 108878.056    12.267     1.59    1.16
 109252.757    12.309     0.11    0.91
 109627.420    12.082    -0.61    0.93
 110002.043    12.017    -0.17    0.98
 110376.627    11.811    -0.55    1.14
 110751.172    11.929     0.31    1.16
 111125.679    11.929     0.00    1.13
 111500.146    12.048     0.32    1.10
 111874.574    12.205     0.42    0.92
 112248.963    12.034    -0.46    1.13
 112623.314    11.909    -0.33    1.13
 112997.625    11.843    -0.18    1.09
 113371.897    11.839    -0.01    1.18
 113746.131    11.964     0.33    1.13
 114120.326    11.981     0.05    1.05
 114494.482    12.244     0.70    1.06
 114868.598    12.395     0.40    1.04
 115242.677    12.517     0.33    1.06
 115616.716    12.841     0.87    1.04
 115990.716    12.767    -0.20    1.35
 116364.678    12.481    -0.77    1.65
 116738.601    12.501     0.05    1.77
 117112.485    12.564     0.17    1.76
 117486.330    12.517    -0.12    1.73
 117860.136    12.700     0.49    1.69
 118233.904    12.823     0.33    1.79
 118607.633    12.858     0.09    1.86
 118981.324    12.946     0.23    1.96
 119354.975    12.999     0.14    1.95
 119728.588    13.086     0.23    1.64
 120102.162    12.797    -0.77    1.72
 120475.698    13.014     0.58    1.80
 120849.195    13.055     0.11    1.82
 121222.653    13.332     0.74    1.77
 121596.073    13.876     1.46    1.64
 121969.454    13.946     0.19    1.14
 122342.797    13.595    -0.94    1.11
 122716.100    13.507    -0.23    1.20
 123089.366    13.297    -0.56    1.46
 123462.593    13.267    -0.08    1.44
 123835.781    13.540     0.73    1.37
 124208.931    13.731     0.51    1.01
 124582.042    13.602    -0.35    0.97
 124955.115    13.606     0.01    1.09
 125328.149    14.374     2.06    2.79
 125701.145    15.895     4.08    3.43
 126074.102    17.671     4.76    3.93
 126447.021    18.595     2.48    2.72
 126819.901    19.067     1.27    2.15
 127192.743    21.647     6.92    5.55
 127565.547    25.910    11.43    9.06
 127938.312    30.540    12.42   10.07
 128311.039    35.001    11.97    9.51
 128683.728    35.571     1.53    8.18
 129056.378    33.911    -4.45    7.99
 129428.990    31.602    -6.20    7.32
 129801.563    29.350    -6.04    6.12
 130174.098    28.395    -2.56    5.60
 130546.595    28.498     0.28    5.89
 130919.054    29.624     3.02    6.17
 131291.474    30.591     2.59    5.68
 131663.857    31.209     1.66    5.18
 132036.200    33.543     6.27    4.90
 132408.506    35.278     4.66    5.09
 132780.773    36.222     2.53    4.28
 133153.003    35.696    -1.41    4.56
 133525.194    33.726    -5.29    5.00
 133897.347    29.964   -10.11    4.51
 134269.461    27.946    -5.42    3.52
 134641.538    27.865    -0.22    3.39
 135013.576    29.714     4.97    4.70
 135385.577    32.826     8.36    4.53
 135757.539    35.741     7.84    3.28
 136129.463    37.535     4.82    2.43
 136501.349    37.869     0.90    2.18
 136873.197    38.230     0.97    2.00
 137245.007    38.700     1.26    2.25
 137616.779    39.788     2.93    2.57
 137988.513    41.084     3.49    2.67
 138360.208    42.560     3.97    2.50
 138731.866    43.893     3.59    1.95
 139103.486    44.665     2.08    1.81
 139475.068    44.606    -0.16    1.82
 139846.612    43.567    -2.80    2.59
 140218.118    41.574    -5.37    4.04
 140589.586    39.214    -6.35    3.94
 140961.016    37.201    -5.42    3.74
 141332.408    35.056    -5.77    3.68
 141703.762    32.356    -7.27    4.87
 142075.079    27.841   -12.16    6.32
 142446.357    23.688   -11.18    5.76
 142817.598    20.051    -9.79    3.79
 143188.801    18.688    -3.67    2.89
 143559.966    18.946     0.70    2.31
 143931.093    19.981     2.79    1.74
 144302.183    21.082     2.97    1.67
 144673.234    21.681     1.61    1.80
 145044.248    21.946     0.71    1.85
 145415.224    22.223     0.75    2.08
 145786.162    22.015    -0.56    1.76
 146157.063    21.642    -1.01    1.47
 146527.926    21.252    -1.05    1.31
 146898.751    20.339    -2.46    1.81
 147269.539    19.437    -2.43    2.00
 147640.288    19.119    -0.86    2.08
 148011.000    19.392     0.74    2.80
 148381.675    20.823     3.86    3.72
 148752.312    22.691     5.04    7.09
 149122.911    22.535    -0.42    7.90
 149493.473    20.598    -5.23    4.18
 149863.996    19.404    -3.22    2.06
 150234.483    18.691    -1.93    1.52
 150604.932    18.794     0.28    1.67
 150976.358    19.089     0.79    1.72
 151354.424    19.428     0.90    1.80
 151732.451    19.998     1.51    1.61
 152110.439    20.472     1.25    1.60
 152488.388    20.874     1.06    1.84
 152866.298    21.315     1.17    2.28
 153244.168    21.472     0.41    2.82
 153621.999    21.446    -0.07    2.73
 153999.791    20.964    -1.28    1.98
 154377.544    20.718    -0.65    1.44
 154755.258    20.909     0.51    1.21
 155132.932    21.404     1.31    1.22
 155510.568    22.020     1.63    1.23
 155888.164    22.490     1.24    1.04
 156265.721    22.891     1.06    0.96
 156643.240    23.314     1.12    1.33
 157020.719    23.262    -0.14    1.55
 157398.159    22.911    -0.93    1.87
 157775.560    22.350    -1.49    2.09
 158152.922    21.416    -2.47    1.66
 158530.245    21.218    -0.53    1.55
 158907.530    21.402     0.49    1.63
 159284.775    21.543     0.37    1.88
 159661.981    21.791     0.66    1.83
 160039.148    21.731    -0.16    1.99
 160416.276    21.481    -0.66    1.75
 160793.366    21.127    -0.94    1.42
 161170.416    21.550     1.12    1.41
 161547.428    21.908     0.95    1.22
 161924.401    22.099     0.51    1.20
 162301.334    22.314     0.57    1.13
 162678.229    22.683     0.98    1.33
 163055.086    22.964     0.74    1.21
 163431.903    22.981     0.05    1.24
 163808.682    23.133     0.40    1.50
 164185.421    23.252     0.32    1.43
 164562.122    23.446     0.51    1.66
 164938.784    23.051    -1.05    1.49
 165315.408    23.122     0.19    1.35
 165691.993    23.086    -0.09    1.15
 166068.539    23.472     1.02    1.17
 166445.046    23.981     1.35    1.26
 166821.514    24.815     2.22    1.31
 167197.944    25.743     2.46    1.89
 167574.336    27.285     4.10    2.14
 167950.688    28.648     3.62    1.93
 168327.002    29.912     3.36    1.52
 168703.277    30.964     2.79    1.50
 169079.514    31.823     2.28    1.47
 169455.712    32.600     2.06    1.13
 169831.871    33.171     1.52    1.18
 170207.992    33.593     1.12    1.17
 170584.075    33.947     0.94    1.01
 170960.118    34.160     0.57    0.82
 171336.124    34.472     0.83    0.91
 171712.090    34.718     0.65    0.97
 172088.019    34.964     0.65    1.44
 172463.908    35.116     0.41    1.49
 172839.760    35.271     0.41    1.53
 173215.572    35.578     0.82    1.44
 173591.347    35.630     0.14    1.04
 173967.083    35.718     0.23    1.15
 174342.780    35.718     0.00    1.12
 174718.439    35.613    -0.28    1.41
 175094.060    35.771     0.42    1.44
 175469.642    35.778     0.02    1.72
 175845.186    35.964     0.49    1.76
 176220.691    36.000     0.10    2.04
 176596.159    35.171    -2.21    2.52
 176971.587    34.356    -2.17    2.61
 177346.978    33.560    -2.12    2.22
 177722.330    33.429    -0.35    2.00
 178097.644    33.928     1.33    2.34
 178472.920    34.981     2.81    2.30
 178848.157    36.297     3.51    1.73
 179223.356    36.893     1.59    1.67
 179598.517    37.560     1.78    1.27
 179973.640    38.050     1.31    1.26
 180348.724    38.660     1.63    1.11
 180723.770    38.946     0.76    0.99
 181098.778    39.214     0.71    0.97
 181473.748    39.392     0.48    0.89
 181848.680    39.578     0.49    0.84
 182223.574    39.686     0.29    0.92
 182598.429    39.753     0.18    0.96
 182973.246    39.999     0.66    0.93
 183348.026    40.314     0.84    1.03
 183722.767    40.718     1.08    1.06
 184097.470    41.035     0.85    1.75
 184472.135    41.481     1.19    2.43
 184846.762    41.231    -0.67    3.31
 185221.350    39.523    -4.56    4.79
 185595.901    38.098    -3.80    4.72
 185970.414    39.231     3.03    6.11
 186344.889    41.696     6.58    6.77
 186719.326    45.964    11.40    5.46
 187093.725    48.543     6.89    3.04
 187468.086    49.490     2.53    3.38
 187842.409    49.525     0.09    3.30
 188216.694    48.767    -2.02    3.45
 188590.941    48.136    -1.69    3.63
 188965.150    47.723    -1.10    3.53
 189339.321    48.705     2.62    4.20
 189713.455    50.839     5.70    4.36
 190087.550    51.785     2.53    4.53
 190461.608    50.821    -2.58    5.40
 190835.628    47.613    -8.58    6.36
 191209.610    42.910   -12.57    6.28
 191583.554    39.019   -10.40    4.90
 191957.461    36.964    -5.50    2.78
 192331.329    36.196    -2.05    2.74
 192705.160    36.269     0.20    2.98
 193078.953    36.278     0.03    2.96
 193452.709    35.517    -2.04    2.32
 193826.426    35.174    -0.92    1.88
 194200.106    35.231     0.15    1.66
 194573.748    36.683     3.88    3.88
 194947.353    39.034     6.29    6.61
 195320.919    40.928     5.07    7.81
 195694.449    41.271     0.92    8.10
 196067.940    39.659    -4.32    7.71
 196441.394    36.613    -8.15    3.82
 196814.810    35.490    -3.01    1.68
 197188.189    35.410    -0.21    1.54
 197561.530    35.410     0.00    1.51
 197934.833    34.964    -1.20    1.34
 198308.099    34.999     0.10    1.33
 198681.327    35.267     0.72    1.45
 199054.518    35.309     0.11    1.38
 199427.671    35.410     0.27    1.17
 199800.786    35.564     0.41    0.85
 200173.865    35.705     0.38    0.81
 200546.905    36.142     1.17    0.92
 200919.908    36.297     0.41    1.02
 201292.874    36.525     0.61    1.05
 201665.802    36.981     1.22    1.26
 202038.693    37.437     1.22    2.01
 202411.546    38.267     2.23    3.19
 202784.362    38.481     0.57    2.57
 203157.140    38.156    -0.87    1.21
 203529.881    38.235     0.21    1.00
 203902.585    38.428     0.52    1.08
 204275.251    38.557     0.35    1.10
 204647.880    38.648     0.24    0.97
 205020.472    38.613    -0.09    0.86
 205393.026    38.858     0.66    1.01
 205765.543    38.928     0.19    1.17
 206138.023    39.356     1.15    1.17
 206510.465    39.891     1.43    1.21
 206882.870    40.332     1.18    1.08
 207255.238    40.656     0.87    1.23
 207627.568    41.343     1.84    1.45
 207999.861    42.303     2.58    1.73
 208372.117    42.858     1.49    1.87
 208744.336    43.749     2.39    1.77
 209116.518    44.499     2.01    1.63
 209488.662    44.826     0.88    1.38
 209860.770    45.124     0.80    1.55
 210232.840    45.535     1.10    1.63
 210604.873    45.818     0.76    1.54
 210976.868    46.267     1.21    1.52
 211348.827    46.630     0.98    1.50
 211720.749    47.050     1.13    1.60
 212092.633    47.714     1.78    1.86
 212464.480    48.192     1.29    1.76
 212836.291    48.525     0.90    1.54
 213208.064    49.122     1.60    1.57
 213579.800    50.402     3.44    2.27
 213951.499    51.124     1.94    2.23
 214323.161    52.196     2.88    2.38
 214694.786    52.624     1.15    2.11
 215066.374    52.700     0.21    1.96
 215437.925    52.678    -0.06    1.72
 215809.439    53.065     1.04    1.45
 216180.917    53.408     0.92    1.42
 216552.357    54.446     2.79    2.45
 216923.760    56.016     4.23    3.45
 217295.126    58.244     6.00    4.18
 217666.456    59.876     4.39    3.55
 218037.748    60.736     2.31    2.91
 218409.004    59.767    -2.61    2.99
 218780.223    58.482    -3.46    2.96
 219151.405    57.472    -2.72    2.54
 219522.550    56.606    -2.33    2.34
 219893.658    56.286    -0.86    2.18
 220264.729    56.247    -0.11    1.97
 220635.764    57.874     4.39    3.36
 221006.762    61.999    11.12    5.72
 221377.723    67.104    13.76    7.64
 221748.647    74.678    20.41    8.76
 222119.534    79.700    13.54    6.90
 222490.385    80.858     3.12    7.20
 222861.199    76.303   -12.28   11.63
 223231.976    68.757   -20.35   12.32
 223602.717    62.578   -16.66    8.53
 223973.421    58.595   -10.74    2.53
 224344.088    58.117    -1.29    1.14
 224714.718    58.303     0.50    1.15
 225085.312    58.454     0.41    1.09
 225455.869    58.648     0.52    1.18
 225826.946    59.000     0.95    1.54
 226204.930    59.910     2.41    2.16
 226582.876    60.262     0.93    1.93
 226960.784    61.053     2.09    2.37
 227338.654    63.946     7.65    5.05
 227716.485    67.019     8.13    6.21
 228094.278    72.033    13.27    6.63
 228472.033    75.964    10.40    6.66
 228849.750    77.017     2.79    8.10
 229227.429    74.964    -5.44   10.27
 229605.070    73.297    -4.41   10.79
 229982.672    69.231   -10.76    8.35
 230360.237    66.888    -6.20    6.08
 230737.763    65.998    -2.36    4.00
 231115.251    66.855     2.27    3.99
 231492.701    68.911     5.45    5.26
 231870.113    72.911    10.60    7.83
 232247.488    76.035     8.28    8.77
 232624.824    79.171     8.31    9.79
 233002.122    81.038     4.95   10.34
 233379.382    81.964     2.45   10.70
 233756.604    82.392     1.14   10.27
 234133.788    82.660     0.71    9.93
 234510.934    83.350     1.83    9.37
 234888.043    84.667     3.49    9.71
 235265.113    85.356     1.83    8.93
 235642.145    87.315     5.19    8.93
 236019.140    88.437     2.98    8.36
 236396.096    89.964     4.05    7.93
 236773.015    92.267     6.11    8.57
 237149.896    93.543     3.38    8.33
 237526.739    94.472     2.47    7.37
 237903.544    96.297     4.84    6.33
 238280.312    99.836     9.39    7.31
 238657.041   104.630    12.72    8.62
 239033.733   109.834    13.81    8.75
 239410.387   114.910    13.47    8.11
 239787.003   119.214    11.42    8.58
 240163.581   121.785     6.83    9.09
 240540.122   122.642     2.28   12.30
 240916.625   122.036    -1.61   15.58
 241293.090   118.589    -9.16   16.49
 241669.518   114.020   -12.13   14.58
 242045.908   109.718   -11.43    8.26
 242422.260   108.681    -2.76    3.38
 242798.575   109.339     1.75    3.31
