-259509.632   457.169     0.00   36.54
-259138.614   464.640    20.13   28.69
-258767.558   473.788    24.65   23.10
-258396.463   481.999    22.12   17.99
-258025.331   486.464    12.03   17.84
-257654.160   490.538    10.97   20.56
-257282.952   494.400    10.40   22.76
-256911.705   497.934     9.52   21.92
-256540.420   502.227    11.56   14.39
-256169.097   503.642     3.81   12.43
-255797.736   503.290    -0.95   10.85
-255426.337   503.995     1.90   10.77
-255054.900   509.729    15.43   12.85
-254683.425   516.681    18.71   12.21
-254311.911   523.089    17.25   10.27
-253940.359   527.168    10.97    9.78
-253568.769   528.890     4.63    9.74
-253197.141   530.940     5.51    8.45
-252825.475   531.799     2.31    8.08
-252453.770   533.348     4.16    8.54
-252082.028   536.196     7.66   10.37
-251710.246   540.870    12.57   10.83
-251338.427   542.134     3.40   10.97
-250966.569   542.003    -0.35    9.25
-250594.673   539.243    -7.42    7.53
-250222.739   533.754   -14.75    9.83
-249850.767   523.660   -27.13   15.34
-249478.756   512.835   -29.09   16.15
-249106.706   509.624    -8.63   13.70
-248734.619   514.642    13.48   15.50
-248362.493   525.782    29.93   14.74
-247990.328   534.238    22.72   10.16
-247618.125   538.063    10.27    7.56
-247245.884   537.642    -1.13    8.19
-246873.604   530.723   -18.58   12.62
-246501.286   521.988   -23.45   16.22
-246128.929   507.308   -39.41   21.63
-245756.534   498.734   -23.02   18.12
-245384.101   502.852    11.06   21.21
-245011.629   514.589    31.50   25.44
-244639.118   532.290    47.51   22.61
-244266.569   549.519    46.23   12.25
-243893.981   558.238    23.40   10.81
-243521.355   562.934    12.60    9.41
-243148.690   563.922     2.65    8.74
-242775.986   559.844   -10.94   10.44
-242403.244   552.144   -20.65   10.05
-242030.464   546.133   -16.12    9.77
-241657.645   541.255   -13.08    9.86
-241284.787   536.657   -12.33   12.81
-240911.890   531.428   -14.02   14.86
-240538.955   523.848   -20.32   19.45
-240165.981   514.657   -24.64   22.00
-239792.968   512.946    -4.59   17.73
-239419.917   515.175     5.98   15.34
-239046.827   523.879    23.32   13.57
-238673.698   534.449    28.32   11.83
-238300.531   542.940    22.75   14.36
-237927.324   553.403    28.03   15.55
-237554.079   563.428    26.85   11.80
-237180.795   565.693     6.07    9.26
-236807.473   564.742    -2.55    7.68
-236434.111   561.348    -9.09    6.65
-236060.711   556.469   -13.06    6.45
-235687.272   552.469   -10.71    6.94
-235313.794   548.053   -11.82    6.32
-234940.277   543.532   -12.10    5.67
-234566.721   539.386   -11.10    9.80
-234193.126   535.767    -9.68   14.12
-233819.493   532.457    -8.86   26.42
-233445.820   533.098     1.72   41.11
-233072.109   542.296    24.61   44.12
-232698.358   554.744    33.30   50.61
-232324.569   567.607    34.40   52.05
-231950.741   558.946   -23.16   62.41
-231576.873   521.916   -99.02   99.81
-231202.967   460.623  -163.89  117.85
-230829.022   408.357  -139.74  114.19
-230455.037   365.301  -115.10   98.80
-230081.014   339.992   -67.65   81.96
-229706.951   356.940    45.30   96.57
-229332.849   388.945    85.53   94.99
-228958.709   425.538    97.78   67.85
-228584.529   461.249    95.42   53.14
-228210.310   468.588    19.61   59.16
-227836.052   497.200    76.43   38.45
-227461.754   516.892    52.60    8.04
-227087.418   517.657     2.04    7.01
-226713.042   513.905   -10.02   10.08
-226338.628   509.659   -11.34   11.35
-225964.174   506.725    -7.83   11.73
-225589.680   501.986   -12.65   12.46
-225215.148   495.747   -16.65   19.25
-224840.576   484.124   -31.02   31.66
-224465.965   452.505   -84.39   58.78
-224091.315   394.803  -153.98   94.06
-223716.625   319.301  -201.46  112.04
-223341.897   272.168  -125.75   82.08
-222967.128   281.747    25.55   89.08
-222592.321   330.996   131.37  108.18
-222217.474   394.796   170.16   78.37
-221842.588   418.343    62.80   53.46
-221467.662   382.225   -96.31   82.65
-221092.697   306.115  -202.93  112.96
-220717.693   218.392  -233.87   96.77
-220342.649   154.488  -170.35   60.92
-219967.566   118.694   -95.41   18.89
-219592.443   132.396    36.52   46.60
-219217.281   177.979   121.48   83.60
-218842.080   238.038   160.03   99.30
-218466.839   311.238   195.03   81.58
-218091.558   365.007   143.24   67.02
-217716.238   419.454   145.04   77.66
-217340.878   479.821   160.79   83.94
-216965.479   517.674   100.81   71.64
-216590.040   524.934    19.33   64.01
-216214.562   510.659   -38.01   61.61
-215839.044   482.793   -74.19   53.50
-215463.487   468.451   -38.18   52.91
-215087.890   434.874   -89.38   71.14
-214712.253   376.088  -156.46   81.54
-214336.577   316.081  -159.70   88.28
-213960.861   246.519  -185.11   62.79
-213585.105   213.180   -88.70   43.94
-213209.310   195.486   -47.08   23.93
-212833.475   199.848    11.60   21.42
-212457.600   220.064    53.77   29.51
-212081.685   249.003    76.97   39.56
-211705.731   284.517    94.44   45.81
-211329.737   327.718   114.87   51.35
-210953.703   377.590   132.60   60.24
-210577.630   414.910    99.22   58.66
-210201.516   452.895   100.97   75.98
-209825.363   483.313    80.85   97.10
-209449.170   525.028   110.86  104.44
-209072.937   589.040   170.10   81.05
-208696.665   618.339    77.85   71.92
-208320.352   641.227    60.81   57.67
-207944.000   657.607    43.51   41.56
-207567.607   666.284    23.05   39.08
-207191.175   667.499     3.23   41.61
-206814.703   649.386   -48.10   68.06
-206438.191   643.038   -16.86   72.63
-206061.639   656.339    35.32   70.48
-205685.046   678.030    57.59   63.52
-205308.414   716.421   101.91   34.77
-204931.742   725.982    25.38   34.58
-204555.030   708.262   -47.03   70.66
-204178.278   667.013  -109.46  104.87
-203801.486   598.572  -181.60  121.93
-203424.654   522.335  -202.27  120.57
-203047.782   447.173  -199.40   93.06
-202670.869   411.249   -95.29   56.45
-202293.917   418.878    20.23   56.83
-201916.924   467.079   127.83   75.88
-201539.892   530.554   168.32   84.98
-201162.819   570.348   105.51   82.02
-200785.706   590.098    52.36   78.05
-200408.553   559.466   -81.20   91.58
-200031.359   493.499  -174.85   69.80
-199654.126   452.149  -109.59   55.64
-199276.852   436.839   -40.57   39.18
-198899.538   431.064   -15.30   36.81
-198522.184   445.844    39.16   43.10
-198144.789   470.038    64.09   48.49
-197767.354   505.348    93.53   67.12
-197389.879   545.321   105.87   80.98
-197012.364   588.185   113.52   83.35
-196634.808   630.035   110.82   74.52
-196257.212   672.940   113.60   84.48
-195879.576   744.553   189.60   91.64
-195501.899   792.882   127.94   89.03
-195124.182   836.115   114.43   61.60
-194746.424   849.747    36.08   41.91
-194368.626   845.793   -10.46   42.68
-193990.788   832.347   -35.58   44.80
-193612.909   840.503    21.58   45.97
-193234.990   854.017    35.75   40.27
-192857.030   859.707    15.05   29.41
-192479.030   833.729   -68.71   54.74
-192100.990   795.464  -101.20   63.48
-191722.908   764.721   -81.30   66.82
-191349.450   755.043   -25.91   69.12
-190979.232   766.045    29.71   64.47
-190608.974   772.218    16.67   53.74
-190238.678   730.279  -113.24   67.43
-189868.343   679.221  -137.84   73.84
-189497.970   643.525   -96.36   58.37
-189127.557   619.484   -64.89   50.36
-188757.106   607.168   -33.24   50.10
-188386.616   581.098   -70.35   65.96
-188016.087   554.589   -71.53   69.41
-187645.520   509.729  -121.03   56.90
-187274.913   472.992   -99.11   45.81
-186904.268   444.742   -76.21   34.70
-186533.584   424.043   -55.83   15.22
-186162.860   424.885     2.27   22.52
-185792.098   442.410    47.26   43.09
-185421.297   482.975   109.38   64.03
-185050.458   529.261   124.79   64.75
-184679.579   551.227    59.22   63.04
-184308.661   566.535    41.26   59.73
-183937.704   583.823    46.60   62.59
-183566.708   616.796    88.86   79.33
-183195.674   660.313   117.26   85.74
-182824.600   713.623   143.64   81.12
-182453.487   767.348   144.74   80.76
-182082.335   807.946   109.36   78.90
-181711.144   835.255    73.56   69.79
-181339.914   865.912    82.57   62.51
-180968.645   891.857    69.87   66.61
-180597.337   933.234   111.42   67.68
-180225.990   983.519   135.39   72.61
-179854.603  1022.203   104.14   67.61
-179483.178  1025.064     7.70   69.11
-179111.713   990.335   -93.47  102.71
-178740.209   914.262  -204.74  127.31
-178368.666   829.657  -227.67  110.61
-177997.084   744.885  -228.10   79.00
-177625.462   694.378  -135.88   63.48
-177253.802   660.807   -90.31   63.20
-176882.102   616.699  -118.64   56.32
-176510.362   579.308  -100.57   52.96
-176138.584   552.922   -70.96   50.24
-175766.766   533.787   -51.46   46.56
-175394.909   517.343   -44.21   38.52
-175023.013   510.624   -18.07   42.58
-174651.077   505.882   -12.75   47.87
-174279.102   497.957   -21.30   51.42
-173907.088   490.486   -20.08   54.73
-173535.034   489.238    -3.35   62.64
-173162.941   489.522     0.76   65.67
-172790.809   484.916   -12.38   67.45
-172418.637   469.492   -41.44   63.50
-172046.425   449.770   -52.98   57.74
-171674.175   427.279   -60.41   46.26
-171301.884   412.249   -40.36   20.77
-170929.555   421.141    23.88   30.26
-170557.185   455.291    91.69   52.69
-170184.777   488.539    89.26   53.91
-169812.329   521.089    87.38   48.59
-169439.841   548.678    74.05   41.62
-169067.314   561.688    34.92   44.46
-168694.747   577.749    43.10   47.78
-168322.141   599.313    57.86   42.12
-167949.495   608.532    24.74   37.24
-167576.809   608.640     0.29   41.76
-167204.084   604.089   -12.21   46.37
-166831.319   578.878   -67.62   49.15
-166458.515   547.590   -83.91   59.69
-166085.671   534.279   -35.69   53.25
-165712.787   526.986   -19.56   42.95
-165339.864   541.318    38.43   51.82
-164966.901   578.519    99.73   61.66
-164593.898   624.693   123.77   60.15
-164220.856   668.639   117.79   58.87
-163847.774   672.749    11.01   61.88
-163474.652   685.352    33.77   61.29
-163101.490   683.361    -5.34   68.67
-162728.288   673.677   -25.94   69.08
-162355.047   685.571    31.86   68.60
-161981.766   675.262   -27.61   58.62
-161608.445   652.744   -60.31   59.76
-161235.084   629.905   -61.16   61.43
-160861.684   611.738   -48.65   46.01
-160488.243   621.716    26.71   58.01
-160114.763   642.124    54.63   66.11
-159741.243   648.934    18.23   70.32
-159367.683   652.810    10.37   63.65
-158994.083   647.196   -15.02   52.61
-158620.443   651.190    10.69   49.49
-158246.763   646.400   -12.82   49.59
-157873.043   635.732   -28.54   44.47
-157499.283   613.525   -59.41   48.71
-157125.483   594.975   -49.62   47.16
-156751.643   590.055   -13.16   52.70
-156377.763   590.607     1.48   60.37
-156003.843   591.640     2.76   64.49
-155629.883   592.285     1.72   58.46
-155255.883   588.158   -11.03   52.93
-154881.843   592.691    12.12   55.83
-154507.763   610.193    46.78   56.71
-154133.642   640.193    80.18   73.30
-153759.482   669.767    79.03   78.92
-153385.281   697.727    74.71   68.60
-153011.041   720.446    60.70   59.30
-152636.760   729.721    24.78   58.92
-152262.438   735.887    16.47   52.49
-151888.077   735.917     0.08   56.36
-151513.676   729.887   -16.10   58.39
-151139.234   733.831    10.53   68.42
-150764.752   770.607    98.19   70.59
-150390.230   786.028    41.17   71.78
-150015.667   820.691    92.53   72.64
-149641.064   845.178    65.36   64.75
-149266.421   866.066    55.74   62.51
-148891.738   871.296    13.96   58.71
-148517.014   855.308   -42.66   61.02
-148142.250   854.573    -1.96   52.12
-147767.446   856.040     3.91   44.55
-147392.601   872.589    44.14   51.83
-147017.716   883.522    29.16   54.79
-146642.790   862.361   -56.43   67.34
-146267.824   824.410  -101.20   84.36
-145892.818   779.064  -120.90   76.64
-145517.771   741.079  -101.27   73.34
-145142.684   715.835   -67.29   65.95
-144767.556   699.369   -43.89   64.29
-144392.388   676.573   -60.75   64.13
-144017.179   649.975   -70.88   80.27
-143641.929   611.020  -103.80   79.95
-143266.640   575.967   -93.39   70.54
-142891.309   558.043   -47.75   65.07
-142515.938   539.793   -48.61   63.88
-142140.527   523.697   -42.87   57.25
-141765.075   512.348   -30.22   54.81
-141389.582   503.835   -22.67   57.64
-141014.049   499.335   -11.98   59.87
-140638.475   490.193   -24.34   59.02
-140262.860   480.484   -25.84   59.11
-139887.205   482.723     5.96   67.17
-139511.509   480.964    -4.68   67.99
-139135.772   483.870     7.73   62.95
-138759.995   472.572   -30.06   58.13
-138384.176   456.273   -43.36   55.99
-138008.318   441.262   -39.93   56.51
-137632.418   417.352   -63.60   48.09
-137256.478   401.213   -42.92   44.81
-136880.496   389.589   -30.91   39.95
-136504.474   379.081   -27.94   33.91
-136128.412   369.107   -26.52   31.64
-135752.308   356.810   -32.69   26.15
-135376.164   344.813   -31.89   16.82
-134999.978   335.754   -24.08    9.79
-134623.752   332.262    -9.28   10.49
-134247.485   353.361    56.07   48.30
-133871.177   392.705   104.54   67.98
-133494.828   438.519   121.72   72.16
-133118.438   476.848   101.82   61.77
-132742.008   508.767    84.78   60.73
-132365.536   540.279    83.69   60.13
-131989.023   560.313    53.20   65.39
-131612.469   555.318   -13.26   79.19
-131235.875   533.157   -58.84   87.82
-130859.239   511.624   -57.16   85.83
-130482.562   481.861   -79.00   78.06
-130105.844   472.921   -23.73   68.61
-129729.086   481.133    21.79   72.05
-129352.286   489.284    21.63   77.74
-128975.444   503.197    36.91   88.70
-128598.562   514.817    30.83   99.31
-128221.639   518.284     9.20   98.19
-127844.674   520.410     5.64   83.39
-127467.669   519.291    -2.97   51.69
-127090.622   524.556    13.96   39.68
-126713.534   551.352    71.05   51.75
-126336.405   582.762    83.28   50.30
-125959.234   615.934    87.94   49.99
-125582.023   642.539    70.52   57.21
-125204.770   687.279   118.58   71.48
-124827.476   726.469   103.86   87.11
-124450.140   752.742    69.62   92.78
-124072.764   779.999    72.22   93.35
-123695.345   811.308    82.95   98.07
-123317.886   846.064    92.07  107.13
-122940.385   875.403    77.71   95.85
-122562.843   862.975   -32.91   71.33
-122185.260   843.420   -51.78   55.11
-121807.635   817.426   -68.83   43.92
-121429.969   805.482   -31.62   51.36
-121052.261   825.505    53.01   81.00
-120674.512   848.256    60.22   96.83
-120296.722   856.313    21.33   92.77
-119918.890   853.348    -7.85   83.03
-119541.016   822.132   -82.60   77.80
-119163.101   774.040  -127.24   75.46
-118785.145   744.142   -79.09   61.50
-118407.147   736.307   -20.73   46.26
-118029.107   751.064    39.03   50.99
-117651.026   775.107    63.58   47.52
-117272.903   796.725    57.17   32.29
-116894.739   812.674    42.17   33.12
-116520.308   835.799    61.75   44.10
-116150.209   855.658    53.65   60.69
-115780.070   885.688    81.12   71.28
-115409.892   907.071    57.76   74.75
-115039.674   917.390    27.87   76.74
-114669.416   926.934    25.77   70.88
-114299.118   960.284    90.05   87.61
-113928.781  1016.256   151.12  130.75
-113558.404  1094.787   212.01  152.64
-113187.987  1176.640   220.95  132.64
-112817.530  1232.020   149.47  117.13
-112447.034  1265.673    90.82  129.43
-112076.497  1279.335    36.87  150.59
-111705.921  1269.382   -26.86  154.54
-111335.305  1280.813    30.84  144.59
-110964.649  1300.426    52.91  128.56
-110593.953  1309.535    24.57  111.15
-110223.217  1324.573    40.56  103.77
-109852.441  1290.477   -91.95  115.61
-109481.625  1231.420  -159.24  112.52
-109110.769  1182.141  -132.86   97.68
-108739.874  1155.252   -72.49   64.89
-108368.938  1133.539   -58.53   68.00
-107997.962  1106.331   -73.33   81.29
-107626.946  1078.607   -74.72   85.20
-107255.891  1046.945   -85.32   80.28
-106884.795  1044.831    -5.70   81.91
-106513.659  1069.115    65.43  100.17
-106142.483  1103.918    93.75  121.56
-105771.267  1116.273    33.28  118.14
-105400.010  1091.132   -67.71  114.42
-105028.714  1103.051    32.10  104.94
-104657.378  1120.098    45.90  115.91
-104286.001  1151.115    83.51  126.40
-103914.584  1181.721    82.40  120.69
-103543.127  1170.979   -28.92  109.90
-103171.630  1171.451     1.27   96.97
-102800.093  1190.857    52.22   99.72
-102428.515  1208.793    48.27   91.66
-102056.897  1209.141     0.94   85.86
-101685.239  1200.895   -22.19   90.39
-101313.541  1180.033   -56.12  110.23
-100941.802  1157.071   -61.76  122.15
-100570.023  1152.030   -13.56  122.24
-100198.204  1142.366   -25.99  125.30
 -99826.344  1141.945    -1.13  119.64
 -99454.444  1117.030   -66.99  125.12
 -99082.504  1083.638   -89.77  127.45
 -98710.523  1041.929  -112.12  120.52
 -98338.502   985.437  -151.84   98.99
 -97966.441   937.147  -129.78   82.20
 -97594.339   914.301   -61.39   78.05
 -97222.196   910.185   -11.06   81.90
 -96850.014   926.813    44.67  105.77
 -96477.790   949.410    60.70  104.76
 -96105.527   949.999     1.58   96.41
 -95733.222   906.098  -117.91   98.56
 -95360.878   839.999  -177.50   91.16
 -94988.492   773.519  -178.51   89.91
 -94616.067   708.407  -174.82   84.07
 -94243.600   668.397  -107.41   74.85
 -93871.093   640.115   -75.92   61.22
 -93498.546   625.762   -38.52   62.29
 -93125.958   634.781    24.21   70.19
 -92753.329   649.115    38.46   67.66
 -92380.660   694.451   121.64   82.97
 -92007.950   741.534   126.31   63.36
 -91635.199   740.386    -3.08   67.37
 -91262.408   713.482   -72.16   79.08
 -90889.576   659.098  -145.85   66.08
 -90516.703   606.640  -140.67   48.83
 -90143.790   576.917   -79.70   49.49
 -89770.836   565.607   -30.32   46.41
 -89397.841   574.723    24.44   58.21
 -89024.806   602.313    73.95   63.37
 -88651.729   633.572    83.78   46.42
 -88278.612   628.131   -14.58   51.08
 -87905.454   585.168  -115.12   65.78
 -87532.255   548.072   -99.39   52.04
 -87159.016   532.821   -40.86   50.77
 -86785.735   546.443    36.49   66.44
 -86412.414   554.071    20.43   69.44
 -86039.052   536.488   -47.09   74.31
 -85665.649   505.640   -82.61   68.83
 -85292.205   473.747   -85.40   36.97
 -84918.720   463.417   -27.66   27.02
 -84545.194   483.861    54.73   60.86
 -84171.627   514.040    80.78   75.35
 -83798.019   555.535   111.06   89.61
 -83424.370   597.164   111.40   93.38
 -83050.681   627.607    81.46   76.42
 -82676.950   637.486    26.43   71.58
 -82303.178   607.691   -79.71   88.15
 -81929.365   558.040  -132.81   93.31
 -81555.511   516.589  -110.86   59.92
 -81181.616   504.640   -31.96   52.49
 -80807.680   529.736    67.11   74.42
 -80433.703   561.028    83.67   72.88
 -80059.685   583.007    58.76   67.81
 -79685.625   617.218    91.45   58.89
 -79311.525   647.240    80.25   62.93
 -78937.383   665.431    48.62   56.98
 -78563.200   687.328    58.51   56.36
 -78188.976   710.945    63.11   53.54
 -77814.711   722.469    30.79   46.23
 -77440.404   709.257   -35.29   51.72
 -77066.056   682.382   -71.78   55.49
 -76691.667   645.420   -98.72   41.78
 -76317.237   621.693   -63.36   34.43
 -75942.765   609.115   -33.59   35.81
 -75568.253   587.725   -57.11   31.45
 -75193.698   569.469   -48.74   29.93
 -74819.103   551.352   -48.36   23.78
 -74444.466   541.507   -26.28   21.32
 -74069.788   539.675    -4.89   24.94
 -73695.068   534.251   -14.48   31.05
 -73320.307   528.229   -16.07   35.45
 -72945.505   516.178   -32.15   34.43
 -72570.661   502.844   -35.57   31.59
 -72195.775   488.053   -39.45   34.68
 -71820.849   469.969   -48.23   33.15
 -71445.880   457.023   -34.52   31.09
 -71070.871   444.869   -32.41   23.70
 -70695.820   436.844   -21.40   16.46
 -70320.727   434.273    -6.85    8.67
 -69945.593   441.316    18.77   13.77
 -69570.417   454.517    35.18   20.44
 -69195.199   471.986    46.55   25.70
 -68819.941   488.848    44.93   25.32
 -68444.640   495.977    19.00   21.24
 -68069.298   495.657    -0.85   19.71
 -67693.914   487.132   -22.71   15.57
 -67318.489   478.461   -23.09   10.03
 -66943.022   473.047   -14.42    7.34
 -66567.513   468.268   -12.73    7.05
 -66191.963   464.461   -10.14    5.91
 -65816.371   460.707   -10.00    6.36
 -65440.737   456.744   -10.55    7.48
 -65065.061   454.147    -6.91    7.50
 -64689.344   451.996    -5.73    6.12
 -64313.585   455.657     9.74   16.84
 -63937.784   471.945    43.34   34.08
 -63561.941   494.641    60.38   42.69
 -63186.057   522.923    75.24   45.72
 -62810.131   547.744    66.02   32.29
 -62434.163   560.328    33.47   27.46
 -62058.153   572.912    33.46   31.73
 -61682.101   584.607    31.10   32.73
 -61306.007   572.251   -32.85   48.02
 -60929.872   542.962   -77.86   65.00
 -60553.694   508.318   -92.09   56.03
 -60177.475   482.556   -68.47   27.45
 -59801.213   487.902    14.21   23.68
 -59424.910   508.244    54.06   32.45
 -59048.565   528.708    54.37   36.97
 -58672.177   534.945    16.57   38.24
 -58295.748   521.708   -35.16   42.82
 -57919.277   501.434   -53.85   40.09
 -57542.763   482.725   -49.69   23.72
 -57166.208   472.477   -27.21   13.70
 -56789.610   467.964   -11.99    5.63
 -56412.971   468.725     2.02    2.94
 -56036.289   471.061     6.20    4.06
 -55659.565   476.641    14.81   10.03
 -55282.799   487.386    28.52   20.18
 -54905.991   502.705    40.65   29.66
 -54529.141   516.454    36.48   29.65
 -54152.248   532.727    43.18   26.99
 -53775.313   551.107    48.76   27.19
 -53398.336   568.249    45.47   24.75
 -53021.317   572.369    10.93   23.36
 -52644.256   570.793    -4.18   23.66
 -52267.152   569.876    -2.43   22.23
 -51890.006   579.776    26.25   30.16
 -51512.818   614.251    91.39   56.44
 -51135.588   651.881    99.75   53.52
 -50758.315   671.922    53.12   39.49
 -50381.000   674.296     6.29   35.14
 -50003.642   668.555   -15.21   31.93
 -49626.242   684.510    42.27   39.70
 -49248.800   707.284    60.34   44.63
 -48871.315   726.229    50.18   51.25
 -48493.788   746.432    53.51   59.25
 -48116.219   766.590    53.39   60.51
 -47738.607   788.523    58.08   56.08
 -47360.952   783.716   -12.73   66.63
 -46983.255   760.098   -62.53   78.41
 -46605.516   745.267   -39.26   69.70
 -46227.734   746.640     3.63   59.52
 -45849.909   777.107    80.63   64.62
 -45472.042   801.434    64.38   58.37
 -45094.133   794.940   -17.18   65.64
 -44716.180   792.218    -7.20   66.68
 -44338.186   790.807    -3.73   57.16
 -43960.148   806.969    42.75   55.39
 -43582.068   838.752    84.06   47.68
 -43203.945   865.173    69.87   38.93
 -42825.780   868.053     7.61   38.72
 -42447.572   847.459   -54.45   53.45
 -42069.321   812.552   -92.28   54.31
 -41693.795   762.107  -134.33   55.96
 -41323.819   735.969   -70.64   47.42
 -40953.803   724.016   -32.30   36.64
 -40583.747   736.674    34.20   40.87
 -40213.649   770.895    92.46   43.94
 -39843.511   791.912    56.78   40.48
 -39473.332   800.000    21.85   39.35
 -39103.112   819.912    53.78   39.06
 -38732.851   841.390    58.01   51.00
 -38362.550   871.892    82.37   54.38
 -37992.208   911.793   107.74   51.03
 -37621.825   949.020   100.51   53.60
 -37251.401   987.714   104.45   53.23
 -36880.936  1028.459   109.98   56.25
 -36510.430  1053.321    67.10   44.94
 -36139.883  1060.377    19.04   47.18
 -35769.296  1054.334   -16.31   59.30
 -35398.667  1041.200   -35.44   58.67
 -35027.998  1026.030   -40.92   69.39
 -34657.288  1019.305   -18.14   72.30
 -34286.536  1016.857    -6.60   72.69
 -33915.744  1038.979    59.66   75.41
 -33544.910  1113.140   199.98  105.54
 -33174.036  1160.590   127.94   99.62
 -32803.120  1156.158   -11.95  110.33
 -32432.164  1093.640  -168.53  146.88
 -32061.166   975.219  -319.19  139.54
 -31690.128   875.098  -269.83   95.04
 -31319.048   822.390  -142.04   75.72
 -30947.927   800.477   -59.04   78.79
 -30576.765   847.328   126.22  120.85
 -30205.562   888.693   111.43  118.27
 -29834.318   899.865    30.09  113.10
 -29463.032   898.674    -3.21  105.84
 -29091.705   867.064   -85.13   93.05
 -28720.337   831.836   -94.86   82.94
 -28348.928   805.328   -71.37   73.95
 -27977.478   754.522  -136.77   74.98
 -27605.986   709.279  -121.78   72.02
 -27234.453   665.542  -117.72   74.65
 -26862.879   633.365   -86.59   83.48
 -26491.264   598.340   -94.25   92.16
 -26119.607   536.934  -165.22   81.23
 -25747.909   503.213   -90.72   71.29
 -25376.169   482.969   -54.46   60.44
 -25004.388   465.865   -46.00   55.98
 -24632.566   452.742   -35.29   52.67
 -24260.703   444.523   -22.10   51.46
 -23888.798   429.331   -40.85   53.60
 -23516.851   431.539     5.94   60.45
 -23144.863   422.607   -24.01   61.12
 -22772.834   403.503   -51.35   50.94
 -22400.763   390.057   -36.14   46.56
 -22028.651   379.982   -27.07   48.74
 -21656.497   364.073   -42.75   41.03
 -21284.302   347.642   -44.15   29.09
 -20912.065   339.820   -21.01   28.49
 -20539.787   335.742   -10.95   30.81
 -20167.467   337.742     5.37   42.26
 -19795.105   345.140    19.87   51.09
 -19422.702   344.885    -0.68   55.57
 -19050.258   345.790     2.43   53.05
 -18677.771   348.945     8.47   52.05
 -18305.243   372.590    63.47   72.53
 -17932.674   407.454    93.57   74.41
 -17560.063   431.200    63.73   64.53
 -17187.410   434.712     9.42   53.94
 -16814.715   413.508   -56.89   43.90
 -16441.979   394.793   -50.21   37.29
 -16069.201   395.861     2.86   35.12
 -15696.381   414.742    50.64   39.43
 -15323.519   432.157    46.70   33.83
 -14950.616   436.810    12.48   30.89
 -14577.671   421.217   -41.81   44.33
 -14204.684   380.591  -108.92   56.54
 -13831.655   338.505  -112.82   56.19
 -13458.584   292.257  -123.96   55.33
 -13085.472   250.588  -111.68   45.70
 -12712.317   215.962   -92.79   38.37
 -12339.121   189.063   -72.08   22.19
 -11965.883   173.574   -41.50   13.91
 -11592.603   165.132   -22.62    5.86
 -11219.281   172.030    18.48   20.54
 -10845.917   207.525    95.07   62.55
 -10472.511   251.525   117.83   72.89
 -10099.063   292.234   109.01   55.06
  -9725.573   301.262    24.17   47.46
  -9352.041   272.913   -75.89   62.77
  -8978.467   230.887  -112.50   61.05
  -8604.851   191.623  -105.09   43.30
  -8231.193   169.744   -58.55   27.71
  -7857.493   159.381   -27.73   25.37
  -7483.751   153.691   -15.22   25.18
  -7109.967   141.420   -32.83   31.38
  -6736.140   118.803   -60.50   35.86
  -6362.272    95.420   -62.54   35.04
  -5988.361    71.556   -63.82   25.26
  -5614.408    61.861   -25.93   21.38
  -5240.413    66.082    11.29   33.03
  -4866.376    73.486    19.79   44.86
  -4492.296    80.157    17.83   41.65
  -4118.175    75.642   -12.07   33.17
  -3744.011    65.541   -27.00   18.57
  -3369.805    59.744   -15.49   16.37
  -2995.556    52.573   -19.16   16.60
  -2621.265    45.026   -20.16   15.06
  -2246.932    38.090   -18.53   12.67
  -1872.557    32.123   -15.94   11.28
  -1498.139    21.874   -27.37   13.79
  -1123.679    11.688   -27.20   13.37
   -749.176     4.517   -19.15    9.73
   -374.631     0.365   -11.09    3.28
     -0.044    -0.258    -1.66    1.04
    374.586     0.284     1.45    2.17
    749.258     3.140     7.62    5.12
   1123.972     6.066     7.81    5.58
   1498.729     8.773     7.23    3.93
   1873.529     9.878     2.95    2.49
   2248.371     9.477    -1.07    2.12
   2623.256     8.696    -2.09    2.44
   2998.183     7.807    -2.37    3.94
   3373.152     6.369    -3.83    4.62
   3748.165     6.083    -0.76    4.72
   4123.220     6.557     1.26    4.77
   4498.317     9.149     6.91    8.35
   4873.457    15.672    17.39   13.10
   5248.640    25.175    25.33   16.74
   5623.865    44.657    51.92   28.55
   5999.133    74.279    78.94   51.92
   6374.444   126.754   139.82   81.21
   6749.797   170.115   115.52   69.57
   7125.193   184.607    38.60   55.62
   7500.632   171.098   -35.98   61.73
   7876.113   136.492   -92.17   58.81
   8251.638   105.132   -83.51   35.50
   8627.205    89.607   -41.34   24.67
   9002.814    84.459   -13.70   15.84
   9378.467    87.934     9.25   16.25
   9754.163    99.940    31.96   23.93
  10129.901   119.573    52.25   25.92
  10505.682   131.413    31.51   23.53
  10881.506   146.623    40.47   25.21
  11257.373   164.426    47.37   36.76
  11633.283   188.749    64.71   44.69
  12009.236   211.844    61.43   48.26
  12385.231   237.307    67.72   46.36
  12761.270   257.714    54.27   45.68
  13137.352   278.934    56.43   47.03
  13513.476   309.673    81.73   54.82
  13889.644   341.013    83.32   61.62
  14265.854   356.016    39.88   53.38
  14642.108   352.723    -8.75   59.37
  15018.405   323.386   -77.96   75.14
  15394.744   272.335  -135.65   75.16
  15771.127   250.475   -58.08   63.50
  16147.553   248.107    -6.29   64.37
  16524.022   259.273    29.66   67.98
  16900.535   284.173    66.13   61.56
  17277.090   294.623    27.75   57.96
  17653.688   302.878    21.92   54.15
  18030.330   333.273    80.70   73.30
  18407.015   400.445   178.33   98.79
  18783.743   451.996   136.84   80.43
  19160.514   462.721    28.47   64.58
  19537.329   450.303   -32.96   66.01
  19914.187   420.977   -77.82   74.44
  20291.088   402.658   -48.61   79.19
  20668.032   409.640    18.52   79.52
  21045.020   428.876    51.03   72.54
  21422.051   438.522    25.58   60.11
  21799.125   452.873    38.06   52.71
  22176.243   455.785     7.72   55.91
  22553.404   453.494    -6.08   50.57
  22930.609   443.234   -27.20   48.06
  23307.857   413.907   -77.74   58.41
  23685.148   382.902   -82.18   58.00
  24062.483   359.090   -63.11   53.86
  24439.861   342.149   -44.89   48.01
  24817.283   327.107   -39.86   43.11
  25194.748   328.033     2.45   48.20
  25572.257   338.400    27.46   54.04
  25949.809   351.197    33.90   46.99
  26327.405   350.377    -2.17   46.25
  26705.045   336.475   -36.81   53.06
  27082.728   309.827   -70.56   45.45
  27460.454   282.115   -73.37   35.09
  27838.224   265.461   -44.09   32.43
  28216.038   255.072   -27.50   28.41
  28593.896   242.967   -32.04   24.49
  28971.797   232.016   -28.98   28.26
  29349.741   218.657   -35.35   32.83
  29727.730   197.386   -56.28   25.95
  30105.762   187.457   -26.27   21.75
  30483.838   184.945    -6.64   22.39
  30861.958   191.020    16.07   27.04
  31240.121   198.940    20.94   24.23
  31618.328   201.469     6.69   22.56
  31996.579   182.373   -50.48   35.46
  32374.874   160.040   -59.04   37.09
  32753.213   142.673   -45.90   25.93
  33129.960   133.353   -24.74    3.66
  33499.807   133.471     0.32    3.67
  33869.695   132.340    -3.06    3.96
  34239.626   130.821    -4.11    3.22
  34609.598   130.951     0.35    2.85
  34979.612   132.744     4.85    4.73
  35349.668   140.107    19.90   13.68
  35719.765   150.799    28.89   17.38
  36089.905   163.557    34.47   21.42
  36460.086   175.268    31.63   21.77
  36830.309   183.226    21.50   23.33
  37200.574   194.623    30.78   27.97
  37570.881   204.607    26.96   33.49
  37941.230   222.213    47.54   35.87
  38311.621   233.344    30.05   33.27
  38682.053   242.873    25.72   28.23
  39052.528   249.454    17.76   23.46
  39423.045   248.332    -3.03   21.28
  39793.603   249.503     3.16   27.50
  40164.204   245.890    -9.75   36.76
  40534.846   238.503   -19.93   41.01
  40905.531   231.902   -17.81   35.92
  41276.258   225.519   -17.22   28.66
  41647.027   220.934   -12.37   18.43
  42017.837   218.132    -7.56   11.59
  42388.690   219.797     4.49    9.58
  42759.585   224.807    13.51   14.56
  43130.523   235.857    29.79   28.52
  43501.502   248.639    34.46   35.18
  43872.523   265.623    45.78   42.99
  44243.587   289.556    64.50   49.23
  44614.693   322.861    89.75   58.62
  44985.841   364.654   112.61   56.47
  45357.031   395.986    84.41   43.58
  45728.264   411.686    42.29   46.31
  46099.539   411.589    -0.26   58.92
  46470.856   407.393   -11.30   67.50
  46842.215   402.708   -12.62   72.74
  47213.617   404.836     5.73   69.82
  47585.061   406.823     5.35   66.39
  47956.547   412.623    15.61   62.32
  48328.076   433.557    56.35   63.66
  48699.647   444.639    29.83   61.27
  49071.261   463.413    50.52   66.15
  49442.916   470.307    18.55   65.26
  49814.615   455.318   -40.33   66.71
  50186.355   452.454    -7.71   65.08
  50558.139   450.429    -5.45   66.12
  50929.964   448.779    -4.44   60.53
  51301.832   465.718    45.55   58.08
  51673.743   468.080     6.35   51.74
  52045.696   479.381    30.38   50.85
  52417.692   495.040    42.10   53.36
  52789.730   517.770    61.10   60.69
  53161.811   562.656   120.64   78.16
  53533.934   606.057   116.64   89.97
  53906.100   668.923   168.93  101.11
  54278.308   709.590   109.26   84.42
  54650.559   723.494    37.35   76.41
  55022.853   713.840   -25.93   81.28
  55395.190   687.123   -71.76   75.66
  55767.569   650.466   -98.44   66.12
  56139.991   637.977   -33.54   58.94
  56512.455   626.710   -30.25   50.62
  56884.962   609.607   -45.92   47.56
  57257.512   593.673   -42.77   51.68
  57630.105   577.973   -42.14   50.52
  58002.740   573.656   -11.59   49.53
  58375.419   599.213    68.58   53.11
  58748.140   630.445    83.80   49.37
  59120.904   635.290    13.00   45.64
  59493.710   638.558     8.77   46.19
  59866.560   627.694   -29.14   53.63
  60239.453   598.590   -78.05   55.74
  60612.388   563.486   -94.14   55.95
  60985.366   536.477   -72.42   61.23
  61358.387   506.437   -80.54   61.15
  61731.451   476.507   -80.23   50.60
  62104.558   446.940   -79.25   58.56
  62477.708   423.832   -61.93   66.54
  62850.901   394.639   -78.23   59.23
  63224.137   375.673   -50.82   48.00
  63597.416   378.542     7.69   56.72
  63970.738   370.922   -20.41   56.38
  64344.103   363.058   -21.06   47.04
  64717.512   362.503    -1.49   43.99
  65090.963   362.977     1.27   47.92
  65464.457   372.020    24.21   52.60
  65837.995   374.557     6.79   51.33
  66211.575   392.807    48.85   60.20
  66585.199   400.736    21.22   73.17
  66958.866   406.477    15.37   86.63
  67332.576   395.147   -30.32   82.15
  67706.329   384.590   -28.25   62.19
  68080.125   376.922   -20.52   58.92
  68453.965   372.881   -10.81   61.15
  68827.848   366.279   -17.66   59.14
  69201.774   364.574    -4.56   49.22
  69575.744   350.572   -37.44   41.84
  69949.756   327.836   -60.79   46.22
  70323.812   307.590   -54.13   52.63
  70697.912   275.107   -86.84   43.98
  71072.054   247.510   -73.77   25.39
  71446.241   234.223   -35.51   12.38
  71820.470   228.671   -14.84    6.32
  72194.743   227.501    -3.13    3.10
  72569.059   232.090    12.26   13.89
  72943.419   245.348    35.42   32.44
  73317.822   269.381    64.19   46.07
  73692.269   299.229    79.72   47.80
  74066.759   328.690    78.67   50.10
  74441.292   357.492    76.91   50.41
  74815.869   370.377    34.40   48.30
  75190.490   375.908    14.77   43.95
  75565.154   372.057   -10.28   42.65
  75939.862   364.526   -20.10   34.59
  76314.613   361.168    -8.96   30.27
  76689.408   367.026    15.63   39.05
  77064.246   372.525    14.67   47.87
  77439.128   392.042    52.07   62.79
  77814.054   430.557   102.74   63.47
  78189.023   447.902    46.26   60.19
  78564.036   463.573    41.79   62.57
  78939.093   457.443   -16.35   63.94
  79314.194   443.316   -37.66   56.08
  79689.338   444.573     3.35   49.09
  80064.526   457.178    33.60   47.04
  80439.757   464.803    20.32   43.59
  80815.033   474.348    25.44   48.09
  81190.352   479.574    13.92   47.25
  81565.715   477.361    -5.90   42.11
  81941.122   458.852   -49.31   42.30
  82316.573   439.573   -51.35   35.05
  82692.068   418.957   -54.91   27.37
  83067.606   399.848   -50.89   24.37
  83443.188   386.984   -34.25   29.94
  83818.815   372.365   -38.92   30.83
  84194.485   356.026   -43.50   24.02
  84570.199   346.934   -24.20   10.79
  84945.957   350.477     9.43   10.71
  85321.759   361.475    29.27   17.74
  85697.605   373.107    30.95   16.98
  86073.495   378.226    13.62   14.48
  86449.430   379.827     4.26   15.28
  86825.408   374.091   -15.26   15.69
  87201.430   367.900   -16.47   14.70
  87577.496   362.770   -13.64   19.62
  87953.607   356.691   -16.16   20.52
  88329.761   352.164   -12.04   17.00
  88705.960   349.268    -7.70   12.97
  89082.203   349.738     1.25    8.77
  89458.490   355.607    15.60   13.05
  89834.821   371.673    42.70   28.31
  90211.196   404.377    86.90   52.68
  90587.616   443.817   104.79   56.64
  90964.079   467.945    64.10   45.81
  91340.588   472.590    12.34   45.44
  91717.140   459.940   -33.60   49.75
  92093.736   447.703   -32.50   40.23
  92470.377   453.090    14.30   48.46
  92847.063   477.026    63.55   59.60
  93223.792   490.227    35.05   58.39
  93600.566   489.400    -2.20   47.54
  93977.384   495.003    14.87   40.14
  94354.247   506.381    30.19   39.37
  94731.154   524.033    46.84   43.08
  95108.105   533.240    24.43   53.93
  95485.101   530.923    -6.15   68.15
  95862.142   526.607   -11.45   71.71
  96239.227   521.155   -14.46   59.75
  96616.356   525.279    10.94   59.90
  96993.530   550.123    65.87   66.74
  97370.748   582.742    86.48   63.90
  97748.011   609.074    69.80   60.80
  98125.319   639.754    81.32   52.96
  98502.671   649.107    24.79   50.16
  98880.067   644.956   -11.00   59.31
  99257.509   644.217    -1.96   61.06
  99634.994   646.480     6.00   58.11
 100012.525   651.020    12.03   54.00
 100390.100   675.510    64.87   59.67
 100767.720   726.890   136.08   81.63
 101145.385   802.525   200.29   98.48
 101523.094   891.187   234.76  106.40
 101900.848   966.590   199.63  100.45
 102278.647  1012.703   122.07   78.45
 102656.490  1017.089    11.61   71.78
 103034.378   965.328  -136.99  100.37
 103412.312   884.013  -215.18   91.61
 103790.289   814.508  -183.91   81.54
 104168.312   762.426  -137.79   76.42
 104546.380   738.410   -63.53   73.62
 104924.492   730.381   -21.24   69.01
 105302.650   738.736    22.10   66.15
 105680.852   734.994    -9.90   63.76
 106059.099   721.262   -36.31   72.64
 106437.391   703.107   -48.00   80.38
 106815.729   670.164   -87.08   88.22
 107194.111   645.607   -64.91   93.52
 107572.538   596.511  -129.75   96.97
 107950.644   549.064  -125.50   80.89
 108320.361   505.194  -118.67   66.27
 108690.120   473.796   -84.92   53.16
 109059.922   452.525   -57.53   48.49
 109429.767   437.417   -40.85   49.66
 109799.655   429.527   -21.33   51.19
 110169.585   412.503   -46.02   48.32
 110539.559   403.236   -25.05   43.77
 110909.575   390.115   -35.46   37.39
 111279.634   382.448   -20.72   32.42
 111649.736   370.492   -32.31   34.20
 112019.881   354.765   -42.49   37.52
 112390.069   333.508   -57.43   37.94
 112760.300   310.492   -62.17   32.15
 113130.574   284.733   -69.57   34.33
 113500.891   265.423   -52.15   35.36
 113871.251   244.907   -55.40   24.50
 114241.654   230.403   -39.16   13.46
 114612.101   223.353   -19.03    5.83
 114982.590   220.115    -8.74    3.79
 115353.122   219.162    -2.57    3.35
 115723.697   226.469    19.72   21.48
 116094.316   259.672    89.60   60.81
 116464.977   291.727    86.49   62.01
 116835.682   307.527    42.63   49.39
 117206.430   304.357    -8.55   46.35
 117577.221   282.956   -57.72   35.70
 117948.056   269.740   -35.64   29.98
 118318.933   281.273    31.10   45.34
 118689.854   311.295    80.95   65.26
 119060.818   341.090    80.33   72.48
 119431.825   365.508    65.82   59.15
 119802.876   363.107    -6.47   70.39
 120173.970   322.670  -108.98   88.01
 120545.107   269.623  -142.95   86.58
 120916.287   221.686  -129.16   68.30
 121287.511   193.848   -75.00   39.47
 121658.779   178.328   -41.81   11.60
 122030.089   174.796    -9.51    2.30
 122401.443   174.139    -1.77    2.20
 122772.841   173.929    -0.57    2.28
 123144.281   174.638     1.91    2.79
 123515.766   176.290     4.45    2.94
 123887.294   178.180     5.09    3.63
 124258.865   182.876    12.64    8.49
 124630.480   188.672    15.60   13.11
 125002.138   196.754    21.75   16.72
 125373.840   206.820    27.08   18.17
 125745.585   220.607    37.09   20.99
 126117.374   231.759    30.00   22.87
 126489.207   253.607    58.76   41.14
 126861.083   276.865    62.55   48.84
 127233.002   302.074    67.79   55.68
 127604.966   325.081    61.86   60.31
 127976.973   331.987    18.57   69.09
 128349.023   328.844    -8.45   72.62
 128721.118   314.480   -38.61   68.76
 129093.256   298.590   -42.70   50.50
 129465.438   297.784    -2.17   34.11
 129837.663   314.852    45.86   41.78
 130209.932   339.123    65.20   44.39
 130582.245   379.252   107.80   43.17
 130954.602   415.885    98.40   46.71
 131327.003   456.477   109.02   59.79
 131699.447   472.038    41.78   54.07
 132071.936   452.881   -51.44   58.23
 132444.468   428.445   -65.60   67.04
 132817.044   396.765   -85.04   59.02
 133189.664   364.066   -87.77   48.20
 133562.327   350.543   -36.29   46.74
 133935.035   341.397   -24.54   52.27
 134307.787   323.787   -47.25   57.87
 134680.582   309.591   -38.09   56.10
 135053.422   309.723     0.36   47.50
 135426.306   325.240    41.62   53.56
 135799.233   353.623    76.12   49.82
 136172.205   360.180    17.58   40.02
 136545.220   352.175   -21.46   44.84
 136918.280   326.200   -69.64   46.68
 137291.384   300.115   -69.92   37.88
 137664.532   286.972   -35.23   35.78
 138037.723   273.357   -36.49   36.12
 138410.960   255.820   -46.99   36.84
 138784.240   231.924   -64.02   32.08
 139157.564   212.328   -52.50   29.20
 139530.933   190.445   -58.62   26.65
 139904.345   170.268   -54.04   22.04
 140277.802   155.010   -40.86   20.42
 140651.304   141.124   -37.18   14.63
 141024.849   131.495   -25.78    9.63
 141398.439   124.507   -18.71    5.96
 141772.073   119.607   -13.12    5.83
 142145.751   114.848   -12.73    4.65
 142519.473   112.459    -6.39    3.14
 142893.240   111.348    -2.97    2.41
 143267.051   111.090    -0.69    2.54
 143640.907   114.305     8.60   10.93
 144014.807   125.223    29.21   22.59
 144388.751   143.321    48.40   33.82
 144762.740   160.501    45.94   31.95
 145136.773   176.967    44.03   33.39
 145510.851   192.454    41.41   34.87
 145884.973   209.908    46.66   40.16
 146259.140   236.671    71.54   42.78
 146633.351   259.574    61.21   50.52
 147007.607   283.429    63.75   51.02
 147381.907   310.994    73.65   49.58
 147756.252   327.638    44.47   45.02
 148130.641   329.057     3.79   42.57
 148505.075   333.388    11.57   38.52
 148879.553   346.210    34.25   46.48
 149254.076   390.492   118.25   71.93
 149628.644   439.657   131.28   58.03
 150003.257   446.203    17.48   50.19
 150377.914   428.007   -48.58   65.86
 150752.615   380.445  -126.95   72.53
 151127.362   322.416  -154.87   63.43
 151502.153   282.246  -107.20   51.89
 151876.989   266.972   -40.76   49.51
 152251.870   251.759   -40.59   49.42
 152626.795   241.881   -26.35   47.14
 153001.766   232.073   -26.16   42.49
 153376.781   218.686   -35.70   36.55
 153751.841   203.865   -39.52   38.87
 154126.946   188.527   -40.89   41.61
 154502.095   165.865   -60.42   40.95
 154877.290   146.344   -52.04   32.82
 155252.529   125.702   -55.02   13.30
 155627.814   117.223   -22.60    7.52
 156003.143   115.185    -5.43    8.15
 156378.517   119.900    12.56   18.34
 156753.936   131.459    30.80   25.40
 157129.401   150.520    50.78   31.68
 157504.910   170.316    52.73   40.05
 157880.464   196.723    70.33   60.83
 158256.063   231.426    92.41   67.54
 158631.708   254.654    61.84   61.63
 159007.397   262.203    20.10   57.20
 159383.132   245.670   -44.01   45.71
 159758.911   234.539   -29.63   34.62
 160134.736   227.164   -19.63   42.20
 160510.606   218.640   -22.68   44.44
 160886.521   199.353   -51.32   38.04
 161262.482   182.413   -45.06   33.25
 161638.487   176.527   -15.66   27.11
 162014.538   192.541    42.59   49.42
 162390.634   213.190    54.91   52.51
 162766.775   217.876    12.46   47.77
 163142.961   223.693    15.46   45.15
 163519.193   225.319     4.32   44.02
 163895.470   228.796     9.24   43.66
 164271.793   254.480    68.26   49.61
 164648.160   287.365    87.39   50.56
 165024.573   312.066    65.63   48.70
 165401.032   345.749    89.49   46.66
 165777.536   363.510    47.18   45.15
 166154.085   368.639    13.62   45.10
 166530.680   362.907   -15.22   54.60
 166907.320   340.185   -60.34   69.29
 167284.006   290.861  -130.96   71.17
 167660.737   259.236   -83.96   65.02
 168037.513   235.082   -64.12   70.02
 168414.335   224.929   -26.95   74.29
 168791.203   226.671     4.62   82.05
 169168.116   211.445   -40.40   81.80
 169545.075   186.747   -65.53   85.81
 169922.080   147.641  -103.75   82.91
 170299.130   112.951   -92.02   55.14
 170676.225   104.217   -23.17   51.48
 171053.367    99.042   -13.72   52.77
 171430.554    92.736   -16.72   50.76
 171807.786    84.881   -20.83   46.41
 172185.065    68.321   -43.90   46.68
 172562.389    50.197   -48.04   40.25
 172939.759    34.099   -42.67   25.26
 173317.174    25.693   -22.28    4.12
 173694.635    27.171     3.92    1.92
 174072.143    27.328     0.42    1.55
 174449.696    29.332     5.31    4.74
 174827.294    36.749    19.65   12.03
 175204.939    44.768    21.24   13.40
 175582.629    54.044    24.56   12.19
 175960.366    61.316    19.26   10.09
 176338.148    66.832    14.60   12.44
 176715.976    76.217    24.84   18.85
 177093.850    89.294    34.61   29.81
 177471.771   107.718    48.76   40.53
 177849.737   132.733    66.20   57.73
 178227.749   160.019    72.19   66.72
 178605.807   184.640    65.14   74.77
 178983.911   194.930    27.22   78.82
 179362.061   194.262    -1.77   80.43
 179740.257   177.672   -43.87   73.47
 180118.499   159.895   -47.01   49.96
 180496.788   167.381    19.79   56.69
 180875.122   196.241    76.30   73.85
 181253.503   233.475    98.42   74.84
 181631.930   272.146   102.21   67.82
 182010.403   277.840    15.05   74.94
 182388.922   284.416    17.38   77.39
 182767.487   299.852    40.78   85.91
 183138.110   312.929    35.29   84.81
 183507.735   321.913    24.31   86.57
 183877.404   327.194    14.29   86.36
 184247.117   333.461    16.96   86.92
 184616.873   322.686   -29.15   80.83
 184986.674   308.718   -37.78   65.24
 185356.519   313.908    14.04   60.44
 185726.407   332.881    51.30   66.56
 186096.340   361.639    77.75   79.34
 186466.316   379.171    47.40   78.93
 186836.337   394.213    40.66   73.42
 187206.402   418.321    65.16   69.44
 187576.510   440.064    58.76   68.50
 187946.663   460.637    55.59   59.10
 188316.860   467.157    17.61   49.14
 188687.101   456.082   -29.92   60.13
 189057.386   423.240   -88.71   62.85
 189427.715   401.053   -59.92   62.67
 189798.089   376.477   -66.36   59.83
 190168.506   352.219   -65.50   51.03
 190538.968   342.203   -27.04   48.06
 190909.474   336.321   -15.88   55.32
 191280.024   333.146    -8.57   62.81
 191650.619   327.829   -14.35   59.66
 192021.257   313.377   -39.00   58.99
 192391.940   303.445   -26.80   58.84
 192762.668   297.123   -17.06   53.14
 193133.439   296.213    -2.45   55.36
 193504.255   306.146    26.79   62.23
 193875.116   313.290    19.27   65.44
 194246.020   314.591     3.51   65.29
 194616.969   319.589    13.48   66.14
 194987.963   319.623     0.09   57.59
 195359.001   302.365   -46.52   53.93
 195730.083   272.022   -81.79   51.74
 196101.210   245.123   -72.49   48.89
 196472.381   215.305   -80.35   30.45
 196843.596   194.897   -54.99   17.66
 197214.857   184.115   -29.05   14.35
 197586.161   173.719   -28.00   11.85
 197957.511   165.929   -20.98   10.05
 198328.905   159.241   -18.01    7.55
 198700.343   155.197   -10.89    4.40
 199071.826   158.575     9.10   10.94
 199443.354   167.573    24.22   19.47
 199814.926   182.784    40.94   28.30
 200186.543   200.691    48.20   35.64
 200558.204   225.758    67.46   49.00
 200929.910   248.555    61.34   54.09
 201301.661   281.090    87.54   63.61
 201673.457   310.573    79.31   63.22
 202045.297   328.155    47.29   58.53
 202417.182   341.967    37.15   49.06
 202789.112   354.353    33.31   50.61
 203161.087   360.407    16.28   49.36
