-175632.473   111.891     0.00   21.10
-175254.607   105.298   -17.45   19.33
-174876.784   100.023   -13.96   15.31
-174499.007   109.229    24.37   22.44
-174121.274   127.993    49.68   24.22
-173743.585   145.010    45.06   24.42
-173365.941   156.198    29.63   17.78
-172988.341   158.693     6.61   14.70
-172610.786   155.036    -9.69   15.02
-172233.275   149.299   -15.20   11.56
-171855.808   148.449    -2.25    9.70
-171478.386   150.270     4.83    8.90
-171101.009   153.243     7.88    7.54
-170723.675   154.888     4.36    6.77
-170346.386   158.331     9.13    7.06
-169969.141   163.933    14.85    7.69
-169591.941   171.101    19.01    8.83
-169214.785   179.052    21.09   11.08
-168837.673   186.355    19.37   11.44
-168460.605   188.981     6.97   11.99
-168083.582   186.293    -7.13   15.13
-167706.603   180.417   -15.59   18.03
-167329.668   168.513   -31.58   19.79
-166952.777   154.910   -36.10   19.04
-166575.930   142.036   -34.17   17.63
-166199.128   131.223   -28.70   11.64
-165822.369   124.110   -18.88    9.05
-165445.655   120.790    -8.81    6.40
-165068.985   123.046     5.99    8.75
-164692.359   130.577    20.00   11.87
-164315.776   137.741    19.03   10.90
-163939.238   142.626    12.98    6.94
-163562.744   145.135     6.66    6.24
-163186.294   147.594     6.53    6.66
-162809.888   148.454     2.28    5.69
-162433.526   147.807    -1.72    6.18
-162057.208   142.276   -14.70   10.59
-161680.934   136.642   -14.98   11.17
-161304.704   133.726    -7.75   10.62
-160928.518   132.110    -4.30    9.82
-160552.375   130.594    -4.03    9.92
-160176.277   130.914     0.85   10.60
-159800.222   133.467     6.79   10.94
-159424.211   138.837    14.28    8.86
-159048.244   140.287     3.86    5.21
-158672.321   136.304   -10.60    9.12
-158296.442   128.926   -19.63   12.61
-157920.606   120.069   -23.57   12.25
-157544.814   116.126   -10.49    8.35
-157169.066   117.726     4.26    8.88
-156793.361   123.423    15.16    9.71
-156417.701   129.511    16.21    7.39
-156042.084   132.781     8.71    5.53
-155666.510   134.547     4.70    4.16
-155290.981   135.186     1.70    4.64
-154915.494   135.531     0.92    5.17
-154540.052   135.069    -1.23    4.91
-154164.653   134.364    -1.88    4.21
-153789.298   131.118    -8.65    5.72
-153413.986   128.389    -7.27    5.88
-153038.718   124.991    -9.06    7.21
-152663.493   120.971   -10.72    7.19
-152288.312   120.626    -0.92    7.30
-151913.175   123.304     7.14    7.36
-151538.081   126.526     8.59    6.37
-151163.030   128.910     6.36    3.90
-150788.023   128.134    -2.07    5.25
-150413.059   127.093    -2.78    5.99
-150038.139   124.965    -5.68    6.54
-149663.262   123.110    -4.95    5.73
-149288.429   119.363   -10.00    6.89
-148913.638   112.755   -17.63   10.68
-148538.892   107.355   -14.41   10.15
-148164.188   104.420    -7.83    8.86
-147789.528   104.276    -0.38    8.98
-147414.911   107.610     8.90    9.13
-147040.338   111.723    10.98    7.43
-146665.808   115.069     8.93    5.66
-146291.321   116.926     4.96    5.67
-145916.877   117.793     2.31    8.70
-145542.476   119.020     3.28    9.54
-145168.119   118.833    -0.50    9.80
-144793.805   118.039    -2.12   10.15
-144419.534   117.033    -2.69   11.45
-144045.306   114.325    -7.24   13.80
-143671.121   109.626   -12.56   15.81
-143296.980   104.355   -14.09   16.62
-142922.882    95.820   -22.82   14.86
-142548.826    89.560   -16.74   12.58
-142174.814    84.659   -13.10    8.48
-141800.845    84.660     0.00    8.52
-141426.919    85.020     0.96    7.68
-141053.036    83.924    -2.93    6.12
-140679.195    83.578    -0.93    6.38
-140305.398    83.236    -0.91    6.81
-139931.644    83.674     1.17    7.11
-139557.933    85.020     3.60    7.49
-139184.265    87.110     5.59    8.00
-138810.640    89.707     6.95    8.05
-138437.057    91.060     3.62    8.24
-138063.518    91.762     1.88    7.76
-137690.021    93.747     5.32    8.10
-137316.567    97.069     8.90    8.20
-136943.156   100.695     9.71    7.90
-136569.788   105.102    11.80    7.24
-136196.463   107.541     6.54    7.04
-135823.181   109.404     4.99    7.06
-135449.941   111.856     6.57    6.15
-135076.744   112.726     2.33    5.23
-134703.590   112.029    -1.87    6.09
-134330.479   109.626    -6.44    7.95
-133957.410   105.126   -12.06   10.06
-133584.384    96.868   -22.14   14.54
-133211.401    85.757   -29.79   16.10
-132838.460    77.316   -22.64   13.31
-132465.562    73.184   -11.08    7.59
-132092.707    74.321     3.05    6.32
-131719.894    78.336    10.77    7.12
-131347.124    82.710    11.73    5.90
-130974.396    85.776     8.23    5.47
-130601.712    87.807     5.45    5.18
-130229.069    88.626     2.20    4.83
-129856.469    89.676     2.82    4.81
-129483.912    90.186     1.37    5.37
-129111.397    89.384    -2.15    5.52
-128738.925    86.040    -8.98    7.44
-128366.495    79.528   -17.49   10.28
-127994.108    74.376   -13.84    9.18
-127621.763    74.594     0.58   10.48
-127249.460    78.592    10.74   12.31
-126877.200    84.276    15.27   10.32
-126504.983    88.069    10.19    6.41
-126132.807    87.954    -0.31    6.42
-125760.674    87.338    -1.66    6.73
-125388.584    86.101    -3.33    7.66
-125016.536    87.755     4.45    8.01
-124644.530    90.543     7.49    7.63
-124272.566    90.774     0.62    7.05
-123900.645    87.281    -9.39   10.45
-123528.766    81.078   -16.68   11.96
-123156.929    78.368    -7.29   10.14
-122785.134    77.594    -2.08    9.05
-122413.382    79.711     5.70    8.63
-122041.672    78.389    -3.56    9.51
-121670.004    76.443    -5.24    9.30
-121298.378    72.544   -10.49   10.46
-120926.794    67.200   -14.38   10.54
-120555.253    64.178    -8.13   11.16
-120183.753    62.449    -4.66   12.58
-119812.296    58.677   -10.16   13.85
-119440.881    53.210   -14.72   14.34
-119069.508    47.419   -15.59   12.72
-118698.177    41.085   -17.06    8.38
-118326.888    37.503    -9.65    3.12
-117955.641    36.807    -1.88    4.23
-117584.436    37.372     1.52    5.81
-117213.273    38.134     2.05    6.55
-116842.153    38.576     1.19    6.92
-116471.074    38.999     1.14    6.95
-116100.037    38.807    -0.52    6.64
-115729.042    37.880    -2.50    5.83
-115358.088    36.541    -3.61    4.95
-114987.177    35.643    -2.42    3.56
-114616.308    36.277     1.71    3.91
-114245.481    38.919     7.13    5.24
-113874.695    42.884    10.69    4.91
-113503.951    46.823    10.62    5.30
-113133.249    50.216     9.16    4.82
-112762.589    53.006     7.53    4.55
-112391.971    55.921     7.87    6.40
-112021.394    60.460    12.25    9.16
-111650.860    63.839     9.12    9.64
-111280.367    67.541     9.99    9.75
-110909.915    72.380    13.06   11.05
-110539.506    79.216    18.46   14.16
-110169.138    88.298    24.52   15.85
-109798.812    97.526    24.92   14.51
-109428.527   102.495    13.42   12.15
-109058.285   103.348     2.30   12.35
-108688.083    97.423   -16.01   16.83
-108317.924    81.820   -42.16   25.39
-107947.806    63.519   -49.45   24.28
-107577.730    56.331   -19.42   19.19
-107207.695    50.730   -15.14    9.73
-106837.702    57.216    17.53   11.35
-106467.750    66.299    24.55    8.13
-106094.022    72.010    15.28    8.68
-105715.615    76.326    11.41   10.43
-105337.252    79.970     9.63   14.73
-104958.933    82.376     6.36   17.18
-104580.657    84.524     5.68   17.66
-104202.425    88.954    11.71   16.58
-103824.236    91.661     7.16   15.08
-103446.091    97.575    15.64   15.63
-103067.990   100.710     8.29   13.50
-102689.931    94.643   -16.05   18.60
-102311.917    80.026   -38.67   21.81
-101933.946    68.914   -29.40   16.77
-101556.018    68.481    -1.15   17.60
-101178.134    78.965    27.75   23.81
-100800.293    91.397    32.90   18.33
-100422.495    92.863     3.88   17.14
-100044.741    84.388   -22.44   21.69
 -99667.031    67.510   -44.69   18.60
 -99289.363    61.243   -16.59   16.32
 -98911.739    69.304    21.35   23.33
 -98534.159    79.275    26.41   24.41
 -98156.621    89.200    26.29   19.18
 -97779.127    99.730    27.90   15.14
 -97401.676   103.642    10.37   13.36
 -97024.269   103.176    -1.23   13.57
 -96646.905   101.897    -3.39   14.71
 -96269.584    98.483    -9.05   15.88
 -95892.306    98.219    -0.70   15.74
 -95515.071    95.495    -7.22   16.74
 -95137.879    88.712   -17.98   18.94
 -94760.731    83.708   -13.27   19.38
 -94383.626    80.423    -8.71   18.69
 -94006.564    84.558    10.97   21.58
 -93629.545    96.562    31.84   21.97
 -93252.569   103.476    18.34   22.08
 -92875.636   108.965    14.56   20.34
 -92498.746   111.047     5.52   17.86
 -92121.900   104.331   -17.82   22.57
 -91745.096    92.919   -30.29   27.82
 -91368.335    79.186   -36.46   24.82
 -90991.618    75.060   -10.95   22.50
 -90614.943    81.287    16.53   25.89
 -90238.311    97.474    42.98   22.79
 -89861.722   102.914    14.45   18.52
 -89485.177   110.134    19.18   18.94
 -89108.674   108.592    -4.10   18.00
 -88732.213    94.360   -37.81   25.05
 -88355.796    85.230   -24.26   24.55
 -87979.422    73.826   -30.30   23.73
 -87603.091    60.643   -35.03   29.71
 -87226.802    52.726   -21.04   34.25
 -86850.556    44.087   -22.96   34.54
 -86474.353    37.219   -18.26   34.25
 -86098.193    29.443   -20.68   30.25
 -85722.075    26.644    -7.44   26.31
 -85346.001    24.271    -6.31   24.84
 -84969.969    20.402   -10.29   18.27
 -84593.980    18.560    -4.90   14.17
 -84218.033    18.429    -0.35   12.76
 -83842.129    19.060     1.68   13.80
 -83466.268    20.247     3.16   16.30
 -83090.449    26.590    16.88   26.03
 -82714.674    35.429    23.52   36.42
 -82338.940    38.930     9.32   37.15
 -81963.250    45.755    18.17   41.41
 -81587.602    55.033    24.70   43.22
 -81211.996    63.830    23.42   43.43
 -80836.433    74.843    29.33   41.50
 -80460.913    79.544    12.52   37.49
 -80085.435    89.397    26.24   31.84
 -79709.999    94.186    12.76   27.50
 -79334.607    96.839     7.07   24.33
 -78959.256    94.019    -7.51   23.29
 -78583.948    95.372     3.61   24.67
 -78208.683    88.491   -18.34   24.76
 -77833.460    72.864   -41.65   30.04
 -77458.279    56.282   -44.20   32.54
 -77083.141    39.948   -43.54   26.27
 -76708.045    26.804   -35.05   12.64
 -76332.992    24.730    -5.53    9.78
 -75957.981    27.326     6.92   13.57
 -75583.012    31.368    10.78   15.06
 -75208.085    31.708     0.91   14.24
 -74833.201    30.779    -2.48   11.85
 -74458.359    30.779     0.00    9.52
 -74083.560    29.495    -3.43    8.28
 -73708.802    29.067    -1.14    8.37
 -73334.087    26.660    -6.42    9.10
 -72959.414    22.762   -10.41    7.80
 -72584.784    18.970   -10.12    4.15
 -72210.195    17.540    -3.82    2.56
 -71835.649    16.660    -2.35    1.76
 -71461.145    16.162    -1.33    1.54
 -71086.683    15.708    -1.21    1.51
 -70712.263    15.247    -1.23    1.20
 -70337.885    14.860    -1.03    1.09
 -69963.550    15.013     0.41    1.28
 -69589.256    14.057    -2.55    2.11
 -69215.005    12.710    -3.60    2.29
 -68840.795    11.662    -2.80    1.97
 -68466.628    11.592    -0.19    1.99
 -68092.502    12.733     3.05    2.56
 -67718.419    14.013     3.42    2.46
 -67344.378    15.135     3.00    1.65
 -66970.378    15.372     0.63    1.24
 -66596.421    15.331    -0.11    1.32
 -66222.505    15.413     0.22    1.24
 -65848.632    15.372    -0.11    1.24
 -65474.800    15.195    -0.47    1.30
 -65101.010    15.167    -0.07    1.40
 -64727.262    15.153    -0.04    1.30
 -64353.556    15.084    -0.18    1.15
 -63979.892    15.178     0.25    1.23
 -63606.270    14.836    -0.92    1.40
 -63232.689    14.226    -1.63    1.60
 -62859.150    13.660    -1.52    1.54
 -62485.654    12.905    -2.02    1.65
 -62112.198    12.193    -1.91    1.49
 -61738.785    11.762    -1.15    1.61
 -61365.413    11.474    -0.77    1.52
 -60992.083    11.725     0.67    1.58
 -60618.795    11.971     0.66    1.56
 -60245.549    12.626     1.76    1.52
 -59872.344    12.953     0.88    1.44
 -59499.180    13.376     1.13    1.56
 -59126.059    13.694     0.85    1.52
 -58752.979    13.787     0.25    1.68
 -58379.941    13.460    -0.88    1.85
 -58006.944    12.919    -1.45    1.81
 -57633.989    12.593    -0.88    1.62
 -57261.075    12.454    -0.37    1.66
 -56888.203    12.626     0.46    1.52
 -56515.373    13.092     1.25    1.67
 -56142.584    13.610     1.39    1.50
 -55769.836    13.954     0.92    1.25
 -55397.130    13.660    -0.79    1.38
 -55024.466    13.202    -1.23    1.62
 -54651.843    12.787    -1.11    1.64
 -54279.261    12.372    -1.12    1.35
 -53906.721    12.210    -0.44    1.09
 -53534.223    12.118    -0.25    1.19
 -53161.765    12.050    -0.18    1.16
 -52789.349    12.016    -0.09    1.08
 -52416.975    11.608    -1.10    1.31
 -52044.642    11.298    -0.83    1.33
 -51672.350    11.001    -0.80    1.53
 -51300.099    10.544    -1.23    1.74
 -50927.890    10.109    -1.17    1.92
 -50555.722     9.643    -1.25    1.94
 -50183.595     9.410    -0.63    1.92
 -49811.510     9.118    -0.78    1.88
 -49439.466     8.880    -0.64    1.81
 -49067.463     8.678    -0.54    1.79
 -48695.501     8.384    -0.79    1.60
 -48323.581     8.143    -0.65    1.38
 -47951.702     7.830    -0.84    0.91
 -47579.863     7.977     0.40    1.06
 -47208.066     8.282     0.82    1.35
 -46836.311     8.506     0.60    1.48
 -46464.596     8.457    -0.13    1.50
 -46092.922     8.474     0.05    1.53
 -45721.290     8.176    -0.80    1.41
 -45349.698     7.678    -1.34    1.26
 -44978.148     7.276    -1.08    1.15
 -44606.639     6.987    -0.78    1.16
 -44235.171     7.186     0.53    1.70
 -43863.743     7.541     0.96    1.96
 -43492.357     8.180     1.72    2.43
 -43121.012     8.693     1.38    2.54
 -42749.708     9.488     2.14    2.57
 -42378.444    10.118     1.70    2.31
 -42007.222    10.714     1.61    1.82
 -41636.040    10.919     0.55    1.15
 -41264.900    10.897    -0.06    0.96
 -40893.800    10.836    -0.17    1.01
 -40522.742    10.880     0.12    1.01
 -40151.724    10.813    -0.18    0.96
 -39780.747    10.725    -0.24    0.93
 -39409.811    10.676    -0.13    1.03
 -39038.915    10.474    -0.55    1.03
 -38668.061    10.287    -0.50    1.08
 -38297.247    10.052    -0.63    1.15
 -37926.474     9.787    -0.72    1.07
 -37555.742     9.726    -0.16    1.02
 -37185.050     9.700    -0.07    0.87
 -36814.400     9.743     0.11    1.03
 -36443.790     9.971     0.62    1.13
 -36073.220    10.142     0.46    1.24
 -35702.692    10.643     1.35    1.24
 -35332.204    10.830     0.50    1.08
 -34961.757    10.609    -0.59    1.11
 -34591.350    10.460    -0.40    1.09
 -34220.984    10.143    -0.85    1.19
 -33850.659     9.965    -0.48    1.20
 -33480.374     9.721    -0.66    1.29
 -33110.130     9.488    -0.63    1.30
 -32739.926     9.293    -0.53    1.27
 -32369.763     9.135    -0.43    1.20
 -31999.641     9.260     0.34    1.26
 -31629.559     9.787     1.43    1.41
 -31256.508    10.134     0.93    1.46
 -30878.198    10.074    -0.16    2.00
 -30499.932     9.540    -1.41    2.39
 -30121.708     8.943    -1.58    2.32
 -29743.526     8.694    -0.66    2.09
 -29365.387     8.437    -0.68    1.83
 -28987.290     8.609     0.46    1.69
 -28609.235     8.577    -0.08    1.67
 -28231.223     8.491    -0.23    1.90
 -27853.253     8.457    -0.09    2.09
 -27475.326     8.135    -0.85    2.38
 -27097.441     7.897    -0.63    2.54
 -26719.598     7.609    -0.76    2.54
 -26341.798     7.402    -0.55    2.52
 -25964.040     7.102    -0.80    2.24
 -25586.324     7.230     0.34    2.09
 -25208.651     7.247     0.05    1.80
 -24831.020     7.413     0.44    1.53
 -24453.431     7.726     0.83    1.10
 -24075.884     8.033     0.81    1.35
 -23698.379     8.281     0.66    1.48
 -23320.917     8.493     0.56    1.44
 -22943.496     8.519     0.07    1.30
 -22566.118     8.184    -0.89    1.15
 -22188.782     8.050    -0.35    0.99
 -21811.489     8.135     0.22    1.10
 -21434.237     8.057    -0.21    1.17
 -21057.027     7.643    -1.10    1.22
 -20679.860     7.510    -0.35    1.11
 -20302.734     7.412    -0.26    1.06
 -19925.651     7.397    -0.04    1.16
 -19548.609     7.745     0.92    1.18
 -19171.610     7.850     0.28    1.31
 -18794.652     7.728    -0.32    1.37
 -18417.737     7.711    -0.04    1.30
 -18040.863     7.423    -0.76    1.23
 -17664.032     7.253    -0.45    1.14
 -17287.242     6.725    -1.40    1.77
 -16910.495     6.074    -1.73    2.09
 -16533.789     5.643    -1.15    2.29
 -16157.125     5.169    -1.26    2.42
 -15780.503     4.847    -0.86    2.30
 -15403.923     4.333    -1.36    2.22
 -15027.385     4.135    -0.53    2.06
 -14650.888     3.723    -1.09    1.84
 -14274.433     3.519    -0.54    1.68
 -13898.021     3.677     0.42    1.83
 -13521.649     3.555    -0.32    1.76
 -13145.320     3.678     0.33    1.86
 -12769.033     3.914     0.63    2.13
 -12392.787     3.872    -0.11    2.31
 -12016.583     3.919     0.13    2.73
 -11640.420     3.819    -0.27    2.82
 -11264.299     4.085     0.71    2.68
 -10888.220     4.340     0.68    2.61
 -10512.183     5.073     1.95    2.48
 -10136.187     6.057     2.62    2.18
  -9760.233     6.233     0.47    1.91
  -9384.321     6.287     0.14    1.41
  -9008.450     6.110    -0.47    1.24
  -8632.620     6.118     0.02    1.27
  -8256.832     6.321     0.54    1.07
  -7881.086     6.360     0.10    0.97
  -7505.382     6.330    -0.08    1.18
  -7129.718     6.226    -0.28    1.20
  -6754.097     6.153    -0.20    1.15
  -6378.516     5.921    -0.62    1.10
  -6002.978     5.726    -0.52    1.15
  -5627.480     5.398    -0.87    1.24
  -5252.025     5.003    -1.05    1.21
  -4876.610     4.769    -0.62    1.29
  -4501.237     4.725    -0.12    1.27
  -4125.906     4.749     0.07    1.17
  -3750.615     4.757     0.02    1.19
  -3375.367     4.826     0.18    1.12
  -3000.159     4.677    -0.40    1.04
  -2624.993     4.643    -0.09    0.97
  -2249.868     4.558    -0.23    1.01
  -1874.784     4.488    -0.19    0.96
  -1499.742     4.275    -0.57    1.04
  -1124.741     3.413    -2.30    1.84
   -749.781     2.519    -2.38    2.24
   -374.863     1.393    -3.00    2.25
      0.014     0.219    -3.13    1.44
    374.850     0.850     1.68    2.29
    749.645     1.937     2.90    2.70
   1124.399     3.084     3.06    2.72
   1499.111     3.868     2.09    2.15
   1873.783     4.117     0.67    1.30
   2248.413     4.495     1.01    2.67
   2623.002    10.305    15.51   15.00
   2997.550    24.483    37.86   31.80
   3372.057    48.126    63.13   44.60
   3746.523    63.076    39.92   41.14
   4120.947    79.333    43.42   30.01
   4495.331    88.135    23.51   23.07
   4869.674    96.928    23.49   23.05
   5243.975   101.868    13.20   20.71
   5618.236    99.524    -6.26   21.43
   5992.456    83.830   -41.94   27.29
   6366.634    73.010   -28.92   26.75
   6740.772    71.047    -5.24   25.47
   7114.869    77.481    17.20   27.98
   7488.925    94.694    46.02   24.75
   7862.940   104.264    25.59   21.86
   8236.914   107.693     9.17   20.79
   8610.847   108.999     3.49   18.84
   8984.739   107.960    -2.78   18.80
   9358.591   104.040   -10.48   19.89
   9732.401    99.905   -11.06   20.79
  10106.171    94.019   -15.75   23.16
  10479.900    85.694   -22.28   23.32
  10853.588    77.538   -21.82   23.73
  11227.236    67.299   -27.40   26.36
  11600.843    52.333   -40.06   30.96
  11974.408    41.897   -27.94   35.22
  12347.934    28.457   -35.98   31.59
  12721.418    16.275   -32.62   22.33
  13094.862     8.249   -21.49   12.23
  13468.265     4.463   -10.14    7.10
  13841.627     2.626    -4.92    5.16
  14214.949     1.023    -4.30    2.25
  14588.230     0.400    -1.67    1.34
  14961.471    -0.128    -1.42    1.18
  15334.671    -0.167    -0.10    0.99
  15707.830    -0.128     0.10    0.91
  16080.949    -0.255    -0.34    1.27
  16454.027    -0.874    -1.66    1.91
  16827.064    -2.040    -3.13    2.10
  17200.061    -3.257    -3.26    1.58
  17573.018    -3.945    -1.84    0.95
  17945.934    -3.849     0.26    0.96
  18318.809    -4.005    -0.42    1.06
  18691.644    -4.288    -0.76    1.16
  19064.439    -4.323    -0.09    1.72
  19437.193    -4.013     0.83    2.34
  19809.907    -2.960     2.83    2.75
  20182.580    -2.103     2.30    2.78
  20555.213    -1.580     1.40    2.52
  20927.805    -1.167     1.11    2.10
  21300.357    -0.984     0.49    1.96
  21672.869    -0.874     0.30    1.62
  22045.340    -0.990    -0.31    1.70
  22417.771    -1.374    -1.03    1.66
  22790.162    -2.019    -1.73    2.10
  23162.512    -2.984    -2.59    2.59
  23534.822    -3.822    -2.25    2.93
  23907.092    -4.831    -2.71    3.08
  24279.322    -5.730    -2.41    2.86
  24651.511    -6.391    -1.78    2.51
  25023.660    -7.098    -1.90    1.28
  25395.769    -6.407     1.86    3.02
  25767.838    -5.535     2.34    4.24
  26139.866    -4.425     2.98    5.43
  26511.855    -3.392     2.78    6.05
  26883.803    -3.272     0.32    5.87
  27255.711    -3.908    -1.71    5.54
  27627.579    -4.739    -2.23    5.00
  27999.406    -5.219    -1.29    3.96
  28371.194    -5.339    -0.32    2.93
  28742.942    -4.177     3.13    2.80
  29114.649    -2.848     3.57    2.62
  29486.317    -1.805     2.81    2.56
  29857.944    -0.857     2.55    2.20
  30229.532    -0.624     0.63    1.93
  30601.079    -0.535     0.24    1.53
  30972.586    -0.899    -0.98    1.43
  31344.054    -1.410    -1.38    1.33
  31715.481    -1.655    -0.66    1.24
  32086.869    -1.730    -0.20    1.26
  32458.216    -1.691     0.10    1.16
  32829.524    -1.719    -0.07    1.28
  33200.791    -1.512     0.56    1.36
  33572.019    -1.685    -0.47    1.40
  33943.207    -1.529     0.42    1.52
  34314.355    -1.655    -0.34    1.49
  34685.463    -1.756    -0.27    1.47
  35056.532    -1.924    -0.45    1.49
  35427.560    -2.142    -0.59    1.57
  35798.549    -2.554    -1.11    1.60
  36169.498    -2.701    -0.40    1.82
  36540.407    -2.802    -0.27    2.06
  36911.276    -2.529     0.74    2.13
  37282.106    -1.915     1.66    2.43
  37652.896    -0.795     3.02    2.20
  38023.646    -0.357     1.18    2.12
  38394.357    -0.357    -0.00    2.36
  38765.027     0.047     1.09    2.89
  39135.658     0.609     1.52    3.20
  39506.250     1.100     1.32    3.09
  39876.802     2.202     2.98    3.18
  40247.314     3.808     4.33    4.81
  40617.786     9.167    14.47    9.14
  40988.219    16.501    19.80   10.15
  41358.612    23.281    18.30    7.73
  41728.966    27.037    10.14    3.29
  42099.280    26.026    -2.73    4.47
  42469.555    23.394    -7.11    6.12
  42839.790    19.067   -11.69    7.16
  43209.985    14.304   -12.86    7.58
  43582.431    10.816    -9.37    6.94
  43960.655     7.558    -8.61    4.74
  44338.836     6.715    -2.23    4.04
  44716.977     5.661    -2.79    5.58
  45095.076     4.767    -2.36    7.34
  45473.134     3.774    -2.63    8.17
  45851.150     1.816    -5.18    8.53
  46229.125     1.212    -1.60    9.13
  46607.059    -0.644    -4.91    9.72
  46984.951    -1.977    -3.53    9.41
  47362.803    -3.577    -4.23    9.05
  47740.613    -4.485    -2.40    8.70
  48118.381    -5.170    -1.81    8.42
  48496.109    -5.812    -1.70    8.09
  48873.795    -6.524    -1.88    7.09
  49251.440    -7.476    -2.52    6.22
  49629.044    -7.499    -0.06    5.92
  50006.607    -7.890    -1.04    5.35
  50384.129    -7.963    -0.19    5.01
  50761.610    -7.945     0.05    4.92
  51139.049    -7.408     1.42    5.35
  51516.447    -6.574     2.21    5.89
  51893.805    -5.788     2.08    6.30
  52271.121    -5.153     1.68    6.41
  52648.396    -4.259     2.37    6.47
  53025.630    -4.106     0.41    6.32
  53402.823    -3.238     2.30    6.57
  53779.975    -1.919     3.50    6.87
  54157.086    -0.960     2.54    6.89
  54534.156    -0.076     2.35    6.56
  54911.185     0.931     2.67    6.78
  55288.174     1.368     1.16    6.03
  55665.121     1.679     0.83    5.21
  56042.027     1.659    -0.05    4.51
  56418.893     1.960     0.80    3.39
  56795.717     4.538     6.84    4.15
  57172.501     7.914     8.96    4.75
  57549.244    10.287     6.30    4.26
  57925.946    12.574     6.07    2.32
  58302.607    12.135    -1.17    2.92
  58679.227    10.310    -4.85    3.96
  59055.807     9.448    -2.29    4.26
  59432.345     9.321    -0.34    4.85
  59808.843    10.310     2.63    5.85
  60185.301    11.784     3.91    5.62
  60561.717    12.457     1.79    5.61
  60938.093    13.558     2.93    4.61
  61314.428    15.275     4.56    3.81
  61690.722    16.471     3.18    3.14
  62066.976    18.216     4.64    3.01
  62443.189    19.808     4.23    2.09
  62819.361    20.660     2.26    1.41
  63195.493    20.907     0.66    1.40
  63571.584    20.730    -0.47    1.76
  63947.635    19.644    -2.89    2.50
  64323.645    17.784    -4.95    3.42
  64699.614    16.541    -3.30    3.24
  65075.543    15.948    -1.58    2.80
  65451.431    14.839    -2.95    4.16
  65827.279    14.178    -1.76    5.45
  66203.086    11.416    -7.35    6.35
  66578.853     8.253    -8.42    5.64
  66954.579     5.694    -6.81    3.67
  67330.264     3.712    -5.27    2.79
  67705.910     2.643    -2.85    2.31
  68081.515     1.728    -2.44    1.46
  68457.079     1.537    -0.51    1.24
  68832.603     2.355     2.18    1.78
  69208.086     3.381     2.73    2.17
  69583.530     4.538     3.08    2.06
  69958.932     5.457     2.45    1.49
  70334.295     5.897     1.17    1.45
  70709.617     6.714     2.18    2.18
  71084.899     8.988     6.06    3.85
  71460.140    12.872    10.35    5.48
  71835.341    17.126    11.34    6.12
  72210.502    24.728    20.26   10.31
  72585.623    35.644    29.10   17.08
  72960.703    49.819    37.79   21.09
  73335.743    67.486    47.10   20.81
  73710.743    76.368    23.68   16.07
  74085.703    83.626    19.36   14.03
  74460.623    88.556    13.15   12.14
  74835.502    85.692    -7.64   14.30
  75210.341    80.126   -14.85   18.42
  75585.140    76.626    -9.34   16.74
  75959.899    78.521     5.06   17.93
  76334.618    84.626    16.29   16.54
  76709.296    88.678    10.81   12.87
  77083.935    86.033    -7.06   16.32
  77458.533    78.437   -20.28   17.60
  77833.092    72.398   -16.12   14.43
  78207.610    73.813     3.78   15.32
  78582.088    79.256    14.53   15.51
  78956.527    86.019    18.06   16.13
  79330.925    91.195    13.82   15.30
  79705.283    96.776    14.91   19.14
  80079.602   107.833    29.54   20.55
  80453.880   115.491    20.46   20.50
  80828.118   123.443    21.25   17.38
  81202.317   125.486     5.46   15.56
  81576.475   120.810   -12.50   16.41
  81950.594   109.922   -29.10   17.42
  82324.673   100.047   -26.40   15.50
  82698.712    92.521   -20.12   12.98
  83072.711    87.888   -12.39    8.22
  83446.670    85.609    -6.10    2.88
  83820.589    86.592     2.63    2.93
  84194.468    88.810     5.93    3.87
  84568.308    90.784     5.28    4.47
  84942.108    93.126     6.27    5.48
  85315.868    95.481     6.30    6.64
  85689.589    98.169     7.19    8.20
  86063.269   100.244     5.55    9.29
  86436.910   102.118     5.01    9.33
  86810.511   105.398     8.78   10.02
  87184.073   107.679     6.10   10.31
  87557.594   112.982    14.20   12.45
  87931.076   117.523    12.16   13.02
  88304.519   122.310    12.82   12.66
  88677.922   127.840    14.81   11.29
  89051.285   129.310     3.93    8.09
  89424.608   131.269     5.25   10.02
  89797.892   137.443    16.54   12.95
  90171.137   147.363    26.58   13.01
  90544.341   156.889    25.52   13.65
  90917.506   164.304    19.87   15.48
  91290.632   170.212    15.83   15.62
  91663.718   176.574    17.05   15.50
  92036.765   182.982    17.17   14.21
  92409.772   181.743    -3.32   14.79
  92782.739   175.626   -16.40   19.72
  93155.667   164.948   -28.63   25.78
  93528.556   157.108   -21.02   25.18
  93901.405   149.858   -19.44   24.29
  94274.215   145.557   -11.54   24.31
  94646.985   139.249   -16.92   24.10
  95019.716   129.363   -26.52   18.31
  95392.408   130.540     3.16   16.85
  95765.060   138.810    22.19   23.62
  96137.673   155.323    44.31   30.24
  96510.246   173.847    49.71   23.84
  96882.780   183.390    25.61   15.99
  97255.275   177.012   -17.12   17.65
  97627.730   167.001   -26.88   14.03
  98000.146   162.493   -12.10   12.34
  98372.523   157.889   -12.36   15.04
  98744.861   151.402   -17.42   19.38
  99117.159   142.919   -22.78   19.53
  99489.418   133.065   -26.47   13.49
  99861.638   125.488   -20.35    3.50
 100233.819   124.030    -3.92    1.97
 100605.960   125.363     3.58    4.36
 100978.063   129.591    11.36    9.29
 101350.126   133.954    11.73   12.13
 101722.150   135.394     3.87   12.23
 102094.135   133.988    -3.78   11.36
 102466.080   130.790    -8.60   10.16
 102837.987   127.468    -8.93    7.15
 103209.854   125.065    -6.46    2.31
 103581.683   124.999    -0.18    1.59
 103953.472   125.521     1.40    1.35
 104325.222   126.305     2.11    1.54
 104696.933   128.675     6.38    3.89
 105068.606   131.340     7.17    5.73
 105440.239   136.247    13.20    8.78
 105811.833   142.145    15.87   10.39
 106183.388   147.931    15.57   12.41
 106554.904   154.153    16.75   13.08
 106926.382   159.543    14.51   13.51
 107297.820   166.381    18.41   13.19
 107669.219   173.275    18.56   13.72
 108040.580   182.299    24.30   10.83
 108411.901   189.488    19.36    9.26
 108783.184   196.749    19.55    8.55
 109154.428   200.868    11.09    8.12
 109525.633   202.781     5.16    9.86
 109896.799   201.872    -2.45   12.96
 110267.926   204.043     5.85   12.86
 110639.014   207.863    10.29   12.40
 111010.064   206.885    -2.63   12.60
 111381.075   203.572    -8.93   15.78
 111752.047   197.726   -15.76   19.61
 112122.980   191.162   -17.69   19.45
 112493.874   185.710   -14.70   17.53
 112864.730   178.868   -18.45   17.73
 113235.547   172.074   -18.32   20.47
 113606.325   161.067   -29.68   18.95
 113977.065   154.186   -18.56   13.76
 114347.766   155.948     4.75   16.55
 114718.428   162.983    18.98   17.71
 115089.052   166.270     8.87   13.81
 115459.637   161.876   -11.86   15.75
 115830.183   150.084   -31.82   17.50
 116200.691   137.941   -32.77   11.35
 116571.160   127.483   -28.22   12.40
 116941.590   118.837   -23.34   10.24
 117311.982   112.902   -16.02    8.32
 117682.335   108.305   -12.41    2.19
 118052.650   111.316     8.13    7.95
 118424.598   117.626    16.96   12.16
 118802.735   127.394    25.83   15.13
 119180.833   139.226    31.29   13.56
 119558.890   149.756    27.85    9.45
 119936.907   158.108    22.09   11.48
 120314.884   164.781    17.65   12.13
 120692.820   169.779    13.22   12.66
 121070.716   178.333    22.63   13.09
 121448.572   182.541    11.14   12.36
 121826.388   182.093    -1.19   13.78
 122204.163   175.662   -17.02   18.18
 122581.898   166.118   -25.26   16.21
 122959.594   158.019   -21.44   16.27
 123337.249   146.714   -29.93   17.15
 123714.863   135.506   -29.68   16.41
 124092.438   127.728   -20.60   14.00
 124469.973   122.090   -14.93   10.51
 124847.467   121.172    -2.43   10.82
 125224.922   124.524     8.88   13.56
 125602.336   126.416     5.01   14.17
 125979.710   125.126    -3.42   12.44
 126357.045   124.508    -1.64   13.82
 126734.339   133.937    24.99   27.95
 127111.593   142.678    23.17   33.07
 127488.807   148.899    16.49   33.13
 127865.982   152.437     9.38   30.88
 128243.116   152.717     0.74   29.88
 128620.210   164.060    30.07   35.90
 128997.265   172.965    23.62   34.82
 129374.279   180.679    20.46   31.96
 129751.254   197.440    44.46   35.54
 130128.189   218.644    56.25   38.59
 130505.083   245.169    70.37   27.58
 130881.938   259.589    38.26   13.20
 131258.753   261.269     4.46   11.20
 131635.529   259.258    -5.34   13.43
 132012.264   258.643    -1.63   16.56
 132388.960   255.416    -8.57   17.34
 132765.616   249.988   -14.41   20.65
 133142.232   234.355   -41.50   27.56
 133518.808   217.305   -45.27   22.69
 133895.344   204.694   -33.49   17.72
 134271.841   194.953   -25.87   18.33
 134648.298   188.153   -18.06   23.06
 135024.716   182.006   -16.33   23.14
 135401.093   185.813    10.11   25.22
 135777.431   189.363     9.43   26.42
 136153.730   198.215    23.52   32.48
 136529.988   214.711    43.83   35.79
 136906.207   225.233    27.96   32.94
 137282.387   232.033    18.07   26.59
 137658.527   236.574    12.07   23.44
 138034.627   242.345    15.34   22.55
 138410.687   255.109    33.94   21.27
 138786.708   261.508    17.01   16.29
 139162.690   265.965    11.86   12.18
 139538.632   267.885     5.11   14.06
 139914.534   267.389    -1.32   14.49
 140290.397   268.907     4.04   14.39
 140666.221   272.592     9.80   11.59
 141042.005   273.389     2.12    8.08
 141417.749   274.092     1.87    6.95
 141793.454   270.592    -9.31    8.11
 142169.120   265.501   -13.55    7.63
 142544.746   264.751    -2.00    7.98
 142920.333   265.237     1.29    8.45
 143295.880   264.796    -1.18    9.24
 143671.388   259.180   -14.95   13.80
 144046.857   253.437   -15.29   13.11
 144422.286   254.006     1.52   12.34
 144797.676   256.299     6.11   11.67
 145173.026   257.050     2.00   11.31
 145548.338   250.881   -16.44   14.65
 145923.610   237.161   -36.55   20.49
 146298.842   226.348   -28.81   19.75
 146674.036   219.460   -18.36   16.19
 147049.190   203.858   -41.58   18.54
 147424.305   194.057   -26.12   20.24
 147799.380   184.971   -24.22   16.51
 148174.417   180.037   -13.15    8.00
 148549.414   185.443    14.41   13.74
 148924.372   192.008    17.51   18.11
 149299.291   197.402    14.39   19.50
 149674.171   204.172    18.06   20.94
 150049.011   209.677    14.69   19.02
 150423.813   217.912    21.97   19.40
 150798.575   230.914    34.69   19.48
 151173.299   244.092    35.16   14.83
 151547.983   253.215    24.35   14.21
 151922.628   252.304    -2.43   19.38
 152297.234   248.985    -8.86   21.38
 152671.801   249.850     2.31   18.62
 153046.329   252.517     7.12   17.83
 153420.818   264.779    32.74   19.53
 153795.267   273.948    24.48   15.72
 154169.678   275.355     3.76   14.14
 154544.050   266.557   -23.50   18.75
 154918.383   254.394   -32.49   18.20
 155292.677   244.960   -25.20   13.31
 155666.932   242.626    -6.23   11.17
 156041.148   246.574    10.55   12.24
 156415.326   252.311    15.33   12.71
 156789.464   259.454    19.09   12.65
 157163.563   264.412    13.25   10.27
 157537.624   267.389     7.96    8.12
 157911.646   269.538     5.75    7.34
 158285.629   270.555     2.72    7.70
 158659.573   270.541    -0.04    8.07
 159033.478   269.680    -2.30    9.09
 159407.344   267.837    -4.93   11.54
 159781.172   266.793    -2.79   12.77
 160154.961   265.661    -3.03   11.16
 160528.711   264.698    -2.58    9.59
 160902.422   265.020     0.86    9.37
 161276.095   266.117     2.94   10.71
 161649.729   270.948    12.93   11.34
 162023.324   274.043     8.28    8.00
 162396.881   273.784    -0.69    8.11
 162770.398   269.023   -12.75   10.72
 163143.878   262.682   -16.98   10.62
 163517.318   258.907   -10.11    9.40
 163890.720   260.735     4.90   10.60
 164264.083   266.093    14.35   13.04
 164637.408   277.090    29.45   11.56
 165010.694   282.626    14.83    9.98
 165383.942   283.694     2.86    9.64
 165757.151   280.340    -8.98   12.55
 166130.321   269.863   -28.07   16.95
 166503.453   260.826   -24.22   15.30
 166876.546   256.767   -10.88   11.67
 167249.601   257.242     1.27   11.55
 167622.617   261.558    11.57   12.71
 167995.595   265.483    10.52   12.49
 168368.534   265.540     0.15   11.38
 168741.435   264.488    -2.82   10.08
 169114.297   262.937    -4.16    7.92
 169487.121   263.488     1.48    7.68
 169859.907   265.590     5.64    8.81
 170232.654   268.805     8.62    8.47
 170605.363   272.645    10.30    8.56
 170978.033   277.745    13.68   10.44
 171350.665   283.769    16.16    9.53
 171723.259   286.694     7.85    7.81
 172095.814   285.764    -2.50    8.99
 172468.331   283.047    -7.29    8.92
 172840.810   281.143    -5.11    7.99
 173213.250   281.488     0.93    8.25
 173585.652   281.328    -0.43    8.25
 173958.016   276.340   -13.39    9.03
 174330.342   272.712    -9.74    6.96
 174702.629   272.026    -1.84    7.90
 175074.878   272.321     0.79    8.51
 175447.089   273.682     3.65    8.32
 175819.262   271.223    -6.61    8.99
 176191.396   267.398   -10.28    8.92
 176563.493   264.100    -8.86    8.58
 176935.551   260.556    -9.52    7.65
 177307.571   258.275    -6.13    5.59
 177679.553   259.293     2.73    5.95
 178051.496   261.019     4.64    6.72
 178423.402   262.310     3.47    6.70
 178795.270   261.863    -1.20    6.98
 179167.099   260.073    -4.81    5.43
 179538.890   260.904     2.24    6.00
 179910.644   264.573     9.87    6.92
 180282.359   269.876    14.27    6.15
 180654.036   272.321     6.58    5.29
 181025.675   272.293    -0.08    6.62
 181397.277   268.751    -9.53    9.24
 181768.840   263.195   -14.95   11.43
 182140.365   258.448   -12.78   11.05
 182511.852   252.253   -16.67   11.44
 182883.302   243.008   -24.89   13.32
 183254.713   235.696   -19.68   12.28
 183626.087   230.404   -14.25    8.58
 183997.422   230.270    -0.36    9.54
 184368.720   233.180     7.83   13.47
 184739.980   235.558     6.41   14.41
 185111.202   237.385     4.92   13.33
 185482.386   234.907    -6.67   11.70
 185853.532   230.678   -11.39   10.46
 186224.640   226.995    -9.92    7.06
 186595.711   225.433    -4.21    4.38
 186966.744   225.787     0.95    4.05
 187337.738   226.833     2.82    3.68
 187708.696   227.044     0.57    4.50
 188079.615   226.575    -1.26    5.94
 188450.497   226.362    -0.58    6.59
 188821.341   224.430    -5.21    5.98
 189192.147   223.733    -1.88    4.81
 189562.915   224.872     3.07    4.90
 189933.646   227.358     6.71    5.58
 190304.339   229.126     4.77    6.08
 190674.995   227.188    -5.23    7.47
 191045.612   222.073   -13.80    9.02
 191416.192   215.253   -18.40    9.60
 191786.735   210.135   -13.81    9.27
 192157.240   206.143   -10.77    7.98
 192527.707   203.108    -8.19    7.45
 192898.137   199.574    -9.54    7.40
 193269.675   197.799    -4.78    6.95
 193647.726   201.575     9.99    9.48
 194025.737   208.823    19.17   12.69
 194403.709   215.240    16.98   10.93
 194781.642   219.195    10.46    7.05
 195159.536   217.680    -4.01    7.27
 195537.390   211.847   -15.43    8.56
 195915.205   205.588   -16.56    7.60
 196292.981   200.323   -13.93    6.62
 196670.718   197.556    -7.32    5.35
 197048.416   196.126    -3.78    5.82
 197426.074   195.977    -0.39    6.38
 197803.694   198.448     6.54    8.77
 198181.274   204.626    16.36   11.85
 198558.815   211.463    18.10   11.31
 198936.317   216.893    14.38    9.39
 199313.780   219.995     8.22    7.14
 199691.204   220.345     0.93    7.54
 200068.589   219.389    -2.53    8.39
 200445.935   218.876    -1.36    7.48
 200823.242   217.557    -3.50    8.01
 201200.510   215.960    -4.23    8.80
 201577.739   213.126    -7.51   10.55
 201954.928   211.894    -3.27   11.55
 202332.079   209.781    -5.60   12.08
 202709.191   206.293    -9.25   11.97
 203086.264   200.767   -14.65   11.60
 203463.298   194.118   -17.63   10.68
 203840.294   189.805   -11.44    9.07
 204217.250   187.524    -6.05    9.41
 204594.167   186.026    -3.97    9.97
 204971.046   183.912    -5.61    9.59
 205347.886   181.767    -5.69    7.84
 205724.687   179.781    -5.27    6.04
 206101.449   178.323    -3.87    4.16
 206478.172   177.256    -2.83    2.38
 206854.856   176.714    -1.44    2.08
 207231.502   176.942     0.61    3.05
 207608.109   176.937    -0.01    2.98
 207984.677   177.858     2.45    3.51
 208361.206   178.376     1.38    3.33
 208737.697   180.186     4.80    3.48
 209114.149   180.948     2.02    3.77
 209490.562   181.823     2.32    5.11
 209866.937   181.719    -0.28    5.89
 210243.272   181.019    -1.86    5.05
 210619.570   181.293     0.73    4.08
 210995.828   182.730     3.82    4.44
 211372.048   186.345     9.61    5.09
 211748.229   189.876     9.38    4.26
 212124.372   192.677     7.44    3.27
 212500.476   193.394     1.91    3.53
 212876.542   190.745    -7.04    6.12
 213252.569   186.044   -12.50    7.45
 213628.557   183.501    -6.76    5.94
 214004.507   184.696     3.18    7.52
 214380.418   189.170    11.90    8.11
 214756.291   194.805    14.99    6.24
 215132.125   198.426     9.63    5.31
 215507.921   198.802     1.00    5.14
 215883.678   196.990    -4.82    5.08
 216259.397   192.126   -12.94    6.83
 216635.078   189.328    -7.45    5.36
 217010.720   189.486     0.42    5.74
 217386.323   191.592     5.61    6.57
 217761.889   194.317     7.25    7.05
 218137.415   195.506     3.16    7.60
 218512.904   193.497    -5.35    9.60
 218888.354   190.872    -6.99    7.38
 219263.766   191.026     0.41    5.64
 219639.139   193.440     6.43    6.43
 220014.474   197.538    10.92    6.54
 220389.771   200.180     7.04    6.08
 220765.029   199.574    -1.61    8.44
 221140.249   197.162    -6.43    9.59
 221515.431   194.101    -8.16   10.39
 221890.575   193.395    -1.88   12.80
 222265.680   198.019    12.32   19.56
 222640.747   207.715    25.85   24.21
 223015.776   216.170    22.54   23.63
 223390.767   221.942    15.39   20.86
 223765.720   223.258     3.51   21.77
 224140.634   214.767   -22.64   20.76
 224515.510   213.269    -3.99   23.42
 224890.348   209.764    -9.35   23.79
 225265.148   206.922    -7.58   27.98
 225639.910   195.712   -29.91   30.30
 226014.633   180.398   -40.86   25.02
 226389.319   176.100   -11.47   18.89
 226763.967   185.977    26.36   25.39
 227138.576   200.233    38.05   26.05
 227513.147   212.983    34.03   19.07
 227887.681   220.664    20.50   14.40
 228262.176   215.508   -13.77   19.80
 228636.633   204.099   -30.46   26.09
 229011.053   193.281   -28.88   25.51
 229385.434   185.416   -21.01   20.53
 229759.777   181.661   -10.03   17.22
 230134.082   188.574    18.46   18.98
 230508.350   195.345    18.09   18.25
 230882.579   200.983    15.06   14.12
 231256.771   205.063    10.90   12.06
 231630.924   206.840     4.75   10.69
 232005.040   205.456    -3.70   10.45
 232379.118   204.764    -1.85    9.71
 232753.158   202.190    -6.88    9.73
 233127.160   196.872   -14.22   10.96
 233501.124   190.889   -15.99    9.43
 233875.051   185.644   -14.02    5.30
 234248.939   183.644    -5.35    3.85
 234622.790   184.811     3.12    4.51
 234996.603   184.787    -0.07    4.12
 235370.378   185.079     0.78    3.67
 235744.116   185.714     1.70    3.82
 236117.815   186.519     2.15    3.97
 236491.477   187.135     1.65    3.92
 236865.102   187.037    -0.26    3.66
 237238.688   187.144     0.29    3.32
 237612.237   188.796     4.42    5.16
 237985.748   191.215     6.48    7.44
 238359.222   197.661    17.25   11.50
 238732.657   205.330    20.53   10.95
 239106.056   209.293    10.61    8.13
 239479.416   209.244    -0.13    6.38
 239852.739   204.247   -13.38    8.59
 240226.024   199.162   -13.62    6.38
 240599.272   198.198    -2.58    5.82
 240972.482   202.350    11.12    9.44
 241345.654   207.840    14.71    9.97
 241718.789   212.333    12.04    9.11
 242091.887   213.280     2.54    9.17
 242464.947   210.609    -7.16   10.17
 242837.969   207.226    -9.07   10.55
 243210.954   202.644   -12.28    9.56
 243583.901   198.644   -10.72   10.93
 243956.811   192.784   -15.71   12.52
 244329.684   183.977   -23.61   13.11
 244702.519   178.412   -14.92   14.93
 245075.316   169.712   -23.33   12.97
 245448.076   165.767   -10.58   10.85
 245820.799   166.188     1.13   13.03
 246193.484   170.904    12.65   15.49
 246566.132   175.751    13.00   13.27
 246938.743   177.588     4.93   11.09
 247311.316   175.451    -5.74   11.64
 247683.852   170.463   -13.39   13.71
 248056.350   163.328   -19.15   14.51
 248428.811   158.626   -12.62   15.40
 248801.235   153.408   -14.01   13.62
 249173.622   148.195   -13.99   10.10
 249545.971   145.793    -6.45    9.18
 249918.283   145.019    -2.08   10.21
 250290.558   142.534    -6.67    8.96
 250662.795   139.180    -9.01    4.54
 251034.995   138.376    -2.16    3.64
 251407.158   140.240     5.01    5.97
 251779.284   142.108     5.02    6.70
 252151.373   143.894     4.80    6.30
 252523.424   147.609     9.98    6.28
 252895.438   150.912     8.88    7.25
 253267.415   157.350    17.30    8.55
 253639.355   163.777    17.27    7.67
 254011.258   168.784    13.46    7.69
 254383.124   171.256     6.65    7.58
 254754.952   172.100     2.27    7.44
 255126.744   169.698    -6.46    7.99
 255498.498   165.847   -10.36    8.03
 255870.216   162.287    -9.57    8.44
 256241.896   158.591    -9.94    8.40
 256613.539   158.198    -1.06    7.97
 256985.145   162.026    10.30    8.33
 257356.715   166.433    11.86    7.57
 257728.247   168.475     5.49    5.84
 258099.742   168.019    -1.23    5.47
 258471.200   165.165    -7.68    7.83
 258842.622   159.802   -14.44    9.85
 259214.006   155.662   -11.14    8.47
 259585.353   154.661    -2.69    7.24
 259956.664   155.358     1.88    6.17
 260327.937   157.819     6.63    5.23
 260699.174   158.345     1.42    5.73
 261070.373   157.269    -2.90    6.32
 261441.536   153.872    -9.15    6.70
 261812.662   148.465   -14.56    7.11
 262183.751   143.305   -13.90    8.84
 262554.804   137.472   -15.71   10.10
 262925.819   131.016   -17.40    9.22
 263296.798   125.534   -14.77    5.62
 263667.740   123.402    -5.74    1.76
 264038.645   122.645    -2.04    1.35
 264409.513   122.269    -1.01    1.31
 264780.344   122.398     0.35    1.25
 265151.139   122.269    -0.35    1.33
 265521.897   122.433     0.44    1.41
 265892.619   122.837     1.09    1.16
 266263.303   123.448     1.65    1.29
 266633.951   124.268     2.21    1.56
 267004.562   125.558     3.48    2.14
 267375.137   127.465     5.14    3.29
 267745.675   130.100     7.11    4.66
 268116.874   132.664     6.91    5.16
 268494.840   134.930     5.99    4.61
 268872.768   136.948     5.34    4.26
 269250.658   139.090     5.67    4.39
 269628.509   142.644     9.40    4.24
 270006.322   145.372     7.22    3.63
 270384.097   147.537     5.73    2.82
 270761.834   149.483     5.15    3.07
 271139.532   150.714     3.26    3.62
 271517.193   152.696     5.25    3.53
 271894.815   153.055     0.95    3.96
 272272.399   149.937    -8.26    8.99
 272649.945   144.700   -13.87   11.87
 273027.453   138.423   -16.62   11.79
 273404.923   132.871   -14.70    7.64
 273782.355   130.965    -5.05    2.83
 274159.749   132.358     3.69    3.46
 274537.104   133.912     4.12    3.67
 274914.422   135.537     4.31    3.51
 275291.701   136.408     2.31    3.36
 275668.943   137.930     4.03    3.55
 276046.147   139.362     3.80    4.25
 276423.312   141.556     5.82    5.16
 276800.440   144.930     8.94    5.85
 277177.529   147.844     7.73    6.09
 277554.581   151.345     9.28    5.12
 277931.595   153.983     6.99    4.57
 278308.571   156.779     7.41    3.81
 278685.509   159.203     6.43    3.51
 279062.409   161.340     5.67    3.62
 279439.271   162.626     3.41    3.78
 279816.095   163.503     2.33    4.63
 280192.882   162.995    -1.35    5.91
 280569.630   159.715    -8.70    7.82
 280946.341   155.661   -10.76    7.77
 281323.014   153.819    -4.89    5.57
 281699.649   154.919     2.92    6.12
 282076.247   157.948     8.04    6.74
 282452.806   161.769    10.15    7.56
 282829.328   165.977    11.17    9.11
 283205.812   171.081    13.55    7.76
 283582.259   171.488     1.08    7.99
 283958.667   167.184   -11.43   10.88
 284335.038   163.223   -10.52    9.27
 284711.372   161.644    -4.19    8.13
 285087.667   163.305     4.41    8.53
 285463.925   164.912     4.27    9.01
 285840.145   161.912    -7.97    9.90
 286216.328   158.415    -9.29    7.84
 286592.473   155.815    -6.91    5.58
