# NaN NaN NaN ;Mean Elev.(m), Avg Gradient(m/km), RMS Gradient(m/km) - SRTM1     
#    7.210 -12.260  64.582 ;Mean Elev.(m), Avg Gradient(m/km), RMS Gradient(m/km) - ASTER GDEM
#    0.038 -13.292  67.308 ;Mean Elev.(m), Avg Gradient(m/km), RMS Gradient(m/km) - GMTED2010 
  7 140.426998  53.136363     3.095     4.781 13 52444.05859834 31.816
  8 140.426858  53.127808   301.590   301.486  9 52479.05859359 22.671
  9 140.427010  53.115387     3.184     3.184  2 52514.05854131 22.582
 10 140.436776  53.128513     0.977     0.977 12 52549.05858272 23.220
 11 140.437327  53.128210    -0.110    -0.124 12 52584.05857360 27.158
 12 140.426911  53.137351     2.029     2.034 12 52619.05854914 20.787
 13 140.443309  53.127123     0.610     0.435 10 52654.05853199 18.745
 14 140.428813  53.134475     0.599     0.584 14 52689.05852789 12.408
 15 140.435206  53.130276     0.641     0.647 13 52724.05857356 11.950
 16 140.428377  53.155028     1.501     1.501  2 52759.05858913 40.202
 18 140.438103  53.113198     0.941     0.941  2 52829.05861806 29.495
 20 140.430018  53.132524     1.816     1.675 13 52899.05868869 28.890
 21 140.426340  53.137554     2.088     2.017 13 52934.05863220 22.408
 22 140.444287  53.141278     1.689     1.737  3 52969.05864399 25.177
 23 140.428062  53.134548     0.882     0.809 14 53004.05866578 21.106
 24 140.424486  53.136913     0.759     0.730 12 53039.05861454 17.258
 25 140.431658  53.135303     0.839     0.858 14 53074.05864433 16.910
 26 140.424138  53.138624     0.824     0.758 11 53109.05861432  5.644
 27 140.431168  53.121521     1.227     1.105  6 53144.05865712 28.313
 28 140.439577  53.136317     3.789     3.204 10 53179.05867108 33.011
 30 140.430368  53.135235     0.812     0.894 13 53249.05866251 25.320
 31 140.436454  53.130499     1.239     0.947 13 53284.05865742 31.329
 33 140.434880  53.133341     0.908     0.899 14 53354.05861599 23.383
 34 140.439215  53.128023     0.024     0.043 11 53389.05861808 17.604
 35 140.437018  53.128376     0.263     0.278 12 53424.05861724 15.781
 36 140.443825  53.125144     0.351     0.396  9 53459.05862268 16.721
 38 140.437246  53.127455     3.552     3.428 12 53529.05868383 20.745
 39 140.425313  53.132954     2.146     2.138 11 53564.05871365 44.317
 40 140.429157  53.124837     5.203     3.011  8 53599.05865635 33.534
 41 140.436770  53.129322     0.682     0.709 12 53634.05865143 25.339
 42 140.427668  53.126224     1.045     1.117  8 53669.05867413 22.814
 43 140.436923  53.132701     2.254     1.920 13 53704.05861261 36.758
 44 140.429671  53.135784     0.414     0.341 14 53739.05852137 14.704
 45 140.441045  53.127375     0.181     0.194 11 53774.05854034 12.485
 46 140.431015  53.134250     0.445     0.366 13 53809.05852412  9.376
 48 140.439441  53.127484     2.811     2.954 10 53879.05859532 18.310
 49 140.430762  53.135978     1.690     1.721 12 53914.05864877 23.404
 50 140.422726  53.130160     2.213     1.664  8 53949.05866184 42.938
 51 140.427997  53.131579     1.899     1.794 11 53984.05860102 37.782
 52 140.438283  53.123534     1.012     0.963  9 54019.05863518 17.562
 53 140.443045  53.126999     1.129     0.963 10 54054.05862548 33.382
 54 140.433520  53.135157     0.771     0.778 14 54089.05861576 15.987
 55 140.441611  53.125727    -0.176    -0.184 10 54124.05853986 15.105
 56 140.434183  53.132308     0.491     0.443 14 54159.05858123 13.592
 57 140.440937  53.128081     0.680     0.700 11 54194.05854243 13.400
 58 140.434076  53.127664     2.964     3.061  4 54229.05859407 35.294
 59 140.435147  53.128283     2.106     2.076 12 54264.05861222 14.932
 60 140.434845  53.127865     1.227     1.087 10 54299.05861607 25.639
 61 140.428340  53.123854     1.801     1.719  8 54334.05860751 29.405
 63 140.435957  53.137725     2.336     2.282 12 54404.05854856 46.369
 64 140.441809  53.125785     0.039     0.050 10 54439.05850773 27.035
 65 140.437754  53.128506     0.855     0.895 12 54474.05853650 15.721
 66 140.440883  53.126998     0.123     0.203 10 54509.05851975 14.903
 67 140.435593  53.132997     0.993     0.875 14 54544.05855008 15.400
 68 140.436683  53.128905     1.276     1.278 11 54579.05851932 36.140
 69 140.439616  53.139846     2.320     2.498 10 54614.05853869 23.388
 70 140.435157  53.130049     1.337     1.079 12 54649.05854974 37.356
 71 140.424998  53.118770     4.520     4.463  5 54684.05854977 35.328
 72 140.435094  53.112666     1.795     1.795  2 54719.05849742 23.207
 73 140.428682  53.116760     7.907     3.207  4 54754.05852370 23.543
 74 140.439645  53.126958     0.999     1.000 11 54789.05848831 34.282
 75 140.437349  53.128830     0.211     0.273 12 54824.05851629 14.918
 76 140.442439  53.126803     1.012     0.987  9 54859.05848116 12.211
 77 140.432525  53.134380     0.296     0.351 14 54894.05851751 11.839
 78 140.438094  53.127473     1.215     1.213 12 54929.05848086  5.091
 80 140.432999  53.133886     0.779     0.561 13 54999.05853770 34.878
 81 140.430245  53.117595     5.367     3.995  5 55034.05852828 20.345
 82 140.430089  53.130584     4.655     3.294 11 55069.05851483 28.758
 83 140.431806  53.113467     1.955     1.903  3 55104.05845796 17.734
 84 140.434360  53.130216     0.718     0.903 12 55139.05846248 37.632
 85 140.441631  53.126923     1.196     1.087 10 55174.05842308 22.561
 86 140.436568  53.131042     0.480     0.410 12 55209.05845706 17.643
 87 140.438579  53.128027     0.458     0.440 12 55244.05842882 12.673
 88 140.432830  53.134567     0.284     0.238 13 55279.05845024 10.096
 89 140.430457  53.119705    -0.393    -0.712  6 55314.05841669  6.765
 90 140.434036  53.133785     2.148     2.089 13 55349.05842117 19.897
 91 140.438121  53.127774     0.385     0.311 12 55384.05841431 25.001
 92 140.433985  53.124605     1.526     1.412 10 55419.05844156 23.584
 93 140.429344  53.130462     2.310     1.574 11 55454.05841962 37.989
 94 140.427186  53.134090     2.005     2.289 14 55489.05833930 27.283
