-190587.590   142.595     0.00    5.53
-190214.299   140.982    -4.32    4.83
-189841.049   138.485    -6.69    3.53
-189467.842   137.120    -3.66    2.46
-189094.676   136.102    -2.73    1.22
-188721.551   135.667    -1.17    1.37
-188348.468   135.341    -0.87    1.24
-187975.427   135.313    -0.07    1.16
-187602.427   135.417     0.28    1.17
-187229.469   136.170     2.02    1.82
-186856.552   138.110     5.20    3.93
-186483.677   140.907     7.50    5.08
-186110.843   144.890    10.69    5.58
-185738.051   148.583     9.91    5.33
-185365.301   151.640     8.20    4.40
-184992.591   153.698     5.52    4.02
-184619.924   155.551     4.97    3.41
-184247.297   156.792     3.33    3.28
-183874.713   157.296     1.35    3.39
-183502.169   157.846     1.47    3.65
-183129.667   158.284     1.18    4.00
-182757.206   158.497     0.57    4.25
-182384.787   159.010     1.38    4.56
-182012.409   159.729     1.93    4.48
-181640.073   160.797     2.87    3.93
-181267.777   161.327     1.42    3.77
-180895.523   161.124    -0.54    3.59
-180523.310   160.974    -0.40    3.87
-180151.139   160.805    -0.46    3.97
-179779.009   159.957    -2.28    4.79
-179406.920   158.223    -4.66    5.33
-179034.872   157.809    -1.11    5.08
-178662.866   158.890     2.90    5.29
-178290.900   161.376     6.69    5.73
-177918.976   164.364     8.04    4.52
-177547.093   164.334    -0.08    4.90
-177175.251   164.351     0.04    5.39
-176803.451   164.788     1.18    5.28
-176431.691   165.711     2.48    5.76
-176059.973   166.067     0.96    5.98
-175688.295   164.327    -4.68    7.16
-175316.659   161.466    -7.70    6.58
-174945.064   160.334    -3.05    5.69
-174573.509   161.190     2.30    6.78
-174201.996   163.822     7.09    7.29
-173830.524   165.178     3.65    6.93
-173459.093   164.122    -2.84    7.40
-173087.703   162.449    -4.51    6.38
-172716.353   160.430    -5.44    6.08
-172345.045   158.481    -5.25    5.29
-171973.778   158.124    -0.96    4.46
-171602.551   158.747     1.68    5.54
-171231.366   162.717    10.70    9.02
-170860.221   168.242    14.89    9.72
-170489.117   173.861    15.15    8.57
-170118.054   176.313     6.61    7.14
-169747.032   174.551    -4.75    8.56
-169376.051   172.263    -6.17    7.89
-169005.111   171.430    -2.24    6.30
-168634.211   172.151     1.94    5.92
-168263.352   174.754     7.02    6.34
-167892.534   178.585    10.33    7.49
-167521.757   182.500    10.56    7.23
-167151.021   183.157     1.77    7.40
-166780.325   180.154    -8.10    8.59
-166409.670   174.321   -15.74    8.46
-166039.055   168.678   -15.23    6.73
-165668.482   165.305    -9.10    6.69
-165297.949   162.585    -7.34    6.38
-164927.456   160.567    -5.45    6.07
-164557.004   157.991    -6.95    5.62
-164186.593   155.924    -5.58    4.69
-163816.223   155.901    -0.06    5.08
-163445.893   157.715     4.90    6.81
-163075.604   162.635    13.29    7.91
-162705.355   166.637    10.81    8.98
-162335.147   168.857     6.00    8.37
-161964.979   168.482    -1.01    8.77
-161594.852   163.144   -14.42   12.15
-161220.454   154.854   -22.14   11.40
-160842.093   148.354   -17.18   10.21
-160463.774   142.809   -14.66    5.95
-160085.497   141.171    -4.33    3.34
-159707.263   141.124    -0.12    4.27
-159329.071   141.034    -0.24    4.05
-158950.922   139.913    -2.97    3.60
-158572.815   138.914    -2.64    2.41
-158194.750   139.217     0.80    1.70
-157816.728   139.533     0.84    1.66
-157438.748   140.534     2.65    1.99
-157060.811   141.701     3.09    2.19
-156682.916   142.754     2.79    2.64
-156305.063   143.432     1.79    2.68
-155927.253   144.296     2.29    2.99
-155549.484   145.901     4.25    3.39
-155171.758   147.873     5.22    4.06
-154794.075   149.760     5.00    4.22
-154416.433   151.296     4.07    4.29
-154038.834   151.878     1.54    3.94
-153661.277   153.167     3.41    4.30
-153283.762   155.024     4.92    4.87
-152906.289   157.334     6.12    4.93
-152528.858   159.621     6.06    5.40
-152151.470   160.190     1.51    5.33
-151774.123   159.884    -0.81    4.97
-151396.819   159.619    -0.70    4.75
-151019.557   158.309    -3.47    4.89
-150642.337   157.634    -1.79    4.92
-150265.159   157.007    -1.66    4.66
-149888.022   157.819     2.15    4.97
-149510.928   158.747     2.46    5.13
-149133.876   159.849     2.92    5.53
-148756.866   161.483     4.33    6.35
-148379.898   162.387     2.40    6.87
-148002.972   163.093     1.87    5.88
-147626.088   164.499     3.73    5.90
-147249.246   167.242     7.28    7.13
-146872.446   170.873     9.64    7.29
-146495.687   172.551     4.45    5.92
-146118.971   171.083    -3.90    6.65
-145742.296   167.890    -8.48    6.43
-145365.663   165.585    -6.12    6.85
-144989.072   163.720    -4.95    8.35
-144612.523   161.839    -5.00    8.59
-144236.016   157.364   -11.89    8.98
-143859.550   152.396   -13.20    8.67
-143483.126   146.731   -15.05    7.32
-143106.744   141.652   -13.50    4.04
-142730.404   139.758    -5.04    3.22
-142354.106   138.364    -3.70    2.05
-141977.849   138.415     0.14    1.54
-141601.634   139.671     3.34    2.02
-141225.460   140.533     2.29    2.50
-140849.328   142.731     5.84    2.99
-140473.238   145.104     6.31    2.62
-140097.190   147.551     6.51    3.31
-139721.183   150.171     6.97    3.66
-139345.217   151.930     4.68    3.62
-138969.294   153.483     4.13    3.85
-138593.412   154.466     2.62    4.36
-138217.571   155.201     1.96    4.50
-137841.772   155.878     1.80    5.46
-137466.014   158.026     5.72    5.92
-137090.298   159.461     3.82    5.63
-136714.624   162.235     7.38    4.81
-136338.991   165.059     7.52    4.78
-135963.399   166.879     4.84    5.63
-135587.849   169.839     7.88    6.13
-135212.341   172.367     6.73    6.60
-134836.873   174.911     6.78    7.34
-134461.447   176.689     4.73    7.41
-134086.063   179.092     6.40    7.18
-133710.720   181.625     6.75    6.60
-133335.418   184.764     8.37    6.73
-132960.158   189.086    11.52    6.41
-132584.939   191.634     6.79    6.49
-132209.761   190.067    -4.18    9.67
-131834.625   186.372    -9.85   13.68
-131459.529   178.984   -19.70   15.69
-131084.475   171.533   -19.87   15.09
-130709.463   166.961   -12.19   13.25
-130334.491   164.516    -6.52   11.96
-129959.561   162.911    -4.28   10.66
-129584.672   163.280     0.98    9.77
-129209.824   162.296    -2.62    7.68
-128835.018   163.201     2.41    7.67
-128460.252   163.991     2.11    7.76
-128085.528   164.844     2.28    8.23
-127710.845   166.393     4.13    8.75
-127336.203   167.961     4.19    9.43
-126961.602   167.997     0.10    9.00
-126587.042   169.467     3.93    9.76
-126212.523   171.206     4.64   10.22
-125838.046   172.068     2.30   10.77
-125463.609   172.534     1.24   10.07
-125089.213   172.305    -0.61    8.84
-124714.858   172.206    -0.26    8.33
-124340.545   173.568     3.64    8.36
-123966.272   174.731     3.11    8.14
-123592.040   175.694     2.57    8.39
-123217.850   177.292     4.27    8.20
-122843.700   181.428    11.06    9.44
-122469.591   187.108    15.19   10.70
-122095.523   194.007    18.44    7.69
-121721.496   196.246     5.99    6.78
-121347.509   194.010    -5.98    9.32
-120973.564   186.775   -19.35   11.89
-120599.660   176.585   -27.26   13.01
-120225.796   170.805   -15.46    9.96
-119851.973   170.851     0.12    9.40
-119478.191   175.176    11.57   10.98
-119104.449   183.403    22.02    9.94
-118730.749   189.827    17.19    7.55
-118357.089   191.758     5.17    7.49
-117983.470   190.212    -4.14    9.30
-117609.892   186.330   -10.39    9.98
-117236.354   180.827   -14.74    9.79
-116862.857   177.154    -9.83    8.56
-116489.401   173.518    -9.74   11.11
-116115.985   170.640    -7.71   13.97
-115742.611   166.434   -11.27   14.90
-115369.276   161.205   -14.01   14.18
-114995.983   155.907   -14.20   10.75
-114622.730   153.654    -6.04    7.53
-114249.517   152.889    -2.05    5.25
-113876.345   155.212     6.22    6.34
-113503.214   156.689     3.96    6.64
-113130.123   158.862     5.83    6.96
-112757.073   161.223     6.33    7.76
-112384.063   164.747     9.45    8.93
-112011.094   169.426    12.55   10.30
-111638.165   174.321    13.13   10.81
-111265.277   179.393    13.60    9.57
-110892.429   182.084     7.22    8.15
-110519.622   181.822    -0.70    9.82
-110146.855   181.396    -1.14   12.72
-109774.129   181.240    -0.42   13.13
-109401.442   180.801    -1.18   14.26
-109028.797   182.585     4.79   13.53
-108656.191   181.919    -1.79   14.33
-108283.626   179.616    -6.18   14.67
-107911.102   176.426    -8.57   13.50
-107538.617   173.861    -6.89   11.18
-107166.173   173.336    -1.41    9.69
-106793.770   176.026     7.22   10.98
-106421.406   179.836    10.23   10.43
-106049.083   181.076     3.33    9.62
-105676.800   182.178     2.96    8.12
-105304.558   185.551     9.06    8.67
-104932.355   191.809    16.82    8.92
-104560.193   195.270     9.30    7.23
-104188.071   195.839     1.53    6.61
-103815.989   194.866    -2.61    8.25
-103443.947   191.174    -9.93    9.45
-103071.946   187.463    -9.98    9.22
-102699.985   184.361    -8.34    9.45
-102328.063   179.691   -12.56   11.34
-101956.182   172.809   -18.51   12.77
-101584.341   167.217   -15.04   10.65
-101212.540   164.151    -8.25   10.03
-100840.779   164.617     1.26   12.70
-100469.058   166.165     4.16   14.15
-100097.377   168.212     5.51   14.56
 -99725.737   170.200     5.35   13.17
 -99354.136   167.068    -8.43   11.98
 -98982.575   161.989   -13.67   13.08
 -98611.054   155.846   -16.54   14.81
 -98239.573   150.696   -13.86   14.94
 -97868.132   145.212   -14.77   12.56
 -97496.731   140.638   -12.31    6.84
 -97125.370   139.620    -2.74    3.12
 -96754.049   142.077     6.62    3.99
 -96382.768   144.934     7.70    4.01
 -96011.527   148.042     8.37    3.37
 -95640.325   150.270     6.00    2.60
 -95269.163   152.174     5.13    2.68
 -94898.041   153.344     3.15    2.90
 -94526.959   155.069     4.65    3.54
 -94155.917   155.569     1.35    4.53
 -93784.915   156.190     1.68    5.06
 -93413.952   157.158     2.61    4.91
 -93043.029   158.767     4.34    5.21
 -92672.146   161.015     6.06    5.42
 -92301.303   164.147     8.45    4.92
 -91930.499   167.516     9.09    4.95
 -91559.735   170.649     8.45    5.44
 -91189.011   172.913     6.11    5.89
 -90818.326   174.775     5.02    7.18
 -90447.681   175.122     0.94    7.70
 -90077.076   174.737    -1.04    7.57
 -89706.510   172.937    -4.86    8.19
 -89335.984   170.496    -6.59    8.82
 -88965.498   168.839    -4.47    8.66
 -88595.051   167.390    -3.91    8.68
 -88224.643   165.234    -5.82    7.92
 -87854.276   163.622    -4.35    6.25
 -87483.948   163.814     0.52    5.71
 -87113.659   165.500     4.55    6.49
 -86743.410   168.034     6.85    7.07
 -86369.816   170.240     5.91    7.05
 -85991.542   171.517     3.37    7.18
 -85613.311   171.647     0.35    8.87
 -85235.120   169.515    -5.64   10.16
 -84856.971   161.110   -22.23   13.39
 -84478.863   155.660   -14.42   15.20
 -84100.797   155.292    -0.97   15.79
 -83722.772   155.691     1.06   15.12
 -83344.788   159.856    11.02   14.41
 -82966.845   163.602     9.91   14.19
 -82588.944   165.551     5.16   12.15
 -82211.084   167.288     4.60   11.11
 -81833.265   168.252     2.55    9.16
 -81455.487   166.095    -5.71    9.27
 -81077.751   161.568   -11.99    9.72
 -80700.056   158.296    -8.66    8.63
 -80322.401   157.430    -2.29    6.30
 -79944.789   158.240     2.15    6.24
 -79567.217   160.451     5.85    8.07
 -79189.686   160.086    -0.96    9.69
 -78812.196   156.034   -10.74   12.93
 -78434.748   152.381    -9.68   15.58
 -78057.340   147.323   -13.40   16.26
 -77679.974   141.189   -16.26   15.25
 -77302.649   136.042   -13.64   16.48
 -76925.365   136.381     0.90   16.40
 -76548.121   136.096    -0.76   15.59
 -76170.919   138.469     6.29   14.48
 -75793.758   139.171     1.86   13.66
 -75416.637   134.410   -12.63   17.26
 -75039.558   127.330   -18.78   17.25
 -74662.520   123.723    -9.57   16.18
 -74285.522   120.410    -8.79   16.53
 -73908.566   113.260   -18.97   17.24
 -73531.650   103.364   -26.26   17.80
 -73154.775    99.265   -10.88   15.73
 -72777.941    99.518     0.67   17.54
 -72401.148    99.957     1.17   18.55
 -72024.396    99.551    -1.08   18.82
 -71647.684    99.432    -0.31   19.58
 -71271.014    99.620     0.50   18.66
 -70894.384    94.849   -12.67   17.76
 -70517.795    92.569    -6.06   16.37
 -70141.247    98.239    15.06   19.32
 -69764.739   107.551    24.73   21.50
 -69388.272   118.258    28.44   17.66
 -69011.846   126.217    21.15   10.84
 -68635.461   126.674     1.21   12.23
 -68259.116   125.430    -3.30   13.07
 -67882.812   127.460     5.39   13.46
 -67506.549   124.432    -8.05   14.98
 -67130.326   116.533   -21.00   16.71
 -66754.144   112.518   -10.67   17.00
 -66378.002   107.620   -13.02   18.52
 -66001.901   102.428   -13.81   19.32
 -65625.841   101.715    -1.90   19.51
 -65249.821    98.275    -9.15   20.88
 -64873.842    90.428   -20.87   20.92
 -64497.904    86.884    -9.43   20.96
 -64122.005    80.771   -16.26   15.13
 -63746.148    79.375    -3.71   14.34
 -63370.331    81.151     4.72   16.96
 -62994.554    87.585    17.12   20.45
 -62618.818    92.171    12.21   19.99
 -62243.122    98.805    17.66   20.28
 -61867.467   106.849    21.41   17.91
 -61491.852   117.709    28.91   15.11
 -61116.278   117.479    -0.61   14.60
 -60740.744   111.351   -16.32   16.81
 -60365.250   110.919    -1.15   17.66
 -59989.797   112.930     5.36   17.73
 -59614.384   118.941    16.01   17.29
 -59239.011   123.937    13.31   15.04
 -58863.679   119.965   -10.58   15.10
 -58488.387   112.642   -19.51   16.71
 -58113.135   109.737    -7.74   16.51
 -57737.924   108.787    -2.53   15.29
 -57362.753   108.600    -0.50   15.51
 -56987.622   108.671     0.19   15.56
 -56612.531   104.726   -10.52   18.93
 -56237.480    95.734   -23.98   20.39
 -55862.470    88.413   -19.52   18.93
 -55487.500    81.831   -17.55   16.78
 -55112.570    77.933   -10.40   16.54
 -54737.680    72.280   -15.08   14.78
 -54362.831    68.854    -9.14   10.66
 -53988.021    67.917    -2.50   10.01
 -53613.252    67.102    -2.17   10.21
 -53238.523    66.637    -1.24   10.16
 -52863.834    69.059     6.47   11.11
 -52489.185    72.449     9.05   12.09
 -52114.576    76.585    11.04   12.34
 -51740.007    77.676     2.91   13.76
 -51365.478    79.652     5.28   13.88
 -50990.989    81.372     4.59   13.64
 -50616.540    87.501    16.37   15.42
 -50242.131    95.305    20.85   13.76
 -49867.762   101.568    16.73   10.81
 -49493.433   105.309     9.99    8.02
 -49119.144   108.144     7.57    8.95
 -48744.895   111.516     9.01    9.07
 -48370.685   111.779     0.70    8.12
 -47996.516   108.026   -10.03   11.41
 -47622.387   101.461   -17.55   13.90
 -47248.297    90.534   -29.21   15.22
 -46874.247    80.351   -27.23   11.70
 -46500.237    75.165   -13.87    7.22
 -46126.267    75.200     0.09    6.85
 -45752.337    80.534    14.27   10.36
 -45378.447    90.445    26.51   13.76
 -45004.596   103.989    36.23   19.07
 -44630.785   114.829    29.00   16.19
 -44257.014   122.023    19.25   11.11
 -43883.283   121.999    -0.07   11.77
 -43509.591   119.217    -7.44   13.56
 -43135.939   111.602   -20.38   14.33
 -42762.327   104.481   -19.06   14.56
 -42388.754    98.108   -17.06   14.58
 -42015.221    93.033   -13.59   13.88
 -41641.728    89.358    -9.84   15.11
 -41268.274    85.747    -9.67   16.15
 -40894.861    85.154    -1.59   16.61
 -40521.486    80.428   -12.66   15.91
 -40148.151    75.421   -13.41   14.09
 -39774.856    73.669    -4.69   14.12
 -39401.601    74.568     2.41   17.20
 -39028.385    76.075     4.04   18.09
 -38655.208    83.483    19.85   16.72
 -38282.071    89.378    15.80   15.58
 -37908.974   101.025    31.22   21.61
 -37535.916   112.788    31.53   19.09
 -37162.897   121.676    23.83   12.21
 -36789.918   124.122     6.56   12.83
 -36416.979   121.619    -6.71   14.13
 -36044.079   118.961    -7.13   15.84
 -35671.218   112.317   -17.82   16.43
 -35298.397   105.015   -19.59   12.43
 -34925.615   104.814    -0.54   10.16
 -34552.873   107.965     8.45   11.95
 -34180.170   112.296    11.62   11.82
 -33807.506   117.551    14.10    9.34
 -33434.882   117.809     0.69   10.94
 -33062.296   116.101    -4.59   14.24
 -32689.751   111.872   -11.35   15.14
 -32317.244   105.941   -15.92   13.55
 -31944.777    99.403   -17.55   10.36
 -31572.349    92.171   -19.42    9.64
 -31199.961    85.568   -17.73   10.02
 -30827.611    78.862   -18.01    9.81
 -30455.301    71.051   -20.98    8.67
 -30083.030    65.831   -14.02    7.88
 -29710.799    60.839   -13.41    6.44
 -29338.606    57.059   -10.15    6.10
 -28966.453    53.095   -10.65    6.15
 -28594.339    50.351    -7.37    6.29
 -28222.264    47.413    -7.90    4.96
 -27850.228    45.836    -4.24    3.68
 -27478.231    45.649    -0.50    4.53
 -27106.274    45.656     0.02    5.73
 -26734.355    46.323     1.79    6.44
 -26362.476    46.375     0.14    6.74
 -25990.635    46.671     0.80    7.09
 -25618.834    46.621    -0.14    7.15
 -25247.072    46.982     0.97    7.11
 -24875.348    48.171     3.20    6.56
 -24503.664    49.674     4.04    5.40
 -24132.019    50.501     2.23    4.17
 -23760.412    51.387     2.39    2.92
 -23388.845    51.671     0.77    1.94
 -23017.317    51.217    -1.22    1.43
 -22645.827    50.890    -0.88    1.37
 -22274.377    50.463    -1.15    1.52
 -21902.965    49.846    -1.66    1.46
 -21531.593    48.896    -2.56    1.92
 -21160.259    47.861    -2.79    2.15
 -20788.964    46.167    -4.56    2.98
 -20417.708    44.516    -4.45    3.43
 -20046.491    42.498    -5.44    3.48
 -19675.312    40.769    -4.66    3.65
 -19304.173    39.432    -3.60    4.00
 -18933.072    38.194    -3.34    4.52
 -18562.010    37.008    -3.19    4.70
 -18190.987    35.997    -2.73    5.18
 -17820.002    34.551    -3.90    5.23
 -17449.057    33.137    -3.81    5.67
 -17078.150    31.258    -5.07    5.49
 -16707.281    28.689    -6.93    5.31
 -16336.452    26.754    -5.22    4.67
 -15965.661    24.499    -6.08    4.78
 -15594.909    22.586    -5.16    4.63
 -15224.195    20.313    -6.13    4.38
 -14853.520    18.217    -5.65    3.46
 -14482.884    16.426    -4.83    3.43
 -14112.287    13.514    -7.86    4.84
 -13741.728     9.669   -10.37    5.95
 -13371.207     6.586    -8.32    4.91
 -13000.726     4.635    -5.27    2.30
 -12630.282     4.831     0.53    1.36
 -12259.878     5.283     1.22    1.07
 -11889.512     5.585     0.81    1.05
 -11516.618     5.635     0.14    1.02
 -11138.432     5.726     0.24    1.21
 -10760.285     6.016     0.77    1.55
 -10382.179     5.534    -1.28    2.54
 -10004.113     4.426    -2.93    3.23
  -9626.088     3.051    -3.64    3.59
  -9248.102     1.534    -4.01    3.51
  -8870.157     0.654    -2.33    3.18
  -8492.253     0.068    -1.55    3.12
  -8114.388     0.059    -0.02    3.49
  -7736.563     0.354     0.78    3.57
  -7358.779     0.884     1.40    3.63
  -6981.035     1.212     0.87    3.69
  -6603.331     1.461     0.66    3.50
  -6225.667     1.585     0.33    3.46
  -5848.043     1.619     0.09    3.36
  -5470.460     1.676     0.15    3.15
  -5092.916     1.957     0.75    3.42
  -4715.413     2.440     1.28    3.55
  -4337.949     2.866     1.13    3.74
  -3960.526     3.375     1.35    3.56
  -3583.143     4.280     2.40    3.35
  -3205.800     5.378     2.91    2.60
  -2828.496     6.309     2.47    1.66
  -2451.233     6.551     0.64    1.46
  -2074.010     7.069     1.37    1.58
  -1696.826     6.974    -0.25    1.66
  -1319.683     6.642    -0.88    1.90
   -942.579     6.147    -1.31    3.06
   -565.516     4.396    -4.65    4.21
   -188.492     2.619    -4.71    4.25
    188.492     4.270     4.38    7.80
    565.436    10.265    15.90   12.84
    942.340    23.686    35.61   18.29
   1319.204    37.122    35.65   16.06
   1696.028    52.652    41.21   18.53
   2072.813    65.947    35.28   19.51
   2449.558    77.691    31.17   20.77
   2826.263    91.051    35.46   19.05
   3202.928    99.989    23.73   16.72
   3579.554   100.944     2.53   19.12
   3956.139    99.921    -2.72   22.59
   4332.685   101.551     4.33   22.11
   4709.191   104.801     8.63   21.42
   5085.658   112.430    20.27   18.98
   5462.085   117.280    12.88   17.11
   5838.472   120.814     9.39   14.43
   6214.820   117.432    -8.99   15.85
   6591.128   112.260   -13.74   16.35
   6967.396   101.878   -27.59   18.38
   7343.624    91.479   -27.64   21.61
   7719.814    80.734   -28.56   21.56
   8095.963    73.104   -20.28   17.44
   8472.073    69.042   -10.80   14.36
   8848.143    66.686    -6.26   11.61
   9224.174    65.783    -2.40    7.29
   9600.165    67.449     4.43    5.83
   9976.117    72.291    12.88    9.82
  10352.029    81.872    25.49   17.14
  10727.902    94.568    33.78   21.23
  11103.735   106.654    32.16   20.04
  11479.529   119.671    34.64   17.07
  11855.283   128.844    24.41   15.87
  12230.998   133.957    13.61   13.54
  12606.674   137.165     8.54   13.99
  12982.310   142.178    13.35   14.05
  13357.907   145.625     9.18   14.77
  13733.464   149.801    11.12   15.06
  14108.982   148.551    -3.33   19.20
  14484.461   146.723    -4.87   23.55
  14859.900   140.775   -15.84   26.86
  15235.300   136.991   -10.08   27.68
  15610.660   131.351   -15.03   24.89
  15985.982   129.979    -3.65   20.86
  16361.264   129.924    -0.15   16.76
  16736.507   136.478    17.47   18.56
  17111.710   143.586    18.95   19.95
  17486.875   150.568    18.61   20.96
  17862.000   155.602    13.42   19.59
  18237.086   162.884    19.41   18.73
  18612.132   170.844    21.22   19.21
  18987.140   179.381    22.77   20.13
  19362.108   190.533    29.74   14.86
  19737.037   198.280    20.66   13.08
  20111.927   204.078    15.47   13.84
  20486.778   209.336    14.03   13.72
  20861.590   210.447     2.96   14.86
  21236.363   212.463     5.38   16.43
  21611.097   218.077    14.98   18.64
  21985.791   224.691    17.65   16.72
  22360.447   226.212     4.06   13.75
  22735.063   218.926   -19.45   21.59
  23109.641   202.008   -45.16   26.38
  23484.179   189.069   -34.55   17.86
  23858.678   189.235     0.44   16.12
  24233.139   197.603    22.35   20.07
  24607.560   209.171    30.90   18.82
  24981.943   218.288    24.35   15.99
  25356.286   224.586    16.82   15.62
  25730.591   236.413    31.60   19.40
  26104.857   249.878    35.98   18.00
  26479.084   259.619    26.03   14.23
  26853.272   267.569    21.25   12.84
  27227.421   273.147    14.91   14.97
  27601.531   279.726    17.59   15.87
  27975.602   284.937    13.93   14.29
  28349.635   285.498     1.50   11.65
  28723.628   282.270    -8.63   10.55
  29097.583   278.516   -10.04    9.07
  29471.499   275.801    -7.26    8.50
  29845.376   272.502    -8.82    9.73
  30219.215   269.205    -8.82    9.84
  30593.015   268.878    -0.87    9.10
  30966.776   270.814     5.18   11.03
  31340.498   274.077     8.73   12.76
  31714.182   279.095    13.43   11.78
  32087.827   278.410    -1.83   10.43
  32461.433   276.603    -4.84    6.90
  32835.000   275.194    -3.77    6.22
  33208.529   271.101   -10.96    7.18
  33582.019   268.515    -6.92    7.31
  33955.471   267.972    -1.45    7.45
  34328.884   268.423     1.21    6.62
  34702.258   267.077    -3.61    6.18
  35075.594   263.112   -10.62    8.05
  35448.892   260.327    -7.46    7.14
  35822.150   260.112    -0.57    7.80
  36195.370   261.919     4.84    8.85
  36568.552   269.178    19.45   10.24
  36941.695   276.351    19.22   12.38
  37314.799   283.568    19.34   11.69
  37687.866   288.940    14.40    7.71
  38060.893   288.640    -0.80    8.47
  38433.882   287.689    -2.55   10.74
  38806.833   288.499     2.17   10.34
  39179.745   288.033    -1.25    9.86
  39552.619   292.861    12.95   11.49
  39925.454   300.051    19.28   13.47
  40298.251   303.283     8.67   13.19
  40671.010   304.280     2.67   12.59
  41043.730   301.909    -6.36   14.68
  41416.412   295.270   -17.81   17.54
  41789.055   285.951   -25.01   15.41
  42161.661   277.551   -22.54   11.18
  42534.227   270.997   -17.59    9.14
  42906.756   266.042   -13.30    9.77
  43279.246   263.568    -6.64    9.31
  43651.698   257.533   -16.20   10.19
  44024.112   250.502   -18.88    9.47
  44396.487   250.354    -0.40    9.37
  44768.825   254.551    11.27   12.83
  45141.124   261.180    17.81   13.08
  45513.384   267.831    17.87   11.24
  45885.607   271.086     8.74   12.10
  46257.791   268.466    -7.04   14.78
  46629.938   261.603   -18.44   15.25
  47002.046   256.954   -12.49   11.80
  47374.116   257.305     0.94   10.56
  47746.148   264.622    19.67   14.68
  48118.141   277.498    34.61   15.80
  48490.097   284.247    18.14   12.48
  48862.014   284.674     1.15   13.38
  49233.894   281.117    -9.56   14.42
  49605.735   277.974    -8.45   10.45
  49977.538   276.933    -2.80    7.20
  50349.304   281.396    12.00    7.96
  50721.031   288.989    20.43    9.78
  51092.720   298.621    25.91   13.17
  51464.371   313.463    39.93   17.56
  51835.985   325.878    33.41   17.69
  52207.560   332.497    17.81   12.34
  52579.097   334.007     4.06   12.22
  52950.596   334.602     1.60   14.24
  53322.058   330.765   -10.33   14.59
  53693.481   328.890    -5.05   14.59
  54064.867   327.180    -4.60   15.59
  54436.215   326.319    -2.32   13.20
  54807.525   322.961    -9.04   15.21
  55178.797   318.982   -10.72   16.22
  55550.031   321.551     6.92   21.11
  55921.227   332.788    30.27   25.68
  56292.385   346.902    38.02   21.89
  56663.506   351.622    12.72   18.58
  57034.589   342.469   -24.67   24.38
  57405.634   332.051   -28.08   26.80
  57776.641   315.551   -44.47   23.12
  58147.611   306.551   -24.26   22.21
  58518.543   308.336     4.81   24.92
  58889.437   321.896    36.56   40.35
  59260.293   340.974    51.44   42.66
  59631.112   360.497    52.64   32.34
  60001.893   369.533    24.37   27.86
  60372.636   362.989   -17.65   29.36
  60743.341   352.902   -27.21   30.24
  61114.009   343.305   -25.89   28.45
  61484.640   342.516    -2.13   23.91
  61855.232   348.358    15.76   22.88
  62225.787   357.497    24.66   23.71
  62596.305   371.703    38.34   28.31
  62966.785   390.387    50.43   36.22
  63339.066   415.161    66.54   38.06
  63717.172   431.060    42.05   25.70
  64095.239   432.265     3.19   26.07
  64473.266   412.499   -52.28   30.84
  64851.254   388.723   -62.90   28.76
  65229.203   368.854   -52.57   32.18
  65607.113   347.187   -57.33   23.20
  65984.983   331.551   -41.38   11.51
  66362.815   323.831   -20.43    5.33
  66740.607   320.974    -7.56    3.82
  67118.360   319.176    -4.76    2.79
  67496.074   319.408     0.61    3.29
  67873.749   322.839     9.08    7.96
  68251.384   326.254     9.04   10.20
  68628.981   328.819     6.79   11.34
  69006.538   331.151     6.18   13.98
  69384.057   329.744    -3.73   13.07
  69761.536   326.247    -9.26   13.36
  70138.976   321.393   -12.86   14.13
  70516.378   314.937   -17.11    8.96
  70893.740   310.933   -10.61    6.53
  71271.063   308.449    -6.58    1.82
  71648.348   309.551     2.92    3.21
  72025.593   311.568     5.35    4.10
  72402.799   314.042     6.56    4.89
  72779.967   317.235     8.47    6.54
  73157.095   321.792    12.08    8.77
  73534.185   326.301    11.96   10.09
  73911.236   329.783     9.23    9.97
  74288.247   331.664     4.99    9.93
  74665.220   330.913    -1.99    8.87
  75042.154   333.319     6.38   10.33
  75419.050   339.568    16.58   15.24
  75795.906   350.691    29.51   19.95
  76172.723   366.461    41.85   23.22
  76549.502   381.635    40.27   24.14
  76926.242   396.358    39.08   23.14
  77302.943   410.586    37.77   28.41
  77679.606   420.301    25.79   32.11
  78056.229   427.481    19.06   31.12
  78432.814   423.516   -10.53   33.68
  78809.360   411.358   -32.29   37.49
  79185.868   394.059   -45.94   41.06
  79562.337   371.060   -61.09   34.50
  79938.767   359.093   -31.79   19.93
  80315.158   352.354   -17.90   13.25
  80691.511   348.305   -10.76    7.96
  81067.825   344.849    -9.18    9.01
  81444.101   337.814   -18.70   10.66
  81820.338   330.154   -20.36   10.47
  82196.536   326.387   -10.01    8.82
  82572.695   324.408    -5.26    5.26
  82948.817   326.871     6.55    7.16
  83324.899   329.137     6.02    7.73
  83700.943   333.104    10.55    7.19
  84076.949   338.965    15.58   12.28
  84452.916   346.182    19.20   14.36
  84828.844   352.514    16.84   13.44
  85204.734   358.890    16.96   10.98
  85580.585   362.098     8.54   10.93
  85956.398   369.533    19.78   15.98
  86332.173   380.369    28.83   20.45
  86707.909   389.481    24.25   21.49
  87083.607   399.890    27.70   17.13
  87459.266   404.077    11.14   13.83
  87834.887   414.217    26.99   19.07
  88210.469   424.319    26.89   25.92
  88586.013   441.076    44.62   30.36
  88961.519   462.801    57.85   35.17
  89336.987   484.393    57.50   39.70
  89712.416   512.660    75.29   39.35
  90087.806   534.283    57.60   32.83
  90463.159   552.059    47.36   22.01
  90838.473   563.077    29.35   18.17
  91213.749   574.569    30.62   19.99
  91588.986   587.133    33.48   21.73
  91964.186   598.866    31.27   22.11
  92339.347   599.351     1.29   29.46
  92714.470   602.178     7.54   36.34
  93089.554   610.481    22.13   37.69
  93464.601   613.498     8.05   34.04
  93839.609   616.288     7.44   29.54
  94214.579   617.223     2.50   21.98
  94589.511   619.130     5.08   16.60
  94964.405   622.162     8.09   13.87
  95339.261   620.961    -3.20   14.62
  95714.078   619.419    -4.12   16.38
  96088.858   616.788    -7.02   24.34
  96463.599   617.151     0.97   31.33
  96838.302   620.426     8.74   37.45
  97212.968   628.965    22.79   28.61
  97587.595   630.086     2.99   22.47
  97962.184   620.844   -24.67   22.79
  98336.735   605.724   -40.36   24.57
  98711.248   587.621   -48.33   26.39
  99085.723   572.823   -39.51   21.06
  99460.160   566.814   -16.05   18.98
  99834.559   561.694   -13.67   22.01
 100208.921   553.498   -21.89   30.20
 100583.244   540.288   -35.29   34.07
 100957.529   526.023   -38.11   33.92
 101331.776   520.534   -14.67   37.07
 101705.986   517.914    -7.00   41.03
 102080.158   507.354   -28.22   34.43
 102454.291   503.860    -9.34   34.18
 102828.387   495.479   -22.40   30.32
 103202.445   491.410   -10.88   31.27
 103576.465   486.569   -12.94   34.34
 103950.447   472.801   -36.81   29.46
 104324.392   461.283   -30.80   23.81
 104698.299   452.025   -24.76   19.05
 105072.168   446.114   -15.81   16.19
 105445.999   446.093    -0.06   19.00
 105819.792   451.173    13.59   21.38
 106193.548   462.836    31.20   22.78
 106567.266   477.691    39.74   26.17
 106940.946   490.428    34.08   32.56
 107314.588   505.621    40.66   31.84
 107688.193   509.937    11.55   29.59
 108061.760   503.176   -18.10   30.83
 108435.289   490.347   -34.34   28.84
 108808.781   477.619   -34.08   23.90
 109182.235   468.023   -25.69   18.80
 109555.652   471.533     9.40   20.15
 109929.030   480.623    24.34   19.36
 110302.372   482.354     4.64   15.87
 110675.675   488.656    16.88   20.45
 111048.941   493.024    11.70   28.63
 111422.170   492.515    -1.36   31.44
 111795.361   489.872    -7.08   34.24
 112168.514   481.568   -22.25   37.29
 112541.630   467.625   -37.37   29.59
 112914.709   458.740   -23.81   29.36
 113287.749   446.569   -32.62   30.40
 113660.753   445.112    -3.90   34.49
 114033.719   444.586    -1.41   39.52
 114406.647   445.182     1.60   38.46
 114779.538   457.674    33.49   38.46
 115152.392   463.997    16.96   38.07
 115525.208   478.676    39.37   32.99
 115897.987   495.985    46.43   20.48
 116270.728   503.822    21.02   26.24
 116643.432   514.301    28.11   32.45
 117016.098   526.551    32.87   26.92
 117388.728   528.366     4.87   24.26
 117761.320   521.533   -18.34   28.62
 118133.874   518.498    -8.14   28.41
 118506.391   526.051    20.27   27.30
 118878.871   532.182    16.46   21.87
 119251.314   531.691    -1.32   25.11
 119623.719   514.676   -45.68   36.39
 119996.087   493.012   -58.17   38.60
 120368.418   491.110    -5.11   41.70
 120740.712   499.314    22.03   45.74
 121112.968   519.309    53.71   39.35
 121485.187   532.711    36.00   22.57
 121857.369   526.747   -16.02   22.96
 122229.514   513.831   -34.70   22.17
 122601.621   509.479   -11.69   16.78
 122973.692   517.354    21.16   19.07
 123345.725   527.428    27.07   20.92
 123717.721   539.740    33.09   16.66
 124089.680   543.333     9.66   13.24
 124461.602   537.217   -16.44   21.84
 124833.486   522.796   -38.77   32.09
 125205.334   496.147   -71.66   35.87
 125577.145   469.252   -72.33   30.25
 125948.918   448.033   -57.07   29.12
 126320.655   441.694   -17.05   35.08
 126692.354   443.638     5.23   45.27
 127064.016   450.390    18.16   57.17
 127435.642   468.114    47.69   62.80
 127807.230   479.235    29.92   56.73
 128178.782   489.478    27.56   44.80
 128550.296   476.330   -35.38   44.67
 128921.773   446.051   -81.50   52.80
 129293.214   415.140   -83.21   46.57
 129664.618   401.854   -35.77   39.71
 130035.984   393.814   -21.65   44.30
 130407.314   392.908    -2.44   43.77
 130778.607   390.176    -7.36   43.92
 131149.863   389.077    -2.96   44.98
 131521.082   388.621    -1.23   44.68
 131892.264   386.292    -6.27   35.76
 132263.409   392.051    15.51   33.43
 132634.518   399.500    20.07   41.86
 133005.590   414.685    40.92   49.67
 133376.625   428.691    37.74   44.69
 133747.623   424.496   -11.31   41.62
 134118.584   416.305   -22.08   37.21
 134489.509   403.533   -34.43   34.74
 134860.396   389.252   -38.50   32.63
 135231.247   383.340   -15.94   32.73
 135602.062   374.319   -24.33   32.22
 135972.839   361.095   -35.66   28.32
 136343.580   367.987    18.59   36.42
 136714.284   398.016    80.99   57.67
 137084.952   434.098    97.33   54.69
 137455.583   466.229    86.68   37.96
 137826.177   483.012    45.28   30.74
 138197.950   474.305   -23.42   35.14
 138575.972   452.769   -56.96   47.74
 138953.955   414.372  -101.57   61.60
 139331.901   372.568  -110.59   48.03
 139709.808   355.587   -44.93   41.20
 140087.677   343.761   -31.29   45.14
 140465.508   344.958     3.17   46.56
 140843.300   349.463    11.92   36.63
 141221.055   350.872     3.73   29.28
 141598.771   356.694    15.41   25.81
 141976.449   359.726     8.03   30.24
 142354.089   351.678   -21.31   26.63
 142731.691   346.283   -14.29   22.46
 143109.255   339.739   -17.33   18.27
 143486.781   330.709   -23.92   18.85
 143864.268   319.933   -28.54   18.09
 144241.718   313.158   -17.95   16.07
 144619.129   312.814    -0.91   18.28
 144996.503   316.969    11.01   18.35
 145373.838   319.223     5.97   21.07
 145751.136   316.847    -6.30   23.26
 146128.395   320.726    10.28   20.40
 146505.617   325.060    11.49   20.52
 146882.800   330.390    14.13   24.08
 147259.946   337.896    19.90   28.45
 147637.054   343.283    14.28   26.01
 148014.123   343.819     1.42   25.87
 148391.155   337.162   -17.65   34.28
 148768.149   323.729   -35.63   37.90
 149145.105   299.122   -65.27   40.48
 149522.023   277.252   -58.01   36.01
 149898.903   256.516   -55.01   25.51
 150275.746   247.694   -23.41   23.26
 150652.550   255.638    21.08   27.08
 151029.317   268.606    34.41   24.80
 151406.046   279.878    29.92   22.60
 151782.737   292.456    33.39   20.80
 152159.391   296.408    10.49   24.44
 152536.006   297.836     3.79   27.46
 152912.584   300.569     7.25   29.91
 153289.124   303.015     6.50   32.29
 153665.627   306.405     9.00   35.69
 154042.091   308.819     6.41   34.58
 154418.518   306.147    -7.10   35.61
 154794.908   286.430   -52.38   33.37
 155171.259   265.460   -55.71   26.22
 155547.573   254.568   -28.94   26.60
 155923.849   250.319   -11.29   26.85
 156300.088   242.604   -20.50   31.02
 156676.289   236.051   -17.42   33.75
 157052.453   226.531   -25.30   33.31
 157428.578   208.884   -46.91   32.92
 157804.667   194.158   -39.15   28.80
 158180.717   181.902   -32.59   19.52
 158556.730   171.779   -26.92    8.61
 158932.706   177.819    16.06   25.17
 159308.644   184.479    17.71   29.02
 159684.544   191.551    18.81   28.43
 160060.407   196.127    12.17   26.32
 160436.233   194.569    -4.14   20.85
 160812.021   201.638    18.81   24.55
 161187.771   206.696    13.46   24.78
 161563.484   215.796    24.22   25.25
 161939.160   224.533    23.25   26.21
 162314.798   234.658    26.95   33.27
 162690.399   249.726    40.11   31.93
 163065.962   252.236     6.68   29.57
 163441.488   255.015     7.40   23.36
 163816.977   254.106    -2.42   21.14
 164192.428   253.211    -2.38   21.46
 164567.842   248.122   -13.55   23.53
 164943.218   239.533   -22.88   25.27
 165318.558   234.445   -13.55   26.55
 165693.860   225.405   -24.08   26.89
 166069.124   218.182   -19.24   23.27
 166444.351   216.070    -5.63   21.20
 166819.541   210.515   -14.80   20.36
 167194.694   203.122   -19.70   23.37
 167569.810   190.747   -32.98   22.41
 167944.888   177.428   -35.50   17.04
 168319.929   171.751   -15.13   13.47
 168694.933   165.836   -15.77   12.66
 169069.899   160.839   -13.32    7.27
 169444.829   158.676    -5.77    2.44
 169819.721   157.640    -2.76    1.91
 170194.576   157.165    -1.27    1.58
 170569.394   157.533     0.98    1.82
 170944.175   158.158     1.67    1.90
 171318.919   158.814     1.75    2.00
 171693.625   160.351     4.10    2.61
 172068.295   163.656     8.82    4.73
 172442.927   167.743    10.91    5.80
 172817.522   173.765    16.07    6.74
 173192.081   179.440    15.15    6.56
 173566.602   183.586    11.07    5.52
 173941.086   185.158     4.20    4.28
 174315.533   182.235    -7.80    7.73
 174689.943   176.445   -15.46   10.36
 175064.316   170.588   -15.64    8.26
 175438.653   168.292    -6.13    5.26
 175812.952   170.051     4.70    6.60
 176187.214   175.989    15.86    9.47
 176561.439   181.847    15.65    8.57
 176935.628   185.676    10.23    7.42
 177309.779   187.622     5.20    6.32
 177683.894   188.622     2.67    5.54
 178057.971   191.372     7.35    6.40
 178432.012   195.096     9.95    7.66
 178806.016   200.516    14.49    9.98
 179179.983   207.205    17.88    8.97
 179553.913   213.309    16.32    9.56
 179927.806   220.951    20.43   10.64
 180301.663   222.247     3.47   10.80
 180675.483   215.242   -18.74   18.10
 181049.266   206.533   -23.29   19.19
 181423.012   197.836   -23.26   11.12
 181796.721   197.921     0.23   10.44
 182170.394   200.919     8.02   11.66
 182544.030   201.328     1.10   11.99
 182917.629   199.372    -5.24   10.08
 183291.191   198.940    -1.16    6.82
 183664.717   201.819     7.71    7.73
 184038.206   204.926     8.32   12.15
 184411.658   200.805   -11.03   19.93
 184785.074   191.217   -25.67   26.07
 185158.453   183.151   -21.60   26.73
 185531.795   171.586   -30.97   19.90
 185905.101   166.224   -14.36   14.57
 186278.370   161.551   -12.52    5.04
 186651.603   160.625    -2.48    1.86
 187024.799   161.408     2.10    2.44
 187397.958   162.314     2.43    2.56
 187771.081   163.423     2.97    2.33
 188144.167   164.551     3.02    1.94
 188517.217   165.479     2.49    1.66
 188890.230   166.147     1.79    1.60
 189263.206   167.328     3.17    1.79
 189636.146   168.954     4.36    2.13
 190009.050   171.022     5.55    3.29
 190381.917   173.937     7.81    4.46
 190754.748   178.914    13.35    6.37
 191127.542   184.479    14.92    8.39
 191500.300   192.787    22.28   11.11
 191873.021   202.042    24.82   14.78
 192245.706   218.069    43.00   26.54
 192618.354   234.533    44.17   34.86
 192990.966   259.463    66.89   44.32
 193363.542   286.647    72.95   49.95
 193736.082   301.691    40.37   56.17
 194108.585   308.623    18.61   57.89
 194481.051   292.024   -44.56   49.81
 194853.481   282.569   -25.38   36.83
 195225.875   280.069    -6.71   29.63
 195598.233   297.783    47.56   40.12
 195970.554   322.387    66.07   45.69
 196342.840   342.729    54.63   45.17
 196715.088   358.805    43.18   46.00
 197087.301   365.711    18.55   46.53
 197459.477   361.012   -12.62   42.64
 197831.617   353.059   -21.37   35.66
 198203.721   350.551    -6.74   31.41
 198575.789   343.729   -18.33   31.53
 198947.820   335.842   -21.20   35.70
 199319.815   336.408     1.52   34.23
 199691.775   334.805    -4.31   30.01
 200063.697   328.133   -17.94   28.73
 200435.584   328.783     1.75   28.29
 200807.435   325.995    -7.50   27.42
 201179.249   335.937    26.73   30.37
 201551.028   356.166    54.40   33.57
 201922.770   368.656    33.59   30.57
 202294.476   382.860    38.20   30.71
 202666.146   400.711    48.02   38.76
 203037.780   424.408    63.75   54.36
 203409.378   462.726   103.10   64.66
 203780.940   509.733   126.48   61.49
 204152.466   541.769    86.21   49.91
 204523.956   563.393    58.20   46.45
 204895.410   568.985    15.05   45.46
 205266.828   549.319   -52.94   51.16
 205638.210   522.839   -71.28   62.48
 206009.556   480.408  -114.24   72.41
 206380.866   425.605  -147.56   59.10
 206752.140   401.104   -65.98   39.40
 207123.378   396.819   -11.54   33.98
 207494.581   410.323    36.37   41.89
 207865.747   424.169    37.30   43.19
 208236.877   429.014    13.05   41.36
 208607.972   433.551    12.22   36.23
 208979.031   440.995    20.06   36.46
 209350.053   464.051    62.13   50.34
 209721.040   501.440   100.76   59.06
 210091.991   546.176   120.57   56.49
 210462.907   575.041    77.81   46.28
 210833.786   589.323    38.50   45.85
 211204.630   602.569    35.71   57.98
 211575.438   622.176    52.86   70.33
 211946.210   673.914   139.51   85.20
 212316.946   717.801   118.35   88.80
 212687.647   768.217   135.97   72.42
 213058.985   793.532    68.16   53.43
 213436.929   780.140   -35.43   53.28
 213814.836   749.878   -80.06   67.56
 214192.705   692.836  -150.92   82.08
 214570.537   635.078  -152.83   85.96
 214948.332   585.987  -129.91   76.35
 215326.090   544.694  -109.29   74.29
 215703.810   516.143   -75.57   63.83
 216081.494   489.194   -71.34   55.64
 216459.140   462.685   -70.18   42.11
 216836.749   438.761   -63.34   40.60
 217214.321   412.914   -68.44   33.72
 217591.855   396.711   -42.91   26.53
 217969.353   381.944   -39.11   13.76
 218346.814   374.423   -19.92   12.65
 218724.237   370.890    -9.36   12.22
 219101.623   373.628     7.25   17.03
 219478.973   386.283    33.53   25.49
 219856.285   398.265    31.75   22.15
 220233.560   406.533    21.91   19.51
 220610.798   406.428    -0.28   21.49
 220987.999   403.680    -7.28   24.46
 221365.164   404.229     1.46   32.60
 221742.291   405.070     2.23   42.62
 222119.381   395.801   -24.58   44.03
 222496.434   370.642   -66.71   39.14
 222873.450   351.969   -49.52   27.37
 223250.430   343.015   -23.75   18.27
 223627.372   341.273    -4.62   17.16
 224004.278   346.533    13.95   23.27
 224381.146   359.769    35.11   34.93
 224757.978   362.372     6.91   29.53
 225134.773   367.273    13.00   26.69
 225511.531   373.961    17.75   28.05
 225888.252   380.333    16.91   29.96
 226264.936   391.460    29.53   39.40
 226641.584   402.158    28.40   45.64
 227018.194   394.839   -19.43   46.29
 227394.768   377.319   -46.52   40.43
 227771.305   361.662   -41.57   31.17
 228147.806   350.428   -29.83   23.51
 228524.269   341.323   -24.18   21.74
 228900.696   336.819   -11.96   26.06
 229277.086   331.354   -14.51   29.12
 229653.439   328.456    -7.70   31.24
 230029.756   321.926   -17.35   29.56
 230406.036   312.711   -24.48   26.31
 230782.279   305.805   -18.35   24.01
 231158.486   293.933   -31.55   18.44
 231534.656   287.603   -16.82   13.47
 231910.789   281.699   -15.69    6.59
 232286.885   280.187    -4.02    7.26
 232662.945   277.051    -8.34    6.19
 233038.969   275.378    -4.45    4.85
 233414.956   274.104    -3.39    4.41
 233790.906   276.587     6.60   12.47
 234166.819   279.551     7.88   17.77
 234542.696   281.033     3.94   20.90
 234918.537   279.872    -3.09   20.88
 235294.341   277.301    -6.84   18.25
 235670.108   275.608    -4.50   18.59
 236045.839   278.569     7.88   28.20
 236421.534   276.660    -5.08   30.39
 236797.192   269.229   -19.78   26.11
 237172.813   264.369   -12.94   21.11
 237548.398   260.515   -10.26   18.11
 237923.947   259.223    -3.44   20.12
 238299.459   254.475   -12.64   16.06
 238674.934   250.586   -10.35   10.29
 239050.374   251.897     3.49   13.22
 239425.777   256.140    11.30   21.52
 239801.143   258.587     6.52   26.53
 240176.473   258.354    -0.62   27.19
 240551.767   262.283    10.47   33.66
 240927.024   264.314     5.41   39.89
 241302.245   264.622     0.82   45.45
 241677.430   263.128    -3.98   48.12
 242052.579   254.658   -22.57   35.29
 242427.691   244.951   -25.87   21.88
 242802.767   240.836   -10.97   16.99
 243177.806   235.878   -13.22   14.24
 243552.809   231.640   -11.30   13.59
 243927.776   226.314   -14.20    7.18
 244302.707   225.823    -1.31    9.28
 244677.602   225.229    -1.58    8.77
 245052.460   229.012    10.09   15.67
 245427.282   235.551    17.44   23.93
 245802.068   239.133     9.55   25.94
 246176.818   242.621     9.31   28.06
 246551.532   239.866    -7.35   22.78
 246926.209   242.872     8.02   22.63
 247300.850   254.854    31.97   33.46
 247675.455   274.400    52.16   44.54
 248050.024   298.533    64.41   50.85
 248424.557   305.853    19.54   55.66
 248799.054   307.169     3.51   55.02
 249173.515   314.696    20.10   56.87
 249547.940   326.533    31.61   60.63
 249922.328   349.977    62.60   57.66
 250296.681   376.969    72.09   64.18
 250670.998   415.265   102.28   75.55
 251045.278   445.685    81.26   75.11
 251419.523   457.283    30.98   71.47
 251793.731   438.607   -49.89   85.19
 252167.904   410.997   -73.77   81.39
 252542.040   382.623   -75.82   57.80
 252916.141   372.810   -26.23   47.68
 253290.205   376.461     9.76   42.24
 253664.234   401.328    66.47   54.06
 254038.227   431.515    80.69   74.27
 254412.184   471.108   105.85   87.90
 254786.105   481.007    26.47   79.99
 255159.990   492.173    29.86   70.51
 255533.839   516.077    63.92   82.85
 255907.653   561.533   121.57   89.65
 256281.430   607.301   122.42   77.40
 256655.172   632.640    67.78   63.89
 257028.878   645.347    33.99   76.32
 257402.548   655.354    26.77   97.00
 257776.182   650.041   -14.22  107.68
 258149.780   669.515    52.11   97.18
 258523.343   680.381    29.08   80.61
 258896.870   698.078    47.37   86.62
 259270.361   714.588    44.19  101.31
 259643.816   744.828    80.95  108.12
 260017.236   746.024     3.20  106.65
 260390.620   741.199   -12.92   94.71
 260763.968   712.176   -77.72   88.97
 261137.281   663.154  -131.28   88.60
 261510.557   637.515   -68.67   98.81
 261883.798   619.419   -48.47   93.65
 262257.004   625.461    16.19   80.87
 262630.174   644.933    52.16   59.83
 263003.308   638.691   -16.72   52.03
 263376.407   619.656   -51.01   62.59
 263749.470   596.005   -63.38   69.36
 264122.497   563.461   -87.22   69.35
 264495.489   539.098   -65.30   68.54
 264868.445   518.801   -54.41   58.64
 265241.366   491.031   -74.44   56.82
 265614.251   453.621  -100.30   58.86
 265987.100   419.005   -92.82   43.74
 266359.914   405.247   -36.89   35.01
 266732.693   403.366    -5.05   42.94
 267105.436   408.751    14.44   57.93
 267478.143   410.023     3.41   65.42
 267850.815   419.940    26.60   87.36
 268223.452   440.015    53.86  110.09
 268596.053   465.897    69.44  124.27
 268968.619   458.872   -18.85  113.00
 269341.149   431.014   -74.76   95.76
 269713.644   403.122   -74.86   70.44
 270086.103   380.133   -61.71   50.71
 270458.527   381.022     2.39   42.41
 270830.916   394.878    37.20   46.62
 271203.269   400.217    14.34   41.90
