-274063.667   187.556     0.00   39.83
-273689.116   176.202   -30.31   36.63
-273314.531   164.325   -31.70   23.75
-272939.911   176.638    32.86   38.61
-272565.257   234.200   153.60   96.82
-272190.569   317.556   222.41  122.39
-271815.846   384.023   177.33   91.81
-271441.089   412.642    76.35   58.76
-271066.297   390.495   -59.08   65.30
-270691.470   351.030  -105.26   52.47
-270316.609   318.995   -85.44   43.58
-269941.714   295.593   -62.40   35.55
-269566.784   276.242   -51.60   28.41
-269191.820   277.852     4.29   26.61
-268816.821   280.411     6.82   27.98
-268441.787   278.495    -5.11   27.24
-268066.719   265.623   -34.31   33.23
-267691.616   238.780   -71.54   32.76
-267316.479   220.891   -47.67   20.24
-266941.307   225.854    13.23   32.25
-266566.100   240.834    39.91   48.42
-266190.859   254.908    37.50   49.94
-265815.583   253.668    -3.31   48.08
-265440.272   244.736   -23.79   35.78
-265064.927   245.852     2.97   29.56
-264689.547   252.142    16.75   30.57
-264314.133   264.186    32.07   31.72
-263938.683   284.408    53.85   35.53
-263563.199   301.416    45.28   34.53
-263187.681   314.661    35.26   34.78
-262812.127   318.200     9.42   40.40
-262436.539   298.649   -52.04   45.46
-262060.916   290.123   -22.69   43.20
-261685.258   296.727    17.58   42.02
-261309.566   300.344     9.62   42.57
-260933.838   313.852    35.94   41.11
-260558.076   331.709    47.51   44.81
-260182.279   351.149    51.72   54.72
-259806.448   372.781    57.54   54.45
-259430.581   389.734    45.09   55.33
-259054.680   403.907    37.69   52.85
-258678.743   421.482    46.74   50.57
-258302.772   428.281    18.08   40.92
-257926.766   414.245   -37.32   47.99
-257550.725   397.664   -44.08   53.52
-257174.649   379.316   -48.78   43.84
-256798.538   377.161    -5.73   36.34
-256422.393   405.779    76.06   53.06
-256046.212   436.363    81.28   44.95
-255669.996   438.721     6.27   37.14
-255293.746   440.945     5.91   35.03
-254917.460   430.427   -27.95   41.59
-254541.139   440.371    26.42   56.96
-254164.784   454.934    38.68   54.65
-253788.393   451.709    -8.57   45.57
-253411.968   435.565   -42.88   46.12
-253035.507   392.507  -114.35   59.46
-252659.011   361.186   -83.17   45.41
-252282.481   356.380   -12.76   43.66
-251905.915   371.872    41.13   45.98
-251529.314   395.815    63.56   35.65
-251152.678   396.441     1.66   31.42
-250776.007   387.721   -23.15   33.19
-250399.301   379.638   -21.45   33.98
-250022.559   369.834   -26.02   43.89
-249645.783   359.562   -27.26   47.32
-249268.971   343.798   -41.82   42.73
-248892.124   335.495   -22.03   37.48
-248515.242   340.102    12.22   42.82
-248138.325   347.142    18.67   41.84
-247761.373   345.084    -5.46   37.59
-247384.385   345.525     1.17   33.73
-247007.363   338.061   -19.79   31.13
-246630.305   326.941   -29.48   33.16
-246253.211   318.230   -23.09   40.73
-245876.083   298.852   -51.37   42.35
-245498.919   286.623   -32.42   42.53
-245121.720   269.445   -45.53   38.96
-244744.485   252.297   -45.45   31.29
-244367.216   239.612   -33.62   26.83
-243989.911   236.416    -8.47   27.76
-243612.571   237.117     1.86   34.03
-243235.195   242.424    14.06   34.69
-242857.784   259.775    45.96   39.42
-242480.338   275.034    40.42   47.46
-242102.856   292.260    45.62   51.46
-241725.339   311.380    50.63   48.99
-241347.786   338.532    71.90   43.90
-240970.198   361.603    61.09   39.82
-240592.575   372.316    28.36   34.14
-240214.916   365.155   -18.96   44.75
-239837.222   333.156   -84.70   58.99
-239459.492   302.985   -79.85   45.77
-239081.727   269.925   -87.49   44.36
-238703.926   242.575   -72.38   40.67
-238331.373   241.551    -2.75   40.29
-237960.477   253.452    32.08   44.03
-237589.547   286.414    88.84   48.63
-237218.584   326.962   109.28   47.06
-236847.586   340.705    37.03   39.54
-236476.554   337.242    -9.33   39.42
-236105.487   335.649    -4.29   42.60
-235734.387   323.117   -33.76   34.70
-235363.252   313.362   -26.28   36.10
-234992.084   308.964   -11.85   39.87
-234620.881   289.816   -51.57   36.93
-234249.643   268.519   -57.35   43.70
-233878.372   250.016   -49.83   50.29
-233507.066   224.353   -69.10   33.16
-233135.726   215.816   -22.98   15.26
-232764.352   220.584    12.84   16.36
-232392.944   233.281    34.18   20.24
-232021.501   252.593    51.98   32.41
-231650.024   268.924    43.95   39.27
-231278.513   295.549    71.65   43.04
-230906.967   311.908    44.02   40.52
-230535.387   318.995    19.07   35.26
-230163.773   311.683   -19.67   35.78
-229792.124   296.907   -39.75   47.63
-229420.441   273.950   -61.75   60.96
-229048.724   238.138   -96.32   67.69
-228676.972   196.042  -113.21   55.33
-228305.186   168.049   -75.28   39.40
-227933.365   148.908   -51.47   29.92
-227561.510   133.620   -41.10   20.66
-227189.621   123.565   -27.03   13.74
-226817.697   118.019   -14.91   12.12
-226445.738   112.371   -15.18    9.61
-226073.746   109.891    -6.67    7.54
-225701.718   106.434    -9.29    6.81
-225329.657   101.757   -12.57    6.70
-224957.560    97.424   -11.64    7.22
-224585.430    92.646   -12.84    7.21
-224213.264    88.649   -10.74    7.73
-223841.064    85.620    -8.14    7.77
-223468.830    84.982    -1.71    6.43
-223096.561    86.452     3.95    7.76
-222724.258    88.193     4.67    8.04
-222351.920    91.180     8.02    8.07
-221979.547    92.893     4.60    8.31
-221607.140    95.501     7.00    8.48
-221234.698    98.966     9.30    7.83
-220862.221    99.888     2.47    7.80
-220489.710   102.038     5.77    8.35
-220117.164   102.531     1.32   10.71
-219744.584   100.691    -4.94   11.35
-219371.969   101.834     3.07   11.27
-218999.319   101.566    -0.72   10.52
-218626.635   103.775     5.93   10.02
-218253.916   108.066    11.51    9.07
-217881.162   112.027    10.62    7.11
-217508.373   115.198     8.51    5.07
-217135.550   114.871    -0.88    6.86
-216762.692   111.988    -7.73    8.71
-216389.799   110.763    -3.29    8.15
-216016.871   111.598     2.24    7.36
-215643.909   112.038     1.18    6.52
-215270.912   113.371     3.57    6.45
-214897.880   112.489    -2.37    8.05
-214524.813   109.642    -7.63    8.97
-214151.711   105.507   -11.08   10.78
-213778.575   103.438    -5.54    9.42
-213405.403   103.763     0.87    7.94
-213032.197   103.964     0.54    7.55
-212658.956   102.519    -3.87    9.25
-212285.680    97.941   -12.26   11.26
-211912.369    93.168   -12.79    9.60
-211539.023    91.620    -4.14    9.76
-211165.643    92.257     1.71   11.29
-210792.227    92.216    -0.11   11.72
-210418.776    93.507     3.46   14.85
-210045.291    98.646    13.76   21.27
-209671.770   102.543    10.43   27.85
-209298.215   108.889    16.98   31.63
-208924.625   110.216     3.55   33.47
-208550.999   106.890    -8.90   32.78
-208177.339    99.162   -20.68   29.81
-207803.643    93.027   -16.41   28.20
-207429.913    84.941   -21.63   23.48
-207056.147    76.297   -23.12   12.70
-206682.346    72.727    -9.55    3.07
-206308.511    73.390     1.77    6.15
-205934.640    78.071    12.52   13.09
-205560.734    80.299     5.96   13.02
-205186.793    82.007     4.57   12.68
-204812.817    80.424    -4.23   11.45
-204438.806    76.623   -10.16    2.75
-204064.759    76.816     0.52    2.10
-203690.678    77.562     1.99    3.21
-203316.561    78.277     1.91    3.85
-202942.409    79.271     2.66    4.41
-202568.222    79.519     0.66    3.59
-202194.000    80.980     3.90    4.14
-201819.742    84.223     8.66    6.20
-201445.449    87.652     9.16    7.14
-201071.122    90.488     7.57    7.20
-200696.758    92.889     6.41    7.33
-200322.360    96.180     8.79    8.68
-199947.926   100.227    10.81    9.59
-199573.457   107.168    18.53   11.28
-199198.953   116.927    26.05   16.61
-198824.413   125.888    23.92   18.04
-198449.838   133.488    20.29   16.35
-198075.228   139.406    15.79   13.66
-197700.582   144.815    14.44   14.38
-197325.902   156.652    31.59   18.68
-196951.185   168.279    31.02   17.28
-196576.434   170.853     6.87   16.31
-196201.647   167.084   -10.05   17.50
-195826.824   166.268    -2.18   17.59
-195451.966   174.689    22.46   28.37
-195077.073   183.103    22.44   34.04
-194702.144   175.925   -19.14   36.94
-194327.180   170.131   -15.45   33.27
-193952.180   164.709   -14.45   23.37
-193577.145   162.427    -6.08   23.16
-193202.075   154.089   -22.23   30.56
-192826.969   134.616   -51.90   32.13
-192451.827   121.646   -34.57   20.85
-192076.650   122.924     3.41   17.69
-191701.437   128.814    15.70   13.84
-191326.189   127.977    -2.23   11.77
-190950.905   118.390   -25.54   13.63
-190575.586   107.964   -27.77   12.87
-190200.231   101.834   -16.33    9.15
-189824.841   101.143    -1.84    7.20
-189449.415   109.198    21.45   16.33
-189073.953   121.392    32.47   18.64
-188698.456   127.216    15.51   15.69
-188322.923   126.631    -1.56   17.67
-187947.354   118.816   -20.80   17.92
-187571.750   110.798   -21.34   11.79
-187196.110   111.316     1.38   13.41
-186820.434   117.671    16.91   18.32
-186444.723   125.373    20.50   22.29
-186068.976   126.084     1.89   19.89
-185693.193   127.080     2.65   18.91
-185317.375   130.120     8.09   18.06
-184941.521   131.093     2.59   17.37
-184565.631   129.115    -5.26   18.94
-184189.705   118.975   -26.97   21.14
-183813.743   107.853   -29.58   19.64
-183437.746    97.388   -27.83   16.24
-183061.713    87.777   -25.55    9.82
-182685.644    81.598   -16.43    7.04
-182309.539    76.482   -13.60    5.79
-181933.399    72.627   -10.25    4.74
-181557.222    70.084    -6.76    3.73
-181181.010    68.362    -4.58    2.50
-180804.762    67.125    -3.29    2.11
-180428.478    68.853     4.59    8.00
-180052.158    71.027     5.78    8.90
-179675.802    75.098    10.82   10.38
-179299.410    84.602    25.24   13.81
-178922.982    95.760    29.64   16.86
-178546.519   107.186    30.35   17.93
-178170.019   119.816    33.54   17.21
-177793.483   127.507    20.42   14.92
-177416.912   124.352    -8.38   17.05
-177040.304   115.061   -24.67   19.23
-176663.661   101.459   -36.11   17.63
-176286.981    93.316   -21.62   13.86
-175910.265    92.593    -1.92   14.22
-175533.514    95.781     8.46   22.37
-175156.726   100.230    11.81   28.47
-174779.902    97.763    -6.55   31.67
-174403.042    89.532   -21.84   29.64
-174026.146    78.416   -29.49   18.20
-173649.214    70.745   -20.35    8.70
-173272.246    68.242    -6.64    2.77
-172895.241    68.281     0.10    2.11
-172518.201    68.721     1.17    2.10
-172141.124    68.992     0.72    1.93
-171764.011    69.476     1.28    2.09
-171386.862    70.120     1.71    2.36
-171009.677    70.871     1.99    2.40
-170632.456    71.634     2.02    2.19
-170255.198    73.334     4.51    3.05
-169877.904    75.495     5.72    2.86
-169500.574    77.977     6.58    3.82
-169123.208    81.080     8.22    5.19
-168745.805    85.924    12.83    6.91
-168368.366    91.982    16.05    7.13
-167990.891    97.143    13.67    7.63
-167613.380   103.245    16.16    8.33
-167235.832   107.551    11.40    8.60
-166858.248   112.549    13.23    9.14
-166480.628   116.966    11.70   10.35
-166102.971   121.980    13.27   12.02
-165725.278   130.162    21.66   13.95
-165347.548   139.762    25.41   15.92
-164969.782   150.031    27.18   16.98
-164591.980   162.476    32.94   18.47
-164214.141   177.441    39.60   22.03
-163836.266   198.071    54.58   29.88
-163463.211   213.616    41.66   35.65
-163092.423   226.964    35.99   34.60
-162721.600   240.334    36.05   31.06
-162350.742   249.907    25.81   33.48
-161979.849   272.638    61.28   46.42
-161608.921   294.641    59.31   44.32
-161237.957   296.538     5.11   41.96
-160866.959   274.013   -60.71   49.54
-160495.926   238.853   -94.75   45.76
-160124.858   221.245   -47.45   35.61
-159753.754   215.796   -14.68   28.38
-159382.616   214.924    -2.35   26.95
-159011.442   215.452     1.42   23.07
-158640.233   214.763    -1.86   16.63
-158268.989   214.871     0.29   20.68
-157897.710   227.452    33.88   29.13
-157526.396   242.705    41.07   33.99
-157155.047   257.279    39.24   38.97
-156783.663   260.980     9.96   41.43
-156412.243   246.180   -39.84   41.65
-156040.788   220.362   -69.50   38.29
-155669.298   195.853   -65.96   27.16
-155297.773   176.216   -52.85   18.13
-154926.212   166.707   -25.59   14.46
-154554.616   164.778    -5.19   15.23
-154182.985   168.852    10.96   22.90
-153811.319   174.234    14.48   28.41
-153439.618   178.120    10.45   27.86
-153067.881   175.742    -6.40   20.42
-152696.109   174.907    -2.24   14.56
-152324.301   181.027    16.46   17.23
-151952.458   192.441    30.69   22.47
-151580.580   207.476    40.42   28.54
-151208.667   228.316    56.03   37.33
-150836.718   251.907    63.41   45.44
-150464.734   273.691    58.55   54.57
-150092.714   307.049    89.65   66.65
-149720.659   332.441    68.24   80.58
-149348.569   341.566    24.52   83.57
-148976.443   350.186    23.16   91.11
-148604.282   323.489   -71.73   93.67
-148232.085   290.815   -87.77   82.28
-147859.853   270.638   -54.20   60.49
-147487.586   259.174   -30.79   47.68
-147115.283   273.013    37.17   64.70
-146742.944   288.834    42.49   69.47
-146370.570   294.888    16.25   69.21
-145998.160   287.995   -18.51   54.85
-145625.715   281.343   -17.86   37.54
-145253.235   289.727    22.50   42.92
-144880.718   315.400    68.91   61.13
-144508.167   329.834    38.74   58.86
-144135.579   344.161    38.45   59.04
-143762.957   361.115    45.49   58.60
-143390.298   381.962    55.93   69.73
-143017.604   410.620    76.88   82.33
-142644.874   436.334    68.98   82.65
-142272.109   465.406    77.98   82.19
-141899.308   491.371    69.64   74.87
-141526.471   520.061    76.94   71.26
-141153.599   558.227   102.34   58.06
-140780.691   571.334    35.14   48.78
-140407.747   587.156    42.42   47.70
-140034.768   583.344   -10.22   60.48
-139661.753   568.191   -40.62   70.23
-139288.702   523.634  -119.42   73.28
-138915.615   498.580   -67.15   49.07
-138542.493   498.343    -0.63   38.57
-138169.335   506.556    22.01   40.32
-137796.141   520.689    37.86   41.12
-137422.911   516.019   -12.51   53.79
-137049.646   505.031   -29.44   60.28
-136676.344   505.702     1.80   58.32
-136303.007   511.459    15.42   52.44
-135929.634   511.191    -0.72   45.54
-135556.226   491.049   -53.94   59.55
-135182.781   445.624  -121.62   63.61
-134809.300   397.634  -128.47   60.45
-134435.784   343.566  -144.73   73.56
-134062.232   302.363  -110.29   63.93
-133688.644   289.102   -35.49   45.46
-133315.019   290.488     3.71   45.66
-132941.359   309.834    51.77   48.63
-132567.663   330.052    54.10   48.07
-132193.931   335.203    13.78   51.51
-131820.163   342.427    19.33   50.46
-131446.360   344.871     6.54   44.93
-131072.520   361.138    43.51   53.82
-130698.644   384.551    62.62   66.32
-130324.732   409.120    65.70   70.65
-129950.784   439.279    80.64   69.97
-129576.800   455.174    42.50   69.94
-129202.780   485.631    81.42   75.99
-128828.724   532.656   125.70   90.84
-128454.631   615.299   220.89  104.16
-128080.503   680.598   174.51   98.86
-127706.339   717.816    99.46   77.60
-127332.138   727.683    26.36   62.86
-126957.902   690.185  -100.19   80.09
-126583.629   627.740  -166.82   83.15
-126209.320   553.120  -199.33   90.98
-125834.975   488.052  -173.79   83.18
-125460.593   430.674  -153.24   65.72
-125086.176   380.538  -133.89   48.00
-124711.722   360.689   -53.00   51.66
-124337.232   334.709   -69.36   48.50
-123962.706   316.476   -48.68   47.14
-123588.144   291.924   -65.54   40.34
-123213.545   269.155   -60.77   37.81
-122838.911   248.052   -56.32   30.88
-122464.239   238.353   -25.89   29.63
-122089.532   240.668     6.18   40.85
-121714.788   252.097    30.50   49.46
-121340.008   250.652    -3.86   46.67
-120965.192   250.203    -1.20   41.54
-120590.339   241.023   -24.49   32.88
-120215.450   222.781   -48.65   32.01
-119840.525   204.927   -47.61   27.96
-119465.563   196.549   -22.34   32.60
-119090.565   192.598   -10.53   38.88
-118715.530   201.816    24.58   42.53
-118340.460   204.620     7.47   31.74
-117965.352   214.964    27.57   26.79
-117590.208   212.343    -6.99   27.35
-117215.028   199.430   -34.41   36.18
-116839.811   176.834   -60.21   42.64
-116464.558   147.307   -78.68   22.63
-116089.269   135.798   -30.66   15.21
-115713.942   132.589    -8.55   17.45
-115338.580   128.271   -11.50   19.84
-114963.181   125.334    -7.82   21.79
-114587.745   119.400   -15.80   21.76
-114212.273   112.727   -17.77   21.58
-113836.764   107.381   -14.23   22.78
-113461.218    97.209   -27.08   17.14
-113085.636    89.416   -20.75   11.24
-112710.018    84.066   -14.24    7.85
-112334.363    78.870   -13.83    4.16
-111958.671    76.501    -6.31    4.03
-111582.942    74.203    -6.12    4.22
-111207.177    71.661    -6.76    4.65
-110831.376    68.959    -7.19    5.03
-110455.537    66.798    -5.75    5.06
-110079.662    65.216    -4.21    5.11
-109703.750    64.325    -2.37    6.74
-109327.802    61.652    -7.11    4.01
-108951.817    59.361    -6.09    3.69
-108575.795    57.985    -3.66    3.77
-108199.736    56.566    -3.77    4.31
-107823.641    54.593    -5.25    4.54
-107447.508    52.120    -6.58    3.69
-107071.339    49.834    -6.08    3.27
-106695.134    47.852    -5.27    2.77
-106318.891    45.906    -5.17    2.81
-105942.612    44.143    -4.68    2.54
-105566.295    42.495    -4.38    2.75
-105189.942    40.872    -4.31    2.52
-104813.552    40.263    -1.62    2.63
-104437.125    41.593     3.53    5.84
-104060.662    44.168     6.84    7.80
-103684.161    43.817    -0.93    8.40
-103307.624    42.434    -3.67    8.93
-102931.049    37.378   -13.43    6.58
-102554.438    33.642    -9.92    3.58
-102177.790    31.602    -5.42    2.34
-101801.104    30.416    -3.15    1.74
-101424.382    29.709    -1.88    2.05
-101047.623    29.227    -1.28    2.13
-100670.827    28.464    -2.03    2.37
-100293.993    27.352    -2.95    2.57
 -99917.123    26.056    -3.44    1.95
 -99540.216    25.299    -2.01    2.04
 -99163.271    24.853    -1.18    2.39
 -98786.290    24.562    -0.77    2.62
 -98409.272    24.281    -0.74    2.12
 -98032.216    23.980    -0.80    1.92
 -97655.123    23.518    -1.22    2.20
 -97277.994    22.519    -2.65    1.62
 -96900.827    21.554    -2.56    1.87
 -96523.623    20.575    -2.59    1.70
 -96146.382    19.975    -1.59    1.93
 -95769.103    19.162    -2.15    1.89
 -95391.788    18.343    -2.17    2.46
 -95014.435    16.904    -3.81    3.37
 -94637.045    14.219    -7.12    4.58
 -94259.618    11.352    -7.59    4.82
 -93882.154     9.038    -6.13    3.97
 -93504.652     7.150    -5.00    2.99
 -93127.113     5.729    -3.76    2.24
 -92749.537     5.049    -1.80    2.49
 -92371.924     3.924    -2.98    2.44
 -91994.273     3.642    -0.75    2.35
 -91616.585     4.227     1.55    2.48
 -91238.860     5.049     2.17    2.35
 -90861.097     6.156     2.93    1.86
 -90483.298     6.852     1.84    1.72
 -90105.460     7.525     1.78    2.08
 -89727.586     8.010     1.28    2.01
 -89349.674     8.469     1.21    2.04
 -88971.724     8.424    -0.12    1.87
 -88598.072     8.205    -0.59    1.69
 -88227.393     8.281     0.21    1.49
 -87856.678     8.071    -0.57    1.67
 -87485.927     8.343     0.74    1.74
 -87115.140     8.102    -0.65    1.84
 -86744.317     8.227     0.34    1.88
 -86373.458     8.589     0.97    2.47
 -86002.563     8.371    -0.59    2.46
 -85631.632     8.361    -0.03    2.40
 -85260.666     8.871     1.38    2.23
 -84889.663     8.852    -0.05    2.06
 -84518.624     9.136     0.77    2.09
 -84147.550     9.406     0.73    2.03
 -83776.439     9.416     0.03    2.02
 -83405.292     9.431     0.04    1.72
 -83034.110     9.168    -0.71    1.35
 -82662.891     9.518     0.95    1.35
 -82291.636     9.691     0.47    1.35
 -81920.345     9.908     0.58    1.45
 -81549.018    10.045     0.37    1.41
 -81177.655    10.168     0.33    1.45
 -80806.256    10.765     1.61    1.41
 -80434.821    10.892     0.34    1.24
 -80063.349    10.995     0.28    1.30
 -79691.842    11.013     0.05    1.36
 -79320.298    11.080     0.18    1.15
 -78948.718    10.888    -0.52    1.18
 -78577.102    10.995     0.29    1.07
 -78205.450    11.049     0.14    0.99
 -77833.761    11.162     0.30    1.00
 -77462.037    10.887    -0.74    1.04
 -77090.276    11.093     0.56    1.14
 -76718.478    11.038    -0.15    1.41
 -76346.645    10.930    -0.29    1.52
 -75974.775    10.888    -0.11    1.31
 -75602.869    10.904     0.04    1.18
 -75230.927    10.888    -0.04    1.00
 -74858.949    10.727    -0.43    0.97
 -74486.934    10.727     0.00    1.04
 -74114.883    10.691    -0.10    1.09
 -73742.795    10.689    -0.01    1.11
 -73370.671    10.606    -0.22    1.07
 -72998.511    10.398    -0.56    1.05
 -72626.314    10.220    -0.48    1.00
 -72254.081    10.027    -0.52    1.05
 -71881.812    10.209     0.49    1.26
 -71509.506    10.378     0.45    1.32
 -71137.164    10.566     0.51    1.34
 -70764.785    11.016     1.21    1.19
 -70392.370    11.343     0.88    1.03
 -70019.918    11.549     0.55    0.93
 -69647.430    11.445    -0.28    0.94
 -69274.906    11.343    -0.27    1.05
 -68902.345    11.230    -0.30    1.08
 -68529.747    11.168    -0.17    1.23
 -68157.113    11.056    -0.30    1.21
 -67784.442    11.045    -0.03    1.28
 -67411.735    11.013    -0.09    1.39
 -67038.992    10.906    -0.29    1.09
 -66666.211    10.652    -0.68    1.06
 -66293.394    10.380    -0.73    1.14
 -65920.541    10.424     0.12    1.07
 -65547.651    10.193    -0.62    1.16
 -65174.724    10.066    -0.34    1.11
 -64801.761    10.061    -0.02    1.09
 -64428.760     9.852    -0.56    1.09
 -64055.724     9.652    -0.53    1.06
 -63682.650     9.413    -0.64    1.10
 -63309.540     9.352    -0.16    1.13
 -62936.394     9.352     0.00    1.22
 -62563.210     9.659     0.82    1.39
 -62189.990     9.927     0.72    1.32
 -61816.733    10.049     0.33    1.40
 -61443.439    10.149     0.27    1.23
 -61070.109     9.995    -0.41    1.29
 -60696.742     9.763    -0.62    1.50
 -60323.338     9.606    -0.42    1.39
 -59949.897     9.459    -0.39    1.65
 -59576.419     9.624     0.44    1.64
 -59202.905     9.536    -0.23    1.48
 -58829.353     9.598     0.17    1.60
 -58455.765     9.396    -0.54    1.48
 -58082.140     9.469     0.20    1.51
 -57708.478     9.834     0.98    1.41
 -57334.780     9.943     0.29    1.29
 -56961.044    10.361     1.12    1.23
 -56587.271    10.834     1.27    1.09
 -56213.462    10.870     0.10    1.29
 -55839.615    10.975     0.28    1.16
 -55465.732    11.066     0.25    1.46
 -55091.812    11.115     0.13    1.46
 -54717.854    11.445     0.88    1.09
 -54343.860    11.455     0.03    1.24
 -53969.829    11.488     0.09    1.36
 -53595.760    10.602    -2.37    2.37
 -53221.655     9.745    -2.29    2.80
 -52847.512     9.027    -1.92    3.17
 -52473.333     8.273    -2.02    3.33
 -52099.116     7.957    -0.84    3.44
 -51724.863     7.424    -1.43    3.58
 -51350.572     7.004    -1.12    3.69
 -50976.244     6.275    -1.95    3.38
 -50601.879     5.705    -1.52    2.98
 -50227.477     5.431    -0.73    3.21
 -49853.038     4.598    -2.22    3.04
 -49478.562     4.013    -1.56    2.51
 -49104.048     3.452    -1.50    1.96
 -48729.498     3.013    -1.17    1.50
 -48354.910     2.816    -0.52    1.47
 -47980.285     2.945     0.34    1.54
 -47605.622     2.888    -0.15    1.38
 -47230.923     2.815    -0.19    1.41
 -46856.186     2.431    -1.03    1.52
 -46481.412     1.980    -1.20    1.41
 -46106.601     2.034     0.15    1.38
 -45731.752     2.448     1.10    2.01
 -45356.866     3.416     2.58    2.62
 -44981.943     4.558     3.05    3.07
 -44606.982     5.815     3.35    3.36
 -44231.984     7.299     3.96    3.04
 -43856.949     7.671     0.99    3.17
 -43481.877     6.566    -2.94    3.39
 -43106.767     6.870     0.81    3.82
 -42731.619     8.334     3.90    4.29
 -42356.435     9.834     4.00    3.92
 -41981.212    11.593     4.69    2.27
 -41605.953    11.782     0.50    1.76
 -41230.656    11.325    -1.22    1.35
 -40855.321    11.593     0.71    1.39
 -40479.950    12.138     1.45    2.02
 -40104.540    15.045     7.74    5.54
 -39729.093    18.904    10.28    7.46
 -39353.609    23.924    13.37    7.08
 -38978.087    27.729    10.13    3.33
 -38602.528    28.234     1.35    2.17
 -38226.931    27.156    -2.87    2.18
 -37851.296    25.929    -3.27    1.56
 -37475.624    25.317    -1.63    1.39
 -37099.914    24.798    -1.38    1.20
 -36724.167    24.674    -0.33    1.16
 -36348.382    24.694     0.05    1.13
 -35972.560    24.798     0.28    1.32
 -35596.699    25.027     0.61    1.68
 -35220.802    25.219     0.51    1.87
 -34844.866    25.396     0.47    2.24
 -34468.893    24.431    -2.57    2.84
 -34092.882    24.049    -1.02    2.95
 -33716.834    23.406    -1.71    2.56
 -33340.748    23.513     0.28    1.96
 -32964.624    23.834     0.85    1.75
 -32588.462    24.193     0.95    1.52
 -32212.263    24.554     0.96    1.24
 -31836.026    25.045     1.31    1.37
 -31459.751    25.431     1.03    1.45
 -31083.438    25.906     1.26    1.52
 -30707.087    26.245     0.90    1.46
 -30330.699    26.495     0.66    1.36
 -29954.273    26.799     0.81    1.21
 -29577.809    26.888     0.24    1.07
 -29201.307    26.834    -0.14    1.08
 -28824.767    26.834     0.00    1.29
 -28448.190    26.634    -0.53    1.37
 -28071.574    26.416    -0.58    1.46
 -27694.921    26.049    -0.98    1.42
 -27318.229    25.691    -0.95    1.35
 -26941.500    25.185    -1.34    1.32
 -26564.733    24.853    -0.88    1.28
 -26187.928    24.610    -0.64    1.03
 -25811.085    24.495    -0.31    1.05
 -25434.204    24.518     0.06    1.04
 -25057.284    24.281    -0.63    1.16
 -24680.327    23.889    -1.04    1.22
 -24303.332    23.800    -0.24    1.14
 -23926.299    23.796    -0.01    1.13
 -23549.228    23.977     0.48    1.09
 -23172.118    24.316     0.90    0.95
 -22794.971    24.203    -0.30    0.90
 -22417.785    24.150    -0.14    0.95
 -22040.562    24.066    -0.22    1.11
 -21663.300    24.132     0.18    1.12
 -21286.000    24.131    -0.01    1.13
 -20908.662    24.062    -0.18    1.12
 -20531.286    24.138     0.20    1.09
 -20153.872    24.115    -0.06    1.10
 -19776.419    23.992    -0.33    1.16
 -19398.929    24.013     0.05    1.10
 -19021.400    24.325     0.83    1.07
 -18643.832    24.205    -0.32    1.17
 -18266.227    24.179    -0.07    1.13
 -17888.583    23.872    -0.81    1.07
 -17510.902    23.729    -0.38    0.92
 -17133.181    23.747     0.05    0.89
 -16755.423    23.763     0.04    0.97
 -16377.626    23.975     0.56    1.14
 -15999.791    24.143     0.45    1.18
 -15621.918    24.308     0.44    1.45
 -15244.006    24.234    -0.19    1.52
 -14866.056    24.290     0.15    1.49
 -14488.067    24.080    -0.56    1.95
 -14110.040    23.388    -1.83    2.56
 -13735.693    22.904    -1.29    2.95
 -13365.123    22.689    -0.58    2.84
 -12994.517    22.906     0.59    2.81
 -12623.873    24.065     3.13    2.97
 -12253.193    25.248     3.19    3.18
 -11882.476    26.871     4.38    3.78
 -11511.722    27.800     2.51    3.57
 -11140.932    29.316     4.09    3.63
 -10770.104    31.220     5.13    4.10
 -10399.240    34.185     7.99    5.99
 -10028.338    38.220    10.88    7.61
  -9657.400    44.010    15.61    8.05
  -9286.425    48.466    12.01    6.50
  -8915.413    52.549    11.00    6.20
  -8544.364    56.075     9.50    8.33
  -8173.278    55.377    -1.88    9.17
  -7802.155    51.906    -9.35   11.73
  -7430.995    43.122   -23.66   16.11
  -7059.798    32.042   -29.85   12.87
  -6688.564    26.941   -13.74    7.95
  -6317.294    28.084     3.08    8.47
  -5945.986    35.887    21.01   13.05
  -5574.641    48.589    34.20   15.97
  -5203.259    60.624    32.41   19.11
  -4831.840    74.132    36.37   25.45
  -4460.383    88.852    39.63   32.41
  -4088.890    87.196    -4.46   30.26
  -3717.360    80.252   -18.69   29.63
  -3345.792    62.406   -48.03   25.82
  -2974.188    44.538   -48.08   14.52
  -2602.546    31.941   -33.89   12.06
  -2230.867    21.464   -28.19   12.65
  -1859.151    12.214   -24.89   11.77
  -1487.398     4.518   -20.70    7.84
  -1115.607     1.132    -9.11    4.31
   -743.780    -0.166    -3.49    0.00
   -371.915    -0.166     0.00    0.00
     -0.013     0.283     1.21    1.42
    371.926     1.075     2.13    2.27
    743.903     1.424     0.94    2.58
   1115.917     2.075     1.75    2.66
   1487.968     2.676     1.62    2.51
   1860.057     3.316     1.72    2.32
   2232.182     4.431     2.99    1.88
   2604.345     5.120     1.85    1.51
   2976.546     5.477     0.96    1.47
   3348.784     5.396    -0.22    1.56
   3721.059     5.245    -0.40    1.56
   4093.371     5.173    -0.19    1.47
   4465.721     5.117    -0.15    1.42
   4838.108     5.010    -0.29    1.44
   5210.533     5.353     0.92    1.70
   5582.995     5.115    -0.64    1.71
   5955.495     4.871    -0.66    1.57
   6328.032     4.989     0.32    1.59
   6700.606     5.013     0.06    1.54
   7073.218     5.448     1.17    2.45
   7445.868     7.190     4.67    3.78
   7818.555     8.107     2.46    3.77
   8191.279     9.076     2.60    3.21
   8564.041     9.242     0.45    2.27
   8936.841     9.459     0.58    1.74
   9309.678    10.353     2.40    1.92
   9682.552    11.326     2.61    2.26
  10055.465    12.406     2.90    1.83
  10428.414    12.886     1.29    1.50
  10801.402    13.080     0.52    1.35
  11174.427    12.959    -0.32    0.90
  11547.490    13.196     0.64    0.99
  11920.590    13.371     0.47    0.93
  12293.728    13.571     0.54    0.92
  12666.904    13.668     0.26    1.00
  13040.117    13.584    -0.22    1.00
  13413.368    13.531    -0.14    0.93
  13786.657    13.360    -0.46    0.92
  14159.983    13.495     0.36    1.01
  14533.348    13.606     0.30    1.15
  14906.750    13.729     0.33    1.11
  15280.189    13.743     0.04    1.11
  15653.667    13.696    -0.13    1.15
  16027.182    13.593    -0.28    1.21
  16400.735    13.627     0.09    1.18
  16774.326    13.683     0.15    1.15
  17147.955    13.682    -0.00    1.14
  17521.622    13.602    -0.21    1.01
  17895.326    13.351    -0.67    1.06
  18269.069    12.992    -0.96    1.10
  18642.849    12.725    -0.71    0.99
  19016.667    12.190    -1.43    1.23
  19390.523    12.205     0.04    1.26
  19764.417    12.290     0.23    1.24
  20138.349    12.834     1.45    1.08
  20512.319    13.145     0.83    0.96
  20886.327    13.174     0.08    1.07
  21260.372    13.461     0.77    1.10
  21634.456    13.501     0.11    1.01
  22008.578    13.781     0.75    1.05
  22382.738    13.955     0.47    1.11
  22756.936    14.132     0.47    1.09
  23131.171    14.659     1.41    1.32
  23505.445    16.019     3.64    4.05
  23879.757    16.620     1.60    4.06
  24254.107    16.580    -0.11    4.15
  24628.496    16.076    -1.35    4.15
  25002.922    14.448    -4.35    1.92
  25377.386    13.764    -1.83    1.27
  25751.889    13.589    -0.47    1.29
  26126.429    13.536    -0.14    1.48
  26501.008    13.207    -0.88    1.62
  26875.625    13.103    -0.28    2.54
  27250.280    11.888    -3.24    3.23
  27624.974    10.378    -4.03    3.49
  27999.705     8.852    -4.07    3.20
  28374.475     7.501    -3.60    1.60
  28749.283     7.483    -0.05    1.52
  29124.130     7.343    -0.37    1.71
  29499.014     7.525     0.49    2.05
  29873.937     6.987    -1.44    1.97
  30248.898     6.543    -1.18    1.40
  30623.898     6.576     0.09    1.46
  30998.936     6.501    -0.20    1.02
  31374.012     6.620     0.32    1.26
  31749.126     6.764     0.38    1.32
  32124.279     6.747    -0.05    1.66
  32499.470     6.656    -0.24    1.83
  32874.700     6.525    -0.35    1.97
  33249.968     6.529     0.01    1.77
  33625.275     6.071    -1.22    1.64
  34000.619     6.478     1.09    1.84
  34376.003     6.904     1.14    1.84
  34751.425     6.939     0.09    1.68
  35126.885     7.431     1.31    1.39
  35502.383     7.620     0.50    1.64
  35877.921     7.995     1.00    1.83
  36253.496     7.834    -0.43    1.70
  36629.111     7.729    -0.28    1.57
  37004.764     7.352    -1.00    1.08
  37380.455     7.207    -0.39    0.93
  37756.185     7.495     0.77    1.31
  38131.953     7.995     1.33    1.83
  38507.760     8.512     1.38    2.65
  38883.606     9.010     1.32    3.04
  39259.490     8.975    -0.09    2.99
  39635.413     8.631    -0.92    2.82
  40011.375     8.727     0.26    2.73
  40387.375     9.007     0.74    2.58
  40763.414     9.524     1.38    2.61
  41139.492     9.870     0.92    2.34
  41515.608    10.066     0.52    2.51
  41891.763     9.902    -0.44    2.65
  42267.957     9.691    -0.56    2.69
  42644.189     9.326    -0.97    2.51
  43020.460     9.525     0.53    2.80
  43396.771     9.834     0.82    3.28
  43773.119    10.238     1.07    3.36
  44149.507    10.870     1.68    3.61
  44525.933    10.676    -0.51    3.61
  44902.399    10.925     0.66    3.95
  45278.903    11.156     0.61    3.85
  45655.446     9.943    -3.22    2.90
  46032.027    10.088     0.39    2.81
  46408.648    10.013    -0.20    2.37
  46785.308     9.904    -0.29    2.43
  47162.006    10.834     2.47    3.38
  47538.743    11.143     0.82    3.69
  47915.520    11.679     1.42    3.74
  48292.335    11.131    -1.46    4.13
  48669.189     9.281    -4.91    3.56
  49046.082     8.459    -2.18    2.92
  49423.015     8.265    -0.51    2.33
  49799.986     9.062     2.11    2.12
  50176.996     9.489     1.13    1.85
  50554.045    10.088     1.59    2.20
  50931.133    11.531     3.82    3.20
  51308.261    12.885     3.59    3.27
  51685.427    12.925     0.11    3.13
  52062.633    12.263    -1.76    3.51
  52439.877    11.308    -2.53    3.13
  52817.161    10.369    -2.49    2.61
  53194.484    10.084    -0.75    2.35
  53571.846     9.489    -1.58    1.73
  53949.247     9.438    -0.14    1.45
  54326.687     9.620     0.48    1.59
  54704.167     9.584    -0.09    1.54
  55081.685    10.209     1.66    1.98
  55459.243    10.191    -0.05    1.83
  55836.840    10.309     0.31    1.70
  56214.477    10.388     0.21    1.63
  56592.152    10.227    -0.43    1.12
  56969.867    10.325     0.26    0.84
  57347.621    10.466     0.37    0.84
  57725.415    10.656     0.50    0.96
  58103.248    10.957     0.80    1.09
  58481.120    11.220     0.70    1.10
  58859.031    11.495     0.73    1.03
  59236.982    11.733     0.63    1.09
  59614.972    11.907     0.46    1.10
  59993.001    12.378     1.25    0.98
  60371.070    12.817     1.16    0.86
  60749.179    13.097     0.74    0.88
  61124.304    13.351     0.68    0.96
  61494.755    13.396     0.12    0.96
  61865.243    13.763     0.99    0.99
  62235.769    14.112     0.94    1.07
  62606.333    14.512     1.08    0.97
  62976.934    14.924     1.11    1.13
  63347.574    15.444     1.41    1.08
  63718.251    15.816     1.00    0.98
  64088.966    16.156     0.92    1.06
  64459.718    16.501     0.93    1.14
  64830.509    16.869     0.99    1.11
  65201.337    17.396     1.42    1.04
  65572.203    17.765     1.00    0.86
  65943.108    18.265     1.35    0.99
  66314.050    18.816     1.49    1.14
  66685.029    19.529     1.92    1.25
  67056.047    20.279     2.02    1.22
  67427.103    20.939     1.78    1.08
  67798.197    21.538     1.61    0.98
  68169.328    22.145     1.63    1.30
  68540.498    22.817     1.81    1.48
  68911.705    23.173     0.96    1.42
  69282.951    23.975     2.16    1.19
  69654.234    24.518     1.46    1.00
  70025.556    24.992     1.28    1.15
  70396.915    25.459     1.26    1.12
  70768.313    26.203     2.00    1.36
  71139.748    26.834     1.70    1.25
  71511.222    27.659     2.22    1.34
  71882.734    28.438     2.10    1.18
  72254.283    29.360     2.48    1.25
  72625.871    30.216     2.30    1.28
  72997.497    31.110     2.41    1.46
  73369.162    31.799     1.85    1.24
  73740.864    32.413     1.65    1.13
  74112.604    33.031     1.66    1.30
  74484.383    33.748     1.93    1.25
  74856.200    34.536     2.12    1.27
  75228.055    35.403     2.33    1.33
  75599.948    36.512     2.98    1.49
  75971.879    37.495     2.64    1.67
  76343.849    38.699     3.24    1.77
  76715.857    39.871     3.15    1.58
  77087.903    41.209     3.60    1.80
  77459.988    42.634     3.83    2.01
  77832.111    44.265     4.38    2.19
  78204.272    46.191     5.18    2.19
  78576.471    48.343     5.78    2.70
  78948.709    52.041     9.94    5.59
  79320.985    57.513    14.70    8.35
  79693.299    65.953    22.67   10.69
  80065.652    77.149    30.07   13.74
  80438.043    91.992    39.86   21.83
  80810.473   111.945    53.58   27.56
  81182.941   141.529    79.43   39.53
  81555.447   187.150   122.48   60.75
  81927.992   243.218   150.51   87.93
  82300.576   306.834   170.76   91.43
  82673.197   344.238   100.39   68.78
  83045.858   331.384   -34.49   76.95
  83418.556   291.308  -107.54   96.65
  83791.294   214.156  -207.01   83.81
  84164.069   164.980  -131.93   42.00
  84536.884   170.038    13.57   47.55
  84909.737   197.289    73.09   65.99
  85282.628   256.634   159.16   87.07
  85655.558   326.084   186.24   85.02
  86028.527   386.308   161.49   82.72
  86401.534   433.273   125.92   82.19
  86774.580   475.869   114.20   96.88
  87147.664   536.834   163.42  107.06
  87520.787   576.466   106.23   91.03
  87893.949   590.627    37.95   70.60
  88267.149   578.707   -31.94   63.52
  88640.388   530.424  -129.37   70.53
  89013.666   468.834  -165.01   64.95
  89386.983   411.957  -152.37   61.89
  89760.338   363.711  -129.23   64.52
  90133.732   319.641  -118.04   67.36
  90507.165   263.589  -150.11   65.83
  90880.636   220.378  -115.71   57.19
  91254.146   182.431  -101.61   41.10
  91627.695   159.977   -60.11   26.04
  92001.283   143.687   -43.61   25.99
  92374.910   131.371   -32.96   25.76
  92748.575   115.989   -41.17   19.61
  93122.280   105.089   -29.17   13.35
  93496.023    99.606   -14.67    6.75
  93869.805    98.245    -3.64    3.79
  94243.626   100.386     5.73    3.69
  94617.486   103.378     8.00    2.87
  94991.385   105.066     4.52    2.93
  95365.322   107.068     5.35    3.07
  95739.299   110.052     7.98    6.55
  96113.315   113.936    10.38    8.77
  96487.369   116.525     6.92    9.26
  96861.463   117.010     1.30    6.53
  97235.596   120.361     8.96    7.80
  97609.767   125.903    14.81   11.46
  97983.978   134.694    23.49   14.83
  98358.228   147.378    33.90   19.62
  98732.516   166.168    50.21   24.60
  99106.844   183.016    45.01   20.91
  99481.211   192.597    25.59   18.67
  99855.617   197.616    13.41   16.16
 100230.062   196.924    -1.85   18.53
 100604.546   190.645   -16.77   23.47
 100979.070   186.749   -10.40   22.38
 101353.632   187.150     1.07   20.56
 101728.234   190.300     8.41   19.01
 102102.875   204.468    37.82   28.59
 102477.555   224.452    53.34   38.76
 102852.274   247.817    62.36   45.96
 103227.033   265.408    46.94   47.49
 103601.830   285.602    53.88   54.92
 103976.667   289.507    10.42   59.91
 104351.544   283.684   -15.53   68.92
 104726.459   270.782   -34.42   76.69
 105101.414   254.576   -43.23   73.70
 105476.408   228.234   -70.25   59.22
 105851.441   217.307   -29.14   44.79
 106226.514   212.563   -12.65   36.00
 106601.626   215.071     6.69   32.90
 106976.778   214.727    -0.92   29.02
 107351.969   219.920    13.84   30.61
 107727.199   222.139     5.91   31.16
 108102.469   222.308     0.45   29.35
 108477.778   227.231    13.12   28.92
 108853.126   240.190    34.53   36.71
 109228.514   249.763    25.50   46.24
 109603.941   280.665    82.32   61.93
 109979.408   314.543    90.24   67.79
 110354.915   341.816    72.64   68.21
 110730.461   360.851    50.69   68.31
 111106.046   368.885    21.39   69.31
 111481.671   377.378    22.61   76.55
 111857.335   373.957    -9.11   81.19
 112233.039   364.105   -26.22   79.85
 112608.783   359.620   -11.94   76.44
 112984.566   355.766   -10.26   64.10
 113360.389   362.799    18.71   61.02
 113736.251   383.396    54.81   67.70
 114112.153   421.231   100.66   73.37
 114488.095   457.343    96.07   82.74
 114864.076   510.255   140.75   97.62
 115240.097   555.691   120.85   93.09
 115616.158   597.343   110.77   83.99
 115992.258   616.191    50.12   83.37
 116368.399   650.699    91.75   80.90
 116744.578   688.716   101.07   92.43
 117120.798   757.448   182.71  108.52
 117497.057   870.179   299.64  151.41
 117873.356   963.606   248.31  139.77
 118249.695  1014.388   134.95   97.45
 118626.074  1011.743    -7.03  106.60
 119002.493   943.868  -180.34  120.20
 119378.951   862.010  -217.47   88.55
 119755.449   806.920  -146.34   81.59
 120131.987   762.614  -117.68   79.43
 120508.565   732.041   -81.20   70.54
 120885.183   683.558  -128.75   75.37
 121261.841   639.798  -116.20   87.25
 121638.538   589.834  -132.65  103.88
 122015.276   528.107  -163.87   90.11
 122392.053   511.434   -44.26   77.18
 122768.871   540.816    77.98   99.18
 123145.728   581.593   108.21   97.51
 123522.626   626.665   119.60   72.02
 123899.563   616.097   -28.04   83.52
 124276.540   583.699   -85.95   81.95
 124653.558   575.019   -23.02   74.69
 125030.615   548.992   -69.04   65.70
 125407.713   525.466   -62.40   62.16
 125784.851   506.129   -51.28   61.13
 126162.028   468.589   -99.54   60.45
 126539.246   448.162   -54.16   61.69
 126916.504   409.668  -102.05   68.44
 127293.802   359.725  -132.39   57.36
 127671.140   338.004   -57.57   43.98
 128048.519   351.198    34.97   66.92
 128425.937   418.220   177.60  100.71
 128803.396   486.641   181.29   72.04
 129180.895   512.903    69.58   46.38
 129558.434   502.729   -26.95   52.51
 129936.014   462.941  -105.39   59.44
 130313.633   420.703  -111.87   59.95
 130691.293   373.316  -125.49   46.99
 131068.993   338.783   -91.44   38.09
 131446.734   314.308   -64.80   29.99
 131824.515   296.132   -48.12   22.05
 132202.336   278.203   -47.46   19.79
 132580.197   262.562   -41.40   17.82
 132958.099   251.214   -30.03   13.84
 133336.041   242.525   -22.99    7.40
 133714.024   238.506   -10.63    5.45
 134092.047   236.495    -5.32    4.61
 134470.110   234.764    -4.58    3.80
 134848.214   233.592    -3.10    2.92
 135226.358   234.343     1.99    2.61
 135604.543   235.489     3.03    3.27
 135980.574   238.056     6.83    3.86
 136350.913   242.122    10.98    5.87
 136721.291   247.711    15.09    8.55
 137091.707   254.818    19.19   13.17
 137462.162   267.729    34.86   20.99
 137832.656   282.764    40.59   28.04
 138203.189   302.214    52.50   35.26
 138573.760   325.361    62.47   37.23
 138944.370   349.694    65.67   40.03
 139315.019   372.168    60.64   44.29
 139685.707   389.258    46.11   45.60
 140056.433   411.027    58.73   45.28
 140427.198   423.151    32.70   39.73
 140798.002   413.656   -25.61   45.54
 141168.845   403.413   -27.62   48.93
 141539.727   384.325   -51.47   45.70
 141910.648   379.733   -12.38   47.28
 142281.607   397.763    48.61   44.04
 142652.605   408.902    30.03   44.78
 143023.643   426.420    47.22   56.98
 143394.719   439.834    36.15   57.29
 143765.834   437.173    -7.17   58.58
 144136.988   430.597   -17.72   51.35
 144508.181   429.477    -3.02   40.35
 144879.413   454.638    67.79   46.12
 145250.684   488.055    90.02   48.82
 145621.994   514.174    70.35   56.82
 145993.344   539.224    67.47   64.87
 146364.732   584.209   121.14   65.39
 146736.159   625.852   112.13   69.96
 147107.625   673.749   128.96   79.73
 147479.130   687.444    36.87   81.65
 147850.675   706.024    50.01   80.44
 148222.258   736.989    83.35   87.11
 148593.881   764.551    74.18   84.32
 148965.543   793.941    79.09   79.20
 149337.243   812.749    50.61   68.29
 149708.984   804.798   -21.39   84.66
 150080.763   803.593    -3.24   77.19
 150452.581   784.316   -51.85   63.33
 150824.439   756.834   -73.92   57.97
 151196.336   722.431   -92.52   75.92
 151568.272   692.300   -81.02   71.93
 151940.247   690.386    -5.15   77.92
 152312.262   726.080    95.96   99.62
 152684.315   794.386   183.62   90.09
 153056.409   827.957    90.24   65.84
 153428.541   818.097   -26.50   77.22
 153800.713   770.747  -127.25   82.69
 154172.924   705.277  -175.92   76.88
 154545.174   668.398   -99.09   64.58
 154917.464   651.938   -44.22   77.40
 155289.793   640.598   -30.46   81.68
 155662.162   620.369   -54.33   77.53
 156034.570   585.922   -92.51   79.79
 156407.017   541.151  -120.23   75.63
 156779.504   515.058   -70.06   52.92
 157152.030   525.782    28.79   70.45
 157524.596   552.015    70.42   86.64
 157897.201   602.765   136.23   92.55
 158269.845   663.290   162.45   72.06
 158642.529   684.612    57.22   66.42
 159015.253   685.834     3.28   67.77
 159388.016   670.093   -42.24   76.32
 159760.819   626.982  -115.66   83.51
 160133.661   610.851   -43.27   74.92
 160506.543   616.214    14.38   68.03
 160879.464   629.427    35.44   68.63
 161252.425   668.749   105.45   80.64
 161625.426   712.290   116.75   89.78
 161998.466   779.420   179.98  107.00
 162371.546   864.668   228.53  105.62
 162744.665   923.531   157.78   90.15
 163117.825   937.105    36.38   79.43
 163491.023   921.452   -41.95   92.40
 163864.262   885.220   -97.09  124.36
 164237.540   815.920  -185.68  135.30
 164610.858   737.936  -208.93  130.58
 164984.216   668.659  -185.58  103.58
 165357.614   610.765  -155.07   89.30
 165731.051   546.457  -172.23   74.06
 166104.528   496.888  -132.75   63.32
 166478.045   444.634  -139.92   56.30
 166851.601   402.519  -112.76   34.91
 167225.198   379.936   -60.46   20.85
 167598.834   367.747   -32.63    6.89
 167972.510   374.580    18.29   27.21
 168346.226   417.080   113.74   85.76
 168719.982   470.938   144.12  108.95
 169093.778   536.237   174.72  105.79
 169467.614   577.729   111.01   75.78
 169841.489   580.989     8.72   71.22
 170215.405   554.390   -71.15   68.70
 170589.361   517.292   -99.22   60.04
 170963.356   485.992   -83.70   60.80
 171337.392   461.965   -64.25   49.53
 171711.467   437.885   -64.38   31.85
 172085.583   423.662   -38.02   24.95
 172459.738   411.614   -32.21   20.87
 172833.934   402.563   -24.19   20.35
 173208.169   393.352   -24.62   18.87
 173582.445   385.959   -19.76   16.53
 173956.761   379.716   -16.68   10.71
 174331.117   381.727     5.37   14.89
 174705.513   399.751    48.15   35.09
 175079.949   430.834    83.03   54.83
 175454.425   468.150    99.67   63.74
 175828.941   509.610   110.72   52.30
 176203.498   526.970    46.36   48.24
 176578.095   542.887    42.50   52.75
 176952.732   544.334     3.86   55.46
 177327.409   543.047    -3.44   50.82
 177702.126   537.816   -13.96   38.62
 178076.884   524.529   -35.46   34.71
 178451.682   508.466   -42.87   44.60
 178826.520   485.610   -60.99   44.09
 179201.399   463.765   -58.28   32.81
 179576.318   457.749   -16.05   30.34
 179951.277   457.834     0.23   29.71
 180326.276   461.132     8.80   28.30
 180701.316   472.621    30.64   35.74
 181076.396   492.013    51.71   45.25
 181451.516   512.156    53.71   45.23
 181826.677   516.645    11.97   39.37
 182201.879   509.665   -18.61   32.76
 182577.120   507.317    -6.26   28.71
 182952.403   512.953    15.02   30.44
 183327.725   520.752    20.78   33.79
 183703.088   534.571    36.82   37.07
 184078.492   558.394    63.47   44.94
 184453.936   579.964    57.46   43.11
 184829.420   601.782    58.12   47.10
 185204.946   620.361    49.48   42.98
 185580.511   626.490    16.32   46.57
 185956.117   638.466    31.89   45.94
 186331.764   650.716    32.62   49.40
 186707.451   644.424   -16.75   47.75
 187083.179   640.794    -9.66   53.23
 187458.948   631.349   -25.14   59.67
