# NaN NaN NaN ;Mean Elev.(m), Avg Gradient(m/km), RMS Gradient(m/km) - SRTM1     
#   40.676  -1.527  36.031 ;Mean Elev.(m), Avg Gradient(m/km), RMS Gradient(m/km) - ASTER GDEM
#   57.649 -14.727  45.611 ;Mean Elev.(m), Avg Gradient(m/km), RMS Gradient(m/km) - GMTED2010 
  7    63.692 52459.07957363 41.03 130.901012  47.901634  9.296
  7    63.382 52459.07957427 41.26 130.899692  47.898394  9.296
  7    63.311 52459.07957492 35.34 130.898364  47.895141  7.425
  7    63.532 52459.07957556 38.87 130.897034  47.891901  7.425
  9    65.144 52529.07954184 14.54 130.905671  47.897124  5.297
  9    63.796 52529.07954248 16.45 130.904341  47.893884  5.297
  9    64.694 52529.07954313 17.91 130.903010  47.890634  4.876
  9    64.864 52529.07954377 18.23 130.901690  47.887394  4.876
 10    62.792 52564.07957046 27.06 130.905903  47.892420  7.646
 10    62.740 52564.07957111 26.93 130.904573  47.889170  7.646
 10    63.016 52564.07957175 27.19 130.903243  47.885930  7.646
 10    63.114 52564.07957240 29.35 130.901923  47.882690  7.646
 12    63.941 52634.07954559 16.79 130.901923  47.901922 16.278
 12    63.792 52634.07954624 16.43 130.900603  47.898682 16.278
 12    63.182 52634.07954688 17.02 130.899273  47.895432 16.278
 12    62.849 52634.07954753 16.91 130.897943  47.892192 16.278
 13    64.942 52669.07955790 13.04 130.898478  47.905184 16.437
 13    64.250 52669.07955855 13.41 130.897158  47.901944 16.437
 13    63.985 52669.07955919 14.17 130.895828  47.898694 16.437
 13    64.392 52669.07955984 13.58 130.894508  47.895454 16.437
 14    63.272 52704.07954236 11.65 130.906312  47.895795  6.450
 14    62.725 52704.07954301 12.49 130.904982  47.892545  6.450
 15    72.378 52739.07957848 16.25 130.897626  47.905190  7.810
 15    72.603 52739.07957913 16.95 130.896296  47.901940  7.810
 15    62.468 52739.07957977 18.98 130.894976  47.898700  7.810
 15    62.794 52739.07958042 21.88 130.893646  47.895460  7.810
 16    62.958 52774.07952877 47.07 130.899254  47.905202 11.472
 16    62.900 52774.07952942 49.42 130.897934  47.901962 11.472
 16    62.997 52774.07953006 48.36 130.896604  47.898712 11.472
 16    63.025 52774.07953071 49.46 130.895284  47.895472 11.472
 20    66.778 52914.07965356 15.66 130.900692  47.904970  9.034
 20    68.282 52914.07965614 13.62 130.895392  47.891990  9.034
 23    65.372 53019.07963346 14.82 130.897895  47.904994 12.190
 23    65.585 53019.07963411 14.83 130.896565  47.901744 12.190
 23    64.933 53019.07963475 14.23 130.895245  47.898504 12.190
 23    64.079 53019.07963540 15.30 130.893915  47.895264 12.190
 24    72.706 53054.07961857  9.40 130.906868  47.898129  5.484
 24    62.743 53054.07961921 10.12 130.905538  47.894889  5.484
 24    62.548 53054.07961986 10.35 130.904208  47.891639  5.484
 24    62.313 53054.07962050 10.68 130.902888  47.888399  5.484
 24    62.233 53054.07962115 11.37 130.901558  47.885149  5.484
 25    63.451 53089.07965428 25.33 130.889050  47.909281  9.607
 25    63.637 53089.07965493 23.46 130.887720  47.906041  9.607
 25    63.441 53089.07965557 22.91 130.886400  47.902801  9.607
 26    73.224 53124.07962567 11.60 130.903392  47.899539  9.612
 26    72.001 53124.07962631 10.81 130.902062  47.896289  9.612
 26    70.742 53124.07962696 12.58 130.900732  47.893049  9.612
 26    64.538 53124.07962760 20.20 130.899412  47.889809  9.612
 27    98.805 53159.07968467 14.86 130.894179  47.900392  4.781
 27    88.769 53159.07968532 18.96 130.892849  47.897152  4.781
 28    64.605 53194.07967913 43.05 130.902733  47.902182 12.012
 28    63.693 53194.07967978 48.29 130.901413  47.898942 12.012
 29    75.730 53229.07967183 13.29 130.902745  47.902865  5.346
 29    78.394 53229.07967247 11.55 130.901425  47.899625  5.346
 29    73.082 53229.07967312 12.24 130.900095  47.896385  5.346
 29    71.552 53229.07967376 14.52 130.898765  47.893135  5.346
 29    65.371 53229.07967440 22.03 130.897445  47.889895  5.346
 31    71.501 53299.07968644 14.76 130.895578  47.907800  4.427
 31    73.065 53299.07968709 14.75 130.894258  47.904560  4.427
 31    72.954 53299.07968773 15.53 130.892928  47.901320  4.427
 31    72.413 53299.07968838 15.28 130.891598  47.898070  4.427
 32    62.166 53334.07965811 47.25 130.899262  47.902832 14.416
 32    61.712 53334.07965876 50.43 130.897932  47.899592 14.416
 32    62.327 53334.07965940 42.64 130.896612  47.896352 14.416
 32    61.160 53334.07966005 43.48 130.895282  47.893102 14.416
 35    63.457 53439.07961850 14.24 130.895887  47.904741  5.587
 35    63.275 53439.07961914 13.67 130.894557  47.901501  5.587
 35    63.145 53439.07961979 13.57 130.893227  47.898251  5.587
 36    71.335 53474.07967775 21.32 130.899297  47.904799  6.614
 36    62.664 53474.07967839 25.73 130.897967  47.901559  6.614
 36    72.160 53474.07967904 22.51 130.896647  47.898319  6.614
 36    71.918 53474.07967968 20.97 130.895317  47.895069  6.614
 37    81.740 53509.07969884 11.89 130.899124  47.902959  5.046
 37    84.023 53509.07969948 11.97 130.897794  47.899709  5.046
 37    85.272 53509.07970013 11.92 130.896474  47.896469  5.046
 37    83.889 53509.07970077 12.87 130.895144  47.893229  5.046
 40    75.682 53614.07964540  9.43 130.893078  47.909486  4.415
 40    74.969 53614.07964605 10.25 130.891748  47.906236  4.415
 40    73.510 53614.07964669 14.34 130.890428  47.902996  4.415
 40    73.114 53614.07964734 18.17 130.889098  47.899756  4.415
 42    63.281 53684.07966636 45.91 130.895057  47.907660 12.117
 42    62.918 53684.07966700 48.86 130.893737  47.904420 12.117
 44    63.180 53754.07951833 17.88 130.907395  47.890329 13.863
 44    63.181 53754.07951897 18.13 130.906065  47.887079 13.863
 44    63.122 53754.07951962 17.48 130.904745  47.883839 13.863
 44    63.184 53754.07952026 17.14 130.903415  47.880599 13.863
 46    63.398 53824.07950366 10.37 130.908004  47.890413  7.996
 46    63.223 53824.07950431 10.85 130.906674  47.887173  7.996
 46    63.212 53824.07950495 11.33 130.905346  47.883921  4.979
 46    63.069 53824.07950560 11.40 130.904026  47.880681  4.979
 47    63.527 53859.07959450 50.01 130.899070  47.903435 17.329
 47    63.271 53859.07959514 52.91 130.897740  47.900195 17.329
 47    63.140 53859.07959579 50.76 130.896420  47.896955 17.329
 47    63.053 53859.07959643 49.49 130.895090  47.893705 17.329
 48    64.786 53894.07961127 19.32 130.903636  47.899684  5.719
 48    63.298 53894.07961192 18.92 130.902316  47.896444  5.719
 48    63.374 53894.07961256 18.10 130.900986  47.893194  5.719
 48    64.758 53894.07961320 16.73 130.899656  47.889954  5.719
 49    65.722 53929.07966557 43.09 130.892687  47.910378 19.251
 49    66.567 53929.07966621 41.44 130.891357  47.907138 19.251
 49    66.102 53929.07966686 43.98 130.890037  47.903888 19.251
 49    65.560 53929.07966750 44.50 130.888707  47.900648 19.251
 51    68.684 53999.07960157 12.95 130.906997  47.889219  7.271
 51    68.181 53999.07960221 14.17 130.905667  47.885969  7.271
 51    66.972 53999.07960286 15.25 130.904337  47.882729  7.271
 52    63.014 54034.07964665 53.99 130.903463  47.898441 13.166
 52    63.584 54034.07964729 49.46 130.902143  47.895201 13.166
 52    63.438 54034.07964794 48.64 130.900813  47.891951 13.166
 52    63.217 54034.07964858 50.12 130.899483  47.888711 13.166
 55    63.363 54139.07957043 12.21 130.902407  47.901666  6.409
 55    63.382 54139.07957108 12.67 130.901087  47.898426  6.409
 55    63.392 54139.07957172 12.75 130.899757  47.895186  6.409
 55    63.267 54139.07957237 13.79 130.898427  47.891936  6.409
 56    73.705 54174.07957514  7.79 130.896201  47.905309  4.854
 56    72.862 54174.07957578  7.74 130.894871  47.902059  4.854
 56    70.998 54174.07957642  8.92 130.893551  47.898819  4.854
 57    64.062 54209.07957639 39.44 130.901901  47.902982 11.193
 57    64.052 54209.07957704 27.85 130.900581  47.899742 11.193
 57    64.702 54209.07957768 22.54 130.899251  47.896492 11.193
 57    64.923 54209.07957833 25.19 130.897921  47.893252 11.193
 58    65.825 54244.07960730 17.58 130.900835  47.903689  5.760
 58    79.466 54244.07960794 10.66 130.899505  47.900449  5.760
 58    74.338 54244.07960859 11.22 130.898185  47.897209  5.760
 58    72.177 54244.07960923 12.37 130.896855  47.893959  5.760
 61    66.337 54349.07958973 20.97 130.895777  47.904480  4.228
 61    66.253 54349.07959037 20.92 130.894447  47.901230  4.228
 61    66.092 54349.07959102 22.65 130.893127  47.897990  4.228
 62    73.609 54384.07955854 11.26 130.902214  47.899679  7.880
 62    72.493 54384.07955918 10.03 130.900894  47.896429  7.880
 62    71.452 54384.07955982 10.07 130.899564  47.893189  7.880
 62    67.633 54384.07956047 15.70 130.898244  47.889949  7.880
 67    74.979 54559.07954788 17.44 130.896333  47.904005  7.014
 67    62.973 54559.07954853 19.00 130.895013  47.900765  7.014
 67    79.529 54559.07954917 17.22 130.893683  47.897525  7.014
 68    70.659 54594.07953724 19.02 130.900763  47.905053  4.475
 68    72.371 54594.07953788 18.49 130.899433  47.901813  4.475
 68    78.228 54594.07953853 17.94 130.898113  47.898573  4.475
 68    62.369 54594.07953917 17.11 130.896783  47.895323  4.475
 68    68.781 54594.07953982 17.26 130.895463  47.892083  4.475
 69    63.551 54629.07955242 27.29 130.898897  47.903443  8.287
 69    64.378 54629.07955306 27.40 130.897567  47.900203  8.287
 69    63.928 54629.07955371 41.35 130.896237  47.896953  8.287
 70    64.084 54664.07955951 19.25 130.898307  47.902856  5.289
 70    73.330 54664.07956016 18.22 130.896987  47.899616  5.289
 70    74.111 54664.07956080 17.99 130.895657  47.896366  5.289
 72    64.759 54734.07951790 48.26 130.902815  47.899884 11.054
 72    64.601 54734.07951855 52.02 130.901485  47.896634 11.054
 72    64.769 54734.07951919 49.50 130.900155  47.893394 11.054
 74    63.680 54804.07951148 20.75 130.902201  47.901926  6.993
 74    63.287 54804.07951213 20.41 130.900871  47.898676  6.993
 74    63.401 54804.07951277 20.18 130.899541  47.895436  6.993
 74    63.118 54804.07951342 20.92 130.898221  47.892196  6.993
 75    65.817 54839.07950601  2.94 130.899215  47.900658  8.932
 75    65.568 54839.07950666  8.70 130.897885  47.897418  8.932
 75    65.384 54839.07950730 11.35 130.896555  47.894168  8.932
 77    74.264 54909.07951191  4.35 130.894003  47.905722  3.905
 77    77.580 54909.07951256  3.65 130.892683  47.902482  3.905
 77    74.265 54909.07951320  3.87 130.891353  47.899242  3.905
 78    62.722 54944.07950408 41.22 130.901113  47.900817 12.034
 78    63.625 54944.07950473 25.40 130.899793  47.897567 12.034
 78    63.439 54944.07950537 24.18 130.898463  47.894327 12.034
 78    73.593 54944.07950601 20.83 130.897143  47.891087 12.034
 79    74.470 54979.07953083 10.80 130.898531  47.903192  6.171
 79    73.119 54979.07953148 11.53 130.897211  47.899952  6.171
 79    71.805 54979.07953212 10.86 130.895881  47.896702  6.171
 79    66.985 54979.07953276 11.71 130.894561  47.893462  6.171
 80    66.767 55014.07953544 28.28 130.899599  47.904774 15.558
 80    67.168 55014.07953609 29.03 130.898279  47.901534 15.558
 80    66.770 55014.07953673 29.85 130.896949  47.898294 15.558
 80    66.670 55014.07953738 34.75 130.895619  47.895044 15.558
 82    66.600 55084.07949686 19.55 130.895489  47.907791  4.339
 82    73.214 55084.07949750 19.08 130.894159  47.904551  4.339
 82    72.843 55084.07949815 19.75 130.892829  47.901301  4.339
 82    66.473 55084.07949879 20.55 130.891509  47.898061  4.339
 83    65.455 55119.07946140 46.57 130.903813  47.899914 10.804
 83    65.849 55119.07946205 49.73 130.902483  47.896664 10.804
 84    63.116 55154.07945659 39.81 130.897272  47.905077 11.443
 84    63.337 55154.07945723 41.62 130.895952  47.901837 11.443
 85    65.662 55189.07945029 12.14 130.902266  47.900879  6.100
 85    65.582 55189.07945094 12.43 130.900946  47.897629  6.100
 85    65.212 55189.07945158 14.89 130.899616  47.894389  6.100
 85    64.897 55189.07945222 14.97 130.898296  47.891149  6.100
 86    75.251 55224.07945593  7.02 130.898669  47.905664  5.808
 86    73.769 55224.07945658  6.70 130.897349  47.902424  5.808
 86    71.950 55224.07945722  7.93 130.896019  47.899184  5.808
 86    69.805 55224.07945786  8.21 130.894689  47.895934  5.808
 87    66.205 55259.07944592 12.52 130.901783  47.903385  8.029
 87    73.173 55259.07944657  8.69 130.900453  47.900135  8.029
 87    71.715 55259.07944721  6.70 130.899123  47.896895  8.029
 87    71.214 55259.07944786  6.15 130.897803  47.893655  8.029
 88    64.987 55294.07944268 26.59 130.895453  47.904504  7.580
 88    64.936 55294.07944333 26.45 130.894123  47.901254  7.580
