-207026.775   290.622     0.00   26.58
-206652.875   281.551   -24.26   24.23
-206279.021   271.532   -26.81   20.04
-205905.212   259.451   -32.33   15.17
-205531.448   250.088   -25.06   11.32
-205157.729   243.532   -17.54    9.93
-204784.056   239.997    -9.46    9.28
-204410.428   239.532    -1.25   11.80
-204036.845   236.558    -7.96   13.40
-203663.307   230.793   -15.44   13.72
-203289.814   223.456   -19.65   10.92
-202916.367   217.643   -15.57    8.98
-202542.964   211.503   -16.45    5.79
-202169.607   207.469   -10.81    5.13
-201796.295   202.522   -13.25    6.14
-201423.028   198.664   -10.34    5.75
-201049.806   195.342    -8.90    4.81
-200676.629   192.342    -8.04    4.29
-200303.497   189.616    -7.31    4.25
-199930.410   187.206    -6.46    3.65
-199557.368   185.190    -5.41    3.38
-199184.371   184.075    -2.99    3.42
-198811.419   183.148    -2.49    3.81
-198438.512   182.042    -2.97    4.60
-198065.649   181.230    -2.18    4.89
-197692.832   180.538    -1.86    4.83
-197320.060   179.643    -2.40    5.20
-196947.332   178.342    -3.49    5.21
-196574.649   177.735    -1.63    5.12
-196202.011   176.519    -3.26    4.90
-195829.418   175.658    -2.31    4.87
-195456.870   173.406    -6.05    5.73
-195084.367   170.342    -8.23    5.69
-194711.908   166.629    -9.97    5.51
-194339.494   163.238    -9.11    4.02
-193967.124   162.100    -3.06    3.02
-193594.800   162.731     1.70    4.38
-193222.520   165.858     8.40    5.70
-192850.285   170.014    11.17    5.66
-192478.094   173.357     8.99    5.29
-192105.948   175.976     7.04    5.40
-191733.847   178.040     5.55    5.55
-191361.790   179.503     3.93    5.29
-190989.778   179.164    -0.91    4.69
-190617.810   179.213     0.13    3.93
-190245.887   179.637     1.14    3.90
-189874.009   182.404     7.44    5.73
-189502.174   184.445     5.49    5.74
-189130.385   183.825    -1.67    5.92
-188758.640   181.735    -5.62    7.11
-188386.939   177.154   -12.33    7.10
-188015.283   173.713    -9.26    4.83
-187643.671   174.103     1.05    4.53
-187272.104   177.761     9.85    7.08
-186900.581   184.729    18.76   10.99
-186529.103   195.088    27.89   15.99
-186157.669   204.777    26.09   17.42
-185786.279   212.564    20.97   16.32
-185414.933   214.276     4.61   13.79
-185043.632   210.809    -9.34   14.21
-184672.375   206.833   -10.71   14.30
-184301.162   200.203   -17.86   12.62
-183929.994   192.625   -20.42   10.54
-183558.870   185.148   -20.15   10.64
-183187.790   177.325   -21.09    8.41
-182816.754   171.888   -14.65    6.93
-182445.763   167.100   -12.91    5.47
-182074.815   163.842    -8.78    4.61
-181703.912   161.600    -6.05    3.51
-181333.053   160.342    -3.39    3.20
-180962.238   159.180    -3.13    3.32
-180591.467   158.487    -1.87    3.37
-180220.740   157.262    -3.30    3.23
-179850.057   156.375    -2.39    2.99
-179479.419   156.825     1.22    3.27
-179108.824   158.697     5.05    4.46
-178738.273   162.100     9.18    6.21
-178367.767   165.842    10.10    5.87
-177997.304   167.904     5.57    5.02
-177626.885   169.031     3.04    4.84
-177256.511   168.899    -0.36    4.11
-176886.180   169.613     1.93    4.40
-176515.893   172.454     7.68    5.39
-176145.650   175.138     7.25    4.49
-175775.451   176.230     2.95    3.90
-175405.295   174.063    -5.86    5.92
-175035.184   170.535    -9.53    7.08
-174665.116   166.897    -9.83    6.79
-174295.093   163.030   -10.45    6.07
-173925.113   159.849    -8.60    6.59
-173555.176   157.564    -6.18    6.50
-173185.284   155.723    -4.98    5.61
-172815.435   154.325    -3.78    5.25
-172445.630   150.696    -9.82    6.34
-172075.869   146.309   -11.87    6.75
-171706.151   141.293   -13.57    6.69
-171336.477   136.014   -14.28    4.82
-170962.242   131.793   -11.28    4.41
-170583.676   128.164    -9.59    4.11
-170205.157   124.954    -8.48    4.03
-169826.683   121.932    -7.99    3.07
-169448.256   120.229    -4.50    2.40
-169069.874   118.809    -3.75    1.74
-168691.538   118.242    -1.50    2.03
-168313.248   117.850    -1.04    2.02
-167935.004   117.238    -1.62    2.15
-167556.806   117.246     0.02    2.23
-167178.653   117.025    -0.59    2.14
-166800.547   116.890    -0.36    2.09
-166422.486   117.342     1.19    2.13
-166044.471   118.277     2.48    2.85
-165666.502   119.786     3.99    2.99
-165288.578   121.186     3.71    3.08
-164910.700   123.229     5.41    3.56
-164532.868   125.664     6.45    4.52
-164155.082   129.261     9.52    5.97
-163777.341   133.653    11.63    6.83
-163399.646   138.293    12.29    7.26
-163021.996   142.793    11.92    5.72
-162644.393   145.494     7.15    4.07
-162266.834   147.489     5.28    4.55
-161889.322   148.428     2.49    5.55
-161511.854   149.643     3.22    5.89
-161134.433   151.825     5.78    5.21
-160757.057   151.793    -0.08    5.25
-160379.726   150.976    -2.16    5.29
-160002.441   149.833    -3.03    5.14
-159625.202   148.643    -3.16    4.00
-159248.007   148.020    -1.65    3.41
-158870.859   149.535     4.02    4.24
-158493.755   150.390     2.27    5.05
-158116.697   150.865     1.26    5.72
-157739.685   147.686    -8.43    7.65
-157362.718   142.802   -12.96    8.30
-156985.796   137.079   -15.18    7.23
-156608.919   132.291   -12.71    4.28
-156232.088   130.083    -5.86    2.43
-155855.302   130.221     0.36    2.82
-155478.562   132.467     5.96    4.06
-155101.866   135.158     7.15    4.98
-154725.216   138.246     8.20    5.32
-154348.611   141.551     8.78    6.48
-153972.052   145.051     9.30    7.39
-153595.537   149.906    12.90    7.66
-153219.068   153.702    10.09    5.82
-152842.644   154.987     3.41    4.46
-152466.265   154.508    -1.27    5.69
-152089.931   151.487    -8.03    6.66
-151713.642   148.132    -8.92    7.02
-151337.398   145.246    -7.67    6.79
-150961.199   140.987   -11.32    5.15
-150585.046   139.008    -5.26    3.80
-150208.937   138.770    -0.63    3.19
-149832.873   140.053     3.41    4.08
-149456.855   142.232     5.80    3.66
-149080.881   143.824     4.24    4.31
-148704.952   145.604     4.73    4.26
-148329.069   147.460     4.94    3.68
-147953.230   149.145     4.48    3.00
-147577.436   150.058     2.43    2.49
-147201.687   150.128     0.19    2.75
-146825.983   148.664    -3.90    3.49
-146450.323   146.809    -4.94    3.66
-146074.709   144.761    -5.45    3.19
-145699.139   143.273    -3.96    3.31
-145323.614   141.890    -3.68    3.93
-144948.134   139.825    -5.50    4.88
-144572.699   137.600    -5.93    5.00
-144197.308   134.981    -6.98    5.29
-143821.962   133.100    -5.01    5.55
-143446.661   132.145    -2.54    5.57
-143071.404   131.808    -0.90    6.68
-142696.193   129.929    -5.01    6.43
-142321.026   129.479    -1.20    6.65
-141945.903   131.638     5.76    8.79
-141570.825   135.166     9.41    9.20
-141195.792   137.551     6.36    8.31
-140820.803   139.242     4.51    6.37
-140445.859   140.784     4.11    6.18
-140070.960   142.246     3.90    5.78
-139696.105   143.616     3.65    5.21
-139321.294   143.833     0.58    5.44
-138946.528   142.161    -4.46    6.68
-138571.807   140.809    -3.61    5.72
-138197.130   140.780    -0.08    4.85
-137822.497   143.634     7.62    6.21
-137447.909   147.375     9.99    6.75
-137073.365   151.389    10.72    6.32
-136698.866   155.745    11.63    3.54
-136324.411   157.653     5.10    2.91
-135950.000   157.708     0.15    4.29
-135575.634   154.180    -9.43    9.46
-135201.312   149.922   -11.38   10.90
-134827.035   148.025    -5.07    9.85
-134452.801   148.326     0.80    7.48
-134078.612   149.745     3.79    3.66
-133704.467   147.842    -5.09    4.09
-133330.367   145.406    -6.51    4.31
-132956.311   142.938    -6.60    3.70
-132582.299   141.505    -3.83    3.77
-132208.331   142.532     2.75    4.68
-131834.407   143.735     3.22    4.69
-131460.528   144.825     2.92    3.62
-131086.692   144.913     0.24    3.48
-130712.901   144.070    -2.25    3.72
-130339.154   143.748    -0.86    5.02
-129965.451   142.721    -2.75    5.43
-129591.792   140.473    -6.02    7.48
-129218.177   135.020   -14.60   10.79
-128844.606   128.128   -18.45   12.79
-128471.079   120.555   -20.28   12.97
-128097.596   113.637   -18.53   13.46
-127724.157   106.309   -19.62   11.56
-127350.762   103.669    -7.07    9.10
-126977.411   107.745    10.92   11.99
-126604.104   114.884    19.13   12.92
-126230.841   124.183    24.92   10.46
-125857.622   128.342    11.14    7.68
-125484.447   130.277     5.19    6.92
-125111.315   130.087    -0.51    6.97
-124738.228   127.067    -8.10    7.74
-124365.184   122.492   -12.27    9.00
-123992.184   115.680   -18.26    9.56
-123619.228   108.008   -20.57    8.86
-123246.316   104.422    -9.62    6.56
-122873.447   103.850    -1.54    5.58
-122500.622   107.938    10.97    8.37
-122127.841   117.390    25.36   11.14
-121755.104   125.825    22.63    9.75
-121382.410   130.405    12.29    7.65
-121009.760   133.531     8.39    6.05
-120637.154   133.487    -0.12    6.85
-120264.591   132.922    -1.52    7.04
-119892.072   133.648     1.95    6.61
-119519.597   136.915     8.77    5.79
-119147.165   139.680     7.42    5.06
-118774.777   142.669     8.03    5.75
-118402.432   145.358     7.22    6.36
-118030.131   148.945     9.64    7.87
-117657.874   150.008     2.86    7.59
-117285.660   148.754    -3.37    7.51
-116913.489   145.850    -7.80    7.45
-116541.362   140.391   -14.67    6.76
-116169.279   136.807    -9.63    6.04
-115797.239   134.793    -5.41    6.58
-115425.242   135.058     0.71    7.94
-115053.289   137.199     5.76    8.13
-114681.379   139.833     7.08    7.48
-114309.512   143.194     9.04    6.36
-113937.689   146.145     7.94    6.02
-113565.910   148.210     5.56    4.21
-113194.173   148.908     1.88    3.84
-112822.480   149.206     0.80    4.41
-112450.830   148.865    -0.92    4.54
-112079.224   148.443    -1.14    4.44
-111707.660   147.607    -2.25    5.18
-111336.140   147.704     0.26    5.17
-110964.664   149.571     5.03    5.66
-110593.230   151.675     5.66    5.10
-110221.840   152.758     2.92    3.74
-109850.493   150.058    -7.27    5.81
-109479.189   145.770   -11.55    7.17
-109107.928   140.243   -14.89    6.12
-108736.710   136.342   -10.51    4.58
-108365.536   133.632    -7.30    3.70
-107994.404   133.083    -1.48    5.04
-107623.316   132.965    -0.32    6.89
-107252.271   134.545     4.26    9.78
-106881.268   140.793    16.84   12.42
-106510.309   143.587     7.53   11.58
-106139.393   139.951    -9.80   13.03
-105768.520   132.859   -19.12   15.71
-105397.690   120.801   -32.52   16.80
-105026.902   108.704   -32.63   11.16
-104656.158   100.958   -20.89    9.77
-104285.457    94.908   -16.32    9.38
-103914.798    90.675   -11.42    9.19
-103544.183    85.958   -12.73    7.30
-103173.610    82.637    -8.96    5.50
-102803.081    80.567    -5.59    5.79
-102432.594    80.866     0.81    6.43
-102062.150    80.992     0.34    6.46
-101691.749    81.952     2.59    7.71
-101321.390    86.180    11.42    9.53
-100951.075    91.411    14.13   11.37
-100580.802    93.326     5.17   11.15
-100210.572    91.997    -3.59   12.61
 -99840.385    88.719    -8.86   11.92
 -99470.240    85.652    -8.29   10.28
 -99100.138    86.906     3.39   10.10
 -98730.079    90.036     8.46    9.32
 -98360.062    91.802     4.77    8.24
 -97990.089    90.608    -3.23    8.34
 -97620.157    90.758     0.41    9.28
 -97250.269    87.535    -8.71   14.05
 -96880.423    80.227   -19.76   24.40
 -96510.620    69.258   -29.66   30.50
 -96137.269    60.975   -22.19   29.52
 -95758.802    65.842    12.86   30.73
 -95380.380    78.745    34.10   32.29
 -95002.004    94.858    42.59   23.40
 -94623.671   103.775    23.57    9.40
 -94245.384   100.532    -8.57   10.97
 -93867.141    92.575   -21.04   11.48
 -93488.943    86.604   -15.79   10.52
 -93110.790    83.309    -8.71    9.41
 -92732.681    85.596     6.05   10.66
 -92354.617    93.374    20.58   11.54
 -91976.597   100.240    18.16   14.07
 -91598.623   107.406    18.96   14.37
 -91220.692   108.669     3.34   13.94
 -90842.807   100.758   -20.94   20.98
 -90464.966    91.042   -25.72   19.32
 -90087.169    85.587   -14.44   16.00
 -89709.417    92.567    18.48   21.35
 -89331.709   109.755    45.51   22.61
 -88954.046   127.374    46.66   25.41
 -88576.428   141.579    37.62   17.91
 -88198.853   144.128     6.75   13.93
 -87821.324   139.258   -12.90   15.78
 -87443.838   135.408   -10.20   13.23
 -87066.397   133.040    -6.28    9.48
 -86689.001   134.952     5.07    9.07
 -86311.649   137.532     6.84    7.37
 -85934.341   139.096     4.15    6.67
 -85557.077   142.971    10.27    6.99
 -85179.858   147.725    12.60    7.44
 -84802.683   154.258    17.32    8.83
 -84425.553   163.342    24.09   11.20
 -84048.466   169.758    17.02   11.55
 -83671.424   173.374     9.59   11.43
 -83294.426   172.824    -1.46   14.09
 -82917.473   166.194   -17.59   17.65
 -82540.563   154.528   -30.95   19.37
 -82163.698   141.375   -34.90   19.39
 -81786.877   128.525   -34.10   17.43
 -81410.100   118.210   -27.38   13.82
 -81033.367   109.456   -23.24    9.09
 -80656.678   105.158   -11.41    6.24
 -80280.033   107.503     6.23    8.37
 -79903.433   113.502    15.93   11.65
 -79526.876   121.833    22.13   11.10
 -79150.364   127.375    14.72    6.96
 -78773.895   129.389     5.35    6.49
 -78397.471   132.083     7.16    6.68
 -78021.090   133.092     2.68    5.79
 -77644.754   132.809    -0.75    5.75
 -77268.461   128.635   -11.09    9.66
 -76892.213   121.680   -18.48   11.34
 -76516.008   118.893    -7.41   10.62
 -76139.847   117.293    -4.25   10.26
 -75763.730   115.391    -5.06    9.84
 -75387.657   115.258    -0.35   10.47
 -75011.628   117.538     6.06   10.93
 -74635.643   122.210    12.43   10.04
 -74259.701   124.874     7.09    5.32
 -73883.804   121.833    -8.09    8.41
 -73507.950   115.083   -17.96   12.17
 -73132.140   105.868   -24.52   12.58
 -72756.373   100.793   -13.51    8.51
 -72380.651   101.475     1.81    8.56
 -72004.972   106.922    14.50    9.95
 -71629.336   113.817    18.36    7.70
 -71253.745   117.508     9.83    5.45
 -70878.197   119.046     4.10    4.26
 -70502.693   119.928     2.35    4.62
 -70127.232   120.180     0.67    5.22
 -69751.815   119.824    -0.95    5.02
 -69376.442   118.809    -2.70    4.50
 -69001.112   116.079    -7.27    5.57
 -68625.826   113.391    -7.16    5.92
 -68250.583   110.242    -8.39    6.77
 -67875.384   106.058   -11.15    7.45
 -67500.229   105.627    -1.15    7.39
 -67125.117   107.725     5.59    7.45
 -66750.048   110.458     7.29    6.55
 -66375.023   113.877     9.12    3.68
 -66000.041   112.890    -2.63    5.25
 -65625.103   112.008    -2.35    6.03
 -65250.208   109.975    -5.42    6.54
 -64875.357   107.915    -5.49    5.73
 -64500.549   104.850    -8.18    7.29
 -64125.784    98.008   -18.26   10.65
 -63751.063    92.958   -13.48   10.44
 -63376.385    89.390    -9.52    8.94
 -63001.750    88.807    -1.56    9.05
 -62627.159    91.473     7.12    9.13
 -62252.611    96.535    13.52    7.62
 -61878.106    99.648     8.31    5.76
 -61503.645   101.275     4.34    6.04
 -61129.227   102.505     3.29    8.35
 -60754.852   103.948     3.85    9.31
 -60380.520   104.142     0.52    9.18
 -60006.231   102.647    -3.99    9.33
 -59631.986   102.274    -1.00   11.66
 -59257.783    99.600    -7.15   13.17
 -58883.624    95.652   -10.55   15.08
 -58509.508    88.948   -17.92   16.65
 -58135.435    81.393   -20.20   14.96
 -57761.406    75.519   -15.71   13.22
 -57387.419    69.538   -15.99    8.57
 -57013.475    69.535    -0.01    8.35
 -56639.574    70.019     1.29    8.13
 -56265.717    68.092    -5.16    5.86
 -55891.902    68.104     0.03    5.86
 -55518.131    67.600    -1.35    6.91
 -55144.402    68.210     1.63    6.98
 -54770.716    69.100     2.38    7.22
 -54397.074    71.948     7.62    7.99
 -54023.474    73.824     5.02    7.93
 -53649.917    75.014     3.18    8.28
 -53276.403    76.758     4.67    8.00
 -52902.932    78.309     4.15    8.05
 -52529.503    81.374     8.21    8.32
 -52156.118    84.325     7.90    8.23
 -51782.775    89.125    12.86    7.08
 -51409.476    91.600     6.63    7.29
 -51036.219    93.890     6.13    7.01
 -50663.005    96.152     6.06    6.11
 -50289.833    97.777     4.36    5.01
 -49916.704    97.061    -1.92    5.89
 -49543.619    94.407    -7.11    7.76
 -49170.575    90.758    -9.78    9.84
 -48797.575    82.793   -21.36   14.57
 -48424.617    71.293   -30.84   16.21
 -48051.702    63.008   -22.22   13.76
 -47678.829    57.883   -13.75    7.82
 -47306.000    58.053     0.46    6.00
 -46933.212    62.632    12.28    6.90
 -46560.468    67.008    11.74    5.93
 -46187.766    70.438     9.20    5.43
 -45815.106    72.429     5.34    5.22
 -45442.489    72.915     1.30    4.93
 -45069.915    74.596     4.51    4.74
 -44697.383    75.008     1.11    5.21
 -44324.894    74.392    -1.65    5.39
 -43952.447    71.240    -8.46    7.16
 -43580.042    65.025   -16.69   10.14
 -43207.681    60.637   -11.79    9.47
 -42835.361    59.424    -3.26   10.42
 -42463.084    62.758     8.96   11.91
 -42090.849    68.751    16.10   10.46
 -41718.657    72.967    11.33    6.35
 -41346.507    72.358    -1.63    6.37
 -40974.400    72.308    -0.14    6.95
 -40602.335    71.151    -3.11    7.64
 -40230.312    71.908     2.04    8.17
 -39858.332    74.975     8.24    7.62
 -39486.393    75.542     1.52    7.08
 -39114.497    72.227    -8.91   10.14
 -38742.644    66.792   -14.62   12.31
 -38370.832    63.647    -8.46   10.46
 -37999.063    62.196    -3.90    9.23
 -37627.336    63.307     2.99    8.91
 -37255.652    63.167    -0.38    9.29
 -36884.009    61.290    -5.05    9.44
 -36512.409    57.686    -9.70    9.91
 -36140.851    52.392   -14.25   10.77
 -35769.335    49.409    -8.03   11.09
 -35397.861    46.630    -7.48   12.10
 -35026.429    43.083    -9.55   13.58
 -34655.039    38.935   -11.17   14.51
 -34283.692    32.932   -16.17   12.70
 -33912.386    25.834   -19.12    8.31
 -33541.123    22.825    -8.10    4.74
 -33169.901    21.562    -3.40    4.11
 -32798.722    22.020     1.23    5.70
 -32427.584    22.825     2.17    6.62
 -32056.489    23.376     1.48    7.03
 -31685.435    23.473     0.26    6.92
 -31314.424    23.778     0.82    6.88
 -30943.454    23.374    -1.09    6.33
 -30572.526    21.409    -5.30    5.38
 -30201.641    20.454    -2.57    3.75
 -29830.797    20.817     0.98    3.85
 -29459.995    23.175     6.36    5.06
 -29089.235    27.258    11.01    5.01
 -28718.516    30.719     9.33    5.46
 -28347.840    34.525    10.27    4.57
 -27977.205    37.392     7.73    4.59
 -27606.612    40.309     7.87    6.04
 -27236.061    44.306    10.79    8.65
 -26865.552    48.175    10.44    9.36
 -26495.084    51.635     9.34    9.75
 -26124.659    56.292    12.57   10.78
 -25754.274    61.412    13.82   12.78
 -25383.932    71.702    27.79   15.76
 -25013.631    81.359    26.08   14.57
 -24643.372    87.008    15.26   12.05
 -24273.155    88.092     2.93   11.95
 -23902.979    83.765   -11.69   15.76
 -23532.845    68.424   -41.45   24.66
 -23162.753    51.442   -45.89   25.08
 -22792.702    40.833   -28.67   19.50
 -22422.692    35.925   -13.27    9.98
 -22052.725    41.453    14.94   11.48
 -21682.798    49.901    22.84    9.14
 -21310.230    56.003    16.38    8.26
 -20931.849    60.770    12.60    9.59
 -20553.512    64.277     9.27   14.26
 -20175.219    66.867     6.85   17.04
 -19796.969    68.596     4.57   17.21
 -19418.762    73.178    12.11   16.59
 -19040.600    76.442     8.63   15.57
 -18662.480    80.528    10.81   15.59
 -18284.405    86.429    15.61   12.72
 -17906.373    80.587   -15.45   17.94
 -17528.384    66.608   -36.98   21.58
 -17150.439    55.308   -29.90   17.42
 -16772.537    52.801    -6.64   17.24
 -16394.678    62.508    25.69   23.44
 -16016.863    74.901    32.80   19.11
 -15639.092    79.169    11.30   16.02
 -15261.364    70.145   -23.89   21.23
 -14883.679    54.617   -41.11   20.07
 -14506.038    47.030   -20.09   16.63
 -14128.439    52.751    15.15   22.60
 -13750.885    62.391    25.53   24.36
 -13373.373    73.460    29.32   19.35
 -12995.905    82.425    23.75   15.81
 -12618.480    88.567    16.27   13.34
 -12241.098    89.048     1.27   12.28
 -11863.760    86.604    -6.48   14.60
 -11486.465    83.342    -8.65   15.74
 -11109.213    83.155    -0.49   15.76
 -10732.004    81.223    -5.12   16.19
 -10354.838    74.969   -16.58   19.15
  -9977.716    68.938   -15.99   19.65
  -9600.637    65.799    -8.32   18.70
  -9223.600    68.571     7.35   21.09
  -8846.607    81.859    35.25   21.33
  -8469.657    87.702    15.50   21.51
  -8092.750    92.918    13.84   20.93
  -7715.886    96.342     9.08   17.69
  -7339.066    89.664   -17.72   21.80
  -6962.288    79.893   -25.93   28.00
  -6585.553    66.571   -35.36   26.52
  -6208.861    57.490   -24.11   20.94
  -5832.212    64.620    18.93   24.68
  -5455.606    80.020    40.89   24.27
  -5079.044    86.358    16.83   18.75
  -4702.524    93.359    18.59   18.73
  -4326.046    94.494     3.02   17.81
  -3949.612    81.342   -34.94   24.38
  -3573.221    70.289   -29.36   25.15
  -3196.873    60.042   -27.23   22.60
  -2820.567    47.566   -33.15   25.90
  -2444.304    38.229   -24.82   33.09
  -2068.084    28.206   -26.64   33.77
  -1691.907    21.748   -17.17   32.04
  -1315.773    15.292   -17.16   31.69
   -939.681    12.538    -7.32   28.91
   -563.632     8.407   -10.99   24.76
   -187.626     5.121    -8.74   18.10
    188.337     3.260    -4.95   14.05
    564.258     2.903    -0.95   12.68
    940.136     2.731    -0.46   12.33
   1315.971     5.725     7.96   17.31
   1691.764    10.938    13.87   25.54
   2067.514    16.725    15.40   33.65
   2443.221    20.675    10.51   35.60
   2818.886    30.309    25.65   41.17
   3194.508    39.031    23.22   43.83
   3570.088    48.359    24.83   43.28
   3945.625    56.710    22.24   42.46
   4321.120    63.713    18.65   37.38
   4696.572    72.558    23.56   33.22
   5071.981    79.969    19.74   27.67
   5447.348    80.890     2.45   24.36
   5822.673    79.625    -3.37   23.21
   6197.955    79.714     0.24   24.06
   6573.194    74.221   -14.64   25.02
   6948.392    58.981   -40.62   29.41
   7323.546    44.842   -37.69   32.81
   7698.659    27.375   -46.56   27.48
   8073.729    12.558   -39.50   13.60
   8448.756     9.816    -7.31    9.36
   8823.742    11.053     3.30   12.86
   9198.685    15.155    10.94   14.91
   9573.585    16.229     2.86   14.21
   9948.443    16.108    -0.32   12.66
  10323.260    14.908    -3.20    9.75
  10698.033    14.786    -0.33    8.06
  11072.765    14.145    -1.71    8.29
  11447.454    11.497    -7.07    8.97
  11822.101     7.809    -9.84    8.09
  12196.706     4.121    -9.85    4.62
  12571.269     2.562    -4.16    2.77
  12945.789     1.492    -2.86    1.85
  13320.267     0.842    -1.74    1.54
  13694.703     0.458    -1.02    1.54
  14069.097    -0.038    -1.32    1.23
  14443.449    -0.396    -0.96    1.09
  14817.759    -0.227     0.45    1.14
  15192.027    -1.193    -2.58    2.06
  15566.253    -2.342    -3.07    2.31
  15940.436    -3.478    -3.04    2.03
  16314.578    -3.675    -0.53    1.96
  16688.677    -2.692     2.63    2.53
  17062.735    -1.320     3.67    2.50
  17436.750    -0.210     2.97    1.77
  17810.724     0.175     1.03    1.20
  18184.656     0.078    -0.26    1.30
  18558.545     0.116     0.10    1.23
  18932.393     0.117     0.00    1.28
  19306.199    -0.133    -0.67    1.28
  19679.963    -0.150    -0.05    1.39
  20053.685    -0.101     0.13    1.27
  20427.365    -0.303    -0.54    1.24
  20801.004    -0.082     0.59    1.22
  21174.600    -0.433    -0.94    1.38
  21548.155    -0.908    -1.27    1.59
  21921.668    -1.540    -1.69    1.50
  22295.139    -2.240    -1.88    1.60
  22668.568    -3.008    -2.06    1.55
  23041.956    -3.523    -1.38    1.59
  23415.302    -3.771    -0.67    1.52
  23788.606    -3.641     0.35    1.48
  24161.868    -3.417     0.60    1.57
  24535.089    -2.642     2.08    1.53
  24908.268    -2.353     0.77    1.43
  25281.406    -1.980     1.00    1.52
  25654.501    -1.641     0.91    1.47
  26027.555    -1.495     0.39    1.69
  26400.568    -1.676    -0.49    1.89
  26773.539    -2.348    -1.80    1.82
  27146.468    -2.760    -1.10    1.57
  27519.356    -2.839    -0.21    1.64
  27892.202    -2.709     0.35    1.50
  28265.007    -2.269     1.18    1.63
  28637.770    -1.706     1.51    1.50
  29010.492    -1.370     0.90    1.26
  29383.172    -1.540    -0.45    1.37
  29755.810    -2.022    -1.29    1.63
  30128.408    -2.478    -1.22    1.63
  30500.963    -2.980    -1.35    1.42
  30873.478    -2.997    -0.05    1.10
  31245.951    -3.193    -0.53    1.22
  31618.382    -3.201    -0.02    1.16
  31990.772    -3.192     0.02    1.07
  32363.121    -3.626    -1.17    1.29
  32735.428    -3.930    -0.82    1.27
  33107.694    -4.167    -0.64    1.47
  33479.919    -4.691    -1.41    1.69
  33852.103    -5.176    -1.30    1.93
  34224.245    -5.591    -1.12    1.96
  34596.346    -5.904    -0.84    1.91
  34968.405    -6.183    -0.75    1.85
  35340.424    -6.383    -0.54    1.81
  35712.401    -6.557    -0.47    1.82
  36084.337    -6.879    -0.87    1.66
  36456.231    -7.150    -0.73    1.37
  36828.085    -7.383    -0.63    1.04
  37199.897    -7.336     0.12    1.04
  37571.668    -7.085     0.68    1.23
  37943.399    -6.796     0.78    1.48
  38315.087    -6.790     0.02    1.50
  38686.735    -6.786     0.01    1.56
  39058.342    -7.075    -0.78    1.42
  39429.908    -7.538    -1.25    1.23
  39801.432    -7.970    -1.16    1.13
  40172.916    -8.383    -1.11    0.79
  40544.358    -8.089     0.79    1.72
  40915.760    -7.743     0.93    1.96
  41287.120    -7.255     1.31    2.35
  41658.440    -6.591     1.79    2.50
  42029.718    -6.019     1.54    2.59
  42400.956    -5.182     2.25    2.34
  42772.152    -4.775     1.10    1.98
  43143.308    -4.348     1.15    1.23
  43514.423    -4.378    -0.08    1.11
  43885.497    -4.449    -0.19    1.01
  44256.530    -4.355     0.25    1.01
  44627.522    -4.475    -0.32    0.95
  44998.473    -4.551    -0.21    0.89
  45369.383    -4.557    -0.01    0.94
  45740.253    -4.828    -0.73    1.02
  46111.082    -4.944    -0.31    1.07
  46481.870    -5.158    -0.58    1.16
  46852.617    -5.421    -0.71    1.04
  47223.323    -5.544    -0.33    1.02
  47593.989    -5.557    -0.04    0.90
  47964.614    -5.555     0.00    1.04
  48335.198    -5.421     0.36    1.15
  48705.742    -5.150     0.73    1.25
  49076.245    -4.658     1.33    1.27
  49446.707    -4.492     0.45    1.08
  49817.128    -4.621    -0.35    1.13
  50187.509    -4.875    -0.68    1.11
  50557.849    -5.089    -0.58    1.13
  50928.149    -5.287    -0.53    1.20
  51298.408    -5.557    -0.73    1.27
  51668.626    -5.779    -0.60    1.33
  52038.804    -5.980    -0.54    1.28
  52408.942    -6.101    -0.33    1.16
  52779.038    -6.082     0.05    1.21
  53149.095    -5.608     1.28    1.42
  53521.016    -5.119     1.32    1.45
  53899.299    -5.269    -0.40    2.02
  54277.540    -5.692    -1.12    2.27
  54655.738    -6.444    -1.99    2.46
  55033.893    -6.708    -0.70    2.19
  55412.006    -6.781    -0.19    1.77
  55790.077    -6.675     0.28    1.66
  56168.105    -6.754    -0.21    1.72
  56546.091    -6.762    -0.02    1.82
  56924.034    -6.775    -0.03    2.02
  57301.935    -7.084    -0.82    2.36
  57679.794    -7.358    -0.73    2.53
  58057.611    -7.676    -0.84    2.57
  58435.385    -7.855    -0.47    2.52
  58813.117    -8.150    -0.78    2.28
  59190.806    -8.132     0.05    2.06
  59568.454    -8.019     0.30    1.84
  59946.059    -7.936     0.22    1.58
  60323.621    -7.692     0.65    1.17
  60701.142    -7.336     0.94    1.29
  61078.620    -7.055     0.74    1.44
  61456.057    -6.743     0.83    1.43
  61833.451    -6.676     0.18    1.34
  62210.803    -7.062    -1.02    1.15
  62588.112    -7.237    -0.47    1.00
  62965.380    -7.141     0.25    1.11
  63342.605    -7.107     0.09    1.19
  63719.789    -7.513    -1.08    1.28
  64096.930    -7.796    -0.75    1.15
  64474.030    -7.888    -0.24    1.06
  64851.087    -7.865     0.06    1.18
  65228.102    -7.641     0.59    1.15
  65605.075    -7.404     0.63    1.28
  65982.007    -7.529    -0.33    1.37
  66358.896    -7.658    -0.34    1.29
  66735.743    -7.887    -0.61    1.23
  67112.548    -8.042    -0.41    1.15
  67489.312    -8.495    -1.20    1.69
  67866.033    -9.044    -1.46    2.04
  68242.713    -9.542    -1.32    2.26
  68619.350   -10.103    -1.49    2.44
  68995.946   -10.475    -0.99    2.30
  69372.500   -10.779    -0.81    2.29
  69749.012   -11.046    -0.71    2.15
  70125.483   -11.523    -1.27    1.87
  70501.911   -11.848    -0.86    1.61
  70878.298   -11.692     0.42    1.71
  71254.643   -11.676     0.04    1.77
  71630.946   -11.693    -0.05    1.79
  72007.207   -11.444     0.66    1.99
  72383.427   -11.478    -0.09    2.25
  72759.605   -11.348     0.35    2.72
  73135.741   -11.452    -0.28    2.82
  73511.836   -11.265     0.50    2.69
  73887.889   -11.025     0.64    2.62
  74263.900   -10.383     1.71    2.49
  74639.869    -9.391     2.64    2.27
  75015.797    -9.158     0.62    2.02
  75391.684    -8.944     0.57    1.46
  75767.528    -9.085    -0.37    1.38
  76143.332    -9.218    -0.35    1.28
  76519.093    -8.952     0.71    1.11
  76894.813    -8.913     0.10    0.98
  77270.492    -8.997    -0.23    1.15
  77646.129    -9.021    -0.06    1.21
  78021.724    -9.176    -0.41    1.31
  78397.278    -9.331    -0.41    1.09
  78772.791    -9.448    -0.31    1.10
  79148.262    -9.869    -1.12    1.25
  79523.692   -10.269    -1.06    1.20
  79899.080   -10.458    -0.51    1.26
  80274.427   -10.572    -0.30    1.29
  80649.732   -10.489     0.22    1.15
  81024.996   -10.562    -0.19    1.21
  81400.219   -10.444     0.31    1.11
  81775.400   -10.625    -0.48    1.05
  82150.540   -10.695    -0.19    0.98
  82525.639   -10.692     0.01    1.02
  82900.697   -10.794    -0.27    0.97
  83275.713   -10.970    -0.47    1.04
  83650.687   -11.658    -1.84    1.65
  84025.621   -12.641    -2.62    2.24
  84400.513   -13.757    -2.98    2.29
  84775.364   -14.873    -2.98    1.64
  85150.174   -14.658     0.57    2.06
  85524.943   -13.501     3.09    2.73
  85899.671   -12.478     2.73    2.77
  86274.357   -11.383     2.92    2.26
  86649.002   -11.176     0.55    1.45
  87023.606   -10.757     1.12    2.66
  87398.169    -5.325    14.50   14.54
  87772.691     6.893    32.62   30.02
  88147.172    28.592    57.94   43.29
  88521.611    47.104    49.44   41.12
  88896.010    64.288    45.89   32.90
  89270.368    72.046    20.72   23.64
  89644.684    80.635    22.94   23.56
  90018.960    86.686    16.17   20.00
  90393.194    84.681    -5.36   21.35
  90767.388    71.325   -35.69   28.02
  91141.540    57.411   -37.18   26.23
  91515.652    53.155   -11.37   23.61
  91889.722    61.883    23.33   28.10
  92263.752    76.306    38.56   26.35
  92637.741    87.850    30.86   22.17
  93011.689    92.770    13.16   21.12
  93385.596    94.276     4.03   18.83
  93759.462    93.412    -2.31   17.79
  94133.288    89.742    -9.82   19.91
  94507.072    86.008    -9.99   20.31
  94880.816    79.181   -18.27   23.19
  95254.519    71.258   -21.20   23.68
  95628.181    63.342   -21.18   23.35
  96001.802    54.342   -24.09   26.05
  96375.383    40.394   -37.33   29.81
  96748.922    28.243   -32.53   34.45
  97122.421    14.545   -36.67   31.92
  97495.880     2.359   -32.63   23.76
  97869.297    -6.743   -24.37   12.33
  98242.674   -10.319    -9.58    7.56
  98616.011   -12.314    -5.34    5.55
  98989.306   -13.896    -4.24    3.22
  99362.561   -14.888    -2.66    1.32
  99735.776   -15.373    -1.30    1.25
 100108.949   -15.455    -0.22    0.98
 100482.083   -15.418     0.10    0.93
 100855.175   -15.518    -0.27    1.23
 101228.227   -16.014    -1.33    1.82
 101601.239   -17.103    -2.92    2.18
 101974.210   -18.438    -3.58    1.65
 102347.140   -19.167    -1.95    1.01
 102720.030   -19.151     0.04    0.95
 103092.879   -19.286    -0.36    1.03
 103465.688   -19.501    -0.58    1.18
 103838.457   -19.862    -0.97    1.23
 104211.185   -19.404     1.23    2.26
 104583.872   -18.533     2.34    2.71
 104956.519   -17.560     2.61    2.77
 105329.126   -16.862     1.87    2.52
 105701.692   -16.417     1.19    2.13
 106074.218   -16.303     0.31    1.96
 106446.704   -16.082     0.59    1.63
 106819.149   -16.141    -0.16    1.69
 107191.554   -16.538    -1.06    1.64
 107563.919   -17.216    -1.82    2.00
 107936.243   -18.308    -2.93    2.52
 108308.527   -18.875    -1.52    2.88
 108680.771   -19.881    -2.70    3.12
 109052.974   -20.925    -2.81    2.88
 109425.137   -21.571    -1.73    2.58
 109797.260   -22.281    -1.91    1.52
 110169.343   -22.065     0.58    2.25
 110541.386   -20.934     3.04    4.18
 110913.388   -19.641     3.47    5.42
 111285.350   -19.014     1.69    5.89
 111657.273   -18.518     1.33    5.93
 112029.155   -18.896    -1.02    5.68
 112400.996   -20.052    -3.11    5.08
 112772.798   -20.605    -1.49    4.02
 113144.560   -20.558     0.12    2.96
 113516.281   -19.731     2.23    2.66
 113887.963   -18.269     3.93    2.63
 114259.604   -17.150     3.01    2.63
 114631.205   -16.232     2.47    2.22
 115002.767   -15.845     1.04    1.91
 115374.288   -15.779     0.18    1.53
 115745.769   -16.125    -0.93    1.49
 116117.211   -16.591    -1.25    1.36
 116488.612   -16.865    -0.74    1.27
 116859.973   -16.992    -0.34    1.30
 117231.295   -16.921     0.19    1.14
 117602.576   -17.051    -0.35    1.23
 117973.818   -16.875     0.47    1.40
 118345.020   -16.968    -0.25    1.41
 118716.182   -16.816     0.41    1.52
 119087.304   -16.964    -0.40    1.47
 119458.386   -17.039    -0.20    1.42
 119829.428   -17.158    -0.32    1.48
 120200.430   -17.286    -0.34    1.53
 120571.393   -17.836    -1.48    1.58
 120942.316   -17.947    -0.30    1.81
 121313.199   -17.992    -0.12    2.05
 121684.042   -17.855     0.37    2.19
 122054.846   -17.252     1.63    2.45
 122425.610   -16.212     2.80    2.30
 122796.334   -15.575     1.72    2.06
 123167.018   -15.641    -0.18    2.35
 123537.663   -15.220     1.14    2.89
 123908.268   -14.658     1.51    3.17
 124278.833   -14.249     1.11    3.16
 124649.359   -13.279     2.62    3.07
 125019.845   -11.624     4.47    4.53
 125390.292    -7.175    12.01    8.38
 125760.698     0.066    19.55   10.53
 126131.066     7.428    19.88    8.16
 126501.393    11.271    10.38    4.02
 126871.681    11.053    -0.59    3.86
 127241.930     8.760    -6.19    5.99
 127612.139     4.194   -12.33    7.43
 127982.308    -0.373   -12.34    7.31
 128353.652    -4.262   -10.47    7.14
 128731.849    -7.469    -8.48    4.73
 129110.004    -8.319    -2.25    4.27
 129488.118    -9.210    -2.36    5.35
 129866.190   -10.438    -3.25    7.28
 130244.221   -11.675    -3.27    8.07
 130622.211   -13.194    -4.02    8.44
 131000.160   -14.336    -3.02    9.18
 131378.067   -15.641    -3.45    9.72
 131755.933   -17.027    -3.67    9.44
 132133.758   -18.710    -4.45    9.06
 132511.541   -19.506    -2.11    8.79
 132889.284   -20.210    -1.86    8.63
 133266.985   -20.837    -1.66    8.21
 133644.644   -21.839    -2.65    7.25
 134022.263   -22.624    -2.08    6.31
 134399.841   -22.781    -0.42    6.03
 134777.377   -23.116    -0.89    5.38
 135154.872   -23.089     0.07    5.19
 135532.326   -23.185    -0.25    4.99
 135909.739   -22.822     0.96    5.24
 136287.111   -21.980     2.23    5.70
 136664.442   -20.837     3.03    6.58
 137041.731   -20.429     1.08    6.38
 137418.980   -19.726     1.86    6.56
 137796.188   -19.210     1.37    6.21
 138173.354   -18.252     2.54    6.52
 138550.480   -17.641     1.62    6.80
 138927.564   -16.343     3.44    6.84
 139304.608   -16.033     0.82    6.90
 139681.611   -14.413     4.30    6.68
 140058.572   -13.851     1.49    6.26
 140435.493   -13.641     0.56    5.35
 140812.373   -13.575     0.18    4.56
 141189.212   -13.262     0.83    3.51
 141566.010   -11.150     5.60    3.99
 141942.767    -7.881     8.68    4.63
 142319.483    -5.125     7.31    4.29
 142696.159    -2.816     6.13    2.61
 143072.793    -3.068    -0.67    2.79
 143449.387    -4.831    -4.68    4.02
 143825.940    -5.452    -1.65    4.13
 144202.453    -6.068    -1.64    4.88
 144578.924    -5.003     2.83    5.75
 144955.355    -3.676     3.53    5.51
 145331.745    -3.084     1.57    5.78
 145708.094    -1.608     3.92    4.71
 146084.403    -0.194     3.76    3.71
 146460.671     1.020     3.23    3.20
 146836.898     2.758     4.62    2.99
 147213.084     4.181     3.78    2.57
 147589.230     5.275     2.91    1.52
 147965.336     5.675     1.06    1.39
 148341.400     5.393    -0.75    1.69
 148717.424     4.686    -1.88    2.28
 149093.408     2.938    -4.65    3.33
 149469.350     1.236    -4.53    3.28
 149845.253     0.773    -1.23    3.00
 150221.115    -0.420    -3.17    4.11
 150596.936    -1.132    -1.89    5.17
 150972.716    -3.455    -6.18    6.29
 151348.457    -6.714    -8.67    5.74
 151724.156    -9.008    -6.11    4.29
 152099.816   -11.430    -6.45    2.78
 152475.434   -12.478    -2.79    2.31
 152851.013   -13.521    -2.78    1.50
 153226.551   -13.676    -0.41    1.24
 153602.048   -12.954     1.92    1.75
 153977.505   -12.072     2.35    2.18
 154352.922   -10.922     3.06    2.08
 154728.298    -9.825     2.92    1.51
 155103.634    -9.442     1.02    1.45
 155478.930    -8.766     1.80    1.99
 155854.185    -6.540     5.93    3.78
 156229.400    -3.133     9.08    5.30
 156604.575     1.061    11.18    6.17
 156979.710     8.647    20.22   10.05
 157354.804    18.578    26.47   16.35
 157729.858    32.377    36.79   20.63
 158104.871    48.859    43.95   20.24
 158479.845    60.208    30.26   17.16
 158854.778    67.903    20.52   14.16
 159229.671    72.393    11.98   12.61
 159604.524    71.242    -3.07   13.77
 159979.337    66.745   -11.99   17.09
 160354.109    61.307   -14.51   16.74
 160728.842    61.542     0.63   16.99
 161103.534    67.511    15.93   17.18
 161478.186    74.451    18.52   12.06
 161852.798    71.194    -8.69   15.54
 162227.370    63.669   -20.09   17.94
 162601.902    57.552   -16.33   14.56
 162976.394    57.579     0.07   14.69
 163350.846    62.393    12.86   15.89
 163725.258    70.026    20.38   15.99
 164099.630    74.323    11.48   15.20
 164473.962    80.867    17.48   18.84
 164848.254    91.574    28.60   20.07
 165222.506    99.425    20.97   20.61
 165596.717   107.962    22.81   17.35
 165970.890   111.236     8.75   14.64
 166345.022   105.782   -14.58   16.23
 166719.114    96.867   -23.83   18.33
 167093.166    86.048   -28.92   16.36
 167467.179    78.393   -20.46   13.78
 167841.151    72.647   -15.36    8.36
 168215.084    70.306    -6.26    3.20
 168588.977    71.172     2.32    2.88
 168962.830    73.360     5.85    3.88
 169336.643    75.184     4.88    4.32
 169710.417    77.647     6.59    5.53
 170084.150    79.833     5.85    6.58
 170457.844    81.868     5.44    7.12
 170831.498    84.514     7.08    9.15
 171205.113    86.525     5.38    9.09
 171578.688    88.842     6.20    9.28
 171952.223    92.121     8.78   10.35
 172325.718    96.082    10.60   11.21
 172699.174   101.669    14.96   12.94
 173072.590   107.061    14.44   13.07
 173445.966   111.567    12.07   11.86
 173819.303   113.921     6.30    8.09
 174192.600   114.806     2.37    9.80
 174565.857   121.469    17.85   13.04
 174939.075   130.956    25.42   13.59
 175312.254   140.359    25.19   13.43
 175685.392   148.434    21.64   14.96
 176058.492   154.901    17.33   15.49
 176431.551   160.681    15.49   15.87
 176804.572   166.475    15.53   14.75
 177177.552   167.411     2.51   13.91
 177550.493   161.324   -16.32   18.94
 177923.395   152.223   -24.40   24.46
 178296.257   143.238   -24.09   25.61
 178669.080   135.763   -20.05   24.62
 179041.863   131.538   -11.33   24.48
 179414.607   124.358   -19.26   23.74
 179787.312   115.270   -24.38   19.84
 180159.977   114.274    -2.67   16.55
 180532.603   120.467    16.62   20.86
 180905.189   138.306    47.87   29.83
 181277.736   157.257    50.86   24.83
 181650.244   166.681    25.29   16.65
 182022.712   163.290    -9.10   17.70
 182395.141   152.986   -27.66   14.18
 182767.531   148.443   -12.20   12.59
 183139.882   143.324   -13.75   14.11
 183512.193   136.681   -17.84   18.89
 183884.465   128.730   -21.35   19.70
 184256.697   118.479   -27.53   14.23
 184628.891   110.984   -20.13    4.97
 185001.045   108.850    -5.73    1.93
 185373.160   109.913     2.86    4.27
 185745.236   113.583     9.86    8.35
 186117.273   117.697    11.06   11.50
 186489.271   119.773     5.58   12.09
 186861.229   119.376    -1.07   11.71
 187233.148   116.002    -9.07   10.16
 187605.029   113.078    -7.86    8.10
 187976.870   109.960    -8.39    3.00
 188348.672   109.751    -0.56    1.66
 188720.435   110.105     0.95    1.29
 189092.159   110.969     2.32    1.52
 189463.843   112.833     5.01    3.24
 189835.489   115.815     8.02    5.77
 190207.096   120.587    12.84    8.38
 190578.664   125.979    14.51   10.58
 190950.193   132.745    18.21   12.60
 191321.683   137.675    13.27   13.72
 191693.133   144.642    18.75   13.64
 192064.545   150.131    14.78   13.20
 192435.918   156.997    18.48   13.71
 192807.252   165.786    23.66   10.09
 193178.548   173.945    21.97    9.52
 193549.804   180.324    17.18    8.64
 193921.021   184.833    12.15    8.42
 194292.200   187.467     7.09    8.81
 194663.340   186.447    -2.75   12.63
 195034.440   187.997     4.18   13.12
 195405.503   191.734    10.07   12.22
 195776.526   192.552     2.20   11.99
 196147.510   188.306   -11.44   14.84
 196518.456   183.359   -13.34   18.87
 196889.363   176.234   -19.20   19.77
 197260.231   170.735   -14.83   17.28
 197631.060   164.730   -16.19   17.75
 198001.851   157.517   -19.45   20.51
 198372.603   147.396   -27.29   19.45
 198743.316   139.135   -22.28   14.47
 199113.991   140.038     2.44   15.80
 199484.627   147.358    19.75   17.72
 199855.224   151.306    10.65   13.97
 200225.783   147.798    -9.47   15.08
 200596.303   136.096   -31.58   17.32
 200966.784   125.117   -29.63   13.45
 201337.227   113.675   -30.88   12.36
 201707.631   104.560   -24.60   10.63
 202077.996    98.375   -16.70    8.67
 202448.323    93.288   -13.73    2.82
 202818.612    95.725     6.58    7.82
 203189.484   101.342    15.14   11.83
 203567.595   110.956    25.42   15.06
 203945.666   122.697    31.05   14.13
 204323.696   132.096    24.86   11.04
 204701.686   141.482    24.83   11.38
 205079.636   148.669    19.01   12.11
 205457.545   154.494    15.41   12.70
 205835.415   162.199    20.39   13.27
 206213.244   166.801    12.18   12.56
 206591.033   167.531     1.93   13.46
 206968.781   162.497   -13.32   17.76
 207346.490   151.508   -29.09   16.60
 207724.158   143.850   -20.27   16.50
 208101.787   132.587   -29.82   17.83
 208479.375   121.860   -28.40   16.30
 208856.923   112.155   -25.70   13.34
 209234.430   107.788   -11.57   11.85
 209611.898   107.070    -1.90   11.93
 209989.326   109.152     5.51   13.73
 210366.713   111.092     5.14   14.26
 210744.061   109.579    -4.01   12.47
 211121.368   109.619     0.11   14.38
 211498.636   117.377    20.56   26.23
 211875.863   125.692    22.04   32.94
 212253.051   130.462    12.64   32.05
 212630.198   136.324    15.54   31.07
 213007.306   139.443     8.27   30.51
 213384.373   147.408    21.12   35.89
 213761.401   156.842    25.01   35.54
 214138.389   164.596    20.56   32.15
 214515.337   179.273    38.93   35.12
 214892.244   200.833    57.19   39.70
 215269.112   226.714    68.66   29.90
 215645.941   241.445    39.08   16.92
 216022.729   246.145    12.47   10.99
 216399.477   244.814    -3.53   11.83
 216776.186   243.782    -2.74   15.49
 217152.855   241.324    -6.53   17.24
 217529.484   234.925   -16.99   20.31
 217906.073   221.600   -35.37   27.05
 218282.623   205.566   -42.57   25.73
 218659.133   189.596   -42.41   17.85
 219035.603   180.342   -24.58   18.39
 219412.033   173.770   -17.45   22.85
 219788.424   167.267   -17.27   23.42
 220164.775   168.075     2.14   24.19
 220541.086   174.359    16.70   26.78
 220917.357   182.257    20.98   32.78
 221293.589   196.859    38.80   35.25
 221669.782   209.859    34.55   32.79
 222045.934   216.208    16.87   27.24
 222422.047   220.869    12.39   24.48
 222798.121   226.617    15.28   22.33
 223174.155   236.742    26.92   22.19
 223550.149   245.859    24.24   16.58
 223926.104   249.657    10.10   12.18
 224302.019   252.562     7.72   13.77
 224677.895   252.445    -0.31   14.56
 225053.731   253.252     2.15   14.34
 225429.527   256.697     9.17   12.03
 225805.285   258.476     4.73    8.32
 226181.002   258.956     1.28    6.95
 226556.681   255.859    -8.24    7.93
 226932.320   251.048   -12.80    7.86
 227307.919   249.394    -4.40    7.92
 227683.479   250.048     1.74    8.32
 228059.000   250.135     0.23    8.51
 228434.481   245.078   -13.46   13.38
 228809.923   238.731   -16.90   13.45
 229185.325   237.530    -3.20   12.04
 229560.688   240.877     8.91   11.53
 229936.012   243.306     6.47    9.92
 230311.297   237.514   -15.43   13.82
 230686.542   223.570   -37.15   19.69
 231061.748   212.535   -29.40   20.32
 231436.915   205.291   -19.30   16.95
 231812.042   190.160   -40.33   17.67
 232187.130   179.664   -27.98   20.32
 232562.179   169.814   -26.26   16.77
 232937.189   164.903   -13.09    8.78
 233312.160   168.763    10.29   12.59
 233687.091   174.377    14.97   17.49
 234061.983   181.833    19.88   19.82
 234436.836   188.429    17.59   20.36
 234811.650   193.859    14.48   19.65
 235186.425   200.814    18.55   18.90
 235561.160   213.325    33.38   20.19
 235935.857   227.467    37.73   15.87
 236310.514   236.552    24.24   14.08
 236685.133   238.236     4.49   17.76
 237059.712   234.499    -9.97   20.84
 237434.252   233.763    -1.97   18.99
 237808.753   237.359     9.60   17.19
 238183.216   247.763    27.78   20.06
 238557.639   258.578    28.88   15.91
 238932.023   260.571     5.32   13.83
 239306.368   253.877   -17.88   17.93
 239680.674   240.447   -35.87   19.13
 240054.942   230.622   -26.24   14.12
 240429.170   228.149    -6.61   11.43
 240803.360   230.464     6.19   11.97
 241177.510   236.201    15.33   12.89
 241551.622   243.342    19.08   12.75
 241925.695   248.397    13.51   10.80
 242299.728   251.867     9.27    8.28
 242673.723   253.832     5.25    7.63
 243047.680   255.273     3.85    7.65
 243421.597   255.499     0.61    7.87
 243795.476   254.517    -2.63    9.05
 244169.315   252.728    -4.79   11.43
 244543.116   252.324    -1.08   12.91
 244916.878   251.026    -3.47   11.64
 245290.602   249.619    -3.76    9.67
 245664.287   249.291    -0.88    9.14
 246037.933   249.931     1.71   10.19
 246411.540   255.189    14.07   11.33
 246785.108   259.288    10.97    7.96
 247158.638   258.833    -1.22    7.51
 247532.129   254.462   -11.70   10.53
 247905.582   248.545   -15.84   10.94
 248278.996   243.931   -12.35    9.54
 248652.371   244.429     1.33    9.79
 249025.708   250.477    16.20   12.90
 249399.006   260.074    25.70   12.42
 249772.265   266.359    16.83   10.30
 250145.486   269.632     8.77    8.36
 250518.668   265.931    -9.92   11.93
 250891.812   255.409   -28.19   16.48
 251264.917   247.307   -21.71   16.71
 251637.984   241.359   -15.94   11.68
 252011.012   242.566     3.23   11.38
 252384.001   246.155     9.62   12.77
 252756.952   249.815     9.81   12.84
 253129.865   250.308     1.32   11.55
 253502.739   248.553    -4.70   10.21
 253875.575   247.449    -2.96    7.97
 254248.372   248.324     2.35    7.74
 254621.131   249.657     3.58    8.74
 254993.852   253.431    10.12    8.42
 255366.534   256.652     8.64    8.93
 255739.178   258.497     4.95    8.56
