# NaN NaN NaN ;Mean Elev.(m), Avg Gradient(m/km), RMS Gradient(m/km) - SRTM1     
#  106.475  -6.264  16.838 ;Mean Elev.(m), Avg Gradient(m/km), RMS Gradient(m/km) - ASTER GDEM
#  105.259  -6.526  16.388 ;Mean Elev.(m), Avg Gradient(m/km), RMS Gradient(m/km) - GMTED2010 
  9   106.555 52514.53283356 49.79 128.105081  49.543076 24.953
  9   106.896 52514.53283421 40.30 128.103681  49.546316 24.953
  9   106.481 52514.53283485 43.44 128.102291  49.549546 24.953
 11   107.476 52584.53286456 40.81 128.098508  49.544625 18.755
 11   107.774 52584.53286521 41.79 128.097108  49.547865 18.755
 12   108.476 52619.53284268 31.09 128.095986  49.543112  8.597
 12   108.530 52619.53284332 40.75 128.094596  49.546342  8.597
 13   108.164 52654.53282811 20.67 128.097063  49.543872  7.241
 13   108.273 52654.53282875 19.79 128.095663  49.547112  7.241
 14   108.387 52689.53282336 16.86 128.099259  49.544760  6.110
 14   108.469 52689.53282400 18.24 128.097859  49.548000  6.110
 15   110.256 52724.53286742 19.14 128.093156  49.542626  8.330
 15   109.620 52724.53286806 23.70 128.091756  49.545856  8.330
 15   109.062 52724.53286871 23.74 128.090356  49.549096  8.330
 17   109.922 52794.53284211 51.51 128.090693  49.542885 16.924
 17   109.730 52794.53284276 50.66 128.089293  49.546125 16.924
 19   112.912 52864.53295379 33.08 128.096682  49.544862  5.992
 19   112.738 52864.53295443 39.18 128.095278  49.548099 11.844
 20   111.593 52899.53298255 35.71 128.094210  49.542582  8.345
 20   111.221 52899.53298319 35.12 128.092812  49.545820  9.874
 20   111.941 52899.53298384 31.76 128.091412  49.549060  9.874
 21   110.853 52934.53292606 41.22 128.097463  49.542974  9.384
 21   108.055 52934.53292671 47.01 128.096063  49.546214  9.384
 25   109.657 53074.53294045 11.07 128.091568  49.543794  4.918
 25   109.396 53074.53294110 12.00 128.090168  49.547034  4.918
 25   109.026 53074.53294174 14.94 128.088768  49.550264  4.918
 28   111.230 53179.53296655 42.44 128.095093  49.545200 19.057
 28   110.865 53179.53296720 43.99 128.093697  49.548438 15.316
 29   110.237 53214.53298804 40.53 128.090723  49.544015 17.661
 29   111.075 53214.53298869 38.61 128.089323  49.547255 17.661
 29   109.753 53214.53298933 48.41 128.087925  49.550493  9.754
 30   109.191 53249.53295767 28.98 128.098295  49.544031 17.324
 30   109.009 53249.53295831 30.22 128.096895  49.547271 17.324
 32   108.234 53319.53294172 42.35 128.096973  49.543568 20.880
 32   108.413 53319.53294237 43.25 128.095573  49.546798 20.880
 33   108.671 53354.53290879 22.28 128.104070  49.543010  7.552
 33   108.887 53354.53290943 22.27 128.102670  49.546240  7.552
 33   108.951 53354.53291008 24.16 128.101270  49.549480  7.552
 35   108.619 53424.53291174 13.70 128.099971  49.544836  3.431
 35   108.746 53424.53291238 14.53 128.098571  49.548076  3.431
 36   108.302 53459.53291667 28.18 128.092566  49.543004  9.878
 36   108.462 53459.53291731 25.21 128.091166  49.546244  9.878
 36   108.489 53459.53291796 25.94 128.089766  49.549474  9.878
 38   112.508 53529.53297728 24.96 128.100027  49.543195  6.292
 38   113.564 53529.53297792 25.90 128.098625  49.546435 15.739
 38   113.619 53529.53297857 31.92 128.097225  49.549675 15.739
 40   108.900 53599.53294974 49.26 128.100045  49.544486 20.061
 40   108.948 53599.53295039 43.67 128.098645  49.547726 20.061
 43   108.447 53704.53290543 29.56 128.102651  49.543392 11.987
 43   108.578 53704.53290607 36.46 128.101251  49.546622 11.987
 43   108.751 53704.53290672 49.37 128.099851  49.549862 11.987
 44   108.416 53739.53281513 22.56 128.109435  49.543503  5.906
 44   108.487 53739.53281578 25.72 128.108035  49.546733  5.906
 44   108.775 53739.53281642 31.89 128.106632  49.549972  8.144
 45   108.522 53774.53283461 19.46 128.096692  49.543087  5.821
 45   108.660 53774.53283526 21.42 128.095292  49.546327  5.821
 46   108.544 53809.53281828 17.51 128.103536  49.544010 10.124
 46   108.516 53809.53281892 28.30 128.102136  49.547250 10.124
 46   108.447 53809.53281957 29.99 128.100736  49.550490 10.124
 48   110.294 53879.53288941 42.35 128.093495  49.544082 18.022
 48   110.320 53879.53289006 51.38 128.092095  49.547322 18.022
 51   112.740 53984.53289439 31.28 128.097380  49.545149 24.817
 51   112.346 53984.53289503 34.81 128.095980  49.548389 24.817
 53   108.023 54054.53291973 39.94 128.101029  49.543813 16.613
 53   107.823 54054.53292037 34.79 128.099629  49.547053 16.613
 54   109.595 54089.53290949 44.92 128.099529  49.542344 11.589
 54   109.791 54089.53291013 33.99 128.098129  49.545574 11.589
 54   109.625 54089.53291078 28.91 128.096729  49.548814 11.589
 56   108.512 54159.53287597 17.46 128.092921  49.543249  3.822
 56   108.610 54159.53287661 17.66 128.091518  49.546487  3.677
 56   108.864 54159.53287726 15.14 128.090118  49.549727  3.677
 59   112.498 54264.53290652 39.34 128.093113  49.542693 17.862
 59   112.393 54264.53290716 37.18 128.091713  49.545933 17.862
 59   112.575 54264.53290781 36.41 128.090313  49.549173 17.862
 60   130.836 54299.53291060 27.81 128.093895  49.545432 14.153
 60   125.347 54299.53291125 33.26 128.092495  49.548672 14.153
 61   112.156 54334.53290001 42.94 128.098012  49.542607 16.132
 61   111.841 54334.53290066 39.91 128.096612  49.545847 16.132
 63   108.375 54404.53284429 43.51 128.094845  49.544332 14.940
 63   108.380 54404.53284494 44.81 128.093445  49.547562 14.940
 65   109.149 54474.53283087 29.30 128.093450  49.543789  7.536
 65   109.236 54474.53283151 40.52 128.092050  49.547029  7.536
 67   108.615 54544.53284492 29.58 128.095834  49.542463 14.335
 67   108.848 54544.53284557 31.36 128.094434  49.545693 14.335
 67   108.918 54544.53284621 25.65 128.093034  49.548933 14.335
 68   129.635 54579.53281319 13.54 128.093101  49.542174  6.272
 68   129.534 54579.53281384 12.22 128.091701  49.545414  6.272
 68   111.435 54579.53281448 32.78 128.090301  49.548644  6.272
 69   111.046 54614.53283546 18.92 128.094536  49.545086  7.224
 69   111.334 54614.53283610 17.86 128.093136  49.548316  7.224
 70   108.388 54649.53284523 48.18 128.090940  49.542677 23.101
 70   108.364 54649.53284587 45.98 128.089540  49.545917 23.101
 70   108.586 54649.53284652 47.07 128.088140  49.549157 23.101
 71   110.014 54684.53284170 45.62 128.096155  49.544449 22.517
 71   110.267 54684.53284235 50.05 128.094755  49.547689 22.517
 73   109.600 54754.53281531 51.01 128.092045  49.544146 20.834
 73   109.823 54754.53281596 50.28 128.090645  49.547386 20.834
 75   109.671 54824.53281113 18.92 128.091025  49.544313  4.613
 75   109.579 54824.53281177 18.72 128.089625  49.547549  3.959
 77   109.235 54894.53281235 12.96 128.094120  49.543992  3.305
 77   109.203 54894.53281300 13.84 128.092720  49.547232  3.305
 79   114.891 54964.53281309 41.87 128.091680  49.545054 21.234
 79   114.662 54964.53281374 45.90 128.090280  49.548294 21.234
 80   110.822 54999.53283287 48.96 128.091310  49.542972 18.169
 80   110.694 54999.53283351 48.33 128.089910  49.546212 18.169
 80   110.849 54999.53283416 45.96 128.088513  49.549449 13.007
 81   115.302 55034.53281958 42.55 128.091991  49.544263 17.057
 81   115.478 55034.53282022 43.97 128.090591  49.547493 17.057
 84   109.348 55139.53275603 45.17 128.093645  49.544393 18.811
 84   109.361 55139.53275667 42.00 128.092245  49.547623 18.811
 86   109.736 55209.53275190 17.29 128.091740  49.544146  3.941
 86   109.781 55209.53275255 17.03 128.090340  49.547386  3.941
 88   108.693 55279.53274541 10.76 128.095365  49.543574  3.303
 88   108.869 55279.53274605 11.63 128.093965  49.546814  3.303
 89   111.200 55314.53271025 29.60 128.092015  49.542648  8.929
 89   111.038 55314.53271089 28.73 128.090615  49.545888  8.929
 89   111.274 55314.53271153 28.92 128.089215  49.549128  8.929
 92   111.566 55419.53273511 51.00 128.093682  49.542158 27.628
 92   111.535 55419.53273576 48.09 128.092282  49.545388 27.628
 92   111.452 55419.53273640 51.02 128.090882  49.548628 27.628
 93   109.634 55454.53271349 27.63 128.098365  49.544575 21.991
 93   109.731 55454.53271414 29.75 128.096965  49.547815 21.991
