# NaN NaN NaN ;Mean Elev.(m), Avg Gradient(m/km), RMS Gradient(m/km) - SRTM1     
#   10.030 -14.334  42.157 ;Mean Elev.(m), Avg Gradient(m/km), RMS Gradient(m/km) - ASTER GDEM
#    0.078 -15.569  43.387 ;Mean Elev.(m), Avg Gradient(m/km), RMS Gradient(m/km) - GMTED2010 
  7 140.166209  52.604856     4.471     4.561  5 52444.05870471 19.348
 10 140.179862  52.605086     3.166     3.364  3 52549.05868748 16.495
 12 140.166260  52.605834     0.887     0.920  6 52619.05865551 17.120
 13 140.187265  52.605297     0.916     0.907  4 52654.05863643 13.051
 14 140.168979  52.604560     0.816     0.816  5 52689.05863394 11.807
 15 140.176828  52.603621     0.887     0.879  4 52724.05867896 11.493
 17 140.187535  52.605390    12.056    13.355  4 52794.05865236 30.903
 18 140.189948  52.607472     0.725     0.725  2 52829.05871928 18.653
 20 140.170903  52.604229     3.896     3.873  5 52899.05879441 27.065
 23 140.168111  52.604656     1.324     1.278  5 53004.05877183 19.281
 24 140.163861  52.605394     1.074     1.046  6 53039.05872091 18.470
 25 140.174061  52.610250     1.782     1.782  2 53074.05874941 14.395
 26 140.162736  52.605482     2.865     2.920  6 53109.05872101  7.021
 27 140.177518  52.604515     4.279     4.291  5 53144.05876059 28.617
 28 140.179585  52.606424     4.930     5.052  3 53179.05877713 19.061
 30 140.170499  52.605323     5.321     5.312  6 53249.05876856 21.561
 31 140.179525  52.607073     2.511     2.511  2 53284.05876218 17.328
 33 140.175812  52.605049     0.951     0.968  4 53354.05872172 16.494
 34 140.182300  52.604596     0.983     0.791  4 53389.05872284 10.990
 35 140.179493  52.603313     0.886     0.824  4 53424.05872232  9.799
 38 140.180489  52.603993     4.713     4.770  5 53529.05878859 29.753
 39 140.165423  52.603055     3.363     3.314  4 53564.05881970 19.793
 40 140.174853  52.606202     3.636     3.636  2 53599.05876014 15.071
 41 140.179061  52.604278     2.732     2.088  4 53634.05875651 20.969
 43 140.177824  52.604414     2.679     2.401  5 53704.05871834 34.899
 44 140.169920  52.605863     0.597     0.521  5 53739.05862742 18.877
 45 140.184225  52.603930     0.911     0.834  4 53774.05864510 12.014
 46 140.171977  52.605943     0.390     0.426  5 53809.05862985 10.598
 48 140.183388  52.605649     4.308     4.357  4 53879.05869976 16.646
 49 140.171537  52.607687     3.439     3.426  4 53914.05875450 20.101
 50 140.165968  52.606698     3.705     3.622  5 53949.05876660 17.348
 52 140.184567  52.606535     2.742     2.690  4 54019.05873865 17.024
 54 140.173625  52.605254     1.458     1.613  5 54089.05872181 13.265
 56 140.175022  52.604030     1.223     1.218  4 54159.05868696 11.143
 57 140.184287  52.605189     1.660     1.513  3 54194.05864708 11.001
 58 140.177271  52.604199     5.063     4.969  5 54229.05869883 31.156
 59 140.178341  52.604826     4.233     4.180  3 54264.05871697 14.606
 60 140.180413  52.609247     1.027     1.027  2 54299.05871987 20.345
 64 140.185655  52.603966     0.307     0.288  4 54439.05861217 29.838
 65 140.180150  52.603452     0.761     0.776  4 54474.05864158 22.824
 66 140.184762  52.605185     0.145     0.093  4 54509.05862419 13.416
 67 140.176436  52.604710     1.529     1.544  4 54544.05865581 13.732
 68 140.180630  52.607055     2.565     2.418  3 54579.05862376 29.958
 73 140.178257  52.606209     2.608     2.377  3 54754.05862588 14.590
 75 140.179725  52.603772     1.025     0.929  4 54824.05862137 13.962
 76 140.186308  52.604988     2.541     2.553  5 54859.05858560  9.973
 77 140.172606  52.604496     1.189     1.058  5 54894.05862356 10.202
 78 140.179632  52.600803     3.189     3.151  3 54929.05858626 12.017
 79 140.177413  52.606476     4.067     3.897  3 54964.05862244 19.207
 83 140.182873  52.606145     4.927     4.987  4 55104.05855950 19.913
 84 140.176783  52.605164     3.600     3.344  4 55139.05856756 25.641
 85 140.185497  52.605096     1.231     1.245  4 55174.05852752 23.369
 86 140.178169  52.604382     0.928     0.928  5 55209.05856246 18.545
 87 140.181699  52.604606     0.863     0.867  5 55244.05853358 12.656
 88 140.172911  52.604660     0.335     0.481  4 55279.05855629 13.319
 91 140.182022  52.605950     3.912     3.719  4 55384.05851874 16.356
 92 140.179555  52.605978     3.914     3.827  4 55419.05854535 15.371
