-313630.530    42.031     0.00    1.36
-313252.914    41.880    -0.40    1.31
-312875.265    41.701    -0.47    1.20
-312497.582    41.587    -0.30    1.44
-312125.233    41.251    -0.90    1.48
-311754.106    40.966    -0.77    1.29
-311382.947    40.890    -0.20    1.41
-311011.755    40.938     0.13    1.60
-310640.530    41.453     1.39    2.85
-310269.274    41.635     0.49    3.15
-309897.984    41.861     0.61    3.17
-309526.662    41.381    -1.29    3.19
-309155.308    41.669     0.78    4.42
-308783.921    42.218     1.48    5.86
-308412.502    41.820    -1.07    5.94
-308041.050    40.203    -4.35    2.80
-307669.565    39.592    -1.64    1.60
-307298.048    39.325    -0.72    1.27
-306926.498    39.251    -0.20    1.27
-306554.916    39.688     1.17    1.54
-306183.302    42.132     6.57    4.87
-305811.654    46.323    11.27    7.69
-305439.974    52.733    17.24   10.20
-305068.262    58.515    15.55    8.80
-304696.516    60.418     5.12    7.08
-304324.738    59.150    -3.41    7.40
-303952.928    55.305   -10.34    6.18
-303581.085    53.607    -4.57    4.31
-303209.209    55.966     6.34    6.56
-302837.300    62.207    16.78    8.96
-302465.359    69.534    19.69    9.99
-302093.385    76.060    17.54   10.25
-301721.379    79.600     9.51    9.89
-301349.339    82.550     7.93    9.08
-300977.267    83.919     3.68    9.86
-300605.162    83.362    -1.50   10.36
-300233.025    83.746     1.03   10.16
-299860.855    82.221    -4.10    9.47
-299488.651    81.496    -1.95    8.16
-299116.416    80.270    -3.29   10.62
-298744.147    74.494   -15.51   10.43
-298371.845    70.815    -9.88   10.04
-297999.511    67.181    -9.76   11.45
-297627.144    63.760    -9.19   12.30
-297254.744    59.654   -11.02   13.38
-296882.311    55.145   -12.10   13.32
-296509.845    48.363   -18.20   11.06
-296137.347    41.777   -17.68    4.95
-295764.816    38.861    -7.82    3.24
-295392.251    38.132    -1.96    2.28
-295019.654    38.871     1.98    2.71
-294647.024    42.122     8.72    4.57
-294274.361    45.996    10.39    5.46
-293901.665    51.492    14.74    7.30
-293528.936    59.360    21.10    9.94
-293156.174    72.984    36.54   22.55
-292783.379    97.135    64.76   41.55
-292410.552   126.173    77.86   53.83
-292037.691   161.309    94.20   60.97
-291664.797   188.169    72.01   61.56
-291291.870   212.890    66.27   57.81
-290918.910   215.650     7.40   52.20
-290545.918   184.286   -84.06   67.65
-290172.892   139.438  -120.19   67.41
-289799.833    98.852  -108.76   40.20
-289426.741    73.475   -68.00   18.89
-289053.616    65.328   -21.83    8.55
-288680.458    63.733    -4.27    8.97
-288307.267    63.476    -0.69    9.03
-287934.042    60.966    -6.73    8.51
-287560.785    57.207   -10.07    9.58
-287187.494    50.810   -17.13    9.25
-286814.171    44.576   -16.69    5.13
-286440.814    42.417    -5.78    3.49
-286067.424    43.230     2.17    5.27
-285694.001    45.566     6.26    6.53
-285320.545    48.454     7.73    6.02
-284947.055    49.777     3.54    4.32
-284573.532    48.221    -4.16    3.94
-284199.977    45.560    -7.12    4.87
-283826.388    42.007    -9.51    5.53
-283452.765    38.701    -8.84    4.33
-283079.110    36.475    -5.96    4.30
-282705.421    34.022    -6.56    4.02
-282331.699    31.870    -5.76    2.73
-281957.944    31.167    -1.88    3.31
-281584.155    31.003    -0.44    4.27
-281210.333    31.192     0.50    5.16
-280836.478    31.066    -0.34    5.10
-280462.589    29.984    -2.89    3.84
-280088.667    29.246    -1.98    2.15
-279714.712    29.173    -0.19    1.95
-279340.724    29.305     0.35    2.11
-278966.702    29.305     0.00    2.40
-278592.647    29.324     0.05    2.33
-278218.558    29.343     0.05    2.37
-277844.436    28.513    -2.22    1.90
-277470.281    28.111    -1.07    2.35
-277096.092    27.173    -2.51    1.50
-276721.870    27.022    -0.40    2.20
-276347.614    26.846    -0.47    2.17
-275973.325    26.380    -1.24    1.35
-275599.002    26.381     0.00    1.28
-275224.646    25.909    -1.26    1.38
-274850.257    25.494    -1.11    1.21
-274475.834    25.078    -1.11    1.25
-274101.377    24.537    -1.45    1.39
-273726.887    24.292    -0.65    1.38
-273352.364    24.192    -0.27    1.41
-272977.807    24.233     0.11    1.31
-272603.216    24.418     0.49    1.46
-272228.592    24.419     0.00    1.41
-271853.935    24.560     0.38    1.47
-271479.243    24.800     0.64    1.46
-271104.519    24.618    -0.49    1.60
-270729.760    24.324    -0.78    1.52
-270354.968    24.192    -0.35    1.49
-269980.143    23.846    -0.92    1.35
-269605.283    23.833    -0.03    1.34
-269230.390    23.632    -0.54    1.11
-268855.464    23.267    -0.97    1.43
-268480.504    23.325     0.15    1.60
-268105.510    23.145    -0.48    1.61
-267730.482    22.815    -0.88    1.57
-267355.421    22.928     0.30    1.26
-266980.326    22.966     0.10    1.25
-266605.197    22.981     0.04    1.29
-266230.035    22.880    -0.27    1.21
-265854.839    22.701    -0.48    1.01
-265479.609    22.629    -0.19    1.15
-265104.346    22.770     0.38    1.34
-264729.048    23.211     1.17    1.65
-264353.717    23.200    -0.03    1.89
-263978.352    23.513     0.83    2.08
-263602.953    23.566     0.14    1.82
-263227.521    23.494    -0.19    1.86
-262852.054    23.184    -0.83    1.92
-262476.554    22.992    -0.51    1.76
-262101.020    22.796    -0.52    1.47
-261725.452    22.935     0.37    1.60
-261349.851    22.815    -0.32    1.46
-260974.215    22.733    -0.22    1.73
-260598.545    22.720    -0.03    1.88
-260222.842    22.343    -1.00    2.18
-259847.105    21.828    -1.37    2.12
-259471.333    21.674    -0.41    2.38
-259095.528    21.364    -0.83    2.37
-258719.689    21.494     0.35    2.40
-258343.816    21.437    -0.15    2.56
-257967.909    20.563    -2.32    2.57
-257591.968    19.380    -3.15    1.84
-257215.993    19.078    -0.80    1.50
-256839.984    19.020    -0.16    1.43
-256463.941    19.103     0.22    1.40
-256087.864    19.362     0.69    1.37
-255711.753    19.098    -0.70    1.39
-255335.608    19.328     0.61    1.78
-254959.429    19.475     0.39    1.83
-254583.215    20.163     1.83    1.95
-254206.968    20.111    -0.14    1.80
-253830.687    19.381    -1.94    2.16
-253454.371    18.664    -1.91    2.03
-253078.022    18.007    -1.74    1.89
-252701.638    17.872    -0.36    1.85
-252325.220    18.022     0.40    1.82
-251948.768    18.048     0.07    2.00
-251572.282    17.498    -1.46    2.19
-251195.762    16.588    -2.41    2.14
-250819.207    16.400    -0.50    1.96
-250442.619    16.992     1.57    2.12
-250065.996    17.815     2.18    2.27
-249689.339    18.650     2.22    1.91
-249312.647    19.098     1.19    2.55
-248935.922    19.462     0.97    2.47
-248559.162    19.825     0.96    2.23
-248182.368    19.852     0.07    2.32
-247805.540    20.163     0.82    2.32
-247428.677    20.532     0.98    2.80
-247051.781    20.029    -1.33    2.56
-246674.849    19.963    -0.18    2.18
-246297.884    19.803    -0.42    1.81
-245920.884    19.309    -1.31    1.68
-245543.850    19.079    -0.61    1.30
-245166.782    18.846    -0.62    1.22
-244789.679    18.654    -0.51    1.23
-244412.542    18.861     0.55    1.88
-244035.370    18.928     0.18    1.99
-243658.164    18.650    -0.74    2.11
-243280.924    18.525    -0.33    2.19
-242903.649    18.739     0.57    2.32
-242526.340    19.163     1.12    2.65
-242148.997    19.344     0.48    2.80
-241771.619    18.777    -1.50    2.89
-241394.206    17.971    -2.13    2.42
-241016.759    17.360    -1.62    2.29
-240639.278    16.739    -1.64    1.88
-240261.762    16.233    -1.34    1.82
-239884.212    15.992    -0.64    1.64
-239506.627    15.763    -0.61    1.57
-239129.007    15.746    -0.05    1.61
-238751.353    16.327     1.54    1.87
-238373.665    16.669     0.91    2.13
-237995.942    16.900     0.61    2.04
-237618.184    17.111     0.56    1.92
-237245.463    16.553    -1.50    1.60
-236874.440    16.453    -0.27    1.24
-236503.383    16.701     0.67    1.39
-236132.293    16.963     0.71    1.46
-235761.170    17.588     1.68    1.13
-235390.013    17.807     0.59    1.14
-235018.823    17.775    -0.09    1.27
-234647.600    17.492    -0.76    1.55
-234276.343    17.117    -1.01    1.68
-233905.053    16.727    -1.05    1.62
-233533.730    16.626    -0.27    1.56
-233162.373    16.864     0.64    1.57
-232790.983    16.938     0.20    2.26
-232419.559    16.765    -0.47    2.60
-232048.102    16.751    -0.04    2.91
-231676.612    16.607    -0.39    2.75
-231305.088    16.418    -0.51    2.25
-230933.531    16.400    -0.05    1.58
-230561.941    17.018     1.66    1.47
-230190.317    17.381     0.98    1.10
-229818.659    17.733     0.95    1.15
-229446.968    17.672    -0.16    1.22
-229075.244    17.630    -0.11    1.20
-228703.486    17.542    -0.24    1.41
-228331.694    17.343    -0.54    1.45
-227959.869    16.871    -1.27    1.30
-227588.010    16.772    -0.27    1.06
-227216.118    16.818     0.12    1.15
-226844.193    17.321     1.35    1.52
-226472.233    17.494     0.46    1.78
-226100.241    17.532     0.10    1.47
-225728.214    17.453    -0.21    1.29
-225356.154    17.611     0.42    1.33
-224984.061    17.945     0.90    1.86
-224611.934    18.288     0.92    1.91
-224239.773    18.640     0.95    1.98
-223867.578    19.072     1.16    2.23
-223495.350    18.840    -0.63    2.37
-223123.088    18.163    -1.82    2.45
-222750.793    17.815    -0.94    2.41
-222378.464    17.054    -2.04    1.92
-222006.101    16.492    -1.51    1.52
-221633.705    15.996    -1.33    1.11
-221261.274    15.739    -0.69    1.01
-220888.810    15.636    -0.28    1.09
-220516.313    15.844     0.56    1.18
-220143.781    16.150     0.82    1.08
-219771.216    16.344     0.52    1.09
-219398.617    16.580     0.63    1.14
-219025.984    16.690     0.30    1.21
-218653.318    16.966     0.74    1.17
-218280.617    17.090     0.33    1.17
-217907.883    17.267     0.47    1.06
-217535.115    17.548     0.75    1.12
-217162.313    17.955     1.09    1.21
-216789.478    18.249     0.79    1.22
-216416.608    18.507     0.69    1.14
-216043.705    18.772     0.71    1.08
-215670.768    19.042     0.72    1.09
-215297.796    19.196     0.41    1.00
-214924.791    19.254     0.16    0.97
-214551.752    19.177    -0.21    0.95
-214178.679    19.230     0.14    0.98
-213805.573    19.400     0.46    1.01
-213432.432    19.496     0.26    0.96
-213059.257    19.650     0.41    0.86
-212686.048    19.630    -0.05    0.78
-212312.806    19.548    -0.22    0.90
-211939.529    19.418    -0.35    0.96
-211566.218    19.284    -0.36    0.96
-211192.873    19.214    -0.19    0.93
-210819.495    19.159    -0.15    0.97
-210446.082    19.122    -0.10    1.16
-210072.635    18.890    -0.62    1.27
-209699.154    18.636    -0.68    1.32
-209325.639    18.438    -0.53    1.28
-208952.090    18.325    -0.30    1.10
-208578.507    18.288    -0.10    1.16
-208204.890    18.203    -0.23    1.15
-207831.239    18.418     0.58    1.23
-207457.553    18.307    -0.30    1.28
-207083.834    18.290    -0.04    1.18
-206710.080    18.135    -0.41    1.20
-206336.292    18.145     0.03    1.09
-205962.470    18.080    -0.18    1.11
-205588.614    18.221     0.38    1.22
-205214.724    18.569     0.93    1.07
-204840.799    18.852     0.76    1.08
-204466.840    18.882     0.08    1.24
-204092.847    18.796    -0.23    1.20
-203718.820    18.507    -0.77    0.97
-203344.758    18.437    -0.19    1.00
-202970.662    18.585     0.39    1.03
-202596.532    18.520    -0.17    1.32
-202222.368    17.900    -1.66    1.71
-201848.169    17.117    -2.09    1.66
-201473.937    16.690    -1.14    1.49
-201099.669    16.475    -0.58    1.38
-200725.368    16.474    -0.00    1.43
-200351.032    16.918     1.19    1.42
-199976.662    17.380     1.23    1.49
-199602.257    17.690     0.83    1.44
-199227.818    18.192     1.34    1.55
-198853.345    18.685     1.32    2.09
-198478.837    18.588    -0.26    2.09
-198104.295    18.474    -0.31    2.03
-197729.718    18.018    -1.22    1.69
-197355.107    17.474    -1.45    1.68
-196980.462    17.239    -0.63    1.81
-196605.782    16.780    -1.23    1.37
-196231.068    16.545    -0.63    1.13
-195856.319    16.645     0.27    1.07
-195481.536    16.937     0.78    1.28
-195106.718    17.328     1.04    1.23
-194731.865    17.418     0.24    1.27
-194356.979    17.292    -0.34    1.22
-193982.057    17.343     0.13    1.06
-193607.102    17.492     0.40    1.07
-193232.111    17.556     0.17    1.03
-192857.086    17.511    -0.12    1.09
-192482.027    17.511     0.00    1.02
-192106.932    17.272    -0.64    0.96
-191731.804    17.079    -0.52    1.16
-191356.640    17.066    -0.03    1.40
-190981.442    16.890    -0.47    1.23
-190606.210    16.803    -0.23    1.33
-190230.943    17.288     1.29    1.78
-189855.641    17.566     0.74    1.83
-189480.304    17.310    -0.68    1.60
-189104.933    17.211    -0.26    1.62
-188729.527    16.909    -0.80    1.53
-188354.087    16.714    -0.52    1.33
-187978.611    16.823     0.29    1.46
-187603.101    16.927     0.28    1.57
-187227.556    16.861    -0.18    1.35
-186851.977    17.489     1.67    1.90
-186476.363    17.800     0.83    1.80
-186100.714    18.569     2.05    2.22
-185725.030    21.453     7.67    4.69
-185349.311    25.515    10.81    7.61
-184973.558    31.810    16.75    9.36
-184597.770    37.130    14.15    7.30
-184221.947    39.181     5.46    4.47
-183846.089    37.992    -3.16    4.94
-183470.196    34.569    -9.10    5.58
-183094.268    30.618   -10.51    4.02
-182718.306    28.305    -6.15    2.47
-182342.309    27.254    -2.80    1.22
-181966.277    27.053    -0.54    0.93
-181590.209    27.581     1.41    1.47
-181214.107    28.135     1.47    1.67
-180837.970    29.181     2.78    2.12
-180461.799    31.305     5.64    3.07
-180085.592    32.307     2.66    2.92
-179709.350    33.018     1.89    2.58
-179333.073    33.053     0.09    2.72
-178956.761    32.690    -0.96    2.23
-178580.415    32.871     0.48    2.28
-178204.033    33.650     2.07    2.41
-177827.616    34.325     1.80    2.49
-177451.164    35.529     3.20    2.56
-177074.677    37.007     3.92    2.86
-176698.155    38.460     3.86    3.39
-176321.598    40.890     6.45    4.38
-175945.006    44.588     9.82    6.07
-175568.379    50.236    14.99    8.75
-175191.717    61.818    30.74   17.10
-174815.020    74.833    34.55   23.33
-174438.287    93.400    49.27   28.66
-174061.519   114.154    55.08   34.67
-173684.717   129.714    41.29   34.11
-173307.879   134.739    13.33   32.01
-172931.006   121.003   -36.44   26.66
-172554.097   102.654   -48.67   22.89
-172177.154    87.974   -38.94   15.98
-171800.175    75.344   -33.50   13.07
-171423.161    64.968   -27.52   11.16
-171046.112    56.150   -23.38    8.41
-170669.028    50.626   -14.65    3.95
-170291.908    49.636    -2.62    2.72
-169914.753    50.900     3.35    4.34
-169537.563    54.145     8.60    6.48
-169160.338    60.881    17.85    9.09
-168783.077    65.615    12.55    8.10
-168405.781    69.721    10.88    6.71
-168028.449    72.852     8.30    7.60
-167651.083    79.757    18.29   12.05
-167273.681    92.249    33.09   18.79
-166896.243   109.909    46.78   27.67
-166518.770   128.400    48.98   28.01
-166141.262   149.034    54.65   32.65
-165763.719   178.007    76.73   46.07
-165386.140   217.550   104.71   61.31
-165008.525   275.000   152.11   83.57
-164630.875   348.800   195.39   96.81
-164253.190   407.474   155.33   83.34
-163875.470   442.078    91.60   62.37
-163497.713   451.400    24.67   57.24
-163119.922   426.792   -65.12   62.18
-162742.095   402.909   -63.20   54.56
-162368.914   386.815   -43.12   43.50
-161997.995   369.418   -46.89   36.01
-161627.041   362.881   -17.62   46.25
-161256.053   348.025   -40.04   48.14
-160885.031   336.825   -30.18   40.27
-160513.975   333.159    -9.88   33.89
-160142.885   340.669    20.23   41.26
-159771.761   350.622    26.81   50.33
-159400.602   365.707    40.64   54.51
-159029.409   371.542    15.72   51.99
-158658.182   369.105    -6.56   43.44
-158286.921   353.346   -42.44   40.76
-157915.626   333.325   -53.91   43.13
-157544.296   308.640   -66.47   36.28
-157172.932   286.917   -58.49   25.17
-156801.534   273.122   -37.14   26.61
-156430.101   260.846   -33.04   32.57
-156058.635   251.607   -24.87   38.06
-155687.134   231.085   -55.23   41.90
-155315.598   207.262   -64.11   40.78
-154944.029   183.854   -62.99   42.40
-154572.424   157.739   -70.27   28.87
-154200.786   141.490   -43.71   22.73
-153829.113   129.474   -32.33   23.59
-153457.406   119.721   -26.23   28.46
-153085.665   104.984   -39.64   29.77
-152713.889    92.513   -33.54   20.58
-152342.078    91.650    -2.32   27.49
-151970.234    93.765     5.69   36.48
-151598.355    92.696    -2.87   42.07
-151226.441    84.823   -21.17   38.07
-150854.493    70.090   -39.60   26.82
-150482.510    60.159   -26.70   12.44
-150110.494    61.515     3.64   16.49
-149738.442    73.417    31.99   26.43
-149366.356    81.659    22.15   25.85
-148994.236    90.650    24.16   23.69
-148622.081    94.955    11.57   21.80
-148249.891    86.882   -21.69   19.30
-147877.667    74.726   -32.65   15.65
-147505.409    67.018   -20.70   13.73
-147133.116    59.928   -19.04   11.16
-146760.788    53.471   -17.34    7.47
-146388.426    51.881    -4.27    5.71
-146016.029    53.917     5.47    6.88
-145643.597    56.953     8.15    6.47
-145271.131    57.763     2.17    5.98
-144898.630    55.257    -6.73    6.07
-144526.095    51.815    -9.24    5.10
-144153.525    50.971    -2.26    5.03
-143780.920    51.361     1.05    6.08
-143408.281    51.709     0.93    5.88
-143035.607    50.807    -2.42    5.91
-142662.898    49.214    -4.27    5.46
-142290.155    47.200    -5.40    5.19
-141917.376    44.981    -5.95    4.47
-141544.564    42.418    -6.87    3.50
-141171.716    40.307    -5.66    3.30
-140798.834    38.251    -5.51    2.62
-140425.916    36.938    -3.52    2.45
-140052.964    35.672    -3.39    2.02
-139679.978    34.713    -2.57    1.81
-139306.956    33.650    -2.85    1.60
-138933.900    32.714    -2.51    1.74
-138560.809    31.844    -2.33    1.54
-138187.683    31.310    -1.43    1.35
-137814.522    30.918    -1.05    1.18
-137441.326    30.542    -1.01    1.14
-137068.095    30.034    -1.36    1.22
-136694.830    29.788    -0.66    1.32
-136321.529    29.381    -1.09    1.54
-135948.194    29.029    -0.94    1.46
-135574.824    28.690    -0.91    1.80
-135201.419    28.218    -1.27    1.78
-134827.979    27.400    -2.19    1.63
-134454.504    26.900    -1.34    1.68
-134080.994    26.200    -1.87    1.74
-133707.449    25.419    -2.09    1.59
-133333.869    25.221    -0.53    1.36
-132960.254    24.765    -1.22    1.34
-132586.604    24.275    -1.31    1.54
-132212.919    23.696    -1.55    1.49
-131839.199    23.072    -1.67    1.25
-131465.444    22.507    -1.51    1.20
-131091.654    22.048    -1.23    1.32
-130717.829    21.453    -1.59    1.52
-130343.969    20.746    -1.89    1.43
-129970.073    19.937    -2.16    1.71
-129596.143    18.196    -4.65    2.52
-129222.177    16.659    -4.11    2.44
-128848.177    15.254    -3.76    1.90
-128474.141    14.327    -2.48    1.17
-128100.070    14.343     0.04    1.13
-127725.964    14.325    -0.05    1.15
-127351.823    14.200    -0.34    1.15
-126977.646    14.130    -0.18    1.12
-126603.434    14.007    -0.33    1.07
-126229.188    13.880    -0.34    1.16
-125854.906    13.882     0.00    1.46
-125480.588    13.677    -0.55    1.47
-125106.236    13.585    -0.25    1.49
-124731.848    13.471    -0.30    1.56
-124357.425    13.226    -0.65    1.46
-123982.966    13.181    -0.12    1.23
-123608.473    13.111    -0.19    1.18
-123233.944    12.945    -0.44    1.09
-122859.380    12.788    -0.42    1.20
-122484.780    12.380    -1.09    1.31
-122110.145    11.763    -1.65    1.16
-121735.475    11.472    -0.78    1.20
-121360.769    11.654     0.49    1.44
-120986.028    11.900     0.65    1.56
-120611.252    12.437     1.43    1.60
-120236.440    12.823     1.03    1.41
-119861.593    12.864     0.11    1.28
-119486.710    13.011     0.39    1.32
-119111.792    13.060     0.13    1.42
-118736.839    12.989    -0.19    1.51
-118361.850    12.788    -0.53    1.66
-117986.826    12.417    -0.99    1.66
-117611.766    12.150    -0.71    1.57
-117236.670    11.935    -0.57    1.37
-116861.539    11.677    -0.69    1.28
-116486.373    11.659    -0.05    1.25
-116111.171    11.453    -0.55    0.94
-115735.934    11.251    -0.54    0.88
-115360.661    11.364     0.30    1.14
-114985.352    11.305    -0.16    1.11
-114610.008    11.185    -0.32    1.17
-114234.629    11.164    -0.06    1.23
-113859.213    11.060    -0.28    1.27
-113483.762    10.881    -0.48    1.31
-113108.276    10.507    -1.00    1.49
-112732.754     9.777    -1.94    1.69
-112357.196     9.270    -1.35    1.83
-111981.602     8.471    -2.13    1.74
-111605.973     8.188    -0.75    1.63
-111230.309     8.310     0.33    1.61
-110854.608     8.233    -0.21    1.46
-110478.872     8.435     0.54    1.29
-110103.100     8.578     0.38    1.29
-109727.292     8.890     0.83    1.23
-109351.449     8.828    -0.17    1.28
-108975.570     8.852     0.06    1.19
-108599.655     8.792    -0.16    1.11
-108223.704     8.823     0.08    1.19
-107847.718     8.818    -0.01    1.29
-107471.696     8.818     0.00    1.33
-107095.638     8.836     0.05    1.37
-106719.544     8.739    -0.26    1.35
-106343.414     8.909     0.45    1.18
-105967.249     9.327     1.11    1.15
-105591.047     9.265    -0.16    1.14
-105214.810     9.435     0.45    1.17
-104838.537     9.472     0.10    1.17
-104462.228     9.507     0.09    1.37
-104085.883     9.721     0.57    1.38
-103709.502     9.677    -0.12    1.25
-103333.085     9.650    -0.07    1.30
-102956.632     9.500    -0.40    1.27
-102580.143     9.417    -0.22    1.43
-102203.619     9.455     0.10    1.45
-101827.058     9.257    -0.53    1.23
-101450.461     9.167    -0.24    1.25
-101073.829     9.127    -0.11    1.08
-100697.160     9.150     0.06    1.05
-100320.455     9.226     0.20    1.06
 -99943.715     9.127    -0.26    1.16
 -99566.938     9.233     0.28    1.30
 -99190.125     9.078    -0.41    1.18
 -98813.276     9.200     0.32    1.06
 -98436.391     9.236     0.10    1.00
 -98059.470     9.563     0.87    0.96
 -97682.513     9.784     0.59    1.17
 -97305.519    10.185     1.06    1.23
 -96928.490    10.492     0.81    1.17
 -96551.424    10.953     1.22    1.45
 -96174.322    11.011     0.15    1.52
 -95797.184    10.909    -0.27    1.36
 -95420.010    10.560    -0.92    1.36
 -95042.800    10.303    -0.68    1.26
 -94665.553    10.382     0.21    1.17
 -94288.271    10.343    -0.10    1.13
 -93910.951    10.257    -0.23    1.00
 -93533.596    10.275     0.05    1.06
 -93156.205    10.254    -0.05    1.10
 -92778.777    10.292     0.10    1.12
 -92401.313    10.419     0.33    1.20
 -92023.812    10.733     0.83    1.26
 -91646.276    10.709    -0.06    1.33
 -91268.703    10.511    -0.52    1.36
 -90891.093    10.327    -0.49    1.25
 -90513.448    10.090    -0.63    1.07
 -90135.766     9.909    -0.48    0.96
 -89758.047    10.015     0.28    1.09
 -89380.292     9.890    -0.33    1.17
 -89002.501     9.992     0.27    1.27
 -88624.673    10.078     0.23    1.16
 -88246.809    10.363     0.75    0.98
 -87868.909    10.509     0.38    0.90
 -87495.184    10.400    -0.29    0.93
 -87124.371    10.230    -0.46    0.94
 -86753.524     9.971    -0.70    0.95
 -86382.641     9.861    -0.30    1.07
 -86011.723     9.542    -0.86    1.12
 -85640.770     9.418    -0.33    1.22
 -85269.783     9.490     0.19    1.29
 -84898.760     9.654     0.44    1.29
 -84527.702     9.882     0.61    1.37
 -84156.609    10.218     0.91    1.47
 -83785.481    10.251     0.09    1.52
 -83414.318     9.509    -2.00    1.83
 -83043.120     8.937    -1.54    1.72
 -82671.886     8.221    -1.93    1.47
 -82300.618     7.880    -0.92    1.23
 -81929.314     7.935     0.15    1.16
 -81557.976     7.909    -0.07    1.09
 -81186.602     8.031     0.33    0.86
 -80815.193     8.018    -0.04    0.93
 -80443.748     7.815    -0.55    0.99
 -80072.269     7.560    -0.68    1.04
 -79700.754     7.527    -0.09    1.02
 -79329.204     7.581     0.15    1.11
 -78957.619     7.862     0.76    1.09
 -78585.998     8.018     0.42    0.95
 -78214.343     8.130     0.30    1.16
 -77842.652     8.471     0.92    1.19
 -77470.925     8.758     0.77    1.19
 -77099.164     8.935     0.48    1.16
 -76727.367     9.236     0.81    1.24
 -76355.535     9.292     0.15    1.14
 -75983.667     9.132    -0.43    1.05
 -75611.765     9.254     0.33    0.95
 -75239.826     9.257     0.01    0.84
 -74867.853     9.159    -0.26    0.85
 -74495.844     8.981    -0.48    0.90
 -74123.800     8.937    -0.12    0.88
 -73751.720     9.167     0.62    1.01
 -73379.605     9.418     0.67    0.93
 -73007.454     9.792     1.00    1.29
 -72635.268    10.181     1.04    1.60
 -72263.047    10.257     0.20    1.80
 -71890.790    10.119    -0.37    1.80
 -71518.497     9.963    -0.42    1.65
 -71146.169     9.685    -0.75    1.45
 -70773.806     9.513    -0.46    0.95
 -70401.407     9.560     0.13    0.93
 -70028.973     9.573     0.03    1.02
 -69656.503     9.593     0.05    1.03
 -69283.997     9.454    -0.37    0.97
 -68911.456     9.382    -0.19    0.96
 -68538.880     9.603     0.59    0.96
 -68166.267     9.578    -0.07    0.97
 -67793.620     9.381    -0.53    0.97
 -67420.936     9.362    -0.05    1.09
 -67048.217     9.435     0.20    1.17
 -66675.463     9.611     0.47    1.16
 -66302.672     9.650     0.10    1.13
 -65929.846     9.569    -0.22    1.05
 -65556.985     9.309    -0.70    0.89
 -65184.088     9.214    -0.25    1.01
 -64811.155     9.163    -0.14    0.96
 -64438.186     9.224     0.16    0.97
 -64065.182     9.103    -0.32    1.00
 -63692.141     9.290     0.50    1.12
 -63319.066     9.324     0.09    1.16
 -62945.954     9.453     0.35    1.18
 -62572.807     9.630     0.47    1.17
 -62199.624     9.757     0.34    0.98
 -61826.405     9.721    -0.10    0.88
 -61453.150     9.739     0.05    0.90
 -61079.860     9.721    -0.05    0.90
 -60706.533     9.654    -0.18    0.97
 -60333.171     9.596    -0.16    0.92
 -59959.773     9.720     0.33    0.96
 -59586.339     9.792     0.19    1.02
 -59212.870     9.996     0.54    1.16
 -58839.364    10.277     0.75    1.21
 -58465.823    10.636     0.96    1.25
 -58092.245    11.049     1.10    1.19
 -57718.632    11.325     0.74    1.21
 -57344.983    11.614     0.77    1.26
 -56971.298    11.509    -0.28    1.31
 -56597.576    11.640     0.35    1.53
 -56223.819    11.846     0.55    1.59
 -55850.026    12.103     0.69    1.89
 -55476.197    11.971    -0.35    1.87
 -55102.332    11.937    -0.09    1.56
 -54728.431    11.989     0.14    1.40
 -54354.494    12.507     1.38    1.29
 -53980.521    12.618     0.30    1.36
 -53606.512    12.768     0.40    1.36
 -53232.467    13.418     1.74    1.92
 -52858.385    14.452     2.76    2.71
 -52484.268    15.438     2.63    2.79
 -52110.114    16.078     1.71    2.74
 -51735.925    16.307     0.61    2.78
 -51361.699    16.132    -0.47    2.54
 -50987.437    16.127    -0.01    2.31
 -50613.139    16.145     0.05    2.03
 -50238.805    16.435     0.78    1.76
 -49864.435    16.381    -0.14    1.56
 -49490.028    16.224    -0.42    1.38
 -49115.586    16.323     0.26    1.31
 -48741.107    16.364     0.11    1.22
 -48366.592    16.490     0.34    1.16
 -47992.040    16.490     0.00    1.25
 -47617.453    16.557     0.18    1.21
 -47242.829    16.382    -0.47    1.17
 -46868.169    16.185    -0.52    1.04
 -46493.472    16.122    -0.17    1.12
 -46118.740    16.114    -0.02    1.12
 -45743.971    16.053    -0.16    1.05
 -45369.165    16.239     0.49    0.97
 -44994.324    16.236    -0.01    1.05
 -44619.446    15.996    -0.64    0.98
 -44244.531    16.031     0.09    1.01
 -43869.580    16.007    -0.07    1.02
 -43494.593    16.507     1.33    1.25
 -43119.570    17.226     1.92    1.20
 -42744.510    17.733     1.35    1.20
 -42369.414    18.545     2.17    1.58
 -41994.281    19.078     1.42    2.00
 -41619.112    19.542     1.24    1.88
 -41243.906    19.382    -0.43    1.97
 -40868.664    18.636    -1.99    1.96
 -40493.385    17.509    -3.00    1.89
 -40118.070    15.989    -4.05    1.91
 -39742.719    14.707    -3.41    1.63
 -39367.331    13.703    -2.67    1.45
 -38991.906    12.927    -2.07    1.17
 -38616.445    12.698    -0.61    1.12
 -38240.947    13.259     1.50    2.07
 -37865.413    14.275     2.70    2.62
 -37489.842    15.382     2.95    3.29
 -37114.235    16.380     2.66    4.13
 -36738.590    16.224    -0.42    4.17
 -36362.910    16.072    -0.40    4.44
 -35987.193    15.329    -1.98    4.72
 -35611.439    14.632    -1.86    4.93
 -35235.648    15.132     1.33    5.58
 -34859.821    16.159     2.73    5.99
 -34483.957    17.436     3.40    6.82
 -34108.056    15.721    -4.56    7.30
 -33732.119    12.996    -7.25    6.97
 -33356.145     9.864    -8.33    4.34
 -32980.134     7.963    -5.05    1.07
 -32604.087     7.943    -0.05    1.20
 -32228.002     8.698     2.01    1.90
 -31851.881     9.185     1.30    2.09
 -31475.724     9.578     1.04    2.25
 -31099.529     9.150    -1.14    2.54
 -30723.298     8.025    -2.99    2.33
 -30347.029     7.328    -1.85    1.68
 -29970.724     7.114    -0.57    1.50
 -29594.382     7.382     0.71    1.52
 -29218.004     7.525     0.38    1.34
 -28841.588     7.733     0.55    1.29
 -28465.136     7.645    -0.23    1.37
 -28088.646     7.400    -0.65    1.29
 -27712.120     7.098    -0.80    1.15
 -27335.557     7.364     0.71    1.31
 -26958.957     7.654     0.77    1.17
 -26582.320     7.618    -0.10    1.27
 -26205.646     7.775     0.42    1.37
 -25828.935     7.436    -0.90    1.37
 -25452.187     7.060    -1.00    1.38
 -25075.402     6.996    -0.17    1.38
 -24698.580     6.715    -0.74    1.30
 -24321.721     6.455    -0.69    1.47
 -23944.825     6.327    -0.34    1.44
 -23567.892     6.452     0.33    1.38
 -23190.922     6.272    -0.48    1.19
 -22813.915     6.575     0.80    1.28
 -22436.871     7.150     1.52    1.30
 -22059.789     7.614     1.23    1.36
 -21682.671     8.275     1.75    1.34
 -21305.515     8.417     0.38    1.42
 -20928.323     8.614     0.52    1.34
 -20551.093     8.566    -0.13    1.30
 -20173.826     8.257    -0.82    1.26
 -19796.522     7.957    -0.79    1.19
 -19419.180     7.864    -0.25    1.26
 -19041.802     7.418    -1.18    1.06
 -18664.386     7.218    -0.53    1.07
 -18286.933     7.346     0.34    1.20
 -17909.443     7.492     0.39    1.28
 -17531.916     7.943     1.20    1.31
 -17154.351     8.109     0.44    1.20
 -16776.749     7.803    -0.81    1.25
 -16399.110     7.509    -0.78    1.20
 -16021.433     7.417    -0.24    1.13
 -15643.719     7.362    -0.15    1.06
 -15265.968     7.309    -0.14    1.08
 -14888.180     7.560     0.67    1.23
 -14510.354     7.669     0.29    1.10
 -14132.491     7.507    -0.43    1.34
 -13754.590     7.400    -0.28    1.43
 -13376.652     6.715    -1.81    1.57
 -12998.677     6.042    -1.78    1.63
 -12624.310     5.971    -0.19    1.58
 -12253.602     6.257     0.77    1.82
 -11882.859     6.286     0.08    1.84
 -11512.079     6.382     0.26    1.88
 -11141.263     6.437     0.15    1.92
 -10770.412     6.382    -0.15    1.76
 -10399.524     6.807     1.15    1.64
 -10028.601     7.078     0.73    1.74
  -9657.642     7.542     1.25    2.18
  -9286.646     7.803     0.70    2.19
  -8915.615     7.715    -0.24    2.03
  -8544.548     7.185    -1.43    1.65
  -8173.444     6.882    -0.82    1.24
  -7802.305     6.307    -1.55    2.12
  -7431.130     5.066    -3.34    2.57
  -7059.918     3.963    -2.97    2.11
  -6688.671     3.348    -1.66    1.44
  -6317.387     3.135    -0.57    1.46
  -5946.068     3.542     1.10    1.43
  -5574.712     2.505    -2.79    2.39
  -5203.320     1.224    -3.45    2.82
  -4831.892     0.828    -1.07    2.84
  -4460.428     1.203     1.01    2.89
  -4088.928     2.435     3.32    2.49
  -3717.392     3.455     2.74    1.50
  -3345.819     3.452    -0.01    1.32
  -2974.211     3.327    -0.34    1.30
  -2602.566     3.329     0.01    1.27
  -2230.885     3.323    -0.02    1.36
  -1859.168     2.917    -1.09    1.81
  -1487.414     1.943    -2.62    2.45
  -1115.624     0.792    -3.10    2.61
   -743.798    -0.297    -2.93    2.09
   -371.936    -0.619    -0.87    1.89
     -0.038     0.007     1.68    2.36
    371.897     1.103     2.95    2.78
    743.868     2.329     3.30    2.86
   1115.876     3.475     3.08    2.62
   1487.919     4.347     2.34    1.81
   1859.999     4.611     0.71    1.21
   2232.116     4.221    -1.05    1.83
   2604.269     4.185    -0.10    2.18
   2976.458     4.078    -0.29    2.23
   3348.683     4.000    -0.21    2.09
   3720.945     4.581     1.56    1.40
   4093.243     4.400    -0.49    1.43
   4465.578     4.127    -0.73    1.45
   4837.949     4.453     0.88    1.47
   5210.357     4.726     0.73    1.34
   5582.801     4.628    -0.27    1.36
   5955.282     4.690     0.17    1.47
   6327.799     3.943    -2.01    2.17
   6700.352     2.614    -3.57    2.77
   7072.942     1.453    -3.12    2.81
   7445.569     0.836    -1.66    2.25
   7818.232     1.382     1.46    2.48
   8190.932     2.453     2.87    2.53
   8563.668     2.918     1.25    2.49
   8936.440     3.060     0.38    2.75
   9309.250     3.207     0.39    2.95
   9682.096     3.786     1.55    2.96
  10054.978     3.218    -1.52    3.17
  10427.898     3.698     1.29    2.91
  10800.853     3.400    -0.80    2.68
  11173.846     3.578     0.48    2.29
  11546.875     4.257     1.82    1.49
  11919.941     4.511     0.68    1.59
  12293.043     5.346     2.24    1.68
  12666.182     6.085     1.98    1.60
  13039.358     6.614     1.42    1.45
  13412.571     7.456     2.26    2.13
  13785.820     7.171    -0.76    2.37
  14159.106     7.381     0.56    2.51
  14532.429     6.838    -1.46    2.24
  14905.789     6.145    -1.86    2.12
  15279.185     6.327     0.49    2.01
  15652.618     6.750     1.13    2.09
  16026.088     7.022     0.73    2.19
  16399.595     6.792    -0.62    2.15
  16773.139     6.418    -1.00    2.24
  17146.719     6.025    -1.05    1.96
  17520.336     5.864    -0.43    1.78
  17893.991     6.221     0.96    2.00
  18267.682     6.650     1.15    2.18
  18641.410     6.846     0.53    1.96
  19015.175     6.645    -0.54    1.83
  19388.976     6.596    -0.13    1.67
  19762.815     6.213    -1.02    1.72
  20136.691     6.380     0.45    1.91
  20510.604     6.435     0.15    1.71
  20884.553     6.154    -0.75    1.76
  21258.540     5.926    -0.61    1.86
  21632.563     6.078     0.41    2.18
  22006.624     7.150     2.86    2.80
  22380.722     8.435     3.44    2.68
  22754.856     9.344     2.43    1.68
  23129.028     9.540     0.52    1.42
  23503.237     9.509    -0.08    1.49
  23877.483     9.382    -0.34    1.38
  24251.766     9.418     0.10    1.35
  24626.086     9.578     0.43    1.27
  25000.443     9.522    -0.15    1.10
  25374.837     9.542     0.05    1.29
  25749.269     9.628     0.23    1.34
  26123.737     9.344    -0.76    1.34
  26498.243     9.487     0.38    1.29
  26872.786     9.630     0.38    1.15
  27247.366    10.259     1.68    1.63
  27621.984    11.060     2.14    1.70
  27996.638    11.768     1.89    1.69
  28371.330    12.078     0.83    1.60
  28746.059    12.078     0.00    1.79
  29120.825    12.227     0.40    1.87
  29495.629    12.181    -0.12    1.66
  29870.469    12.150    -0.08    1.60
  30245.348    11.696    -1.21    1.33
  30620.263    11.560    -0.36    1.28
  30995.216    11.290    -0.72    1.50
  31370.206    11.328     0.10    1.45
  31745.233    11.096    -0.62    1.46
  32120.298    11.060    -0.10    1.39
  32495.400    11.348     0.77    1.39
  32870.539    11.418     0.19    1.42
  33245.716    11.470     0.14    1.43
  33620.931    11.511     0.11    1.49
  33996.182    11.382    -0.34    1.38
  34371.471    11.542     0.43    1.49
  34746.798    11.926     1.02    1.38
  35122.162    12.382     1.22    1.36
  35497.564    12.807     1.13    1.34
  35873.003    12.935     0.34    1.31
  36248.479    13.400     1.24    1.20
  36623.993    14.031     1.68    1.36
  36999.545    14.763     1.95    1.44
  37375.134    15.610     2.25    1.40
  37750.760    16.294     1.82    1.23
  38126.424    16.846     1.47    1.19
  38502.126    17.434     1.57    1.14
  38877.866    17.872     1.17    1.17
  39253.642    18.560     1.83    1.32
  39629.457    19.214     1.74    1.51
  40005.309    19.703     1.30    1.50
  40381.199    20.327     1.66    1.54
  40757.127    20.096    -0.61    1.41
  41133.092    19.953    -0.38    1.40
  41509.095    19.872    -0.22    1.46
  41885.135    20.066     0.52    1.46
  42261.213    20.085     0.05    1.63
  42637.329    19.628    -1.22    1.72
  43013.483    19.600    -0.07    1.73
  43389.674    19.522    -0.21    1.56
  43765.903    20.150     1.67    2.00
  44142.170    21.327     3.13    2.13
  44518.475    22.382     2.80    2.06
  44894.818    23.553     3.11    2.03
  45271.198    24.803     3.32    2.41
  45647.616    26.720     5.09    2.90
  46024.072    29.505     7.40    4.20
  46400.566    34.239    12.57    6.21
  46777.098    40.715    17.20    9.80
  47153.667    53.259    33.31   19.74
  47530.275    66.667    35.60   25.02
  47906.920    68.996     6.18   22.21
  48283.603    65.109   -10.32   17.38
  48660.325    53.610   -30.52    8.27
  49037.084    47.382   -16.53    6.89
  49413.881    43.114   -11.33    6.32
  49790.716    38.417   -12.46    3.93
  50167.589    35.770    -7.02    2.83
  50544.500    33.596    -5.77    2.78
  50921.449    32.103    -3.96    2.29
  51298.436    31.014    -2.89    1.98
  51675.461    29.945    -2.83    1.39
  52052.525    29.207    -1.96    1.51
  52429.626    28.259    -2.51    1.59
  52806.765    27.563    -1.85    1.60
  53183.943    27.089    -1.26    1.27
  53561.158    26.900    -0.50    1.42
  53938.412    26.540    -0.95    1.48
  54315.703    26.309    -0.61    1.54
  54693.033    25.989    -0.85    1.57
  55070.401    26.042     0.14    1.60
  55447.807    26.435     1.04    1.67
  55825.252    26.935     1.32    1.51
  56202.734    27.103     0.45    1.27
  56580.255    26.917    -0.49    1.16
  56957.814    26.792    -0.33    1.29
  57335.411    26.555    -0.63    1.20
  57713.047    26.435    -0.32    1.35
  58090.721    26.292    -0.38    1.23
  58468.433    26.572     0.74    1.08
  58846.183    26.745     0.46    1.14
  59223.972    26.768     0.06    1.26
  59601.798    26.800     0.08    1.16
  59979.664    26.739    -0.16    1.18
  60357.567    26.632    -0.28    1.08
  60735.509    26.525    -0.28    1.08
  61113.489    26.542     0.05    1.12
  61491.508    26.344    -0.52    1.19
  61869.565    26.239    -0.28    1.19
  62244.649    25.900    -0.90    1.22
  62615.240    25.722    -0.48    1.21
  62985.867    25.581    -0.38    1.17
  63356.531    26.119     1.45    1.21
  63727.232    26.685     1.53    1.52
  64097.970    27.382     1.88    1.61
  64468.745    27.803     1.14    1.70
  64839.556    27.872     0.19    1.81
  65210.404    27.846    -0.07    1.76
  65581.290    27.842    -0.01    1.43
  65952.212    27.951     0.30    1.33
  66323.171    28.272     0.87    1.26
  66694.167    28.688     1.12    1.25
  67065.200    29.221     1.44    1.56
  67436.269    29.900     1.83    1.50
  67807.376    30.382     1.30    1.41
  68178.520    30.663     0.76    1.33
  68549.701    30.856     0.52    1.23
  68920.918    31.277     1.13    1.40
  69292.173    32.489     3.27    2.63
  69663.465    35.418     7.89    5.12
  70034.794    41.315    15.88    8.02
  70406.160    47.846    17.59    8.73
  70777.562    53.688    15.73    7.80
  71149.002    57.437    10.10    5.96
  71520.479    58.060     1.68    6.34
  71891.994    56.185    -5.05    6.29
  72263.545    55.119    -2.87    4.64
  72635.133    55.207     0.24    4.13
  73006.759    56.856     4.44    5.52
  73378.422    60.224     9.06    7.11
  73750.121    63.971    10.08    8.72
  74121.858    65.020     2.82   10.36
  74493.633    64.581    -1.18   10.96
  74865.444    63.560    -2.75    9.54
  75237.293    62.566    -2.67    8.87
  75609.178    64.096     4.11    9.21
  75981.102    67.677     9.63   10.17
  76353.062    71.313     9.78   11.97
  76725.059    79.838    22.92   16.18
  77097.094    89.593    26.22   22.42
  77469.167    95.715    16.46   20.74
  77841.276   100.560    13.02   16.81
  78213.423   100.874     0.84   13.74
  78585.607    96.150   -12.70    6.84
  78957.828    94.275    -5.04    6.68
  79330.087    92.974    -3.49    7.29
  79702.383    93.025     0.14    6.40
  80074.717    91.203    -4.89    7.17
  80447.088    88.210    -8.04    8.76
  80819.496    82.382   -15.65    7.38
  81191.942    79.721    -7.15    7.28
  81564.425    75.522   -11.27    7.92
  81936.946    72.775    -7.38    8.31
  82309.504    68.961   -10.24    7.54
  82682.100    65.419    -9.51    5.02
  83054.733    64.520    -2.41    3.36
  83427.403    64.974     1.22    3.68
  83800.111    66.865     5.08    3.89
  84172.857    70.018     8.46    4.64
  84545.640    73.224     8.60    5.49
  84918.461    77.838    12.38    5.74
  85291.319    80.953     8.36    5.53
  85664.215    81.349     1.06    6.83
  86037.148    78.257    -8.29    9.14
  86410.119    71.014   -19.42    9.04
  86783.128    64.362   -17.83    6.37
  87156.174    59.926   -11.89    4.07
  87529.258    57.709    -5.94    2.16
  87902.380    57.555    -0.41    1.63
  88275.539    58.542     2.65    1.84
  88648.736    59.578     2.78    1.50
  89021.970    60.210     1.69    1.18
  89395.242    60.346     0.36    1.15
  89768.553    60.641     0.79    1.10
  90141.900    60.626    -0.04    1.05
  90515.286    60.978     0.94    1.13
  90888.709    61.437     1.23    1.12
  91262.170    61.744     0.82    1.12
  91635.669    62.290     1.46    1.63
  92009.205    62.154    -0.37    1.69
  92382.780    61.856    -0.80    1.93
  92756.392    61.971     0.31    2.41
  93130.042    61.569    -1.08    2.69
  93503.730    61.275    -0.79    2.75
  93877.456    60.864    -1.10    2.46
  94251.219    60.825    -0.10    1.95
  94625.021    61.150     0.87    1.92
  94998.860    61.563     1.11    1.83
  95372.738    62.003     1.18    1.54
  95746.653    62.119     0.31    1.19
  96120.606    62.193     0.20    1.12
  96494.598    62.727     1.43    1.53
  96868.627    63.007     0.75    1.55
  97242.694    63.603     1.59    1.51
  97616.799    63.592    -0.03    1.16
  97990.942    64.171     1.55    1.48
  98365.123    64.854     1.82    1.41
  98739.342    65.259     1.08    1.36
  99113.600    65.953     1.85    1.46
  99487.895    66.470     1.38    1.61
  99862.228    67.066     1.59    1.73
 100236.600    67.935     2.32    1.81
 100611.009    68.503     1.52    1.62
 100985.457    69.177     1.80    1.60
 101359.943    69.803     1.67    1.57
 101734.467    70.545     1.98    1.81
 102109.029    71.328     2.09    1.83
 102483.629    71.971     1.72    1.70
 102858.268    72.329     0.96    1.55
 103232.944    73.203     2.33    1.72
 103607.659    73.909     1.88    1.77
 103982.412    74.518     1.63    1.67
 104357.204    74.882     0.97    1.41
 104732.033    75.094     0.57    1.37
 105106.901    75.437     0.91    1.36
 105481.807    76.060     1.66    1.46
 105856.752    76.744     1.82    1.95
 106231.734    77.489     1.99    2.11
 106606.755    78.593     2.94    1.98
 106981.815    79.490     2.39    1.87
 107356.912    80.084     1.58    1.76
 107732.048    80.881     2.13    1.66
 108107.223    81.620     1.97    1.70
 108482.436    82.417     2.13    1.87
 108857.687    83.277     2.29    1.90
 109232.976    84.557     3.41    2.16
 109608.304    85.560     2.67    2.08
 109983.671    86.628     2.84    1.69
 110359.076    87.436     2.15    1.53
 110734.519    87.961     1.40    1.36
 111110.001    88.650     1.83    1.64
 111485.521    89.671     2.72    1.91
 111861.080    90.739     2.84    1.96
 112236.678    91.331     1.58    2.02
 112612.313    92.503     3.12    1.87
 112987.988    93.346     2.24    1.71
 113363.701    94.213     2.31    1.84
 113739.452    95.342     3.00    1.83
 114115.243    96.294     2.53    1.92
 114491.071    97.527     3.28    2.02
 114866.939    98.698     3.12    1.96
 115242.845    99.507     2.15    1.83
 115618.789   100.522     2.70    2.25
 115994.773   101.891     3.64    2.92
 116370.795   103.578     4.49    4.33
 116746.855   106.484     7.73    6.33
 117122.954   109.103     6.96    7.12
 117499.092   111.986     7.66    8.22
 117875.269   115.610     9.64    9.44
 118251.485   119.347     9.93    9.75
 118627.739   123.715    11.61    9.68
 119004.032   127.961    11.28   10.17
 119380.364   133.417    14.50   10.87
 119756.734   142.303    23.61   15.12
 120133.144   158.247    42.36   24.24
 120509.592   179.917    57.57   27.17
 120886.079   197.175    45.85   25.32
 121262.605   209.917    33.84   22.49
 121639.169   220.537    28.21   21.02
 122015.773   229.089    22.71   20.60
 122392.415   243.325    37.80   22.99
 122769.097   255.663    32.76   23.28
 123145.817   260.918    13.95   24.75
 123522.576   253.722   -19.10   33.80
 123899.374   235.436   -48.54   43.81
 124276.211   218.675   -44.48   42.07
 124653.088   209.171   -25.22   35.78
 125030.003   207.242    -5.12   30.01
 125406.957   211.061    10.13   28.68
 125783.950   220.437    24.87   31.00
 126160.982   236.470    42.53   41.89
 126538.053   262.663    69.47   46.68
 126915.163   282.768    53.32   48.45
 127292.312   307.926    66.71   53.01
 127669.501   334.540    70.57   64.27
 128046.728   349.775    40.39   58.84
 128423.994   353.022     8.61   53.43
 128801.300   322.010   -82.21   68.50
 129178.645   290.224   -84.25   56.01
 129556.029   288.540    -4.46   58.65
 129933.452   304.831    43.17   69.28
 130310.914   337.989    87.86   64.27
 130688.415   358.128    53.36   72.48
 131065.956   363.640    14.60   73.85
 131443.536   373.294    25.57   67.95
 131821.155   378.937    14.94   68.39
 132198.813   389.762    28.67   71.06
 132576.511   391.313     4.11   76.22
 132954.248   394.227     7.71   71.62
 133332.024   411.332    45.28   64.12
 133709.839   430.690    51.25   63.46
 134087.694   478.722   127.13   75.26
 134465.588   529.437   134.22   68.14
 134843.522   546.596    45.41   50.19
 135221.494   542.624   -10.51   50.01
 135599.507   518.239   -64.52   57.49
 135977.558   502.119   -42.65   47.14
 136355.649   500.327    -4.74   54.65
 136733.779   512.007    30.89   57.46
 137109.705   520.060    21.43   61.40
 137480.184   512.216   -21.18   66.20
 137850.701   505.989   -16.81   60.72
 138221.256   491.294   -39.66   59.54
 138591.848   470.329   -56.58   66.22
 138962.479   438.505   -85.88   70.61
 139333.147   395.084  -117.16   60.45
 139703.853   361.540   -90.50   51.26
 140074.597   334.856   -71.98   47.66
 140445.378   311.167   -63.90   59.15
 140816.197   272.400  -104.56   61.97
 141187.055   236.454   -96.94   42.77
 141557.950   213.715   -61.32   24.86
 141928.883   209.600   -11.10   22.79
 142299.854   213.828    11.40   31.72
 142670.862   220.239    17.28   36.42
 143041.909   212.158   -21.78   38.72
 143412.993   193.951   -49.07   36.04
 143784.116   174.891   -51.37   26.69
 144155.276   158.365   -44.53   15.23
 144526.475   151.007   -19.83   10.99
 144897.711   146.722   -11.54    9.45
 145268.986   144.327    -6.45    5.31
 145640.298   143.632    -1.87    2.02
 146011.649   143.937     0.82    2.10
 146383.037   144.484     1.47    1.87
 146754.463   144.763     0.75    1.46
 147125.928   148.377     9.73   14.49
