-142435.793   555.138     0.00   42.38
-142057.351   536.121   -50.26   51.97
-141678.953   521.148   -39.57   40.64
-141300.600   505.933   -40.22   32.93
-140922.291   499.352   -17.40   33.38
-140544.027   508.144    23.24   38.85
-140165.808   506.320    -4.82   45.49
-139787.633   506.877     1.47   48.39
-139409.503   501.207   -15.00   45.36
-139031.418   498.371    -7.50   42.99
-138653.377   508.476    26.73   48.39
-138275.380   544.083    94.21   60.87
-137897.428   576.604    86.06   65.19
-137519.521   618.754   111.55   69.42
-137141.658   660.507   110.51   48.98
-136763.839   667.985    19.79   53.69
-136386.065   662.584   -14.30   64.11
-136008.336   635.788   -70.95   59.65
-135630.651   606.239   -78.25   56.86
-135253.010   583.493   -60.24   67.85
-134875.413   537.821  -120.97   70.29
-134497.861   500.204   -99.65   58.72
-134120.354   469.837   -80.45   51.16
-133742.890   453.305   -43.80   49.19
-133365.471   435.401   -47.45   51.02
-132988.097   411.432   -63.52   54.04
-132610.766   381.899   -78.28   61.82
-132233.480   340.411  -109.98   49.98
-131856.238   314.771   -67.97   23.21
-131479.040   334.804    53.12   48.76
-131101.887   377.512   113.25   67.07
-130724.777   445.336   179.88   76.29
-130347.712   495.940   134.22   54.87
-129970.691   516.675    55.00   42.80
-129593.714   532.411    41.75   40.04
-129216.782   538.971    17.41   46.58
-128839.893   545.116    16.31   54.12
-128463.048   563.837    49.69   58.73
-128086.248   588.756    66.14   49.90
-127709.491   592.121     8.93   47.06
-127332.779   579.578   -33.30   50.09
-126956.111   550.703   -76.67   47.50
-126579.486   526.640   -63.90   49.98
-126202.906   498.394   -75.02   55.29
-125826.370   473.066   -67.27   48.04
-125449.877   444.566   -75.71   40.82
-125073.429   429.138   -40.99   42.63
-124697.024   404.525   -65.40   50.74
-124320.663   376.824   -73.61   47.98
-123944.347   369.385   -19.77   44.00
-123568.074   372.488     8.25   49.39
-123191.845   386.624    37.58   47.34
-122815.660   407.148    54.57   45.59
-122439.518   417.138    26.56   53.15
-122063.421   430.839    36.43   56.90
-121687.367   455.995    66.90   60.53
-121311.357   467.755    31.28   59.72
-120935.390   475.202    19.81   55.63
-120559.468   497.575    59.52   56.31
-120183.589   537.888   107.26   73.42
-119807.754   577.352   105.02   57.58
-119431.963   599.971    60.20   43.38
-119056.215   603.254     8.74   44.08
-118680.511   584.486   -49.96   46.99
-118304.850   582.330    -5.74   55.51
-117929.233   576.417   -15.74   61.05
-117553.660   586.525    26.92   72.04
-117178.130   579.030   -19.96   61.87
-116802.644   569.454   -25.50   54.40
-116427.202   560.954   -22.64   53.58
-116051.803   534.132   -71.46   56.99
-115676.447   504.638   -78.59   62.61
-115301.135   469.488   -93.67   56.39
-114925.867   443.449   -69.40   44.93
-114550.642   431.083   -32.96   32.49
-114175.460   437.874    18.10   36.51
-113800.322   474.610    97.94   59.01
-113425.227   504.551    79.83   58.61
-113050.176   496.534   -21.38   73.75
-112675.168   473.165   -62.32   87.11
-112300.204   437.804   -94.31   71.38
-111925.282   412.454   -67.62   25.46
-111550.404   419.604    19.07   26.15
-111175.570   440.171    54.87   31.82
-110800.779   466.683    70.74   37.63
-110426.031   501.034    91.67   55.82
-110051.326   536.415    94.43   62.63
-109676.665   561.621    67.28   59.37
-109302.046   585.721    64.34   55.68
-108927.472   611.094    67.75   55.89
-108552.940   645.805    92.69   65.87
-108178.451   693.254   126.72   73.76
-107804.006   742.613   131.83   81.49
-107429.604   775.517    87.89   89.49
-107055.244   816.042   108.26  100.08
-106680.929   829.495    35.94  100.67
-106306.656   844.607    40.38   87.02
-105932.426   876.449    85.09   80.36
-105558.239   930.704   145.01   96.72
-105184.096   987.722   152.41   92.66
-104809.995  1030.853   115.30  104.29
-104435.937  1110.721   213.54  126.65
-104061.923  1176.788   176.66  103.11
-103687.951  1179.566     7.43  104.47
-103314.023  1119.212  -161.42  143.90
-102940.137  1016.739  -274.10  143.56
-102566.294   929.490  -233.41   90.46
-102192.495   929.433    -0.15   76.94
-101818.738   984.754   148.03  104.22
-101445.024  1055.838   190.23  101.43
-101071.353  1129.181   196.30   98.06
-100697.724  1168.378   104.92   76.77
-100324.139  1142.571   -69.09  108.06
 -99950.597  1078.604  -171.26  144.56
 -99577.097   984.594  -251.73  136.89
 -99203.640   934.995  -132.83  100.24
 -98830.226   939.624    12.40  105.49
 -98456.854   997.252   154.36  137.94
 -98083.526  1057.723   161.99  138.80
 -97710.240  1123.138   175.26  147.19
 -97336.997  1187.171   171.58  136.10
 -96963.796  1220.575    89.51  113.66
 -96590.638  1208.509   -32.34  111.27
 -96217.523  1154.720  -144.18  134.32
 -95844.451  1083.871  -189.92  107.27
 -95471.421  1042.691  -110.40   86.04
 -95098.434  1026.059   -44.60   91.24
 -94725.489  1018.888   -19.23   92.87
 -94352.587   986.484   -86.90  101.13
 -93979.728   943.659  -114.87   94.46
 -93606.911   911.025   -87.54   98.48
 -93234.137   869.288  -111.97  110.47
 -92861.405   788.247  -217.44  110.33
 -92488.715   723.854  -172.79   99.51
 -92116.069   651.138  -195.15   89.29
 -91743.464   605.804  -121.68   78.92
 -91370.902   568.659   -99.71   59.24
 -90998.383   558.737   -26.64   56.57
 -90625.906   547.643   -29.79   63.23
 -90253.471   537.570   -27.05   63.90
 -89881.079   530.689   -18.48   62.43
 -89508.729   523.822   -18.44   63.12
 -89136.422   521.739    -5.59   69.57
 -88764.157   520.771    -2.60   78.28
 -88391.934   510.500   -27.60   76.00
 -88019.753   502.338   -21.93   76.72
 -87647.615   486.198   -43.38   73.43
 -87275.519   467.245   -50.94   69.98
 -86903.466   462.908   -11.66   75.80
 -86531.454   465.014     5.66   85.81
 -86159.485   458.253   -18.18   85.49
 -85787.558   440.104   -48.80   77.41
 -85415.674   422.598   -47.08   60.49
 -85043.831   415.066   -20.26   52.63
 -84672.031   431.305    43.68   68.08
 -84300.273   469.404   102.49   78.41
 -83928.557   494.521    67.58   68.35
 -83556.883   500.058    14.90   54.16
 -83185.251   473.624   -71.13   68.64
 -82813.661   435.788  -101.83   59.84
 -82442.114   393.175  -114.70   45.96
 -82070.608   359.254   -91.31   34.53
 -81699.145   333.054   -70.54   31.50
 -81327.723   313.551   -52.52   22.07
 -80956.344   301.640   -32.07    5.61
 -80585.006   299.633    -5.41    3.30
 -80213.711   306.591    18.74   20.43
 -79842.457   318.824    32.95   31.22
 -79471.246   339.610    56.00   36.68
 -79100.076   374.364    93.64   43.06
 -78728.949   397.954    63.57   37.49
 -78357.863   402.624    12.58   31.19
 -77986.819   396.904   -15.42   29.10
 -77615.817   378.025   -50.89   25.88
 -77244.857   363.652   -38.75   18.64
 -76873.938   356.014   -20.60   15.35
 -76503.062   351.330   -12.63   10.96
 -76132.227   348.034    -8.89    9.10
 -75761.434   348.314     0.76    8.21
 -75390.683   354.607    16.98   12.76
 -75019.974   366.564    32.25   25.04
 -74649.306   391.739    67.92   47.95
 -74278.681   415.946    65.32   54.44
 -73908.096   441.871    69.96   55.43
 -73537.554   471.042    78.73   52.13
 -73167.053   504.026    89.03   63.25
 -72796.594   543.038   105.31   64.16
 -72426.177   576.567    90.53   60.62
 -72055.801   604.378    75.09   57.97
 -71685.467   614.804    28.16   62.73
 -71315.174   631.042    43.85   59.58
 -70944.923   626.304   -12.80   74.23
 -70574.714   623.439    -7.74   74.51
 -70204.546   631.262    21.14   73.23
 -69834.420   642.509    30.39   72.93
 -69464.335   660.946    49.82   64.22
 -69094.292   677.640    45.12   63.82
 -68724.291   691.115    36.42   58.66
 -68354.330   679.138   -32.38   69.79
 -67981.474   646.665   -87.10   86.27
 -67603.077   589.888  -150.06   90.00
 -67224.723   532.567  -151.51   60.84
 -66846.413   516.371   -42.82   72.11
 -66468.147   519.207     7.50   78.77
 -66089.924   511.873   -19.39   83.36
 -65711.744   514.919     8.06   82.30
 -65333.608   517.074     5.70   78.62
 -64955.515   508.247   -23.35   74.96
 -64577.466   502.415   -15.43   63.30
 -64199.460   473.279   -77.08   75.46
 -63821.497   427.613  -120.83   83.27
 -63443.578   386.110  -109.83   76.03
 -63065.702   349.788   -96.13   51.00
 -62687.870   323.770   -68.87   39.83
 -62310.081   307.094   -44.14   33.64
 -61932.335   308.086     2.63   45.25
 -61554.633   320.821    33.72   56.81
 -61176.974   339.917    50.57   60.93
 -60799.358   346.720    18.02   54.82
 -60421.785   328.204   -49.04   62.98
 -60044.256   287.806  -107.01   51.53
 -59666.769   277.546   -27.18   46.10
 -59289.327   274.322    -8.54   49.57
 -58911.927   276.238     5.08   54.98
 -58534.570   271.788   -11.79   52.14
 -58157.257   254.504   -45.81   36.96
 -57779.986   245.098   -24.93   27.36
 -57402.759   244.502    -1.58   27.92
 -57025.575   242.952    -4.11   22.97
 -56648.434   246.502     9.41   27.10
 -56271.336   257.820    30.02   33.29
 -55894.281   270.042    32.42   35.32
 -55517.269   285.076    39.88   39.91
 -55140.300   318.504    88.68   53.22
 -54763.375   355.271    97.55   62.68
 -54386.492   405.689   133.78   70.41
 -54009.652   445.377   105.32   54.26
 -53632.855   450.062    12.43   54.39
 -53256.101   442.477   -20.13   56.57
 -52879.390   418.483   -63.70   56.81
 -52502.722   403.165   -40.67   61.09
 -52126.097   400.739    -6.44   67.49
 -51749.514   418.671    47.62   65.14
 -51372.975   419.347     1.80   61.34
 -50996.478   428.509    24.34   65.68
 -50620.024   458.574    79.87   62.23
 -50243.613   486.381    73.88   66.82
 -49867.245   506.398    53.19   65.44
 -49490.920   512.994    17.53   61.82
 -49114.637   535.722    60.40   63.59
 -48738.397   565.974    80.41   67.55
 -48362.200   591.449    67.72   57.20
 -47986.045   604.615    35.00   55.48
 -47609.933   601.017    -9.57   58.87
 -47233.864   577.753   -61.87   57.24
 -46857.838   556.675   -56.06   58.39
 -46481.854   552.154   -12.02   59.32
 -46105.913   561.415    24.63   69.31
 -45730.014   570.143    23.22   68.80
 -45354.159   578.093    21.15   71.20
 -44978.345   568.788   -24.76   64.34
 -44602.574   563.612   -13.77   52.92
 -44226.846   580.673    45.41   54.76
 -43851.161   608.064    72.91   57.97
 -43475.517   640.184    85.51   72.64
 -43099.917   682.534   112.76   75.41
 -42724.359   708.338    68.71   77.86
 -42348.843   720.029    31.14   83.02
 -41973.370   710.971   -24.13   97.04
 -41597.939   669.675  -110.00   98.48
 -41222.551   628.977  -108.42   76.71
 -40847.205   637.312    22.21   80.26
 -40471.901   671.252    90.44   99.07
 -40096.640   689.870    49.61  101.57
 -39721.421   684.984   -13.02   96.80
 -39346.245   627.493  -153.24  111.48
 -38971.111   569.949  -153.40   93.79
 -38596.019   543.081   -71.63   80.55
 -38220.969   578.104    93.39  112.66
 -37845.962   622.556   118.54  107.47
 -37470.997   638.262    41.89   86.59
 -37096.074   636.507    -4.68   93.05
 -36721.194   595.917  -108.28  108.89
 -36346.356   522.635  -195.51   98.25
 -35971.560   466.330  -150.23   88.77
 -35596.806   409.738  -151.02   82.60
 -35222.094   356.148  -143.02   69.18
 -34847.425   312.460  -116.61   49.76
 -34472.797   289.271   -61.90   37.12
 -34098.212   276.624   -33.76   34.95
 -33723.669   269.051   -20.22   37.13
 -33349.168   256.771   -32.79   32.69
 -32974.709   253.686    -8.24   33.36
 -32600.292   262.708    24.10   51.63
 -32225.917   291.638    77.28   73.36
 -31851.584   334.706   115.06   83.43
 -31477.294   390.042   147.85   71.47
 -31103.045   419.042    77.49   53.97
 -30728.838   415.238   -10.17   62.90
 -30354.673   398.556   -44.59   73.29
 -29980.550   374.525   -64.23   73.30
 -29606.469   359.667   -39.72   71.03
 -29232.430   356.935    -7.30   60.37
 -28858.433   346.968   -26.65   51.86
 -28484.478   324.534   -59.99   58.03
 -28110.565   285.330  -104.85   69.05
 -27736.693   255.025   -81.06   52.64
 -27362.863   259.312    11.47   55.56
 -26989.076   261.133     4.87   56.80
 -26615.330   254.985   -16.45   59.73
 -26241.625   247.584   -19.80   54.94
 -25867.963   250.538     7.90   50.38
 -25494.342   284.991    92.22   69.38
 -25120.763   310.788    69.05   54.54
 -24747.226   306.364   -11.84   57.70
 -24373.731   279.633   -71.57   62.90
 -24000.277   247.624   -85.71   50.52
 -23626.865   241.500   -16.40   48.76
 -23253.495   247.719    16.66   52.22
 -22880.166   274.788    72.51   56.99
 -22506.879   308.525    90.38   56.69
 -22133.633   323.167    39.23   57.70
 -21760.430   324.245     2.89   59.27
 -21387.267   288.064   -96.96   74.92
 -21014.147   245.903  -113.00   67.83
 -20641.068   208.064  -101.43   50.96
 -20268.030   190.371   -47.43   38.08
 -19895.034   177.868   -33.52   33.20
 -19522.080   168.988   -23.81   31.08
 -19149.167   161.822   -19.22   27.85
 -18776.295   152.056   -26.19   22.63
 -18403.465   137.689   -38.53   22.53
 -18030.677   123.752   -37.39   20.02
 -17657.929   116.901   -18.38   16.20
 -17285.224   118.297     3.75   22.19
 -16912.559   131.093    34.34   26.86
 -16539.937   145.304    38.14   24.62
 -16167.355   151.132    15.64   23.38
 -15794.815   153.288     5.79   25.09
 -15422.316   160.839    20.27   37.01
 -15049.859   174.562    36.85   47.58
 -14677.443   194.347    53.13   51.19
 -14305.068   209.071    39.54   46.78
 -13932.734   214.700    15.12   46.79
 -13560.442   229.689    40.26   52.11
 -13188.191   238.195    22.85   51.86
 -12815.981   230.271   -21.29   47.14
 -12443.813   213.721   -44.47   46.65
 -12071.685   191.720   -59.12   53.85
 -11699.599   152.110  -106.46   51.67
 -11327.554   118.025   -91.62   35.91
 -10955.551    91.704   -70.75   23.19
 -10583.588    75.577   -43.36   15.46
 -10211.667    64.575   -29.58   11.16
  -9839.786    56.127   -22.72    8.51
  -9467.947    49.638   -17.45    7.21
  -9096.149    44.374   -14.16    6.97
  -8724.392    40.919    -9.29    6.52
  -8352.676    42.598     4.52   16.20
  -7981.001    45.839     8.72   24.88
  -7609.367    50.517    12.59   30.90
  -7237.774    55.722    14.01   35.75
  -6866.222    59.219     9.41   39.66
  -6494.711    62.110     7.78   42.06
  -6123.241    54.042   -21.72   39.54
  -5751.812    44.534   -25.60   32.85
  -5380.424    34.202   -27.82   21.28
  -5009.077    28.913   -14.24   13.50
  -4637.771    29.427     1.39   12.39
  -4266.506    29.038    -1.05   10.59
  -3895.281    27.739    -3.50    8.79
  -3524.098    26.419    -3.55    5.00
  -3152.955    24.064    -6.35    3.85
  -2781.853    20.421    -9.82    5.70
  -2410.792    15.708   -12.70    8.43
  -2039.772    10.394   -14.32    9.49
  -1668.792     5.364   -13.56    7.78
  -1297.853     1.610   -10.12    4.17
   -926.956     0.686    -2.49    2.26
   -556.098     0.340    -0.93    1.83
   -185.282    -0.212    -1.49    0.00
    185.494    -0.212     0.00    0.00
    556.229    -0.212     0.00    0.00
    926.923     0.025     0.64    1.13
   1297.577     0.491     1.26    1.76
   1668.190     1.804     3.54    2.78
   2038.762     3.391     4.28    3.16
   2409.294     4.159     2.07    3.18
   2779.785     4.195     0.10    3.18
   3150.236     4.115    -0.21    3.39
   3520.646     4.245     0.35    3.58
   3891.015     4.754     1.37    3.39
   4261.344     5.889     3.07    2.72
   4631.632     6.704     2.20    1.78
   5001.880     6.352    -0.95    1.66
   5372.087     6.313    -0.11    1.51
   5742.254     5.635    -1.83    2.62
   6112.380     4.029    -4.34    3.32
   6482.466     3.212    -2.21    3.51
   6854.487     2.931    -0.75    3.32
   7232.793     3.624     1.83    3.15
   7611.056     6.144     6.66    4.57
   7989.277    16.305    26.87   24.83
   8367.456    26.635    27.32   31.08
   8745.592    38.139    30.42   32.86
   9123.686    48.071    26.27   28.91
   9501.737    60.633    33.23   25.36
   9879.747    68.853    21.75   24.44
  10257.713    80.254    30.16   24.49
  10635.638    92.236    31.70   27.73
  11013.520   113.525    56.34   31.32
  11391.360   133.635    53.22   35.29
  11769.158   154.253    54.57   30.51
  12146.914   170.490    42.98   19.46
  12524.627   173.034     6.74   16.34
  12902.298   168.891   -10.97   16.59
  13279.927   163.667   -13.83   17.62
  13657.514   153.837   -26.03   22.21
  14035.059   140.488   -35.36   22.91
  14412.561   129.719   -28.53   22.86
  14790.022   122.242   -19.81   28.88
  15167.440   114.165   -21.40   33.28
  15544.816   106.426   -20.51   31.96
  15922.150    98.838   -20.11   26.65
  16299.442    94.330   -11.95   23.96
  16676.692    93.144    -3.14   25.05
  17053.900    91.564    -4.19   26.88
  17431.066    85.461   -16.18   22.72
  17808.190    79.521   -15.75   19.55
  18185.272    71.841   -20.37   16.24
  18562.312    64.143   -20.42   12.74
  18939.311    57.144   -18.56    8.51
  19316.267    53.753    -8.99    6.68
  19693.181    54.288     1.42    9.84
  20070.053    57.127     7.53   13.41
  20446.884    61.977    12.87   13.98
  20823.673    67.647    15.05   13.01
  21200.419    72.509    12.90   13.31
  21577.124    77.805    14.06   13.74
  21953.787    85.805    21.24   13.39
  22330.409    94.804    23.89   15.38
  22706.988   104.093    24.66   18.26
  23083.526   114.719    28.22   22.92
  23460.022   121.630    18.36   20.56
  23836.476   124.525     7.69   18.72
  24212.889   126.109     4.21   22.75
  24589.259   120.837   -14.01   28.25
  24965.588   113.042   -20.71   31.58
  25341.876   105.788   -19.28   29.46
  25718.122    97.322   -22.50   22.46
  26094.326    95.381    -5.16   20.97
  26470.488    92.618    -7.34   17.34
  26846.609    93.091     1.26   16.00
  27222.688    93.689     1.59   15.30
  27598.726    95.736     5.44   15.58
  27974.722    96.546     2.16   14.49
  28350.676    98.720     5.78   16.86
  28726.589   100.805     5.55   18.66
  29102.461   101.650     2.25   18.89
  29478.291   101.991     0.91   17.17
  29854.079   101.345    -1.72   14.86
  30229.826   101.805     1.22   13.37
  30605.531   102.321     1.37   11.39
  30981.195   104.733     6.42   11.30
  31356.818   108.202     9.23   10.94
  31732.399   115.236    18.73   12.55
  32107.939   123.720    22.59   15.15
  32483.437   131.621    21.04   18.95
  32858.894   139.219    20.24   25.92
  33234.310   147.132    21.08   32.64
  33609.684   148.751     4.31   36.68
  33985.017   144.960   -10.10   32.23
  34360.309   134.822   -27.01   31.38
  34735.559   121.454   -35.62   24.12
  35110.768   113.161   -22.10   20.96
  35485.936   106.686   -17.26   20.74
  35861.062   106.931     0.65   21.19
  36236.147   113.652    17.92   24.91
  36611.192   119.615    15.90   29.75
  36986.194   133.697    37.55   34.22
  37361.156   150.254    44.16   37.51
  37736.076   162.495    32.65   39.07
  38110.956   180.538    48.13   41.18
  38485.794   208.906    75.68   42.72
  38860.591   225.219    43.52   39.76
  39235.347   245.046    52.91   34.06
  39610.062   251.104    16.16   30.49
  39984.735   246.517   -12.24   32.86
  40359.368   246.209    -0.82   38.05
  40733.960   250.263    10.82   43.81
  41108.510   258.046    20.78   43.73
  41483.020   266.279    21.98   37.90
  41857.488   266.161    -0.32   36.01
  42231.916   268.071     5.10   38.85
  42606.302   270.184     5.64   41.85
  42980.648   274.228    10.80   42.28
  43354.952   267.417   -18.20   40.70
  43729.216   251.056   -43.71   41.33
  44103.439   228.856   -59.32   38.67
  44477.620   211.973   -45.12   33.13
  44851.761   200.873   -29.67   34.80
  45225.861   192.529   -22.30   37.70
  45599.921   185.497   -18.80   39.91
  45973.939   170.081   -41.22   34.13
  46347.916   160.823   -24.75   27.45
  46721.853   151.739   -24.29   25.32
  47095.749   142.771   -23.98   22.66
  47469.604   133.595   -24.54   22.74
  47843.418   125.074   -22.79   19.63
  48217.192   119.050   -16.11   16.86
  48590.925   119.184     0.36   20.71
  48964.617   120.771     4.24   23.15
  49338.268   127.669    18.46   23.49
  49711.879   135.025    19.69   20.99
  50085.449   133.236    -4.79   21.31
  50458.978   126.419   -18.25   26.47
  50832.467   112.381   -37.59   26.48
  51205.915   100.038   -33.05   14.82
  51579.322   103.771    10.00   20.04
  51952.689   116.033    32.84   27.34
  52326.015   138.314    59.68   32.70
  52699.301   151.305    34.80   26.20
  53072.546   158.588    19.51   23.15
  53445.751   166.615    21.51   22.78
  53818.915   173.601    18.72   33.68
  54192.038   183.411    26.29   44.84
  54565.121   193.086    25.93   51.95
  54938.163   207.504    38.65   58.78
  55311.165   213.399    15.80   56.60
  55684.127   210.238    -8.48   47.84
  56057.048   214.270    10.81   39.93
  56429.929   219.427    13.83   41.26
  56802.769   222.940     9.42   41.98
  57175.569   225.454     6.74   39.33
  57548.328   231.567    16.40   35.25
  57921.047   248.313    44.93   41.13
  58293.726   280.029    85.10   51.34
  58666.364   308.347    75.99   55.70
  59038.962   323.460    40.56   41.09
  59411.520   326.091     7.06   32.14
  59784.037   320.398   -15.28   28.87
  60156.515   315.103   -14.22   36.33
  60528.951   312.253    -7.65   43.60
  60901.348   307.466   -12.86   48.42
  61273.704   289.216   -49.01   39.92
  61646.020   272.891   -43.84   34.50
  62018.296   261.771   -29.87   30.34
  62390.532   256.530   -14.08   32.08
  62762.728   246.669   -26.49   28.18
  63134.883   234.086   -33.81   28.40
  63506.998   221.841   -32.90   27.72
  63879.073   211.686   -27.29   28.21
  64251.108   202.395   -24.97   29.70
  64623.103   205.704     8.90   31.79
  64995.058   204.823    -2.37   28.28
  65366.972   204.437    -1.04   20.94
  65738.847   199.686   -12.77   21.62
  66110.682   189.083   -28.51   23.02
  66482.476   173.615   -41.60   19.22
  66854.230   164.788   -23.74   16.32
  67225.945   159.042   -15.46   16.69
  67597.619   152.981   -16.31   15.66
  67969.254   148.923   -10.92   13.61
  68340.848   149.084     0.43   19.90
  68712.403   160.144    29.76   34.36
  69083.918   173.984    37.25   43.42
  69455.392   195.411    57.68   54.02
  69826.827   209.564    38.10   53.25
  70198.222   207.805    -4.73   50.19
  70569.577   193.923   -37.38   48.58
  70940.892   174.821   -51.44   38.62
  71312.168   153.253   -58.09   28.98
  71683.403   139.161   -37.96   23.01
  72054.599   132.591   -17.70   14.87
  72425.754   133.507     2.47   13.68
  72796.871   139.104    15.08   15.59
  73167.947   141.936     7.63   13.38
  73538.983   130.736   -30.18   16.85
  73909.980   121.016   -26.20   13.28
  74280.937   121.821     2.17   13.76
  74651.854   126.081    11.49   17.80
  75022.732   129.408     8.97   16.78
  75393.570   127.991    -3.82   17.41
  75764.368   122.271   -15.43   18.50
  76135.127   113.546   -23.53   16.67
  76505.846   106.313   -19.51   18.68
  76876.525    98.684   -20.58   17.76
  77247.165    91.858   -18.42   12.38
  77617.765    90.116    -4.70   10.28
  77988.325    93.216     8.37   13.82
  78358.846    97.736    12.20   15.80
  78729.327    97.538    -0.54   17.50
  79099.769    95.001    -6.85   15.20
  79470.171    97.702     7.29   16.07
  79840.534   105.304    20.53   20.27
  80210.857   117.322    32.45   18.29
  80581.141   120.805     9.41   14.62
  80951.385   113.150   -20.68   21.71
  81321.590    97.954   -41.04   26.11
  81692.875    81.305   -44.84   22.61
  82071.093    70.174   -29.43   14.66
  82449.269    64.722   -14.41    4.73
  82827.405    64.163    -1.48    2.48
  83205.499    64.512     0.92    2.48
  83583.551    64.684     0.46    2.21
  83961.563    64.615    -0.18    1.89
  84339.533    63.650    -2.55    2.44
  84717.462    62.822    -2.19    2.61
  85095.350    61.871    -2.52    2.85
  85473.196    60.770    -2.91    2.58
  85851.001    60.669    -0.27    2.33
  86228.766    60.840     0.45    1.78
  86606.489    61.253     1.10    1.38
  86984.170    61.822     1.50    1.02
  87361.811    61.923     0.27    0.92
  87739.411    61.770    -0.41    1.03
  88116.969    64.016     5.95    9.10
  88494.487    69.362    14.16   14.20
  88871.963    74.770    14.33   14.80
  89249.399    79.064    11.37   13.09
  89626.793    80.856     4.75   10.65
  90004.146    80.454    -1.06    8.35
  90381.459    81.615     3.08    7.99
  90758.730    84.242     6.96    8.03
  91135.960    85.923     4.46    6.12
  91513.150    84.181    -4.62    8.04
  91890.298    77.673   -17.25   13.28
  92267.406    68.347   -24.73   13.55
  92644.472    60.202   -21.60    7.65
  93021.498    57.321    -7.64    4.19
  93398.483    62.064    12.58   11.75
  93775.427    74.627    33.33   22.53
  94152.330    87.269    33.54   23.23
  94529.192   100.154    34.19   20.41
  94906.014   107.038    18.27   19.87
  95282.794   104.271    -7.34   20.53
  95659.534    96.923   -19.50   20.39
  96036.233    90.893   -16.01   15.20
  96412.892    86.127   -12.65    6.95
  96789.509    88.024     5.04    8.71
  97166.086    95.046    18.65   11.61
  97542.622    99.665    12.26   11.35
  97919.118    99.640    -0.07   12.38
  98295.572    99.560    -0.21   14.16
  98671.986    98.374    -3.15   15.13
  99048.360   101.947     9.49   15.08
  99424.693   108.943    18.59   12.52
  99800.985   113.184    11.27    9.65
 100177.236   111.714    -3.91   12.37
 100553.447   112.521     2.15   13.62
 100929.617   114.630     5.61   12.98
 101305.747   115.329     1.86   10.95
 101681.836   114.093    -3.29   10.72
 102057.885   109.665   -11.77   13.15
 102433.893   107.362    -6.13   15.33
 102809.861   106.859    -1.34   17.22
 103185.788   109.891     8.06   17.64
 103561.674   110.079     0.50   17.67
 103937.521   111.378     3.46   17.79
 104313.326   114.627     8.64   17.90
 104689.092   113.805    -2.19   18.08
 105064.816   114.788     2.62   17.87
 105440.501   113.574    -3.23   16.67
 105816.145   114.754     3.14   16.77
 106191.749   116.899     5.71   16.58
 106567.312   122.718    15.49   17.98
 106942.835   130.184    19.88   17.55
 107318.317   136.853    17.76   17.07
 107693.760   144.402    20.10   10.52
 108069.162   145.891     3.97    9.37
 108444.523   145.610    -0.75   10.24
 108819.845   147.384     4.73    9.95
 109195.126   151.296    10.42    9.80
 109570.367   156.399    13.60    8.96
 109945.568   162.008    14.95    8.39
 110320.728   166.226    11.24    7.91
 110695.848   170.198    10.59    8.26
 111070.928   174.167    10.58    7.52
 111445.968   176.322     5.75    6.73
 111820.968   177.788     3.91    7.66
 112195.927   179.046     3.36    6.98
 112570.847   184.139    13.58    8.07
 112945.726   189.751    14.97    8.88
 113320.565   193.889    11.04    7.39
 113695.365   197.086     8.53    7.03
 114070.124   198.706     4.32    8.46
 114444.843   199.618     2.43   11.15
 114819.521   198.650    -2.58   13.68
 115194.160   198.703     0.14   15.59
 115568.759   200.305     4.28   14.54
 115943.318   203.002     7.20   12.70
 116317.837   207.279    11.42   10.59
 116692.316   202.432   -12.94   17.37
 117066.755   198.454   -10.62   22.27
 117441.154   190.374   -21.58   26.80
 117815.513   187.517    -7.63   32.08
 118189.832   188.288     2.06   35.12
 118564.112   183.391   -13.08   43.46
 118938.351   178.051   -14.27   47.91
 119312.551   173.858   -11.20   48.32
 119686.710   165.091   -23.43   48.80
 120060.830   164.575    -1.38   45.18
 120434.910   170.324    15.37   46.96
 120808.950   175.995    15.16   47.77
 121182.951   176.560     1.51   46.27
 121556.911   173.437    -8.35   42.21
 121930.832   176.560     8.35   36.82
 122304.713   183.753    19.24   38.17
 122678.554   200.805    45.61   38.53
 123052.356   216.595    42.24   36.04
 123426.118   223.837    19.37   33.88
 123799.840   226.315     6.63   30.09
 124173.522   228.391     5.56   28.44
 124547.165   238.665    27.49   27.96
 124920.768   252.322    36.55   21.20
 125294.332   262.805    28.06   12.79
 125667.856   264.601     4.81   12.80
 126041.340   268.133     9.45   14.03
 126414.785   272.823    12.56   16.33
 126788.190   281.104    22.18   17.49
 127161.555   287.377    16.80   16.66
 127534.881   290.667     8.81   15.55
 127908.168   291.497     2.22   15.84
 128281.415   285.228   -16.79   16.20
 128654.622   282.984    -6.01   14.10
 129027.790   282.889    -0.25   12.04
 129400.918   285.921     8.12   13.19
 129774.007   285.788    -0.36   16.20
 130147.056   282.704    -8.26   16.91
 130520.066   280.314    -6.41   15.68
 130893.037   270.556   -26.16   24.60
 131265.968   256.417   -37.91   38.38
 131638.860   247.889   -22.87   39.10
 132011.712   225.016   -61.34   47.87
 132384.525   198.364   -71.48   58.99
 132757.299   177.178   -56.83   58.39
 133130.033   164.150   -34.95   43.97
 133502.728   188.960    66.56   53.28
 133875.384   227.856   104.36   51.53
 134248.000   263.998    96.98   35.41
 134620.577   283.472    52.26   18.52
 134993.115   288.221    12.75   12.44
 135365.613   290.824     6.99   11.40
 135738.072   293.154     6.26    9.78
 136110.492   297.842    12.59    9.76
 136482.873   303.595    15.45    8.52
 136855.215   303.253    -0.92   10.15
 137227.517   298.304   -13.29   15.33
 137599.780   292.560   -15.43   15.22
 137972.004   287.184   -14.44   16.17
 138344.189   284.870    -6.22   17.45
 138716.335   277.454   -19.92   25.09
 139088.441   253.449   -64.50   36.83
 139460.509   237.880   -41.84   35.64
 139832.537   240.443     6.89   39.09
 140204.527   239.663    -2.10   45.24
 140576.477   256.935    46.43   39.15
 140948.388   266.893    26.77   35.82
 141320.260   273.665    18.21   34.80
 141692.093   293.076    52.20   29.99
 142063.888   305.520    33.47   21.35
 142435.643   312.226    18.04    9.13
 142807.359   310.454    -4.77    9.03
 143179.036   303.581   -18.49   11.99
 143550.674   293.915   -26.00   13.15
 143922.273   285.870   -21.65   12.29
 144293.834   279.006   -18.47    9.22
 144665.355   276.995    -5.41    9.62
 145036.838   275.437    -4.19   11.38
 145408.281   271.995    -9.27   12.20
 145779.686   267.145   -13.06   14.64
 146151.052   261.245   -15.88   15.55
 146522.379   251.443   -26.39   13.47
 146893.667   243.174   -22.27   12.52
 147264.917   235.083   -21.79   15.05
 147636.127   231.946    -8.45   17.28
 148007.299   228.261    -9.92   20.49
 148378.432   228.547     0.77   21.90
 148749.527   225.822    -7.34   22.94
 149120.582   217.806   -21.60   20.78
 149491.599   212.188   -15.14   19.16
 149862.577   207.086   -13.75   17.65
 150233.516   203.788    -8.89   17.31
 150604.417   198.161   -15.17   17.81
 150975.279   191.876   -16.94   17.00
 151346.102   185.507   -17.17   16.62
 151716.887   183.340    -5.85   16.86
 152087.633   181.598    -4.70   18.38
 152458.341   179.174    -6.54   18.35
 152829.009   171.161   -21.61   16.43
 153199.639   164.333   -18.42   14.53
 153570.231   160.426   -10.54   12.14
 153940.784   160.151    -0.74   15.44
 154311.299   162.567     6.52   18.60
 154681.775   160.859    -4.61   19.53
 155052.212   155.588   -14.23   16.61
 155422.611   151.805   -10.21   14.29
 155792.971   152.443     1.72   17.49
 156163.293   154.483     5.51   21.67
 156533.943   155.977     4.03   23.62
 156912.075   155.431    -1.45   26.30
 157290.167   152.973    -6.50   26.60
 157668.219   148.212   -12.59   26.11
 158046.230   144.209   -10.59   22.98
 158424.201   151.110    18.26   26.59
 158802.132   161.960    28.71   28.61
 159180.023   174.700    33.71   19.94
 159557.874   179.554    12.85   11.11
 159935.684   174.574   -13.18   14.56
 160313.455   165.874   -23.02   15.11
 160691.185   160.188   -15.05   12.25
 161068.875   158.633    -4.12   12.10
 161446.525   157.167    -3.88   12.54
 161824.135   156.008    -3.07   11.92
 162201.705   154.443    -4.14   10.80
 162579.235   152.700    -4.62   11.74
 162956.725   151.923    -2.06   13.65
 163334.175   153.424     3.98   14.70
 163711.585   154.341     2.43   16.57
 164088.955   148.127   -16.47   21.47
 164466.285   137.719   -27.58   23.45
 164843.575   124.261   -35.66   21.32
 165220.825   113.449   -28.66   16.26
 165598.035   108.195   -13.93   11.07
 165975.205   114.574    16.91   21.01
 166352.335   129.279    38.99   26.82
 166729.425   148.127    49.97   22.61
 167106.476   160.322    32.34    9.05
 167483.487   162.906     6.85    9.45
 167860.457   164.029     2.98    8.81
 168237.388   161.859    -5.76    7.55
 168614.279   159.195    -7.07    8.76
 168991.131   150.873   -22.08   12.64
 169367.942   146.341   -12.02   12.48
 169744.714   143.296    -8.08   11.27
 170121.446   137.963   -14.15    9.46
 170498.138   138.341     1.00   10.11
 170874.791   138.771     1.14   11.08
 171251.404   138.466    -0.81   12.53
 171627.977   143.271    12.76   14.08
 172004.510   147.824    12.09   11.14
 172381.004   148.615     2.10   11.51
 172757.458   145.279    -8.86   16.20
 173133.873   139.144   -16.30   19.23
 173510.247   131.460   -20.41   19.78
 173886.583   123.449   -21.29   16.73
 174262.878   116.517   -18.42   10.45
 174639.134   113.288    -8.58    1.71
 175015.351   114.038     1.99    2.10
 175391.528   114.700     1.76    1.99
 175767.665   114.512    -0.50    1.90
 176143.763   113.507    -2.67    3.15
 176519.821   111.374    -5.67    4.06
 176895.840   109.635    -4.62    4.24
 177271.819   108.442    -3.17    4.12
 177647.759   108.652     0.56    3.91
 178023.659   109.897     3.31    3.20
 178399.520   110.630     1.95    3.85
 178775.342   113.305     7.12    6.56
 179151.124   118.788    14.59   10.78
 179526.866   132.086    35.39   21.43
 179902.569   150.074    47.87   30.24
 180278.233   171.957    58.24   33.69
 180653.858   196.859    66.28   34.76
 181029.443   213.671    44.75   34.37
 181404.989   233.699    53.32   39.19
 181780.495   262.893    77.73   43.69
 182155.963   284.874    58.53   41.59
 182531.390   297.002    32.30   30.85
 182906.779   287.068   -26.46   37.65
 183282.128   260.170   -71.65   41.82
 183657.439   225.858   -91.41   36.77
 184032.709   196.861   -77.26   25.23
 184407.941   187.671   -24.49   18.46
 184783.134   193.931    16.68   26.07
 185158.287   208.104    37.77   29.16
 185533.401   223.236    40.33   21.82
 185908.476   226.788     9.47   18.55
 186283.511   215.876   -29.09   24.32
 186658.508   199.024   -44.93   22.68
 187033.466   186.109   -34.44   19.71
 187408.384   174.206   -31.74    7.86
 187783.263   171.483    -7.26    6.17
 188158.103   174.984     9.34   10.67
 188532.904   183.630    23.06   18.07
 188907.666   192.212    22.89   18.80
 189282.389   196.181    10.59   18.59
 189657.073   194.788    -3.72   19.58
 190031.718   192.261    -6.74   16.66
 190406.324   190.895    -3.64   12.70
 190780.891   199.424    22.77   18.24
 191155.419   205.238    15.52   18.99
 191529.908   209.842    12.29   16.79
 191904.358   211.788     5.19   13.87
 192278.770   214.340     6.81   11.06
 192653.142   220.224    15.72   12.29
 193027.475   232.525    32.85   17.24
 193401.770   250.551    48.15   24.74
 193776.025   274.174    63.11   37.95
 194150.242   296.675    60.12   45.75
 194524.420   317.754    56.32   50.26
 194898.559   323.395    15.07   49.10
 195272.659   310.736   -33.83   43.92
 195646.720   304.364   -17.03   35.65
 196020.743   282.104   -59.50   30.28
 196394.727   265.495   -44.40   24.10
 196768.672   268.042     6.81   27.16
 197142.578   275.507    19.96   30.48
 197516.446   291.566    42.94   28.37
 197890.275   315.195    63.20   33.88
 198264.065   339.056    63.82   37.73
 198637.816   348.202    24.47   33.18
 199011.529   328.822   -51.85   56.16
 199385.203   294.736   -91.20   61.76
 199758.838   267.995   -71.56   40.36
 200132.435   276.315    22.27   42.34
 200505.993   306.984    82.08   50.14
 200879.513   339.640    87.41   37.77
 201252.994   373.601    90.91   42.50
 201626.436   402.244    76.68   46.75
 201999.840   417.721    41.44   42.61
 202373.205   436.736    50.92   33.97
 202746.532   449.402    33.92   31.58
 203119.820   451.008     4.30   27.75
 203493.069   446.647   -11.68   41.05
 203866.280   415.859   -82.48   70.24
 204239.453   390.679   -67.46   70.22
 204612.587   386.150   -12.13   64.99
 204985.683   393.842    20.61   63.95
 205358.740   420.954    72.66   64.96
 205731.758   464.127   115.71   63.00
 206104.739   498.068    90.98   70.19
 206477.681   522.174    64.62   64.75
 206850.584   538.252    43.11   54.71
 207223.449   548.700    28.02   60.45
 207596.276   555.507    18.25   66.27
 207969.064   562.495    18.74   71.68
 208341.814   587.047    65.85   74.09
 208714.526   602.838    42.36   71.77
 209087.199   620.020    46.10   61.98
 209459.835   639.156    51.34   60.99
 209832.431   672.068    88.31   58.80
 210204.990   704.735    87.66   51.21
 210577.510   742.226   100.62   34.54
 210949.992   763.525    57.17   35.37
 211322.436   772.876    25.10   37.89
 211694.841   759.449   -36.05   47.13
 212067.209   714.228  -121.41   82.15
 212439.538   672.288  -112.62   76.19
 212811.829   662.974   -25.01   64.63
 213184.081   683.315    54.63   75.24
 213556.296   725.966   114.56   72.27
 213928.472   768.426   114.06   38.45
 214300.611   785.822    46.74   24.13
 214672.711   795.546    26.13   16.80
 215044.773   792.426    -8.39   20.69
 215416.797   778.098   -38.50   32.90
 215788.783   766.395   -31.45   36.73
 216160.731   769.330     7.89   41.55
 216532.641   780.884    31.06   38.85
 216904.512   785.402    12.15   30.39
 217276.346   761.679   -63.79   51.30
 217648.142   718.702  -115.57   66.70
 218019.899   687.181   -84.77   65.18
 218391.619   692.029    13.04   62.58
 218763.301   712.520    55.12   63.06
 219134.945   740.895    76.33   47.93
 219506.551   763.004    59.48   24.09
 219878.119   762.288    -1.93   26.36
 220249.649   747.209   -40.58   35.83
 220621.141   726.640   -55.36   44.17
 220992.595   698.056   -76.93   56.19
 221364.011   674.584   -63.18   60.54
 221735.390   642.104   -87.44   64.16
 222106.730   600.538  -111.91   66.11
 222478.033   567.700   -88.42   71.65
 222849.298   547.402   -54.66   70.42
 223220.525   528.191   -51.74   74.09
 223591.715   508.595   -52.78   75.95
 223962.866   507.630    -2.60   77.07
 224333.980   537.484    80.43   90.56
 224705.056   583.533   124.07   92.43
 225076.094   647.551   172.50   94.41
 225447.095   701.074   144.23   61.85
 225818.058   719.178    48.79   37.16
 226188.983   711.570   -20.51   36.48
 226559.870   684.574   -72.77   37.55
 226930.720   662.591   -59.26   23.62
 227301.532   653.546   -24.39   20.55
 227672.306   650.490    -8.24   19.65
 228043.043   645.121   -14.48   23.49
 228413.742   633.647   -30.94   27.67
 228784.404   615.574   -48.75   29.75
 229155.028   603.178   -33.44   29.75
 229525.614   592.232   -29.53   30.79
 229896.163   578.665   -36.61   33.17
 230266.674   569.214   -25.50   34.39
 230637.148   559.163   -27.12   37.06
 231007.584   555.056   -11.08   39.58
 231377.982   543.347   -31.60   40.70
 231755.742   525.984   -45.95   37.66
 232133.750   518.384   -20.10   33.48
 232511.719   522.212    10.12   34.43
 232889.650   533.981    31.13   31.05
 233267.540   551.226    45.63   14.39
 233645.392   556.084    12.85   13.82
 234023.205   558.752     7.06   13.04
 234400.978   558.051    -1.86   12.98
 234778.713   553.332   -12.49   14.38
 235156.408   543.431   -26.21   14.34
 235534.064   535.461   -21.10   12.43
 235911.681   527.279   -21.66   12.90
 236289.259   520.520   -17.90   17.00
 236666.798   512.426   -21.43   22.97
 237044.298   502.926   -25.16   25.65
 237421.759   492.209   -28.39   33.52
 237799.181   465.977   -69.48   51.76
 238176.564   442.252   -62.85   55.48
 238553.908   414.520   -73.48   53.55
 238931.213   407.066   -19.75   59.69
 239308.479   388.029   -50.45   72.78
 239685.707   368.624   -51.43   81.42
 240062.895   356.477   -32.20   74.57
 240440.044   343.261   -35.03   61.93
 240817.155   351.341    21.42   68.26
 241194.226   388.025    97.26   69.66
 241571.259   418.288    80.25   67.32
 241948.253   436.086    47.20   66.94
 242325.208   463.002    71.39   59.73
 242702.124   488.981    68.91   50.19
 243079.002   516.538    73.10   38.10
 243455.841   541.437    66.06   23.26
 243832.641   557.484    42.58   14.80
 244209.402   563.653    16.37   10.19
 244586.124   560.567    -8.19   12.78
 244962.808   551.949   -22.88   18.87
 245339.453   543.477   -22.49   21.62
 245716.059   534.581   -23.62   21.11
 246092.626   531.963    -6.95   17.95
 246469.155   530.029    -5.14   19.86
 246845.645   531.315     3.41   20.01
 247222.097   530.490    -2.19   23.64
 247598.510   534.899    11.71   22.33
 247974.884   538.753    10.24   26.50
 248351.220   545.242    17.24   28.54
 248727.517   552.893    20.33   24.30
 249103.775   558.490    14.87   18.62
 249479.995   554.056   -11.78   18.88
 249856.176   543.236   -28.75   19.24
 250232.319   536.436   -18.07   19.05
 250608.423   544.279    20.85   23.09
 250984.489   561.556    45.93   23.70
 251360.516   570.574    23.98   20.59
 251736.505   557.949   -33.57   33.94
 252112.455   535.876   -58.70   41.14
 252488.367   516.466   -51.62   30.99
 252864.240   514.621    -4.91   28.80
 253240.075   530.500    42.24   31.77
 253615.871   542.570    32.11   25.08
 253991.629   527.564   -39.92   41.84
 254367.349   494.332   -88.43   48.08
 254743.030   470.419   -63.63   33.61
 255118.673   460.184   -27.24   22.02
 255494.278   466.306    16.29   25.85
 255869.844   476.216    26.38   24.70
 256245.372   484.140    21.09   28.57
 256620.861   493.665    25.36   28.23
 256996.312   496.199     6.75   27.36
 257371.725   496.076    -0.33   24.36
 257747.100   506.472    27.69   31.74
 258122.436   525.038    49.45   49.33
 258497.734   554.340    78.06   48.67
 258872.994   574.002    52.38   40.16
 259248.216   581.226    19.25   37.42
 259623.399   580.954    -0.72   39.14
 259998.545   604.145    61.80   48.33
 260373.652   634.806    81.72   41.21
 260748.721   653.719    50.41   24.14
 261123.751   646.718   -18.66   35.87
 261498.744   629.472   -45.98   37.91
 261873.698   622.525   -18.52   29.38
 262248.615   625.324     7.46   31.59
 262623.493   628.059     7.30   41.29
 262998.333   623.618   -11.84   52.38
 263373.135   605.174   -49.20   62.35
 263747.899   575.928   -78.02   64.05
 264122.625   544.191   -84.67   66.72
 264497.313   519.261   -66.52   55.48
 264871.963   510.507   -23.36   39.92
 265246.575   517.609    18.95   41.78
 265621.149   542.345    66.02   48.44
 265995.685   572.720    81.08   67.21
 266370.183   600.388    73.86   69.84
 266744.643   623.093    60.62   52.62
 267119.065   629.359    16.73   40.75
 267493.449   603.788   -68.28   56.57
 267867.795   549.840  -144.07   68.53
 268242.103   514.700   -93.86   53.65
 268616.374   499.341   -41.03   45.27
 268990.606   512.195    34.34   57.24
 269364.801   539.199    72.14   53.45
 269738.958   556.097    45.15   40.03
 270113.077   548.669   -19.85   38.32
 270487.158   526.663   -58.81   38.67
 270861.201   518.244   -22.50   31.00
 271235.207   525.121    18.38   40.39
 271609.174   549.133    64.19   47.63
 271983.104   578.288    77.95   35.82
 272356.997   596.497    48.69   24.99
 272730.851   602.202    15.25   33.45
 273104.668   599.422    -7.43   50.21
 273478.447   592.076   -19.65   59.37
 273852.188   568.556   -62.91   69.08
 274225.892   537.174   -83.95   55.00
 274599.558   514.647   -60.27   35.02
 274973.186   514.145    -1.34   29.78
 275346.776   519.615    14.64   27.62
 275720.329   515.770   -10.29   24.86
 276093.845   502.841   -34.60   27.86
 276467.322   489.695   -35.19   24.49
 276840.762   485.699   -10.70   23.07
 277214.165   482.091    -9.66   25.69
 277587.530   477.595   -12.04   30.95
 277960.857   454.525   -61.78   40.20
 278334.147   428.966   -68.45   38.51
 278707.399   406.581   -59.96   28.84
 279080.614   398.770   -20.92   17.78
 279453.791   409.161    27.84   25.41
 279826.931   426.884    47.48   26.33
 280200.033   445.630    50.23   24.78
 280573.098   459.461    37.06   18.23
 280946.125   470.595    29.84   23.94
 281319.115   481.627    29.57   29.30
 281692.068   491.647    26.86   28.84
 282064.983   501.419    26.20   27.86
 282437.860   511.770    27.75   30.25
 282810.700   529.995    48.87   37.25
 283183.503   555.216    67.63   39.95
 283556.269   581.520    70.54   43.57
 283928.997   606.677    67.47   44.39
 284301.688   640.770    91.45   50.95
 284674.341   673.658    88.23   44.32
 285046.957   689.419    42.29   47.47
 285419.536   680.665   -23.49   64.07
 285792.077   651.753   -77.59   77.79
 286164.582   612.998  -104.01   72.18
 286537.049   592.642   -54.64   52.39
 286909.478   596.736    10.99   48.83
 287281.871   620.109    62.74   60.39
 287654.226   652.770    87.69   57.43
 288026.544   688.606    96.22   56.25
 288398.825   732.288   117.30   84.71
 288771.068   797.484   175.09  109.80
 289143.275   854.437   152.97   92.97
 289515.444   895.297   109.76   56.26
 289887.576   907.484    32.74   54.19
 290259.671   906.995    -1.32   55.09
 290631.729   887.520   -52.33   64.50
 291003.750   840.449  -126.49   94.58
 291375.734   781.730  -157.81   97.03
 291747.680   725.156  -152.06   80.99
 292119.590   684.770  -108.56   70.95
 292491.462   677.261   -20.18   76.47
 292863.297   668.479   -23.61   79.16
 293235.096   686.612    48.76   85.68
 293606.857   704.577    48.31   85.19
 293978.581   701.949    -7.07   81.46
 294350.269   714.770    34.49   68.33
 294721.919   698.681   -43.28   70.14
 295093.532   693.174   -14.81   69.65
 295465.109   681.961   -30.17   65.67
 295836.648   673.454   -22.89   67.68
 296208.151   673.158    -0.80   67.30
 296579.616   667.960   -13.99   67.28
 296951.045   655.861   -32.57   71.74
 297322.437   643.226   -34.01   64.63
 297693.791   629.752   -36.27   55.14
 298065.110   612.270   -47.07   48.74
 298436.391   585.016   -73.38   51.52
 298807.635   549.551   -95.50   66.24
 299178.842   500.322  -132.58   71.55
 299550.013   473.640   -71.87   54.21
 299921.147   462.297   -30.55   54.15
 300292.244   454.269   -21.63   59.13
 300663.304   440.735   -36.46   52.56
 301034.328   432.520   -22.14   37.55
 301405.314   438.340    15.68   35.45
 301776.264   455.556    46.40   50.53
 302147.178   489.472    91.41   62.73
 302518.054   522.911    90.13   66.88
 302888.894   544.520    58.25   66.12
 303259.697   560.051    41.87   69.35
 303630.464   558.406    -4.44   67.19
 304001.193   542.681   -42.40   53.54
 304371.887   528.288   -38.81   41.81
 304742.543   514.025   -38.47   47.75
 305113.163   498.140   -42.85   50.40
 305483.746   485.908   -33.00   51.52
 305854.293   470.380   -41.89   43.74
 306224.803   472.502     5.72   40.28
 306601.917   496.877    64.62   62.01
 306979.846   537.270   106.85   79.51
 307357.736   580.824   115.22   71.73
 307735.589   607.529    70.65   45.83
 308113.403   601.770   -15.24   48.98
 308491.179   582.029   -52.24   48.89
 308868.917   563.647   -48.65   55.85
 309246.617   559.665   -10.54   60.06
 309624.279   564.806    13.61   62.94
 310001.902   568.998    11.10   65.47
 310379.488   602.879    89.70   64.94
 310757.036   603.618     1.96   67.96
 311134.545   599.825   -10.05   69.91
 311512.017   609.841    26.53   58.20
 311889.450   607.823    -5.35   57.35
 312266.846   611.270     9.13   55.43
 312644.203   585.349   -68.67   63.78
 313021.523   556.206   -77.21   60.62
 313398.804   544.735   -30.39   58.85
 313776.048   543.373    -3.61   54.79
 314153.253   533.542   -26.05   52.56
 314530.421   484.234  -130.69   93.61
 314907.551   422.642  -163.27   93.90
 315284.643   373.998  -128.96   58.96
 315661.697   353.520   -54.29   26.72
 316038.713   370.033    43.79   39.11
 316415.691   393.618    62.54   44.83
 316792.632   428.595    92.76   58.75
 317169.535   462.490    89.90   57.65
 317546.399   487.753    67.01   58.49
 317923.226   521.577    89.73   60.63
 318300.016   547.047    67.58   59.94
 318676.767   570.139    61.27   48.80
 319053.481   581.461    30.05   42.18
 319430.157   547.581   -89.92   65.03
 319806.795   521.766   -68.52   67.97
