-296428.620  1070.430     0.00   46.08
-296057.639  1097.285    72.37   42.88
-295686.624  1123.871    71.64   35.31
-295315.574  1130.635    18.22   40.90
-294944.488  1129.408    -3.31   47.91
-294573.367  1150.515    56.86   61.23
-294202.212  1184.465    91.45   76.62
-293831.021  1239.853   149.17   73.67
-293459.795  1288.593   131.25   44.69
-293088.533  1313.815    67.92   28.48
-292717.237  1334.635    56.06   31.34
-292345.905  1354.126    52.47   37.84
-291974.538  1379.283    67.72   52.69
-291603.136  1386.780    20.18   71.55
-291231.699  1377.708   -24.42  105.78
-290860.226  1347.831   -80.40  128.29
-290488.719  1297.140  -136.41  137.89
-290117.176  1241.754  -149.03  152.10
-289745.597  1150.068  -246.67  145.04
-289373.984  1068.704  -218.88  109.69
-289002.335  1014.711  -145.24   78.51
-288630.650   995.980   -50.38   64.98
-288258.931  1002.544    17.65   62.58
-287887.176  1054.818   140.57   82.23
-287515.386  1118.511   171.26   98.51
-287143.560  1174.300   150.00   92.74
-286771.699  1220.741   124.85   55.07
-286399.803  1210.068   -28.69   66.74
-286027.871  1179.581   -81.95   71.85
-285655.904  1128.140  -138.25   72.21
-285283.901  1079.853  -129.76   79.09
-284911.863  1039.711  -107.87   79.15
-284539.790   970.817  -185.11   91.04
-284167.681   935.074   -96.03   87.38
-283795.537   912.568   -60.46   75.93
-283423.357   933.019    54.93   82.96
-283051.141   997.836   174.09   83.64
-282678.891  1039.484   111.85   68.83
-282306.604  1055.188    42.17   52.70
-281934.282  1042.144   -35.03   64.32
-281561.925  1005.198   -99.19   72.60
-281189.532   955.871  -132.42   56.23
-280817.104   913.604  -113.46   51.87
-280444.639   854.648  -158.24   75.16
-280072.140   827.033   -74.12   68.18
-279699.605   828.515     3.98   73.11
-279327.034   849.191    55.48   80.67
-278954.427   907.175   155.58   66.79
-278581.785   953.484   124.24   49.31
-278209.107   979.533    69.87   42.86
-277836.394   987.035    20.12   41.33
-277463.645   948.719  -102.76   86.48
-277090.860   880.265  -183.58  105.44
-276718.040   830.617  -133.13   79.23
-276345.183   815.229   -41.26   59.63
-275972.292   842.019    71.82   60.92
-275599.364   891.086   131.54   37.68
-275226.401   903.196    32.46   37.52
-274853.402   892.050   -29.87   56.46
-274480.367   888.278   -10.11   71.04
-274107.296   889.372     2.93   74.42
-273734.190   931.671   113.34   72.12
-273361.047   958.074    70.74   73.84
-272987.869   988.372    81.17   87.63
-272614.656  1032.398   117.93  100.83
-272241.406  1073.586   110.32  105.53
-271868.120  1125.831   139.92   98.66
-271494.799  1146.785    56.11   80.78
-271121.442  1127.741   -50.99   86.71
-270748.049  1096.434   -83.82   91.98
-270374.620  1048.162  -129.23   83.79
-270001.155  1019.461   -76.83   81.48
-269627.654   971.833  -127.48   87.70
-269254.117   924.617  -126.37   87.29
-268880.544   865.550  -158.07   87.95
-268506.935   815.889  -132.89   82.12
-268133.291   775.729  -107.45   64.67
-267759.610   755.561   -53.96   52.42
-267385.893   725.836   -79.52   39.62
-267012.141   715.108   -28.70   37.14
-266638.352   729.617    38.81   53.17
-266264.527   766.258    97.99   82.80
-265890.667   811.533   121.07   79.39
-265516.770   851.997   108.19   63.80
-265142.837   882.304    81.03   65.64
-264768.868   914.050    84.87   68.18
-264394.863   945.100    83.00   64.10
-264020.822   992.747   127.35   60.94
-263646.745  1026.247    89.53   41.17
-263272.631  1026.434     0.50   51.73
-262898.482  1006.995   -51.94   79.29
-262524.296   962.035  -120.12   90.92
-262150.074   933.050   -77.43   84.59
-261775.816   935.446     6.40   80.65
-261401.522   958.175    60.71   77.04
-261027.192   973.296    40.38   80.87
-260652.825   990.765    46.65   78.20
-260278.423   999.372    22.98   80.59
-259903.984  1028.908    78.86   79.93
-259529.508  1069.435   108.20   66.64
-259154.997  1087.126    47.22   51.54
-258780.449  1086.627    -1.33   38.50
-258405.865  1070.081   -44.16   43.77
-258031.244  1040.609   -78.65   50.06
-257656.588  1012.945   -73.82   50.16
-257281.895   985.283   -73.81   40.47
-256907.165   971.050   -37.97   36.18
-256532.399   962.708   -22.26   41.28
-256157.597   981.122    49.12   54.75
-255782.759  1003.630    60.03   57.01
-255407.884  1016.354    33.93   64.30
-255032.973  1041.058    65.88   62.93
-254658.025  1055.153    37.58   61.98
-254283.041  1064.289    24.36   60.48
-253908.021  1071.241    18.53   57.63
-253532.964  1081.708    27.90   57.34
-253157.870  1114.889    88.44   66.20
-252782.740  1172.762   154.24   81.86
-252407.574  1223.153   134.28   62.12
-252032.371  1220.425    -7.27   68.66
-251657.132  1187.222   -88.46   88.89
-251281.856  1129.658  -153.35   97.74
-250906.544  1062.979  -177.62   81.57
-250531.195  1016.544  -123.68   71.02
-250155.809   970.283  -123.21   57.01
-249780.387   943.074   -72.46   43.03
-249404.928   917.311   -68.60   45.46
-249029.433   885.871   -83.71   34.50
-248653.901   860.732   -66.92   26.95
-248278.333   843.833   -44.98   20.98
-247902.728   841.294    -6.76   23.01
-247527.086   864.086    60.66   51.60
-247151.407   916.711   140.04   83.61
-246775.692   973.381   150.79   87.03
-246399.941   997.625    64.50   78.57
-246024.152  1021.550    63.65   78.63
-245648.327  1029.794    21.93   74.99
-245272.465  1067.015    99.00   94.45
-244896.567  1127.604   161.15  103.05
-244520.631  1165.122    99.77   86.79
-244144.659  1185.836    55.08   82.90
-243768.650  1187.296     3.88   91.93
-243392.604  1140.750  -123.75   90.93
-243016.522  1112.019   -76.38   87.36
-242640.403  1098.206   -36.72   84.02
-242264.247  1071.296   -71.52   69.77
-241888.054  1074.574     8.71   60.37
-241511.824  1072.204    -6.30   43.76
-241135.557  1063.453   -23.25   46.80
-240759.254  1037.767   -68.24   53.65
-240382.914  1011.042   -71.00   52.87
-240006.536   986.979   -63.92   56.17
-239630.122   957.296   -78.84   57.38
-239253.671   917.171  -106.56   61.37
-238877.183   877.188  -106.17   66.54
-238500.658   851.140   -69.16   67.38
-238124.096   829.461   -57.56   54.84
-237747.497   824.738   -12.54   56.63
-237370.861   851.252    70.38   73.33
-236994.188   885.247    90.23   54.98
-236617.479   882.943    -6.11   51.29
-236240.732   865.744   -45.64   65.63
-235863.948   841.033   -65.57   68.96
-235487.127   811.300   -78.88   55.59
-235110.269   797.453   -36.74   56.45
-234733.374   775.783   -57.48   56.20
-234356.441   761.643   -37.50   55.82
-233979.472   754.675   -18.48   51.16
-233602.466   746.580   -21.47   51.11
-233225.422   730.817   -41.80   55.33
-232848.341   700.497   -80.39   55.62
-232471.224   685.352   -40.15   47.83
-232094.069   706.908    57.14   75.80
-231716.876   739.638    86.75   98.18
-231339.647   784.522   118.95   92.14
-230962.381   824.108   104.90   74.91
-230585.077   821.853    -5.97   54.15
-230207.736   803.408   -48.87   58.74
-229830.358   767.762   -94.43   69.71
-229452.942   731.995   -94.75   47.89
-229075.489   704.196   -73.63   36.52
-228697.999   700.158   -10.70   41.92
-228320.472   689.800   -27.43   44.12
-227942.908   662.574   -72.09   43.90
-227565.306   634.732   -73.72   57.00
-227187.666   617.889   -44.59   52.79
-226809.990   609.425   -22.40   42.99
-226432.276   617.792    22.15   46.58
-226054.525   660.083   111.93   51.79
-225676.736   685.497    67.25   44.15
-225298.910   699.015    35.77   45.04
-224921.047   701.908     7.65   51.10
-224543.146   690.611   -29.89   62.26
-224169.809   655.166   -94.92   75.27
-223799.182   618.278   -99.51   69.50
-223428.519   595.820   -60.58   56.27
-223057.821   578.964   -45.46   51.47
-222687.086   595.533    44.68   68.16
-222316.315   607.425    32.07   72.23
-221945.509   614.188    18.23   71.60
-221574.666   629.193    40.45   62.57
-221203.788   626.104    -8.33   51.88
-220832.873   617.872   -22.19   45.47
-220461.923   612.037   -15.73   43.49
-220090.936   590.258   -58.69   42.99
-219719.914   562.519   -74.75   47.07
-219348.855   528.128   -92.66   46.17
-218977.761   498.273   -80.43   30.79
-218606.630   479.229   -51.30   19.46
-218235.463   468.837   -27.99    5.75
-217864.260   466.711    -5.73    4.78
-217493.022   465.247    -3.94    4.35
-217121.747   475.580    27.83   29.52
-216750.435   515.229   106.76   73.37
-216379.088   546.289    83.62   76.77
-216007.705   551.364    13.66   72.43
-215636.285   540.380   -29.56   67.18
-215264.830   534.522   -15.77   57.07
-214893.338   549.004    38.98   62.35
-214521.810   583.783    93.59   55.97
-214150.245   600.167    44.09   48.43
-213778.645   598.390    -4.78   50.70
-213407.008   600.835     6.58   49.65
-213035.335   607.889    18.98   51.27
-212663.626   616.550    23.30   54.25
-212291.881   620.726    11.23   60.33
-211920.099   631.258    28.32   62.94
-211548.281   641.997    28.87   67.36
-211176.427   651.364    25.18   62.75
-210804.536   659.696    22.40   55.36
-210432.609   661.122     3.83   49.16
-210060.646   674.667    36.41   50.62
-209688.646   708.675    91.40   65.32
-209316.610   762.562   144.81   81.60
-208944.538   815.053   141.05   73.51
-208572.429   849.604    92.83   50.40
-208200.284   873.675    64.67   50.45
-207828.102   906.364    87.81   72.33
-207455.884   951.389   120.94   84.94
-207083.629  1030.978   213.76  107.17
-206711.339  1112.360   218.55   98.92
-206339.011  1170.522   156.18   68.80
-205966.647  1184.889    38.58   51.76
-205594.247  1150.943   -91.13   70.56
-205221.810  1091.435  -159.75   69.09
-204849.337  1043.253  -129.33   56.95
-204476.827  1000.908  -113.65   54.44
-204104.281   968.592   -86.73   46.66
-203731.698   945.961   -60.73   42.19
-203359.078   942.138   -10.26   46.23
-202986.422   961.469    51.86   56.14
-202613.729   999.704   102.57   56.89
-202241.000  1023.701    64.37   47.39
-201868.234  1036.089    33.23   34.87
-201495.432  1042.765    17.90   33.06
-201122.592  1042.890     0.34   38.70
-200749.717  1043.835     2.53   44.73
-200376.804  1040.479    -9.00   52.42
-200003.855  1032.580   -21.17   53.38
-199630.869  1021.890   -28.66   52.71
-199257.847   999.061   -61.19   54.15
-198884.788   966.649   -86.87   58.70
-198511.692   924.471  -113.03   62.42
-198138.559   888.101   -97.45   63.52
-197765.389   857.308   -82.50   59.89
-197392.183   835.247   -59.10   52.65
-197018.940   805.908   -78.59   56.47
-196645.661   778.852   -72.47   64.85
-196272.344   750.961   -74.70   57.38
-195898.991   741.093   -26.43   54.11
-195525.600   750.747    25.85   66.59
-195152.173   755.285    12.15   69.91
-194778.710   744.732   -28.25   65.22
-194405.209   744.653    -0.21   54.25
-194031.671   752.998    22.34   50.88
-193658.097   739.675   -35.66   63.48
-193284.485   739.889     0.57   77.76
-192910.837   705.522   -91.96   78.09
-192537.152   673.831   -84.79   54.32
-192163.430   676.747     7.80   67.23
-191789.670   685.217    22.66   83.12
-191415.874   712.979    74.26   96.17
-191042.041   755.908   114.81  107.22
-190668.171   801.211   121.15   99.93
-190294.264   830.550    78.45   76.77
-189920.320   837.962    19.82   68.43
-189546.339   837.486    -1.27   76.56
-189172.321   838.445     2.56   81.74
-188798.266   892.077   143.35   97.78
-188424.173   948.061   149.63   93.24
-188050.044   970.300    59.43   72.75
-187675.878   952.943   -46.38   80.95
-187301.674   897.188  -148.97  108.79
-186927.433   802.013  -254.27  102.99
-186553.156   739.604  -166.71   66.83
-186178.841   722.104   -46.74   58.60
-185804.489   729.455    19.63   73.28
-185430.100   734.528    13.55   71.66
-185055.673   720.185   -38.30   68.64
-184681.209   707.065   -35.03   54.42
-184306.709   711.515    11.88   54.88
-183932.171   727.013    41.37   55.49
-183557.595   734.504    20.00   50.18
-183182.983   732.853    -4.41   51.60
-182808.333   725.995   -18.30   48.20
-182433.646   709.796   -43.22   55.70
-182058.922   712.662     7.65   59.15
-181684.160   705.530   -19.03   55.67
-181309.361   721.364    42.24   61.19
-180934.525   767.380   122.74   92.62
-180559.652   839.995   193.67  112.86
-180184.741   923.381   222.37   94.89
-179809.792   973.562   133.81   65.45
-179434.807   991.171    46.95   46.25
-179059.784   988.042    -8.34   47.32
-178684.723   985.443    -6.93   44.65
-178309.625   976.471   -23.91   56.77
-177934.490   969.479   -18.64   74.58
-177559.317   956.336   -35.03   79.94
-177184.107   961.783    14.51   72.35
-176808.860   974.586    34.11   70.64
-176433.575   996.775    59.12   58.76
-176058.252  1019.013    59.24   53.28
-175682.892  1036.508    46.60   51.65
-175307.494  1041.132    12.32   44.83
-174932.059  1022.544   -49.50   59.04
-174556.587   987.802   -92.51   72.62
-174181.076   937.729  -133.32   63.12
-173805.529   906.289   -83.70   48.19
-173429.943   872.028   -91.20   45.13
-173054.320   855.004   -45.32   38.83
-172678.660   867.469    33.18   43.51
-172302.962   891.228    63.23   54.08
-171927.226   919.451    75.10   56.24
-171551.452   954.336    92.82   51.86
-171175.641   982.122    73.92   50.35
-170799.793  1017.171    93.24   62.14
-170423.906  1067.015   132.58   75.98
-170047.982  1132.995   175.49   98.12
-169672.020  1202.247   184.17   93.05
-169296.021  1239.994   100.37   78.74
-168919.983  1250.658    28.35   79.32
-168543.908  1227.640   -61.20   91.00
-168167.795  1185.662  -111.59   99.13
-167791.645  1146.053  -105.28   91.60
-167415.456  1111.658   -91.42   90.25
-167039.230  1092.581   -50.70   95.09
-166662.966  1086.609   -15.87   92.20
-166286.664  1088.689     5.53   94.95
-165910.325  1101.979    35.31   88.58
-165533.947  1079.408   -59.96   82.88
-165157.532  1057.925   -57.06   73.37
-164781.079  1005.063  -140.40   76.16
-164404.587   949.962  -146.33   76.76
-164028.058   889.283  -161.13   75.71
-163651.491   869.611   -52.23   70.42
-163274.887   896.140    70.43   97.35
-162898.244   952.354   149.23   95.30
-162521.563   988.035    94.71   59.28
-162144.844   998.890    28.81   54.33
-161768.087   987.389   -30.52   59.42
-161391.293   972.354   -39.90   59.50
-161014.460   963.130   -24.47   50.31
-160637.589   949.097   -37.23   40.81
-160260.680   932.689   -43.53   29.90
-159883.733   918.644   -37.25   39.21
-159506.748   897.872   -55.09   56.67
-159129.725   874.508   -61.96   65.86
-158752.664   857.522   -45.04   62.51
-158375.565   845.369   -32.22   54.06
-157998.427   839.479   -15.62   44.65
-157621.252   823.308   -42.87   45.88
-157244.038   792.943   -80.49   54.56
-156866.787   755.979   -97.97   65.40
-156489.497   721.662   -90.94   67.84
-156112.168   685.304   -96.34   72.51
-155734.802   647.148  -101.09   65.52
-155357.398   626.188   -55.53   61.15
-154979.955   606.961   -50.93   53.32
-154602.474   599.627   -19.43   52.64
-154224.955   606.750    18.86   61.40
-153847.397   629.435    60.07   70.84
-153469.801   657.732    74.93   61.57
-153092.167   674.388    44.10   47.79
-152714.495   666.033   -22.12   51.60
-152336.784   630.093   -95.14   70.90
-151959.035   586.820  -114.54   76.24
-151581.248   542.750  -116.64   49.12
-151203.422   530.960   -31.20   33.45
-150825.558   544.183    34.99   40.06
-150447.655   576.704    86.04   42.78
-150069.714   608.469    84.04   43.91
-149691.735   634.550    68.99   41.46
-149317.697   646.030    30.69   44.93
-148947.181   649.048     8.14   56.83
-148576.628   648.083    -2.60   72.50
-148206.038   649.048     2.60   76.91
-147835.412   650.586     4.15   71.49
-147464.748   643.729   -18.50   65.72
-147094.048   616.606   -73.16   70.85
-146723.311   573.644  -115.86   76.41
-146352.537   538.872   -93.77   65.94
-145981.726   532.687   -16.68   67.26
-145610.878   546.153    36.31   77.73
-145239.993   574.479    76.36   75.00
-144869.072   592.364    48.21   62.15
-144498.113   570.592   -58.68   59.47
-144127.118   528.122  -114.46   48.72
-143756.085   501.679   -71.26   41.35
-143385.015   483.101   -50.06   45.38
-143013.909   472.961   -27.32   50.56
-142642.765   460.382   -33.89   59.27
-142271.585   449.089   -30.42   59.82
-141900.367   436.026   -35.19   54.91
-141529.112   425.504   -28.34   43.47
-141157.821   431.961    17.39   40.33
-140786.492   462.998    83.57   58.51
-140415.126   516.697   144.58   75.06
-140043.723   589.497   195.99   87.43
-139672.283   663.994   200.53   90.14
-139300.805   728.943   174.81   69.61
-138929.291   753.104    65.03   48.54
-138557.739   734.382   -50.38   68.41
-138186.151   686.104  -129.91   95.48
-137814.525   618.961  -180.65   79.95
-137442.862   597.796   -56.94   64.64
-137071.161   642.557   120.40  101.32
-136699.424   701.643   158.93   88.41
-136327.649   717.145    41.69   84.23
-135955.837   686.783   -81.65  110.11
-135583.988   627.252  -160.07  106.43
-135212.101   594.300   -88.60   88.03
-134840.177   574.247   -53.91   77.52
-134468.216   553.735   -55.14   65.36
-134096.218   539.144   -39.22   54.74
-133724.182   521.469   -47.50   41.10
-133352.109   508.871   -33.86   37.69
-132979.999   502.890   -16.07   31.24
-132607.851   510.640    20.82   36.44
-132235.666   523.806    35.37   45.01
-131863.443   551.671    74.85   47.13
-131491.183   577.171    68.49   43.18
-131118.886   603.715    71.29   45.86
-130746.551   622.479    50.39   47.01
-130374.179   645.872    62.81   47.25
-130001.769   660.685    39.77   43.74
-129629.322   662.425     4.67   45.50
-129256.838   652.484   -26.68   51.53
-128884.316   621.644   -82.78   53.22
-128511.756   591.818   -80.05   41.77
-128139.159   577.321   -38.90   41.53
-127766.524   564.783   -33.64   46.24
-127393.852   558.697   -16.33   47.56
-127021.143   555.580    -8.36   52.23
-126648.395   555.998     1.12   59.88
-126275.610   559.346     8.98   64.85
-125902.788   570.471    29.84   70.22
-125529.928   579.854    25.16   63.77
-125157.030   587.696    21.03   55.68
-124784.095   586.450    -3.34   52.85
-124411.122   598.086    31.19   53.39
-124038.111   598.609     1.40   52.15
-123665.063   601.697     8.28   45.04
-123291.977   599.715    -5.31   41.39
-122918.853   575.821   -64.03   53.76
-122545.692   539.685   -96.83   60.39
-122172.493   497.372  -113.37   52.81
-121799.256   457.667  -106.37   37.07
-121425.982   429.030   -76.71   31.67
-121052.669   407.732   -57.05   19.14
-120679.319   400.080   -20.49   12.00
-120305.931   402.800     7.28   15.23
-119932.505   408.065    14.10   15.67
-119559.042   414.451    17.10   12.59
-119185.541   419.362    13.15   10.27
-118812.001   419.872     1.37   10.78
-118438.424   419.998     0.34   12.60
-118064.809   419.318    -1.82   12.25
-117691.157   418.427    -2.39   10.70
-117317.466   418.636     0.56    9.13
-116943.737   421.461     7.56    8.54
-116569.971   423.149     4.52    7.70
-116196.166   423.820     1.79    7.03
-115822.324   423.265    -1.48    7.35
-115448.443   426.687     9.15   11.22
-115074.525   434.681    21.38   12.11
-114700.569   438.451    10.08   11.00
-114326.574   439.389     2.51   12.20
-113952.542   435.028   -11.66   11.25
-113578.472   427.344   -20.54    8.33
-113204.363   421.839   -14.71    7.45
-112830.217   417.697   -11.07    6.96
-112456.032   414.283    -9.12    6.71
-112081.810   411.484    -7.48    6.41
-111707.549   408.229    -8.70    6.75
-111333.250   403.122   -13.64    6.46
-110958.913   399.926    -8.54    5.75
-110584.538   398.925    -2.67    4.84
-110210.125   398.854    -0.19    4.98
-109835.674   401.011     5.76    4.78
-109461.184   401.978     2.58    3.65
-109086.656   401.080    -2.40    4.12
-108712.091   398.735    -6.26    5.01
-108337.486   395.086    -9.74    6.15
-107962.844   392.331    -7.35    6.11
-107588.163   391.215    -2.98    5.46
-107213.445   391.211    -0.01    4.95
-106838.687   391.539     0.88    4.62
-106463.892   393.171     4.35    3.88
-106089.058   393.750     1.54    3.90
-105714.186   394.276     1.40    3.90
-105339.276   395.995     4.59    4.21
-104964.327   397.925     5.15    4.56
-104589.340   400.958     8.09    5.23
-104214.315   404.222     8.70    4.39
-103839.251   407.627     9.08    4.29
-103464.149   410.188     6.83    4.60
-103089.009   412.329     5.70    6.33
-102713.830   415.995     9.77    8.92
-102338.612   420.188    11.17   12.21
-101963.356   425.140    13.19   13.74
-101588.062   434.581    25.15   20.76
-101212.729   456.297    57.85   38.32
-100837.358   478.015    57.85   40.18
-100461.949   495.653    46.98   36.35
-100086.500   513.364    47.17   31.98
 -99711.014   518.943    14.86   26.71
 -99335.488   520.545     4.27   21.34
 -98959.924   516.945    -9.59   18.39
 -98584.322   511.193   -15.31   23.20
 -98208.681   503.204   -21.27   27.20
 -97833.002   499.978    -8.59   22.96
 -97457.283   504.837    12.93   20.42
 -97081.527   516.218    30.28   20.06
 -96705.731   531.033    39.42   24.70
 -96329.897   548.550    46.61   24.79
 -95954.024   558.009    25.16   17.32
 -95578.113   559.235     3.26   15.04
 -95202.163   549.747   -25.23   19.37
 -94826.174   539.259   -27.89   16.36
 -94450.147   536.890    -6.30   17.69
 -94074.081   540.767    10.31   17.67
 -93697.976   547.787    18.66   15.54
 -93321.832   552.434    12.35   13.87
 -92945.649   553.640     3.21   13.53
 -92569.428   559.026    14.32   15.64
 -92193.168   571.550    33.28   21.05
 -91816.869   592.994    56.98   27.99
 -91440.532   617.140    64.15   29.70
 -91064.155   634.675    46.59   24.62
 -90687.740   641.329    17.67   20.08
 -90311.286   633.252   -21.45   28.16
 -89934.792   613.533   -52.37   37.16
 -89558.260   595.944   -46.71   32.72
 -89181.690   593.247    -7.16   26.67
 -88805.080   595.800     6.78   27.60
 -88428.431   611.508    41.70   33.72
 -88051.743   637.960    70.22   34.26
 -87675.017   667.504    78.42   41.75
 -87298.251   698.128    81.27   40.46
 -86921.446   714.408    43.20   31.61
 -86544.603   693.171   -56.35   65.63
 -86167.720   635.741  -152.37   93.29
 -85790.799   564.153  -189.91   97.20
 -85413.838   494.089  -185.85   71.65
 -85036.838   472.494   -57.28   54.89
 -84659.799   493.679    56.18   81.14
 -84282.721   543.265   131.49   87.69
 -83905.604   595.608   138.79   67.76
 -83528.448   631.259    94.52   46.65
 -83151.253   656.821    67.76   44.75
 -82774.019   681.469    65.33   38.50
 -82396.745   695.048    35.99   30.60
 -82019.432   698.802     9.95   27.28
 -81642.081   699.925     2.98   30.88
 -81264.689   701.729     4.78   30.04
 -80887.259   701.408    -0.85   24.36
 -80509.790   683.636   -47.08   36.27
 -80132.281   647.711   -95.16   48.17
 -79754.733   610.356   -98.93   53.31
 -79377.146   563.442  -124.24   76.26
 -78999.519   522.818  -107.57   87.40
 -78621.853   498.738   -63.76   84.26
 -78244.148   483.492   -40.36   83.22
 -77866.404   492.592    24.09   91.13
 -77488.620   508.453    41.98   87.75
 -77110.797   508.011    -1.17   64.69
 -76732.934   503.294   -12.48   54.89
 -76355.032   494.241   -23.95   57.96
 -75977.091   485.679   -22.65   56.58
 -75599.111   477.962   -20.42   58.88
 -75221.090   464.958   -34.40   56.25
 -74843.031   447.033   -47.41   57.69
 -74468.191   432.592   -38.52   56.30
 -74097.791   411.276   -57.54   50.25
 -73727.353   403.855   -20.03   49.54
 -73356.877   417.978    38.12   48.87
 -72986.364   434.258    43.94   41.49
 -72615.812   445.908    31.43   32.56
 -72245.223   445.890    -0.05   25.74
 -71874.597   436.608   -25.04   23.25
 -71503.932   421.762   -40.05   26.68
 -71133.229   404.140   -47.53   26.92
 -70762.489   385.611   -49.97   30.23
 -70391.711   357.960   -74.57   46.02
 -70020.895   324.961   -88.98   57.26
 -69650.041   296.973   -75.46   56.85
 -69279.149   276.820   -54.33   43.28
 -68908.219   260.735   -43.36   36.85
 -68537.252   260.416    -0.86   39.05
 -68166.246   287.048    71.78   51.08
 -67795.202   326.580   106.54   74.52
 -67424.121   367.890   111.31   63.20
 -67053.001   384.890    45.80   49.03
 -66681.844   370.889   -37.72   59.61
 -66310.648   334.094   -99.12   61.54
 -65939.415   294.050  -107.86   55.34
 -65568.143   262.348   -85.38   51.86
 -65196.833   237.289   -67.48   43.96
 -64825.486   225.318   -32.23   39.04
 -64454.100   213.839   -30.91   40.78
 -64082.676   211.294    -6.85   43.31
 -63711.214   209.294    -5.38   37.17
 -63339.714   205.839    -9.30   28.91
 -62968.175   201.597   -11.42   19.97
 -62596.599   195.364   -16.77   14.81
 -62224.985   184.365   -29.59   22.99
 -61853.332   171.119   -35.64   25.43
 -61481.641   158.416   -34.17   24.05
 -61109.912   146.035   -33.31   20.82
 -60738.145   136.785   -24.88   21.77
 -60366.339   126.461   -27.76   21.49
 -59994.495   120.494   -16.05   22.67
 -59622.613   119.258    -3.32   22.51
 -59250.693   116.068    -8.58   22.38
 -58878.735   113.957    -5.68   20.13
 -58506.738   112.122    -4.93   19.51
 -58134.703   103.662   -22.74   21.24
 -57762.629    91.833   -31.79   21.57
 -57390.517    80.193   -31.28   19.82
 -57018.367    68.979   -30.13   11.75
 -56646.179    64.128   -13.03    8.31
 -56273.952    60.568    -9.56    4.92
 -55901.687    58.872    -4.56    4.52
 -55529.383    57.715    -3.11    4.55
 -55157.041    56.568    -3.08    3.62
 -54784.661    54.943    -4.37    3.52
 -54412.242    52.960    -5.32    3.42
 -54039.785    51.943    -2.73    2.90
 -53667.289    51.426    -1.39    2.72
 -53294.754    51.291    -0.36    3.36
 -52922.182    51.390     0.27    4.90
 -52549.570    51.241    -0.40    5.44
 -52176.921    50.872    -0.99    5.24
 -51804.232    51.785     2.45    4.92
 -51431.505    53.434     4.42    3.90
 -51058.740    55.787     6.31    4.12
 -50685.936    60.329    12.18    7.62
 -50313.093    67.604    19.51   11.85
 -49940.212    69.213     4.31   15.47
 -49567.292    65.729    -9.34   18.58
 -49194.334    56.196   -25.56   14.26
 -48821.337    48.471   -20.71    3.62
 -48448.301    46.997    -3.95    2.41
 -48075.227    46.339    -1.76    2.30
 -47702.114    45.569    -2.06    1.41
 -47328.962    45.697     0.34    1.33
 -46955.771    46.132     1.16    1.17
 -46582.542    46.524     1.05    1.22
 -46209.274    46.627     0.27    1.10
 -45835.967    47.060     1.16    1.10
 -45462.622    47.500     1.18    1.24
 -45089.238    48.068     1.52    1.26
 -44715.815    48.494     1.14    1.12
 -44342.353    49.442     2.54    1.72
 -43968.852    50.235     2.12    2.16
 -43595.313    51.218     2.63    2.57
 -43221.734    51.597     1.02    2.45
 -42848.117    51.372    -0.60    2.37
 -42474.461    52.094     1.93    2.54
 -42100.766    53.148     2.82    2.79
 -41727.032    54.908     4.71    2.83
 -41353.259    56.562     4.43    2.47
 -40979.448    57.857     3.46    2.12
 -40605.597    58.247     1.04    1.80
 -40231.707    57.518    -1.95    2.03
 -39857.779    57.373    -0.39    2.27
 -39483.811    56.586    -2.10    2.62
 -39109.805    56.823     0.63    3.19
 -38735.759    57.037     0.57    3.39
 -38361.675    57.166     0.34    2.90
 -37987.551    56.726    -1.18    2.77
 -37613.388    55.721    -2.68    2.44
 -37239.186    54.086    -4.37    3.26
 -36864.946    53.247    -2.24    3.48
 -36490.666    53.166    -0.21    3.67
 -36116.347    53.158    -0.02    3.82
 -35741.988    53.608     1.20    3.33
 -35367.591    53.217    -1.04    3.14
 -34993.155    53.752     1.43    2.67
 -34618.679    54.593     2.24    2.44
 -34244.164    55.128     1.43    2.36
 -33869.610    55.443     0.84    1.71
 -33495.017    54.755    -1.84    2.38
 -33120.385    52.597    -5.76    3.56
 -32745.713    50.311    -6.10    3.82
 -32371.002    48.301    -5.36    2.72
 -31996.252    47.508    -2.12    1.96
 -31621.462    46.978    -1.41    2.03
 -31246.634    46.408    -1.52    2.29
 -30871.766    44.941    -3.91    1.93
 -30496.858    43.908    -2.76    1.40
 -30121.912    43.758    -0.40    1.26
 -29746.926    43.908     0.40    1.40
 -29371.900    43.550    -0.95    1.52
 -28996.835    42.991    -1.49    1.63
 -28621.731    42.417    -1.53    1.69
 -28246.588    41.701    -1.91    1.32
 -27871.405    41.580    -0.32    1.69
 -27496.182    41.467    -0.30    1.68
 -27120.920    41.550     0.22    2.00
 -26745.619    41.348    -0.54    2.09
 -26370.278    40.959    -1.04    1.81
 -25994.898    40.193    -2.04    1.68
 -25619.478    39.724    -1.25    1.35
 -25244.019    39.537    -0.50    1.52
 -24868.520    39.329    -0.56    1.60
 -24492.982    39.253    -0.20    1.57
 -24117.404    39.511     0.69    1.81
 -23741.786    38.995    -1.37    2.06
 -23366.129    38.484    -1.36    2.20
 -22990.433    37.580    -2.41    2.15
 -22614.696    37.013    -1.51    1.75
 -22238.920    37.091     0.21    2.07
 -21863.105    37.871     2.08    3.14
 -21487.249    38.679     2.15    3.23
 -21111.355    38.961     0.75    3.30
 -20735.420    38.994     0.09    3.06
 -20359.446    38.494    -1.33    2.72
 -19983.432    41.552     8.13   12.05
 -19607.378    49.908    22.22   22.67
 -19231.284    61.118    29.81   29.24
 -18855.151    80.755    52.21   38.35
 -18478.978   101.598    55.41   39.16
 -18102.765   106.693    13.54   31.65
 -17726.513   100.356   -16.84   35.46
 -17350.221    84.114   -43.16   35.73
 -16973.888    62.872   -56.44   20.75
 -16597.516    58.294   -12.17   23.70
 -16221.104    50.591   -20.46   21.88
 -15844.652    42.265   -22.12   19.03
 -15468.161    31.433   -28.77   14.99
 -15091.629    22.270   -24.34   10.34
 -14715.058    15.978   -16.71    5.65
 -14338.446    12.162   -10.13    4.03
 -13961.795     9.787    -6.31    2.94
 -13585.104     7.908    -4.99    1.65
 -13208.372     7.362    -1.45    1.36
 -12831.601     7.433     0.19    1.50
 -12454.790     6.550    -2.34    2.74
 -12077.938     4.724    -4.85    3.61
 -11701.047     2.755    -5.22    3.29
 -11324.116     1.494    -3.35    2.21
 -10947.144     1.416    -0.21    1.45
 -10570.133     2.442     2.72    2.17
 -10193.081     3.750     3.47    2.23
  -9815.990     4.889     3.02    1.49
  -9438.858     5.391     1.33    1.13
  -9061.686     4.675    -1.90    1.94
  -8684.474     4.687     0.03    2.08
  -8307.222     4.569    -0.31    1.98
  -7929.929     4.408    -0.43    2.30
  -7552.597     4.541     0.35    2.07
  -7175.224     4.426    -0.30    2.05
  -6797.811     4.675     0.66    1.72
  -6420.358     4.994     0.84    1.16
  -6042.864     4.992    -0.00    1.15
  -5665.330     5.011     0.05    1.04
  -5287.756     5.026     0.04    1.00
  -4910.142     4.824    -0.53    1.06
  -4532.487     4.586    -0.63    0.92
  -4154.792     4.382    -0.54    0.86
  -3777.057     4.217    -0.44    0.90
  -3399.281     4.153    -0.17    1.04
  -3021.465     4.321     0.45    1.20
  -2643.609     4.382     0.16    1.34
  -2265.712     4.399     0.04    1.30
  -1887.775     4.390    -0.02    1.31
  -1509.798     3.484    -2.40    2.18
  -1131.780     2.329    -3.06    2.46
   -753.721     1.752    -1.52    2.61
   -375.622     0.975    -2.06    2.34
      2.517     0.697    -0.74    1.93
    378.269     0.666    -0.08    1.64
    748.554     0.818     0.41    1.81
   1118.877     1.804     2.66    2.31
   1489.240     2.580     2.10    2.42
   1859.641     3.744     3.14    1.93
   2230.080     4.071     0.88    1.20
   2600.559     4.145     0.20    1.13
   2971.076     3.998    -0.40    1.17
   3341.632     3.960    -0.10    1.12
   3712.227     3.837    -0.33    1.13
   4082.860     3.653    -0.50    1.06
   4453.533     3.504    -0.40    1.12
   4824.244     3.354    -0.40    0.99
   5194.994     3.424     0.19    0.94
   5565.783     3.469     0.12    0.91
   5936.611     3.522     0.14    0.80
   6307.478     3.380    -0.38    0.86
   6678.384     3.179    -0.54    1.16
   7049.328     2.336    -2.27    1.65
   7420.312     2.088    -0.67    1.92
   7791.334     2.276     0.51    2.01
   8162.396     2.820     1.47    1.98
   8533.496     3.662     2.27    1.17
   8904.636     3.804     0.38    0.99
   9275.814     3.856     0.14    1.15
   9647.031     3.891     0.09    1.09
  10018.288     4.218     0.88    1.26
  10389.583     4.408     0.51    1.18
  10760.918     4.391    -0.04    1.24
  11132.292     4.586     0.53    1.28
  11503.704     4.666     0.22    1.22
  11875.156     4.796     0.35    1.28
  12246.647     5.128     0.89    1.25
  12618.177     5.399     0.73    1.14
  12989.746     5.563     0.44    1.00
  13361.355     5.738     0.47    0.85
  13733.002     5.856     0.32    0.98
  14104.689     5.924     0.18    1.00
  14476.415     5.958     0.09    0.95
  14848.180     5.995     0.10    0.97
  15219.985     6.045     0.14    1.07
  15591.828     6.331     0.77    1.37
  15963.711     6.283    -0.13    1.50
  16335.633     6.162    -0.32    1.68
  16707.595     6.144    -0.05    1.75
  17079.595     6.030    -0.31    1.49
  17451.635     6.276     0.66    1.20
  17823.715     6.408     0.35    1.37
  18195.834     6.614     0.56    1.28
  18567.992     6.557    -0.16    1.23
  18940.189     6.399    -0.42    1.13
  19312.426     6.469     0.19    1.18
  19684.702     6.687     0.59    1.34
  20057.018     7.019     0.89    1.51
  20429.373     7.451     1.16    2.04
  20801.767     7.471     0.05    2.64
  21174.201     8.121     1.74    3.25
  21546.674     8.048    -0.20    3.31
  21919.187     7.364    -1.84    3.20
  22291.740     6.735    -1.69    2.63
  22664.332     6.183    -1.48    1.44
  23036.963     6.486     0.81    1.91
  23409.634     6.679     0.52    2.09
  23782.344     7.416     1.98    3.11
  24155.094     7.544     0.34    3.27
  24527.884     7.153    -1.05    2.78
  24900.713     6.372    -2.10    2.00
  25273.582     6.065    -0.82    1.97
  25646.491     5.574    -1.32    1.84
  26019.439     5.252    -0.86    1.19
  26392.426     5.321     0.18    1.23
  26765.454     5.501     0.48    1.35
  27138.521     5.619     0.32    1.37
  27511.628     5.800     0.49    1.46
  27884.774     6.608     2.16    2.23
  28257.960     6.963     0.95    2.28
  28631.186     6.959    -0.01    2.20
  29004.452     6.944    -0.04    2.16
  29377.758     6.203    -1.99    1.83
  29751.103     4.890    -3.52    2.45
  30124.488     4.011    -2.35    2.72
  30497.913     4.348     0.90    3.78
  30871.377     6.083     4.65    4.98
  31244.882     9.614     9.46    5.81
  31618.426    13.708    10.96    5.49
  31992.010    16.304     6.95    4.80
  32365.634    18.408     5.63    3.98
  32739.298    21.153     7.35    4.82
  33113.002    21.030    -0.33    5.59
  33486.746    19.356    -4.48    7.70
  33860.530    16.364    -8.01    9.39
  34234.354    11.977   -11.74    9.83
  34608.217     6.329   -15.11    8.66
  34982.121     2.346   -10.65    6.33
  35356.065     0.365    -5.30    4.57
  35730.048     1.086     1.93    6.68
  36104.072     5.432    11.62   12.57
  36478.136    10.854    14.49   18.03
  36852.240    14.101     8.68   19.60
  37226.383    16.518     6.46   20.77
  37600.567    20.518    10.69   25.98
  37974.791    22.459     5.19   28.25
  38349.055    25.382     7.81   32.17
  38723.360    22.957    -6.48   31.26
  39097.704    14.459   -22.70   23.66
  39472.089     7.874   -17.59   16.52
  39846.513     3.204   -12.47    9.76
  40220.978     1.469    -4.63    6.32
  40595.483     1.494     0.07    6.20
  40970.029     0.531    -2.57    4.80
  41344.614    -0.299    -2.22    2.59
  41719.240    -0.420    -0.32    1.66
  42093.906     0.149     1.52    2.07
  42468.612     0.697     1.46    2.39
  42843.359     1.687     2.64    2.71
  43218.146     3.074     3.70    3.17
  43592.973     8.891    15.52    9.82
  43967.841    18.364    25.27   14.56
  44342.748    29.908    30.79   17.70
  44717.697    42.045    32.37   14.36
  45092.685    46.252    11.22   10.60
  45467.714    44.350    -5.07   11.55
  45842.784    39.528   -12.86   11.67
  46217.893    33.276   -16.67    7.52
  46593.044    30.222    -8.14    6.41
  46968.234    28.552    -4.45    6.50
  47343.466    25.390    -8.43    5.67
  47718.737    22.924    -6.57    4.85
  48094.049    20.128    -7.45    4.07
  48469.402    19.063    -2.84    4.24
  48844.795    19.287     0.60    4.88
  49220.229    20.604     3.51    6.24
  49595.703    22.925     6.18    6.09
  49971.218    25.961     8.09    6.99
  50346.773    32.022    16.14   11.71
  50722.369    35.872    10.25   13.47
  51098.006    35.201    -1.79   14.38
  51473.683    31.391   -10.14   15.33
  51849.401    25.586   -15.45   12.36
  52225.159    20.994   -12.22    5.73
  52600.958    20.235    -2.02    3.82
  52976.798    20.348     0.30    3.59
  53352.679    21.586     3.29    6.22
  53728.600    23.219     4.34    9.58
  54104.562    24.569     3.59    9.76
  54480.565    27.701     8.33   15.72
  54856.608    30.924     8.57   21.39
  55232.692    29.399    -4.06   16.68
  55608.817    27.640    -4.68   10.74
  55984.983    26.417    -3.25    1.69
  56361.190    27.724     3.48    1.70
  56737.437    29.045     3.51    1.96
  57113.725    30.494     3.85    1.98
  57490.055    32.331     4.88    2.51
  57866.425    33.994     4.42    2.80
  58242.836    35.718     4.58    2.54
  58619.287    37.453     4.61    1.91
  58995.780    38.450     2.65    1.87
  59372.314    39.344     2.37    1.89
  59748.889    40.432     2.89    1.90
  60125.504    42.597     5.75    2.66
  60502.161    44.995     6.37    3.37
  60878.858    47.591     6.89    3.50
  61255.597    49.636     5.43    2.80
  61632.377    51.364     4.58    2.23
  62009.197    52.889     4.05    2.57
  62386.059    54.874     5.27    3.57
  62762.962    57.287     6.40    3.99
  63139.906    59.137     4.91    3.73
  63516.891    60.958     4.83    3.40
  63893.917    62.183     3.25    3.06
  64270.984    63.580     3.70    2.97
  64648.092    65.015     3.80    2.66
  65025.242    66.701     4.47    2.79
  65402.432    68.364     4.41    3.10
  65779.664    70.531     5.74    3.66
  66156.937    73.270     7.26    3.66
  66534.252    75.287     5.35    3.21
  66911.607    77.795     6.65    2.69
  67289.004    80.149     6.24    3.06
  67666.442    83.890     9.91    7.60
  68043.922    91.852    21.09   17.74
  68421.442   101.591    25.80   26.83
  68799.004   108.539    18.40   30.10
  69176.607   111.498     7.84   27.81
  69554.252   110.591    -2.40   21.38
  69931.938   110.336    -0.67   15.56
  70309.665   119.481    24.21   20.83
  70687.434   135.108    41.37   33.46
  71065.244   170.201    92.89   58.65
  71443.096   209.569   104.20   64.86
  71820.989   239.022    77.95   61.15
  72198.923   264.580    67.63   53.26
  72576.899   279.925    40.60   58.13
  72954.917   292.268    32.66   61.54
  73332.976   283.247   -23.86   64.43
  73711.076   260.158   -61.07   55.31
  74089.218   230.835   -77.55   48.41
  74467.401   201.270   -78.18   48.41
  74845.626   182.132   -50.60   48.86
  75222.398   160.552   -57.28   31.94
  75592.558   147.958   -34.02   10.69
  75962.758   147.354    -1.63    7.22
  76332.998   151.744    11.86    8.17
  76703.277   157.747    16.21    8.63
  77073.596   165.662    21.38   10.83
  77443.955   174.604    24.15   12.14
  77814.354   176.367     4.76   10.85
  78184.792   176.675     0.83   11.19
  78555.271   174.591    -5.63   10.51
  78925.788   171.802    -7.53    4.62
  79296.346   174.787     8.05    5.02
  79666.944   180.247    14.73    9.08
  80037.581   192.258    32.41   20.44
  80408.259   210.201    48.41   30.94
  80778.976   230.364    54.39   37.16
  81149.733   251.924    58.16   33.69
  81520.530   263.408    30.97   30.40
  81891.366   278.294    40.14   32.70
  82262.243   303.086    66.85   35.63
  82633.160   342.039   105.03   49.33
  83004.117   361.604    52.75   48.66
  83375.113   364.208     7.02   65.52
  83746.150   356.435   -20.95   76.12
  84117.226   338.356   -48.72   56.31
  84488.343   358.721    54.88   63.13
  84859.500   399.004   108.54   77.37
  85230.696   457.735   158.23   73.64
  85601.933   497.653   107.54   72.84
  85973.210   532.908    94.96   82.87
  86344.527   567.425    92.97   95.17
  86715.884   606.522   105.29   98.88
  87087.281   661.604   148.32   92.82
  87458.718   727.247   176.74   92.16
  87830.195   788.015   163.60   91.97
  88201.713   822.552    92.97   95.19
  88573.270   846.425    64.26  103.24
  88944.868   827.785   -50.17  100.15
  89316.506   776.060  -139.19  100.07
  89688.184   724.375  -139.07  103.81
  90059.903   665.247  -159.08   89.30
  90431.662   648.701   -44.51   78.24
  90803.461   661.765    35.14   89.96
  91175.300   699.077   100.35  101.43
  91547.179   731.118    86.17   92.55
  91919.099   734.648     9.49   95.95
  92291.059   719.552   -40.59   97.80
  92663.060   679.372  -108.02  101.99
  93035.101   628.744  -136.09   95.54
  93407.182   594.218   -92.80   76.63
  93779.304   566.201   -75.30   75.40
  94151.466   516.755  -132.87   89.50
  94523.668   469.508  -126.95  101.08
  94895.911   401.399  -182.99   96.44
  95268.194   344.789  -152.08   76.17
  95640.518   305.352  -105.93   51.79
  96012.882   283.467   -58.78   18.62
  96385.286   292.670    24.72   36.79
  96757.731   316.130    62.99   55.15
  97130.217   344.241    75.48   62.92
  97502.743   370.614    70.80   57.49
  97875.310   397.317    71.68   58.07
  98247.917   429.196    85.56   68.01
  98620.565   445.356    43.37   75.79
  98993.253   447.991     7.07   79.25
  99365.982   437.213   -28.92   75.77
  99738.752   427.632   -25.70   67.85
 100111.562   428.992     3.65   70.34
 100484.413   442.842    37.15   76.44
 100857.304   454.425    31.07   73.58
 101230.236   481.358    72.23   79.11
 101603.209   519.708   102.83   85.56
 101976.223   576.358   151.89   90.25
 102349.277   628.586   140.02   82.36
 102722.372   659.760    83.56   85.85
 103095.508   691.162    84.17   88.17
 103468.684   727.718    97.97   81.22
 103841.902   755.541    74.56   62.66
 104215.160   766.504    29.37   57.33
 104588.459   755.704   -28.93   66.23
 104961.798   736.925   -50.31   70.95
 105335.179   738.301     3.69   80.13
 105708.600   743.840    14.83   78.79
 106082.062   763.063    51.48   79.98
 106455.566   803.196   107.46   94.55
 106829.110   810.992    20.87   91.14
 107202.694   787.321   -63.37  102.10
 107576.320   726.755  -162.12  119.89
 107949.987   642.973  -224.24  105.00
 108323.695   573.459  -186.03   83.67
 108697.443   531.992  -110.96   58.49
 109071.233   522.593   -25.15   51.94
 109445.064   543.586    56.16   75.90
 109818.936   572.772    78.07   93.83
 110192.848   589.289    44.18   98.57
 110566.802   584.314   -13.30  105.18
 110940.797   564.857   -52.03   92.42
 111314.833   544.350   -54.83   77.65
 111688.910   534.683   -25.84   65.42
 112063.028   529.995   -12.53   60.03
 112437.187   530.533     1.44   59.42
 112811.387   536.481    15.90   56.25
 113185.629   547.381    29.13   59.07
 113559.912   562.758    41.09   65.82
 113934.235   590.331    73.67   70.40
 114308.601   591.839     4.03   71.25
 114683.007   596.602    12.73   74.42
 115057.454   606.891    27.48   78.81
 115431.943   601.591   -14.15   65.84
 115806.473   600.718    -2.33   61.10
 116181.044   611.449    28.65   65.05
 116555.657   625.461    37.41   66.13
 116930.311   639.329    37.02   64.73
 117305.006   659.925    54.97   65.32
 117679.742   694.504    92.29   75.65
 118054.520   741.247   124.73   79.49
 118429.339   787.591   123.66   77.31
 118804.200   802.701    40.31   76.17
 119179.102   829.382    71.18   77.95
 119554.045   860.450    82.87   87.21
 119929.030   872.222    31.40   90.41
 120304.056   872.924     1.87   94.84
 120679.124   880.959    21.43   93.75
 121054.233   910.674    79.23  110.12
 121429.384   957.789   125.60  141.43
 121804.576  1058.804   269.27  159.48
 122179.810  1161.874   274.71  130.57
 122555.085  1198.515    97.65   97.24
 122930.401  1175.558   -61.17  102.50
 123305.760  1103.494  -192.01  113.31
 123681.160  1014.153  -238.02  106.12
 124056.601   984.162   -79.89   91.07
 124432.084   983.614    -1.46   93.85
 124807.609  1013.399    79.32  103.40
 125183.175  1087.399   197.06  103.33
 125558.783  1167.304   212.76  131.90
 125934.433  1235.162   180.66  132.18
 126310.124  1249.186    37.33  120.39
 126685.857  1225.252   -63.71  125.88
 127061.632  1150.808  -198.14  134.81
 127437.449  1076.321  -198.22  121.74
 127813.307  1017.060  -157.69  105.85
 128189.207   975.856  -109.63   98.51
 128565.149   942.501   -88.74  100.42
 128941.132   902.858  -105.45   99.25
 129317.158   849.459  -142.03  116.30
 129693.225   760.484  -236.62  127.67
 130069.334   696.108  -171.19   95.53
 130445.485   714.321    48.43  112.04
 130821.678   782.758   181.94  161.25
 131197.912   897.563   305.18  150.32
 131574.189   980.247   219.77   96.67
 131950.507   981.770     4.05   88.88
 132326.868   924.424  -152.39  109.72
 132703.270   866.732  -153.29   89.62
 133079.714   859.183   -20.06   96.12
 133456.201   866.701    19.97  113.00
 133832.729   884.456    47.16  103.20
 134209.299   876.011   -22.43   95.34
 134585.912   829.334  -123.96   95.88
 134962.566   774.003  -146.92   94.34
 135339.262   730.043  -116.71   82.22
 135716.001   693.721   -96.42   68.30
 136092.782   656.979   -97.53   63.46
 136469.604   632.350   -65.37   61.15
 136846.469   612.597   -52.42   62.17
 137223.376   589.258   -61.93   62.40
 137600.325   564.791   -64.92   62.00
 137977.316   544.891   -52.79   56.17
 138354.350   522.992   -58.09   51.97
 138731.426   500.253   -60.31   43.35
 139108.543   477.291   -60.90   32.10
 139485.704   461.770   -41.16   22.17
 139862.906   450.633   -29.53   16.93
 140240.151   437.043   -36.03   17.71
 140617.437   422.718   -37.97   19.52
 140994.767   403.908   -49.86   23.14
 141372.138   387.218   -44.23   25.60
 141749.552   365.791   -56.78   24.97
 142127.008   346.908   -50.03   16.99
 142504.507   341.285   -14.90   14.09
 142882.048   343.424     5.67   17.35
 143259.631   352.840    24.94   21.31
 143637.257   359.104    16.59   22.15
 144014.925   355.297   -10.08   31.90
 144392.635   339.028   -43.08   41.07
 144770.388   316.171   -60.52   37.16
 145148.184   299.744   -43.49   28.21
 145526.022   290.132   -25.44   20.90
 145903.902   286.977    -8.35   24.06
 146281.825   280.662   -16.71   24.63
 146659.791   277.891    -7.33   23.74
 147037.799   299.043    55.97   51.90
 147415.849   336.662    99.52   65.30
 147793.942   375.744   103.38   55.68
 148172.078   405.287    78.14   23.44
 148550.257   404.274    -2.68   19.67
 148928.478   383.153   -55.85   30.26
 149306.741   360.691   -59.39   31.93
 149685.048   344.166   -43.69   23.56
 150062.966   334.729   -24.98   25.87
 150433.006   329.219   -14.89   30.81
 150803.087   325.533    -9.96   31.07
 151173.208   315.449   -27.25   30.09
 151543.370   307.443   -21.63   24.13
 151913.573   302.823   -12.48   24.34
 152283.817   300.552    -6.14   27.27
 152654.101   301.336     2.12   28.27
 153024.426   296.241   -13.76   32.89
 153394.792   290.247   -16.19   36.02
 153765.199   281.153   -24.55   38.41
 154135.647   268.230   -34.89   37.05
 154506.135   252.080   -43.60   34.72
 154876.665   241.247   -29.24   26.73
 155247.235   240.649    -1.61   31.67
 155617.846   249.111    22.83   46.46
 155988.498   263.508    38.85   59.41
 156359.190   271.759    22.26   66.40
 156729.924   275.391     9.80   67.83
 157100.699   275.609     0.59   64.93
 157471.514   275.456    -0.41   61.27
 157842.371   273.958    -4.04   58.36
 158213.269   260.321   -36.77   54.15
 158584.207   239.658   -55.72   46.03
 158955.187   223.537   -43.46   29.82
 159326.207   216.772   -18.24   16.64
 159697.269   218.474     4.59   13.61
 160068.372   220.527     5.53   15.63
 160439.516   221.230     1.89   16.92
 160810.700   216.806   -11.92   17.52
 161181.926   205.114   -31.50   21.45
 161553.194   187.203   -48.25   26.52
 161924.502   170.961   -43.75   20.90
 162295.851   161.208   -26.27   14.45
 162667.242   154.443   -18.22    4.29
 163038.673   154.174    -0.72    2.79
 163410.146   154.494     0.86    2.97
 163781.660   154.504     0.03    2.88
 164153.216   154.060    -1.20    2.98
 164524.812   152.890    -3.15    3.20
 164896.450   151.961    -2.50    2.61
 165268.129   151.652    -0.83    2.44
