# NaN NaN NaN ;Mean Elev.(m), Avg Gradient(m/km), RMS Gradient(m/km) - SRTM1     
#    2.489  -3.967  15.563 ;Mean Elev.(m), Avg Gradient(m/km), RMS Gradient(m/km) - ASTER GDEM
#   12.036  -3.571  15.092 ;Mean Elev.(m), Avg Gradient(m/km), RMS Gradient(m/km) - GMTED2010 
  7 136.858175  50.091855    20.183    20.371 18 52466.06517296 18.324
  9 136.870449  50.102374    17.279    17.327 25 52536.06515125 24.199
 11 136.859851  50.102231    15.231    15.191 26 52606.06515323 34.558
 12 136.866135  50.101731    15.044    15.041 23 52641.06514457 20.761
 13 136.860831  50.103496    14.964    14.957 26 52676.06513450 20.651
 14 136.866184  50.102506    15.039    15.046 23 52711.06515950 21.085
 15 136.846740  50.092302    17.196    16.953 22 52746.06518965 37.096
 16 136.868407  50.100971    15.426    15.437 24 52781.06512505 42.531
 17 136.867854  50.103215    15.695    15.799 24 52816.06520571 19.597
 18 136.862989  50.091347    18.146    18.142 18 52851.06525954 16.845
 19 136.858951  50.102394    19.177    19.182 26 52886.06529228 23.107
 20 136.858075  50.102553    17.849    18.007 27 52921.06524797 20.263
 21 136.879900  50.114745    16.481    16.394 17 52956.06520964 47.531
 22 136.870144  50.101392    16.351    16.380 26 52991.06522885 18.871
 23 136.866855  50.101521    15.933    15.945 24 53026.06519505 14.071
 24 136.872480  50.102438    15.402    15.360 24 53061.06520480 13.526
 25 136.852297  50.105325    16.756    16.651 29 53096.06523416 10.105
 26 136.880765  50.117220    18.154    17.933 17 53131.06520358 25.792
 28 136.863632  50.103074    17.175    17.114 25 53201.06528172 24.191
 29 136.867108  50.103006    18.417    18.323 24 53236.06525117 24.252
 30 136.878643  50.113192    16.874    16.805 18 53271.06520895 32.870
 31 136.860816  50.103807    16.381    16.390 26 53306.06527480 43.562
 32 136.859180  50.102629    15.183    15.169 26 53341.06524289 36.469
 33 136.858941  50.102734    15.616    15.595 26 53376.06517267 27.934
 34 136.867277  50.102019    15.265    15.222 24 53411.06521760 14.074
 35 136.855789  50.104573    15.383    15.411 29 53446.06519955 16.338
 36 136.860204  50.102422    16.819    16.818 26 53481.06528434 30.277
 37 136.862971  50.103487    19.189    18.952 25 53516.06528805 17.542
 38 136.856368  50.104290    18.835    18.867 29 53551.06530824 40.053
 39 136.862069  50.101189    17.526    17.435 25 53586.06526612 19.310
 40 136.865538  50.102451    16.693    16.737 23 53621.06522660 35.735
 41 136.865623  50.102955    15.826    15.692 23 53656.06525511 18.429
 42 136.858731  50.102522    15.105    15.136 26 53691.06524495 34.254
 43 136.857188  50.102664    15.724    15.715 27 53726.06516881 18.748
 44 136.885420  50.122267    15.732    15.660 14 53761.06511341 11.079
 45 136.862126  50.102346    15.468    15.450 25 53796.06513288  9.352
 47 136.864182  50.101914    17.427    17.421 24 53866.06518994 21.677
 49 136.856216  50.109416    18.600    18.598 33 53936.06525718 46.317
 50 136.855398  50.103436    19.278    19.306 29 53971.06522548 20.235
 52 136.870407  50.101440    15.584    15.541 25 54041.06523402 28.572
 53 136.860775  50.102121    15.606    15.595 26 54076.06522862 21.361
 54 136.856337  50.109758    15.716    15.698 33 54111.06516908 18.209
 55 136.866520  50.102248    15.364    15.347 24 54146.06516876 16.901
 56 136.856330  50.105028    15.522    15.518 29 54181.06515668 17.764
 57 136.865184  50.101886    18.034    18.047 23 54216.06517695 24.789
 58 136.863757  50.102640    17.922    17.958 24 54251.06520333 41.203
 59 136.863023  50.102163    16.402    16.263 25 54286.06520979 15.991
 60 136.864477  50.103349    17.296    17.312 24 54321.06520654 16.256
 61 136.854651  50.095882    17.822    17.781 23 54356.06516910 15.175
 62 136.864840  50.103205    15.973    15.942 24 54391.06514729 29.951
 63 136.860545  50.101516    15.242    15.217 26 54426.06511809 36.837
 64 136.867241  50.100471    15.447    15.424 24 54461.06512445 26.595
 65 136.860959  50.101934    15.287    15.280 25 54496.06512463 24.089
 66 136.867703  50.102261    15.269    15.232 24 54531.06513714 26.892
 67 136.857503  50.104464    16.025    16.043 28 54566.06512985 27.036
 68 136.864390  50.102778    16.271    16.293 24 54601.06513232 37.738
 69 136.861799  50.102938    15.974    15.981 25 54636.06514451 17.366
 70 136.860797  50.103040    15.951    15.894 26 54671.06514833 14.882
 71 136.860303  50.102217    16.220    16.161 26 54706.06510964 17.498
 72 136.866007  50.102218    16.604    16.620 23 54741.06511240 41.020
 73 136.861219  50.101712    15.896    15.899 25 54776.06509125 51.810
 74 136.868166  50.101413    15.596    15.592 24 54811.06510590 22.447
 75 136.859677  50.102254    15.478    15.491 26 54846.06509058 18.421
 76 136.863501  50.100840    15.161    15.172 24 54881.06510958 12.950
 77 136.855583  50.104069    15.263    15.312 30 54916.06509377 11.793
 78 136.862044  50.098937    17.833    17.755 23 54951.06510279 20.455
 79 136.859140  50.095777    17.378    17.096 21 54986.06512829 16.197
 80 136.863463  50.102320    18.008    18.197 24 55021.06512009 18.633
 81 136.862121  50.102620    19.816    19.799 25 55056.06511693 21.342
 82 136.856500  50.101875    20.127    20.134 28 55091.06507541 31.995
 83 136.868968  50.111125    19.166    19.239 19 55126.06505430 16.524
 85 136.866980  50.101161    16.664    16.630 24 55196.06504662 35.723
 86 136.857599  50.104226    16.231    16.213 28 55231.06503954 12.198
 87 136.864550  50.101833    15.756    15.748 23 55266.06504169 10.108
 88 136.854398  50.093938    16.603    16.672 21 55301.06502267 12.937
 89 136.861555  50.102900    18.157    18.338 25 55336.06501700 21.740
 90 136.862939  50.102703    16.724    17.300 24 55371.06500747 23.490
 91 136.867231  50.102270    17.367    17.301 24 55406.06502615 20.671
 92 136.861900  50.102683    19.752    19.854 25 55441.06502619 20.500
 93 136.857506  50.102506    16.921    16.890 27 55476.06496974 21.194
