# NaN NaN NaN ;Mean Elev.(m), Avg Gradient(m/km), RMS Gradient(m/km) - SRTM1     
#  108.798   0.611   6.795 ;Mean Elev.(m), Avg Gradient(m/km), RMS Gradient(m/km) - ASTER GDEM
#  112.606   0.265   5.767 ;Mean Elev.(m), Avg Gradient(m/km), RMS Gradient(m/km) - GMTED2010 
  7 127.499423  50.056672   124.411   124.101 13 52468.09113305 20.437
  8 127.497934  50.058893   114.474   114.158 12 52503.09112205 20.360
 10 127.499817  50.057203   117.082   117.072 14 52573.09114706 46.846
 11 127.500913  50.057612   117.097   117.121 15 52608.09110506 26.054
 12 127.497116  50.039626   116.764   116.736 12 52643.09110465 15.929
 13 127.500608  50.055629   117.064   117.037 15 52678.09108471 14.393
 14 127.498013  50.042265   117.219   116.829 12 52713.09112399 14.805
 16 127.496659  50.030494   116.686   116.548  7 52783.09109271 31.025
 17 127.498202  50.037219   118.393   118.288 10 52818.09116942 22.221
 18 127.497446  50.035477   120.627   120.613 10 52853.09121958 52.167
 20 127.496709  50.059982   126.196   126.698  9 52923.09120348 21.515
 22 127.498999  50.038882   118.499   118.391 11 52993.09119881 19.555
 23 127.500534  50.056961   118.211   118.256 15 53028.09116022 16.228
 24 127.497605  50.029203   127.502   127.439  6 53063.09117386  9.917
 28 127.501061  50.056495   117.673   117.660 15 53203.09124164 51.458
 29 127.500299  50.048998   118.751   118.722 15 53238.09121181 24.185
 31 127.499883  50.058219   117.519   117.491 15 53308.09122932 51.915
 34 127.497783  50.037911   118.174   118.186 11 53413.09117591 11.582
 36 127.499489  50.059877   119.859   119.832 14 53483.09124442 48.012
 37 127.501136  50.055455   119.836   119.835 16 53518.09124497 28.138
 38 127.496308  50.061167   119.843   119.841  5 53553.09126577 31.036
 39 127.501899  50.055216   117.813   117.823 16 53588.09121723 52.268
 40 127.499774  50.047370   118.249   118.268 15 53623.09118945 21.465
 41 127.498562  50.044228   117.849   118.010 13 53658.09121763 25.418
 42 127.498081  50.058572   115.953   115.966 13 53693.09119684 45.681
 43 127.497441  50.058834   117.578   117.570 11 53728.09112005 17.157
 45 127.499915  50.055898   117.712   117.745 15 53798.09108825 10.168
 47 127.501612  50.052679   118.696   118.906 16 53868.09114830 35.975
 48 127.500873  50.056364   121.820   121.316 15 53903.09117917 23.653
 50 127.496392  50.062558   128.964   129.083  4 53973.09117733 14.272
 52 127.496632  50.024823   116.145   116.149  4 54043.09119597 49.444
 53 127.499480  50.058946   118.232   118.252 14 54078.09118342 26.531
 56 127.495968  50.061172   117.382   117.390  5 54183.09111017 32.907
 57 127.497336  50.040517   118.027   117.964 12 54218.09113950 31.074
 58 127.501585  50.055708   120.154   120.151 16 54253.09116168 29.026
 59 127.501025  50.053422   119.089   119.096 16 54288.09116656 45.016
 60 127.501210  50.052532   119.909   119.918 17 54323.09116402 25.190
 61 127.496222  50.058378   120.589   119.745 10 54358.09112030 19.805
 62 127.500177  50.048725   118.248   118.456 15 54393.09110519 21.827
 63 127.500363  50.057646   116.097   116.061 14 54428.09107067 35.647
 65 127.500302  50.056520   117.273   117.226 15 54498.09107995 18.653
 66 127.498132  50.040366   117.143   117.091 12 54533.09109876 26.601
 67 127.497546  50.060308   118.379   118.167 11 54568.09108350 27.646
 68 127.501467  50.052691   118.010   117.640 17 54603.09109112 25.981
 69 127.500459  50.057680   118.066   117.730 15 54638.09110141 22.694
 70 127.500035  50.057560   118.363   118.385 14 54673.09110436 38.019
 71 127.500109  50.058613   117.960   117.982 15 54708.09106291 49.795
 72 127.499391  50.046392 14565.154 14565.118 14 54743.09107223 50.456
 73 127.500352  50.055118   117.804   117.806 15 54778.09104605 45.154
 74 127.497745  50.036353   118.565   118.548 10 54813.09106750 23.494
 75 127.500010  50.059735   118.207   118.197 14 54848.09104475 14.904
 76 127.501686  50.053352   126.807   126.852 17 54883.09106781  9.717
 78 127.501438  50.053042   120.597   120.179 17 54953.09106163 21.203
 79 127.500993  50.057460   119.186   119.197 15 54988.09108522 43.490
 80 127.500706  50.054853   119.331   119.338 15 55023.09107795 51.921
 81 127.501444  50.057496   120.138   120.137 15 55058.09107276 50.307
 82 127.496781  50.060658   120.716   120.693  8 55093.09102753 50.121
 83 127.501558  50.053181   119.044   119.056 17 55128.09101443 52.571
 84 127.499852  50.057370 14562.041 14562.063 15 55163.09098965 29.571
 85 127.497211  50.039302   122.104   119.892 12 55198.09100816 13.081
 86 127.496975  50.058838   132.045   132.890 12 55233.09099391  8.133
 87 127.501534  50.052852   130.009   129.730 17 55268.09100035  6.797
 88 127.497921  50.059106   127.760   128.812 12 55303.09097313 21.181
 89 127.501462  50.056839   119.978   119.970 15 55338.09097294 33.733
 90 127.500893  50.055380   120.239   120.241 15 55373.09096402 51.319
 91 127.497514  50.037937   120.262   120.227 11 55408.09098778 35.169
 92 127.501082  50.056842   120.281   120.282 15 55443.09098183 51.996
 93 127.496592  50.059322   117.903   117.924  9 55478.09092100 52.030
