# NaN NaN NaN ;Mean Elev.(m), Avg Gradient(m/km), RMS Gradient(m/km) - SRTM1     
#   21.449  -8.961  23.551 ;Mean Elev.(m), Avg Gradient(m/km), RMS Gradient(m/km) - ASTER GDEM
#   28.880  -9.296  21.473 ;Mean Elev.(m), Avg Gradient(m/km), RMS Gradient(m/km) - GMTED2010 
 11 135.033089  48.434687    33.721    33.669  3 52588.51468669 33.283
 13 135.030884  48.435540    31.525    31.525  2 52658.51465696 10.570
 15 135.032439  48.435906    31.627    31.627  2 52728.51467654 27.134
 16 135.028083  48.434777    34.271    32.607  3 52763.51468895 37.410
 17 135.028642  48.434880    36.554    36.554  2 52798.51466318 45.908
 18 135.028797  48.434846    34.805    34.670  3 52833.51473336 14.489
 20 135.031925  48.434624    36.056    36.056  2 52903.51478865 28.266
 21 135.037365  48.436717    35.774    35.508  3 52938.51472558 27.281
 22 135.025117  48.434519    33.471    33.577  3 52973.51476153 13.965
 25 135.027732  48.433806    34.947    34.886  3 53078.51476046  8.137
 28 135.034730  48.436187    36.214    36.214  2 53183.51477415 16.021
 29 135.030502  48.435073    36.167    36.167  2 53218.51479849 36.105
 30 135.032433  48.435104    34.044    33.943  3 53253.51477599 26.641
 32 135.036118  48.436413    33.373    33.346  3 53323.51475433 39.169
 34 135.023190  48.434484    32.271    32.321  4 53393.51473425 12.200
 35 135.037472  48.435654    32.356    32.352  3 53428.51472824 10.807
 36 135.027232  48.433585    34.207    34.073  3 53463.51474859 26.019
 38 135.034841  48.435125    37.423    37.369  3 53533.51480135 38.820
 39 135.026016  48.434953    35.140    35.108  3 53568.51481855 22.935
 40 135.036833  48.436887    34.910    34.910  2 53603.51476439 37.780
 42 135.023979  48.433891    33.616    33.426  3 53673.51478284 24.386
 43 135.040566  48.436584    32.934    32.934  2 53708.51471404 18.191
 45 135.034103  48.435018    32.737    32.802  3 53778.51465237 13.113
 46 135.040986  48.437455    33.066    33.015  3 53813.51462696  9.919
 52 135.026393  48.433339    34.019    33.967  3 54023.51474807 28.795
 53 135.036058  48.436184    34.646    34.646  2 54058.51474069 39.718
 56 135.030828  48.435479    33.109    33.109  2 54163.51469028 11.525
 59 135.031683  48.434489    39.924    39.924  2 54268.51472313 16.694
 60 135.031270  48.435389    34.617    33.814  3 54303.51472676 30.841
 61 135.033591  48.435806    35.583    35.339  3 54338.51471181 17.074
 62 135.028925  48.433444    34.509    34.460  3 54373.51465990 44.960
 63 135.030714  48.435324    33.777    33.777  2 54408.51465730 19.193
 66 135.025743  48.433682    31.630    31.637  3 54513.51463603 18.276
 68 135.030536  48.434795    35.176    35.045  3 54583.51463210 42.246
 69 135.030642  48.434575    35.330    35.700  3 54618.51465223 41.388
 70 135.028173  48.437507    41.862    41.862  2 54653.51466441 16.763
 71 135.032898  48.435018    34.397    34.420  3 54688.51465269 18.421
 72 135.025768  48.433501    35.148    34.203  3 54723.51461193 43.468
 73 135.031022  48.434507    35.131    34.301  3 54758.51462825 44.877
 76 135.025768  48.435607    32.722    32.729  3 54863.51459979 12.724
 77 135.030743  48.435705    32.612    32.662  3 54898.51462676  8.421
 78 135.026813  48.434015    34.336    34.590  3 54933.51459386 29.363
 79 135.030135  48.435048    42.846    42.595  3 54968.51462828 41.243
 81 135.031609  48.435705    38.320    38.320  2 55038.51463486 44.199
 82 135.033363  48.435618    38.001    38.001  2 55073.51461997 20.543
 84 135.030291  48.435812    35.425    34.490  3 55143.51457138 31.261
 85 135.024539  48.433630    33.116    33.214  3 55178.51454001 15.612
 86 135.030640  48.435347    32.992    32.992  2 55213.51456604 14.422
 87 135.028240  48.433389    32.417    32.556  3 55248.51453964 10.482
 88 135.032050  48.434569    33.158    33.158  2 55283.51455963  9.641
 90 135.031699  48.435135    37.773    37.752  3 55353.51453267 42.878
 91 135.024721  48.434030    35.734    35.734  2 55388.51453027 45.787
 92 135.031870  48.434626    37.180    37.180  2 55423.51455017 22.246
 93 135.034894  48.435775    35.805    35.805  2 55458.51452187 33.926
