# NaN NaN NaN ;Mean Elev.(m), Avg Gradient(m/km), RMS Gradient(m/km) - SRTM1     
#  135.850  -0.855  22.197 ;Mean Elev.(m), Avg Gradient(m/km), RMS Gradient(m/km) - ASTER GDEM
#  139.658  -0.931  21.446 ;Mean Elev.(m), Avg Gradient(m/km), RMS Gradient(m/km) - GMTED2010 
  7 128.011014  51.194430   147.262   147.078  7 52468.09090613 17.257
  8 128.016151  51.211199   136.533   135.212 15 52503.09089223 24.758
 10 128.015935  51.204623   138.655   138.494 14 52573.09091820 50.324
 11 128.015390  51.201818   137.978   137.997 13 52608.09087685 40.979
 12 128.012297  51.185442   138.687   138.682  7 52643.09087611 25.870
 13 128.015023  51.199855   139.431   139.286 11 52678.09085650 34.514
 14 128.012522  51.186446   139.287   139.295  8 52713.09089578 23.504
 16 128.012596  51.177934   138.588   138.561  7 52783.09086385 46.003
 17 128.009033  51.173343   140.207   140.233  3 52818.09094281 12.459
 18 128.012545  51.181314   140.701   140.612  7 52853.09099105 49.897
 20 128.013351  51.209066   145.008   139.818 12 52923.09097430 20.046
 21 128.013015  51.167971   138.727   138.709  7 52958.09094800 43.233
 22 128.012598  51.181469   139.280   139.288  8 52993.09097092 23.270
 23 128.015627  51.202809   139.506   139.458 12 53028.09093168 18.132
 24 128.012503  51.175037   139.507   139.479  7 53063.09094532 12.931
 25 128.010781  51.213986   141.507   141.827  5 53098.09095607 20.474
 28 128.014932  51.199074   140.769   140.827 12 53203.09101375 28.767
 29 128.024960  51.215856   141.193   141.105  3 53238.09097908 23.027
 30 128.011711  51.162461   139.871   139.759  7 53273.09094867 50.830
 31 128.018316  51.210469   138.899   138.912 14 53308.09099949 51.629
 33 128.012479  51.160590   138.916   138.929  7 53378.09091544 24.273
 34 128.012759  51.183747   139.571   139.567  8 53413.09094738 21.329
 35 128.012738  51.169310   139.090   139.095  7 53448.09093750 22.891
 36 128.026164  51.229912   220.420   223.357  4 53483.09101105  3.871
 37 128.013438  51.194850   140.544   139.892  7 53518.09101772 19.780
 38 128.013168  51.210217   140.205   140.189 12 53553.09103659 50.622
 39 128.013342  51.192985   138.441   138.466 10 53588.09099031 31.837
 40 128.019741  51.202850   138.755   138.755  2 53623.09095898 17.625
 41 128.014573  51.191644   138.952   138.840  7 53658.09098877 25.209
 42 128.017023  51.212470   138.213   138.186 15 53693.09096669 47.535
 43 128.015443  51.211154   139.342   139.344 14 53728.09089022 24.136
 44 128.011324  51.161057   138.976   138.980  7 53763.09085746 23.593
 45 128.016493  51.204979   139.485   139.450 14 53798.09085907 21.773
 47 128.012564  51.188809   139.624   138.559  9 53868.09092170 18.152
 48 128.013265  51.195741   145.585   143.545 10 53903.09095192 43.850
 50 128.013872  51.213241   145.138   145.286 12 53973.09094782 12.369
 52 128.013002  51.173878   138.337   138.345  7 54043.09096678 45.147
 53 128.017675  51.211232   139.444   139.392 15 54078.09095359 30.243
 56 128.007354  51.198940   141.939   139.583  3 54183.09088324 13.283
 57 128.011787  51.184753   142.482   140.185  8 54218.09091128 20.935
 58 128.014715  51.196710   142.711   139.970 10 54253.09093411 21.527
 59 128.014014  51.194398   140.011   139.850 10 54288.09093899 51.807
 60 128.013475  51.191909   141.924   141.786 10 54323.09093677 52.176
 61 128.014242  51.210718   141.641   141.584 13 54358.09089048 51.210
 62 128.013167  51.189701   141.524   139.135  9 54393.09087762 23.101
 63 128.016313  51.205099   139.099   139.077 14 54428.09084181 31.836
 65 128.016242  51.203958   139.499   139.441 13 54498.09085109 31.515
 66 128.012478  51.184585   139.445   139.433  8 54533.09087054 27.888
 67 128.015639  51.212651   140.129   140.154 14 54568.09085368 29.955
 68 128.013817  51.192068   140.643   139.216  8 54603.09086387 20.567
 69 128.015762  51.203492   139.569   138.672 12 54638.09087288 30.881
 70 128.016074  51.205019   139.980   139.072 14 54673.09087550 23.905
 71 128.016024  51.206094   139.339   139.351 13 54708.09083405 50.590
 72 128.010145  51.182509 14589.960 14589.789  5 54743.09084563 49.329
 73 128.014794  51.199314   139.113   139.060 11 54778.09081784 46.476
 74 128.012880  51.182190   139.284   139.305  7 54813.09083896 28.593
 75 128.017464  51.210410   139.596   139.580 16 54848.09081525 26.934
 76 128.013318  51.191059   139.569   139.505  9 54883.09084088 35.615
 77 128.013447  51.215127   140.852   139.916 10 54918.09081709 13.952
 78 128.016050  51.197277   144.415   143.364  5 54953.09083341 16.584
 79 128.011930  51.193578   139.540   139.428  8 54988.09085861 42.297
 80 128.013693  51.195839   139.212   139.040  9 55023.09085038 29.672
 81 128.013025  51.195272   139.877   139.857  9 55058.09084584 46.159
 82 128.014872  51.212969   140.911   140.933 13 55093.09079770 51.443
 83 128.013142  51.190896   139.524   139.351  9 55128.09078750 51.229
 84 128.015822  51.204821 14587.517 14587.420 13 55163.09076079 44.606
 85 128.012349  51.185121   139.934   139.934  7 55198.09077963 20.264
 86 128.015820  51.212729   139.894   139.915 14 55233.09076376 31.162
 87 128.013116  51.190596   139.724   139.673  9 55268.09077342 15.347
 88 128.021187  51.222770   142.866   142.818  8 55303.09074105 25.762
 89 128.012312  51.192975   141.451   139.951  8 55338.09074634 19.701
 90 128.013903  51.196354   141.398   141.293 11 55373.09073645 48.897
 91 128.012589  51.183795   141.310   141.310  8 55408.09075924 52.601
 92 128.014118  51.197836   140.907   140.863 11 55443.09075425 51.709
 93 128.014598  51.211629   139.392   139.374 14 55478.09069118 49.061
