# NaN NaN NaN ;Mean Elev.(m), Avg Gradient(m/km), RMS Gradient(m/km) - SRTM1     
#   44.681  -0.089   3.181 ;Mean Elev.(m), Avg Gradient(m/km), RMS Gradient(m/km) - ASTER GDEM
#   48.832  -0.274   1.200 ;Mean Elev.(m), Avg Gradient(m/km), RMS Gradient(m/km) - GMTED2010 
  7    55.131 52473.52453473 25.60 131.737118  47.695820 22.374
  7    55.199 52473.52453538 29.19 131.735808  47.699060 22.374
  7    55.296 52473.52453602 29.40 131.734488  47.702300 22.374
  7    55.053 52473.52453667 31.95 131.733168  47.705550 22.374
  7    55.168 52473.52453731 34.06 131.731848  47.708790 22.374
  8    54.847 52508.52450114 42.70 131.748448  47.688083 34.946
  8    54.663 52508.52450179 32.00 131.747128  47.691333 34.946
  8    54.468 52508.52450243 38.05 131.745808  47.694573 34.946
  8    54.592 52508.52450307 38.98 131.744498  47.697813 34.946
  8    54.626 52508.52450372 38.93 131.743178  47.701063 34.946
  8    54.506 52508.52450436 39.27 131.741858  47.704303 34.946
  9    53.919 52543.52449108 48.96 131.743524  47.692701 42.638
  9    53.814 52543.52449172 54.73 131.742204  47.695941 42.638
  9    53.982 52543.52449237 52.37 131.740884  47.699191 42.638
  9    53.840 52543.52449301 51.92 131.739564  47.702431 42.638
  9    53.958 52543.52449366 52.60 131.738244  47.705681 42.638
 10    52.714 52578.52453840 38.29 131.736839  47.694482 27.706
 10    52.825 52578.52453905 44.89 131.735519  47.697732 27.706
 10    52.939 52578.52453969 44.85 131.734199  47.700972 27.706
 10    52.948 52578.52454034 50.40 131.732879  47.704222 27.706
 10    52.869 52578.52454098 48.07 131.731569  47.707462 27.706
 11    52.501 52613.52450291 19.80 131.744785  47.690108  6.774
 11    52.648 52613.52450356 21.35 131.743467  47.693353  8.163
 11    52.603 52613.52450420 27.45 131.742147  47.696593  8.163
 11    52.705 52613.52450485 27.69 131.740827  47.699843  8.163
 11    52.658 52613.52450549 22.25 131.739517  47.703083  8.163
 11    52.839 52613.52450614 19.45 131.738197  47.706333  8.163
 12    52.713 52648.52448512 15.10 131.742967  47.691148  5.093
 12    52.879 52648.52448576 15.42 131.741647  47.694398  5.093
 12    52.984 52648.52448641 18.76 131.740337  47.697638  5.093
 12    52.884 52648.52448705 17.71 131.739017  47.700881  4.393
 12    52.765 52648.52448770 16.95 131.737697  47.704121  4.393
 12    52.710 52648.52448834 15.05 131.736377  47.707371  4.393
 13    52.621 52683.52446037  8.74 131.756563  47.682986  3.286
 13    52.623 52683.52446102  9.14 131.755253  47.686226  3.286
 13    54.076 52683.52446166  7.97 131.753933  47.689476  3.286
 13    52.927 52683.52446231  8.86 131.752613  47.692716  3.286
 13    52.888 52683.52446295  8.34 131.751303  47.695966  3.286
 13    52.819 52683.52446360  9.93 131.749983  47.699206  3.286
 15    53.708 52753.52454380 40.45 131.733803  47.696033 35.056
 15    53.742 52753.52454445 49.68 131.732493  47.699273 35.056
 15    53.754 52753.52454509 45.99 131.731173  47.702523 35.056
 15    53.762 52753.52454574 51.28 131.729853  47.705763 35.056
 15    53.773 52753.52454638 52.86 131.728533  47.709003 35.056
 16    52.931 52788.52449118 35.52 131.730785  47.699161 23.867
 16    52.637 52788.52449183 24.02 131.729465  47.702411 23.867
 16    53.516 52788.52449247 15.04 131.728155  47.705651 23.867
 16    54.182 52788.52449312 16.56 131.726835  47.708901 23.867
 17    54.528 52823.52456121 20.79 131.737321  47.694175 25.414
 17    54.732 52823.52456186 20.88 131.736001  47.697415 25.414
 17    54.834 52823.52456250 21.22 131.734681  47.700665 25.414
 17    54.791 52823.52456315 22.55 131.733371  47.703905 25.414
 17    54.738 52823.52456379 26.20 131.732051  47.707155 25.414
 18    57.100 52858.52460770 24.76 131.740577  47.694734 32.853
 18    56.905 52858.52460835 22.49 131.739257  47.697984 32.853
 18    57.441 52858.52460899 21.43 131.737947  47.701224 32.853
 18    57.668 52858.52460964 26.75 131.736627  47.704474 32.853
 18    57.770 52858.52461028 30.42 131.735307  47.707714 32.853
 19    56.532 52893.52463939 41.54 131.738531  47.695417 40.399
 19    56.572 52893.52464003 50.29 131.737221  47.698667 40.399
 19    56.652 52893.52464067 51.91 131.735901  47.701907 40.399
 19    56.735 52893.52464132 51.63 131.734581  47.705157 40.399
 19    56.788 52893.52464196 50.97 131.733261  47.708397 40.399
 20    55.269 52928.52458788 48.42 131.749715  47.685916 32.151
 20    55.557 52928.52458852 42.41 131.748395  47.689156 32.151
 20    54.981 52928.52458917 26.19 131.747075  47.692406 32.151
 20    54.925 52928.52458981 25.96 131.745765  47.695646 32.151
 20    55.132 52928.52459046 28.64 131.744445  47.698886 32.151
 20    55.336 52928.52459110 41.53 131.743125  47.702136 32.151
 21    52.868 52963.52456977 35.14 131.740955  47.694119 28.456
 21    53.059 52963.52457041 36.49 131.739635  47.697369 28.456
 21    53.055 52963.52457106 40.66 131.738325  47.700609 28.456
 21    53.047 52963.52457170 41.79 131.737005  47.703849 28.456
 21    53.023 52963.52457235 37.17 131.735685  47.707099 28.456
 22    54.030 52998.52460792 18.67 131.736834  47.694959  4.936
 22    54.359 52998.52460857 18.46 131.735514  47.698209  4.936
 22    54.324 52998.52460921 19.41 131.734194  47.701449  4.936
 22    54.405 52998.52460986 18.94 131.732874  47.704699  4.936
 22    54.382 52998.52461050 17.07 131.731564  47.707939  4.936
 23    54.473 53033.52456009 10.02 131.749059  47.686704  6.867
 23    54.315 53033.52456074 10.20 131.747739  47.689954  6.867
 23    54.112 53033.52456138 10.96 131.746429  47.693194  6.867
 23    53.973 53033.52456203 11.19 131.745109  47.696434  6.867
 23    54.000 53033.52456267 10.87 131.743789  47.699684  6.867
 23    53.874 53033.52456332 11.56 131.742479  47.702924  6.867
 24    54.432 53068.52457541  7.52 131.743042  47.692058  9.622
 24    54.702 53068.52457605  7.42 131.741722  47.695298  9.622
 24    54.766 53068.52457670  7.46 131.740412  47.698548  9.622
 24    54.337 53068.52457734  7.94 131.739092  47.701788  9.622
 24    54.337 53068.52457799  8.03 131.737772  47.705038  9.622
 24    54.687 53068.52457863  7.94 131.736452  47.708278  9.622
 25    53.675 53103.52456164 26.48 131.750402  47.684975 24.655
 25    53.509 53103.52456229 32.62 131.749092  47.688215 24.655
 25    53.627 53103.52456293 29.53 131.747772  47.691455 24.655
 25    53.707 53103.52456358 32.41 131.746452  47.694705 24.655
 25    53.548 53103.52456422 30.18 131.745142  47.697945 24.655
 25    53.531 53103.52456487 29.05 131.743822  47.701195 24.655
 25    53.868 53103.52456551 25.29 131.742502  47.704435 24.655
 26    57.118 53138.52458006 51.38 131.742248  47.692812 32.567
 26    57.201 53138.52458071 51.76 131.740928  47.696062 32.567
 26    57.318 53138.52458135 50.72 131.739608  47.699302 32.567
 26    57.189 53138.52458200 51.27 131.738288  47.702552 32.567
 26    57.197 53138.52458264 51.13 131.736978  47.705792 32.567
 27    55.777 53173.52462236 31.22 131.738190  47.695572 25.023
 27    56.057 53173.52462301 41.09 131.736870  47.698822 25.023
 27    56.092 53173.52462365 46.93 131.735550  47.702062 25.023
 27    56.116 53173.52462430 48.29 131.734230  47.705312 25.023
 27    56.135 53173.52462494 51.44 131.732910  47.708552 25.023
 28    55.874 53208.52463780 17.02 131.741413  47.693237 20.742
 28    55.497 53208.52463845 17.20 131.740103  47.696477 20.742
 28    55.385 53208.52463909 17.28 131.738783  47.699727 20.742
 28    55.492 53208.52463974 19.77 131.737463  47.702967 20.742
 28    55.634 53208.52464038 21.82 131.736143  47.706217 20.742
 29    54.692 53243.52460338 47.97 131.751536  47.683962 27.951
 29    54.876 53243.52460402 49.86 131.750226  47.687202 27.951
 29    54.782 53243.52460467 49.92 131.748906  47.690442 27.951
 29    54.843 53243.52460531 51.78 131.747586  47.693692 27.951
 29    54.902 53243.52460596 51.77 131.746276  47.696932 27.951
 29    54.947 53243.52460660 50.85 131.744956  47.700182 27.951
 29    54.899 53243.52460725 50.14 131.743636  47.703422 27.951
 30    55.346 53278.52458340 38.73 131.733023  47.696652 26.279
 30    55.448 53278.52458404 26.85 131.731703  47.699892 26.279
 30    55.314 53278.52458469 24.57 131.730383  47.703142 26.279
 30    55.399 53278.52458533 25.61 131.729063  47.706382 26.279
 30    55.484 53278.52458598 27.78 131.727743  47.709632 26.279
 31    53.307 53313.52461077 48.32 131.738651  47.695083 30.972
 31    53.503 53313.52461142 44.28 131.737331  47.698323 30.972
 31    53.616 53313.52461206 37.42 131.736011  47.701573 30.972
 31    53.415 53313.52461271 28.46 131.734691  47.704813 30.972
 31    53.439 53313.52461335 47.68 131.733371  47.708063 30.972
 32    52.934 53348.52457452 21.47 131.749579  47.686329 11.182
 32    53.056 53348.52457517 22.76 131.748269  47.689579 11.182
 32    53.230 53348.52457581 25.94 131.746949  47.692819 11.182
 32    53.088 53348.52457645 27.15 131.745629  47.696069 11.182
 32    53.111 53348.52457710 27.40 131.744309  47.699309 11.182
 32    53.022 53348.52457774 26.87 131.742999  47.702549 11.182
 33    53.660 53383.52454648 16.24 131.736391  47.693540  5.042
 33    53.824 53383.52454712 15.61 131.735071  47.696780  5.042
 33    53.802 53383.52454777 16.82 131.733751  47.700030  5.042
 33    53.660 53383.52454841 15.73 131.732431  47.703270  5.042
 33    53.691 53383.52454906 16.30 131.731111  47.706520  5.042
 33    53.685 53383.52454970 14.36 131.729791  47.709760  5.042
 34    53.372 53418.52455338 12.38 131.754855  47.683252  4.315
 34    53.419 53418.52455403 11.48 131.753545  47.686492  4.315
 34    53.570 53418.52455467 11.19 131.752225  47.689742  4.315
 34    53.557 53418.52455531 11.54 131.750905  47.692982  4.315
 34    53.513 53418.52455596 11.84 131.749585  47.696232  4.315
 34    53.374 53418.52455660 13.08 131.748275  47.699472  4.315
 34    53.327 53418.52455725 13.18 131.746955  47.702712  4.315
 35    53.408 53453.52456021 19.07 131.735567  47.694731 10.293
 35    53.462 53453.52456086 19.96 131.734247  47.697971 10.293
 35    53.424 53453.52456150 21.92 131.732927  47.701221 10.293
 35    53.543 53453.52456215 22.78 131.731607  47.704461 10.293
 35    53.453 53453.52456279 22.18 131.730287  47.707711 10.293
 36    54.921 53488.52464649 32.61 131.730860  47.699178 23.818
 36    54.927 53488.52464714 41.65 131.729540  47.702418 23.818
 36    54.922 53488.52464778 41.13 131.728220  47.705668 23.818
 36    54.887 53488.52464842 41.52 131.726900  47.708908 23.818
 37    56.162 53523.52463240 26.42 131.747360  47.687862 30.604
 37    56.303 53523.52463304 23.59 131.746040  47.691102 30.604
 37    56.557 53523.52463369 22.29 131.744720  47.694352 30.604
 37    56.452 53523.52463433 24.29 131.743410  47.697592 30.604
 37    56.558 53523.52463498 23.79 131.742090  47.700842 30.604
 37    56.447 53523.52463562 30.69 131.740770  47.704082 30.604
 38    55.419 53558.52465999 20.00 131.736009  47.694600 29.656
 38    55.281 53558.52466063 19.46 131.734699  47.697840 29.656
 38    55.376 53558.52466128 18.49 131.733379  47.701090 29.656
 38    55.623 53558.52466192 19.74 131.732059  47.704330 29.656
 38    55.669 53558.52466256 24.48 131.730739  47.707580 29.656
 39    54.049 53593.52459400 33.07 131.759627  47.680652 28.332
 39    53.915 53593.52459464 24.78 131.758307  47.683892 28.332
 39    53.866 53593.52459529 26.57 131.756987  47.687142 28.332
 39    53.968 53593.52459593 27.12 131.755677  47.690382 28.332
 39    54.201 53593.52459658 37.77 131.754357  47.693622 28.332
 39    54.256 53593.52459722 37.26 131.753037  47.696872 28.332
 40    53.826 53628.52459131 45.27 131.722611  47.704965 26.574
 40    53.786 53628.52459195 52.33 131.721291  47.708205 26.574
 40    53.803 53628.52459260 50.66 131.719971  47.711445 26.574
 41    53.272 53663.52461353 25.38 131.736905  47.695397 31.335
 41    53.219 53663.52461418 24.03 131.735585  47.698637 31.335
 41    53.194 53663.52461482 25.92 131.734265  47.701887 31.335
 41    53.202 53663.52461547 24.81 131.732945  47.705127 31.335
 41    53.327 53663.52461611 37.08 131.731625  47.708377 31.335
 42    51.851 53698.52457245 31.33 131.749318  47.686942 25.015
 42    51.847 53698.52457309 38.91 131.747998  47.690182 25.015
 42    51.984 53698.52457374 45.01 131.746678  47.693432 25.015
 42    52.117 53698.52457438 51.52 131.745368  47.696672 25.015
 42    52.146 53698.52457503 51.61 131.744048  47.699922 25.015
 42    52.067 53698.52457567 48.99 131.742728  47.703162 25.015
 43    53.966 53733.52449302 22.78 131.760343  47.678543 16.143
 43    53.826 53733.52449366 21.71 131.759033  47.681783 16.143
 43    54.022 53733.52449431 24.65 131.757713  47.685033 16.143
 43    54.242 53733.52449495 37.26 131.756393  47.688273 16.143
 43    54.494 53733.52449560 41.53 131.755083  47.691513 16.143
 43    54.327 53733.52449624 35.97 131.753763  47.694763 16.143
 43    54.181 53733.52449689 29.59 131.752443  47.698003 16.143
 44    53.828 53768.52447589 24.64 131.748322  47.687717 16.282
 44    53.955 53768.52447653 31.06 131.747002  47.690957 16.282
 44    54.124 53768.52447718 38.62 131.745682  47.694207 16.282
 44    54.191 53768.52447782 45.52 131.744362  47.697447 16.282
 44    54.315 53768.52447847 46.00 131.743052  47.700687 16.282
 44    54.138 53768.52447911 26.68 131.741732  47.703937 16.282
 45    53.711 53803.52447159 13.43 131.756863  47.680454 11.014
 45    53.828 53803.52447224 13.28 131.755553  47.683694 11.014
 45    53.809 53803.52447288 13.48 131.754233  47.686934 11.014
 45    54.061 53803.52447353 13.75 131.752913  47.690184 11.014
 45    54.149 53803.52447417 21.05 131.751603  47.693424 11.014
 45    54.113 53803.52447482 26.64 131.750283  47.696674 11.014
 45    54.203 53803.52447546 26.51 131.748963  47.699914 11.014
 46    53.963 53838.52449214 29.75 131.733495  47.697233 27.241
 46    53.952 53838.52449279 35.64 131.732175  47.700473 27.241
 46    53.882 53838.52449343 31.87 131.730855  47.703723 27.241
 46    53.960 53838.52449408 24.46 131.729535  47.706963 27.241
 46    57.527 53838.52449472 20.13 131.728215  47.710203 27.241
 47    55.705 53873.52453953 35.55 131.741961  47.692086 23.928
 47    55.591 53873.52454017 37.69 131.740641  47.695326 23.928
 47    55.559 53873.52454081 37.92 131.739321  47.698576 23.928
 47    55.638 53873.52454146 39.32 131.738001  47.701816 23.928
 47    55.694 53873.52454210 39.25 131.736691  47.705056 23.928
 47    55.720 53873.52454275 42.40 131.735371  47.708306 23.928
 48    57.877 53908.52458335 49.88 131.734900  47.694596 29.553
 48    57.826 53908.52458400 50.59 131.733580  47.697846 29.553
 48    57.896 53908.52458464 51.45 131.732260  47.701086 29.553
 48    57.972 53908.52458528 48.98 131.730940  47.704336 29.553
 48    57.849 53908.52458593 51.55 131.729620  47.707576 29.553
 48    57.924 53908.52458657 47.63 131.728310  47.710816 29.553
 49    56.808 53943.52460840 33.73 131.731472  47.698487 19.020
 49    56.607 53943.52460905 34.24 131.730152  47.701737 19.020
 49    56.600 53943.52460969 35.00 131.728832  47.704977 19.020
 49    56.566 53943.52461033 34.95 131.727512  47.708227 19.020
 49    56.625 53943.52461098 35.29 131.726192  47.711467 19.020
 50    55.218 53978.52455627 46.75 131.748607  47.686457 33.482
 50    55.305 53978.52455691 45.59 131.747287  47.689697 33.482
 50    55.223 53978.52455756 44.24 131.745977  47.692947 33.482
 50    55.296 53978.52455820 49.29 131.744657  47.696187 33.482
 50    55.251 53978.52455884 48.01 131.743337  47.699427 33.482
 50    55.363 53978.52455949 48.44 131.742017  47.702677 33.482
 50    55.426 53978.52456013 49.02 131.740707  47.705917 33.482
 51    55.193 54013.52456956 52.78 131.734995  47.695873 33.542
 51    55.136 54013.52457021 52.10 131.733675  47.699123 33.542
 51    55.230 54013.52457085 52.31 131.732355  47.702363 33.542
 51    55.143 54013.52457150 51.01 131.731035  47.705613 33.542
 51    55.098 54013.52457214 49.23 131.729715  47.708853 33.542
 52    52.547 54048.52457422 38.34 131.752458  47.683838 31.553
 52    52.558 54048.52457486 47.10 131.751138  47.687088 31.553
 52    52.449 54048.52457551 52.19 131.749828  47.690328 31.553
 52    52.521 54048.52457615 50.71 131.748508  47.693578 31.553
 52    52.635 54048.52457680 47.36 131.747188  47.696818 31.553
 52    52.676 54048.52457744 51.37 131.745868  47.700068 31.553
 52    52.637 54048.52457809 45.48 131.744558  47.703308 31.553
 54    54.019 54118.52449590 15.87 131.756777  47.680885  5.160
 54    54.062 54118.52449654 15.90 131.755457  47.684125  5.160
 54    54.151 54118.52449719 16.33 131.754147  47.687375  5.160
 54    54.135 54118.52449783 16.25 131.752827  47.690615  5.160
 54    54.106 54118.52449848 17.31 131.751507  47.693865  5.160
 54    54.034 54118.52449912 18.08 131.750197  47.697105  5.160
 54    53.790 54118.52449977 18.55 131.748877  47.700355  5.160
 55    54.157 54153.52452365  8.60 131.741191  47.694169  2.851
 55    54.262 54153.52452429  8.85 131.739871  47.697409  2.851
 55    54.243 54153.52452494  9.72 131.738561  47.700649  2.851
 55    54.230 54153.52452558 10.68 131.737241  47.703899  2.851
 55    54.343 54153.52452623 10.26 131.735921  47.707139  2.851
 56    53.797 54188.52449106 31.24 131.753757  47.683741 14.758
 56    53.789 54188.52449170 32.09 131.752437  47.686981 14.758
 56    53.814 54188.52449235 32.27 131.751117  47.690227 20.163
 56    53.740 54188.52449299 33.20 131.749807  47.693467 20.163
 56    53.745 54188.52449364 32.06 131.748487  47.696717 20.163
 56    53.717 54188.52449428 30.25 131.747167  47.699957 20.163
 56    53.664 54188.52449493 27.47 131.745857  47.703207 20.163
 57    54.207 54223.52453371 24.24 131.739047  47.693055 24.052
 57    54.446 54223.52453436 25.45 131.737727  47.696305 24.052
 57    54.254 54223.52453500 23.89 131.736407  47.699545 24.052
 57    54.354 54223.52453565 22.93 131.735097  47.702795 24.052
 57    55.146 54223.52453629 21.89 131.733777  47.706035 24.052
 57    55.328 54223.52453694 23.60 131.732457  47.709285 24.052
 58    55.825 54258.52455528 45.47 131.742980  47.692890 32.224
 58    55.885 54258.52455592 46.34 131.741660  47.696140 32.224
 58    55.801 54258.52455657 48.60 131.740340  47.699380 32.224
 58    55.909 54258.52455721 47.74 131.739020  47.702620 32.224
 58    56.043 54258.52455786 49.94 131.737710  47.705870 32.224
 59    54.793 54293.52455769 37.21 131.744199  47.691697 24.955
 59    54.545 54293.52455834 31.78 131.742879  47.694947 24.955
 59    54.535 54293.52455898 31.14 131.741559  47.698187 24.955
 59    54.608 54293.52455963 32.08 131.740239  47.701427 24.955
 59    54.650 54293.52456027 31.57 131.738929  47.704677 24.955
 59    54.799 54293.52456092 32.34 131.737609  47.707917 24.955
 60    55.249 54328.52455104 21.51 131.750703  47.684820 34.011
 60    56.416 54328.52455168 19.16 131.749383  47.688060 34.011
 60    56.330 54328.52455233 19.51 131.748063  47.691310 34.011
 60    55.683 54328.52455297 19.67 131.746753  47.694550 34.011
 60    55.713 54328.52455362 19.81 131.745433  47.697800 34.011
 60    55.486 54328.52455426 28.56 131.744113  47.701040 34.011
 60    55.653 54328.52455491 32.80 131.742793  47.704280 34.011
 61    55.377 54363.52449800 45.30 131.755359  47.681615 29.890
 61    55.454 54363.52449865 43.55 131.754039  47.684855 29.890
 61    55.534 54363.52449929 33.67 131.752729  47.688105 29.890
 61    55.496 54363.52449994 36.63 131.751409  47.691345 29.890
 61    55.363 54363.52450058 35.44 131.750089  47.694595 29.890
 61    55.432 54363.52450122 40.99 131.748779  47.697835 29.890
 61    55.538 54363.52450187 47.84 131.747459  47.701085 29.890
 62    53.259 54398.52449251 29.70 131.744262  47.691491 33.169
 62    53.380 54398.52449315 32.12 131.742942  47.694741 33.169
 62    53.509 54398.52449380 35.09 131.741632  47.697981 33.169
 62    53.582 54398.52449444 42.40 131.740312  47.701231 33.169
 62    53.625 54398.52449508 49.32 131.738992  47.704471 33.169
 62    53.692 54398.52449573 46.46 131.737672  47.707711 33.169
 63    52.442 54433.52444865 22.73 131.753814  47.683602  9.132
 63    52.752 54433.52444930 23.25 131.752504  47.686842  9.132
 63    52.862 54433.52444994 23.29 131.751184  47.690092  9.132
 63    53.115 54433.52445059 24.27 131.749864  47.693332  9.132
 63    53.260 54433.52445123 27.63 131.748554  47.696582  9.132
 63    53.137 54433.52445188 25.98 131.747234  47.699822  9.132
 63    52.957 54433.52445252 24.80 131.745914  47.703072  9.132
 64    53.721 54468.52447550 16.65 131.741593  47.693096  4.631
 64    53.631 54468.52447615 18.36 131.740273  47.696336  4.631
 64    53.817 54468.52447679 18.67 131.738963  47.699576  4.631
 64    53.909 54468.52447744 17.62 131.737643  47.702826  4.631
 64    53.830 54468.52447808 16.96 131.736323  47.706066  4.631
 65    53.820 54503.52446494  9.17 131.750849  47.686558  5.165
 65    53.827 54503.52446558  8.69 131.749529  47.689808  5.165
 65    53.845 54503.52446623  8.17 131.748209  47.693048  5.165
 65    53.664 54503.52446687  8.48 131.746889  47.696298  5.165
 65    53.458 54503.52446752  9.77 131.745579  47.699538  5.165
 65    53.510 54503.52446816  9.45 131.744259  47.702788  5.165
 66    53.891 54538.52448960 23.73 131.747758  47.686962 18.341
 66    53.406 54538.52449025 26.28 131.746438  47.690212 18.341
 66    53.457 54538.52449089 31.56 131.745128  47.693452 18.341
 66    53.429 54538.52449154 26.45 131.743808  47.696702 18.341
 66    53.443 54538.52449218 23.93 131.742488  47.699942 18.341
 66    53.452 54538.52449283 23.04 131.741168  47.703192 18.341
 66    57.801 54538.52449347 22.52 131.739848  47.706432 18.341
 67    53.574 54573.52446560 42.04 131.753299  47.684816 24.674
 67    53.408 54573.52446624 40.07 131.751979  47.688066 24.674
 67    53.312 54573.52446689 37.03 131.750669  47.691306 24.674
 67    53.220 54573.52446753 39.80 131.749353  47.694553 28.069
 67    53.357 54573.52446818 42.42 131.748033  47.697793 28.069
 67    53.455 54573.52446882 48.13 131.746713  47.701043 28.069
 68    53.734 54608.52448392 42.91 131.743293  47.691907 27.649
 68    53.704 54608.52448456 29.42 131.741973  47.695147 27.649
 68    53.558 54608.52448521 25.04 131.740653  47.698397 27.649
 68    53.494 54608.52448585 28.08 131.739333  47.701637 27.649
 68    53.699 54608.52448650 41.36 131.738013  47.704877 27.649
 68    53.799 54608.52448714 46.59 131.736703  47.708127 27.649
 69    53.292 54643.52449172 40.31 131.744777  47.690758 33.732
 69    53.334 54643.52449237 37.40 131.743457  47.694008 33.732
 69    53.199 54643.52449301 36.66 131.742147  47.697248 33.732
 69    53.441 54643.52449366 39.21 131.740827  47.700498 33.732
 69    53.378 54643.52449430 51.30 131.739507  47.703738 33.732
 69    53.614 54643.52449495 50.03 131.738187  47.706988 33.732
 70    54.228 54678.52449370 39.40 131.742894  47.691452 35.555
 70    54.449 54678.52449434 27.67 131.741574  47.694702 35.555
 70    54.115 54678.52449499 24.29 131.740264  47.697942 35.555
 70    54.070 54678.52449563 28.00 131.738944  47.701192 35.555
 70    54.210 54678.52449628 32.01 131.737624  47.704432 35.555
 70    54.394 54678.52449692 45.87 131.736304  47.707682 35.555
 71    53.851 54713.52444444 48.42 131.755705  47.683024 25.660
 71    53.933 54713.52444509 40.57 131.754385  47.686264 25.660
 71    53.787 54713.52444573 41.48 131.753065  47.689514 25.660
 71    53.896 54713.52444638 46.71 131.751755  47.692754 25.660
 71    53.908 54713.52444702 50.54 131.750439  47.696002 23.299
 71    53.908 54713.52444766 53.42 131.749119  47.699242 23.299
 72    55.132 54748.52446365 52.59 131.739595  47.694519 43.204
 72    55.052 54748.52446429 53.10 131.738285  47.697759 43.204
 72    55.144 54748.52446494 52.32 131.736965  47.701009 43.204
 72    54.993 54748.52446558 53.49 131.735645  47.704249 43.204
 72    55.051 54748.52446623 51.76 131.734325  47.707489 43.204
 73    53.894 54783.52443216 37.79 131.749727  47.686391 24.940
 73    53.902 54783.52443280 43.10 131.748409  47.689635 24.672
 73    53.904 54783.52443345 50.10 131.747089  47.692875 24.672
 73    54.007 54783.52443409 46.60 131.745769  47.696125 24.672
 73    53.868 54783.52443473 46.65 131.744459  47.699365 24.672
 73    53.970 54783.52443538 45.62 131.743139  47.702615 24.672
 74    54.459 54818.52445580 33.94 131.741244  47.692681 16.088
 74    54.315 54818.52445645 34.22 131.739924  47.695921 16.088
 74    54.325 54818.52445709 29.91 131.738604  47.699171 16.088
 74    54.190 54818.52445774 29.61 131.737284  47.702411 16.088
 74    54.239 54818.52445838 27.99 131.735974  47.705651 16.088
 74    54.060 54818.52445903 26.07 131.734654  47.708901 16.088
 75    54.550 54853.52442930 13.36 131.750275  47.685589  3.646
 75    54.445 54853.52442995 13.55 131.748955  47.688829  3.646
 75    54.358 54853.52443059 13.67 131.747645  47.692076  4.974
 75    54.395 54853.52443124 13.19 131.746325  47.695316  4.974
 75    54.480 54853.52443188 13.46 131.745005  47.698566  4.974
 75    54.372 54853.52443253 14.09 131.743695  47.701806  4.974
 76    54.592 54888.52446063 10.34 131.741194  47.694352  3.543
 76    54.725 54888.52446127 10.01 131.739874  47.697602  3.543
 76    54.651 54888.52446192  9.65 131.738554  47.700842  3.543
 76    54.481 54888.52446256  9.63 131.737234  47.704092  3.543
 76    54.385 54888.52446320  9.17 131.735924  47.707332  3.543
 77    54.519 54923.52442872 31.88 131.753140  47.683828 16.983
 77    54.208 54923.52442936 36.98 131.751830  47.687078 16.983
 77    54.216 54923.52443001 40.25 131.750510  47.690318 16.983
 77    54.072 54923.52443065 42.29 131.749190  47.693564 21.796
 77    54.209 54923.52443130 37.43 131.747880  47.696804 21.796
 77    54.144 54923.52443194 33.11 131.746560  47.700054 21.796
 77    54.138 54923.52443259 32.80 131.745240  47.703294 21.796
 78    56.120 54958.52445835 41.49 131.738308  47.695168 23.546
 78    56.229 54958.52445900 38.65 131.736988  47.698408 23.546
 78    56.197 54958.52445964 36.58 131.735668  47.701658 23.546
 78    56.061 54958.52446029 32.26 131.734358  47.704898 23.546
 78    56.185 54958.52446093 33.57 131.733038  47.708138 23.546
 79    54.810 54993.52448028 17.87 131.740461  47.693736 21.732
 79    54.856 54993.52448092 15.64 131.739141  47.696986 21.732
 79    54.859 54993.52448157 17.59 131.737821  47.700226 21.732
 79    54.999 54993.52448221 20.94 131.736501  47.703476 21.732
 79    55.406 54993.52448286 24.51 131.735191  47.706716 21.732
 80    56.317 55028.52446930 20.57 131.746559  47.689081 25.619
 80    56.418 55028.52446994 16.49 131.745239  47.692331 25.619
 80    56.519 55028.52447059 16.57 131.743929  47.695571 25.619
 80    56.567 55028.52447123 18.54 131.742609  47.698821 25.619
 80    56.597 55028.52447188 21.09 131.741289  47.702061 25.619
 80    56.624 55028.52447252 26.13 131.739969  47.705311 25.619
 81    56.799 55063.52446139 29.38 131.746687  47.688906 34.615
 81    56.707 55063.52446204 22.30 131.745367  47.692146 34.615
 81    56.875 55063.52446268 20.79 131.744047  47.695396 34.615
 81    56.825 55063.52446333 21.57 131.742737  47.698636 34.615
 81    56.878 55063.52446397 24.62 131.741417  47.701886 34.615
 81    57.016 55063.52446462 30.71 131.740097  47.705126 34.615
 82    56.714 55098.52440614 53.16 131.753965  47.684307 33.530
 82    56.646 55098.52440678 51.93 131.752645  47.687547 33.530
 82    56.666 55098.52440743 47.34 131.751325  47.690797 33.530
 82    56.722 55098.52440807 53.64 131.750015  47.694037 33.530
 82    56.798 55098.52440872 51.33 131.748702  47.697285 31.708
 82    56.878 55098.52440936 51.42 131.747382  47.700525 31.708
 83    54.739 55133.52440641 22.52 131.740108  47.695158 28.439
 83    54.816 55133.52440706 25.47 131.738788  47.698408 28.439
 83    54.970 55133.52440770 31.42 131.737468  47.701648 28.439
 83    55.096 55133.52440834 38.36 131.736148  47.704898 28.439
 83    55.064 55133.52440899 48.14 131.734838  47.708138 28.439
 84    54.559 55168.52436883 18.64 131.752580  47.683269 10.948
 84    54.518 55168.52436947 19.87 131.751266  47.686515 11.955
 84    54.446 55168.52437012 20.36 131.749946  47.689755 11.955
 84    54.580 55168.52437076 20.93 131.748626  47.693005 11.955
 84    54.533 55168.52437141 31.28 131.747316  47.696245 11.955
 84    54.571 55168.52437205 34.32 131.745996  47.699495 11.955
 84    54.666 55168.52437270 21.76 131.744676  47.702735 11.955
 85    55.660 55203.52439931 18.03 131.739778  47.695263  8.087
 85    55.544 55203.52439995 17.94 131.738458  47.698513  8.087
 85    55.519 55203.52440060 16.92 131.737138  47.701753  8.087
 85    55.294 55203.52440124 17.16 131.735828  47.704993  8.087
 85    55.433 55203.52440189 15.37 131.734508  47.708243  8.087
 86    55.109 55238.52437683  9.71 131.750387  47.686348  5.774
 86    55.055 55238.52437748  9.83 131.749077  47.689588  5.774
 86    55.017 55238.52437812  9.47 131.747761  47.692834  3.128
 86    55.043 55238.52437877  9.66 131.746441  47.696074  3.128
 86    55.050 55238.52437941  9.40 131.745121  47.699324  3.128
 86    54.837 55238.52438005 10.69 131.743811  47.702564  3.128
 87    53.934 55273.52439171 12.84 131.745648  47.689495  3.324
 87    54.906 55273.52439236  8.67 131.744328  47.692735  3.324
 87    54.800 55273.52439300  8.42 131.743018  47.695975  3.324
 87    55.008 55273.52439365  8.38 131.741698  47.699225  3.324
 87    55.200 55273.52439429  7.72 131.740378  47.702465  3.324
 87    55.137 55273.52439494  7.68 131.739058  47.705715  3.324
 88    54.339 55308.52435959 26.60 131.754093  47.684380 27.179
 88    54.387 55308.52436024 28.68 131.752773  47.687620 27.179
 88    54.319 55308.52436088 30.23 131.751452  47.690868 31.991
 88    54.302 55308.52436152 30.86 131.750142  47.694108 31.991
 88    54.537 55308.52436217 34.08 131.748822  47.697358 31.991
 88    54.571 55308.52436281 39.72 131.747502  47.700598 31.991
 89    56.557 55343.52436058 46.82 131.746246  47.688578 42.703
 89    56.470 55343.52436122 39.24 131.744930  47.691826 34.720
 89    56.323 55343.52436187 30.76 131.743610  47.695066 34.720
 89    56.311 55343.52436251 28.19 131.742300  47.698316 34.720
 89    56.528 55343.52436316 30.70 131.740980  47.701556 34.720
 89    56.671 55343.52436380 40.33 131.739660  47.704806 34.720
 90    55.815 55378.52435455 51.77 131.749010  47.687377 34.809
 90    55.774 55378.52435520 50.83 131.747690  47.690617 34.809
 90    55.865 55378.52435584 50.16 131.746370  47.693867 34.809
 90    55.846 55378.52435649 51.06 131.745060  47.697107 34.809
 90    55.791 55378.52435713 53.00 131.743740  47.700357 34.809
 90    55.920 55378.52435777 51.12 131.742420  47.703597 34.809
 91    56.448 55413.52438056 52.51 131.741236  47.692664 40.005
 91    56.503 55413.52438121 52.52 131.739916  47.695914 40.005
 91    56.612 55413.52438185 51.77 131.738596  47.699154 40.005
 91    56.708 55413.52438250 50.39 131.737286  47.702404 40.005
 91    56.567 55413.52438314 52.42 131.735966  47.705644 40.005
 91    56.666 55413.52438379 48.87 131.734646  47.708884 40.005
 92    56.429 55448.52436831 28.62 131.748964  47.687765 29.100
 92    56.275 55448.52436895 22.43 131.747644  47.691005 29.100
 92    56.065 55448.52436960 25.10 131.746331  47.694252 28.374
 92    56.207 55448.52437024 34.59 131.745011  47.697492 28.374
 92    56.355 55448.52437089 41.70 131.743691  47.700742 28.374
 92    56.468 55448.52437153 48.74 131.742381  47.703982 28.374
 93    53.877 55483.52429382 41.09 131.759126  47.679060 19.500
 93    53.953 55483.52429447 37.42 131.757806  47.682300 19.500
 93    53.738 55483.52429511 26.06 131.756486  47.685540 19.500
 93    53.578 55483.52429576 26.10 131.755176  47.688790 19.500
 93    53.699 55483.52429640 24.22 131.753856  47.692030 19.500
 93    53.831 55483.52429704 25.22 131.752536  47.695280 19.500
 93    53.871 55483.52429769 32.51 131.751226  47.698520 19.500
