-203273.032    -3.241     0.00    1.54
-202899.268    -3.164     0.21    1.47
-202525.549    -2.841     0.86    1.15
-202151.876    -2.793     0.13    1.11
-201778.248    -2.567     0.61    1.10
-201404.665    -2.534     0.09    1.12
-201031.127    -2.492     0.11    1.03
-200657.635    -2.647    -0.42    1.04
-200284.187    -2.607     0.11    1.11
-199910.785    -2.567     0.11    1.09
-199537.428    -2.403     0.44    1.14
-199164.116    -2.349     0.14    1.12
-198790.849    -2.389    -0.11    1.11
-198417.627    -2.558    -0.45    1.08
-198044.450    -2.247     0.83    1.15
-197671.318    -2.164     0.22    1.20
-197298.232    -2.016     0.40    1.25
-196925.190    -2.051    -0.09    1.24
-196552.193    -2.180    -0.35    1.37
-196179.241    -2.222    -0.11    1.33
-195806.334    -2.099     0.33    1.33
-195433.472    -2.075     0.06    1.43
-195060.655    -2.018     0.15    1.42
-194687.883    -1.938     0.22    1.45
-194315.156    -1.600     0.91    1.56
-193942.474    -1.276     0.87    1.34
-193569.836    -0.793     1.30    0.97
-193197.243    -0.619     0.47    0.91
-192824.695    -0.666    -0.13    1.06
-192452.192    -0.587     0.21    1.18
-192079.734    -0.714    -0.34    1.17
-191707.320    -0.904    -0.51    1.19
-191334.952    -1.079    -0.47    1.04
-190962.627    -1.103    -0.07    0.93
-190590.348    -0.986     0.31    1.02
-190218.113    -0.891     0.26    1.21
-189845.923    -1.051    -0.43    1.32
-189473.778    -1.048     0.01    1.45
-189101.677    -1.038     0.03    1.30
-188729.621    -0.773     0.71    1.20
-188357.609     2.030     7.54    7.17
-187985.642     6.766    12.73   11.74
-187613.720    13.578    18.32   16.19
-187241.842    18.667    13.69   17.26
-186870.009    19.159     1.32   17.56
-186498.220    15.397   -10.12   14.99
-186126.475    12.353    -8.19   11.84
-185754.776     9.546    -7.55   10.82
-185383.120     8.782    -2.06    9.77
-185011.509     9.562     2.10   10.07
-184639.943    11.752     5.90   13.30
-184268.421    13.174     3.83   13.49
-183896.943    14.314     3.07   13.07
-183525.509    14.307    -0.02   10.12
-183154.120    17.176     7.73   11.26
-182782.776    22.191    13.51   12.71
-182411.475    27.421    14.09   12.71
-182040.219    30.096     7.20   13.09
-181669.008    32.225     5.74   13.54
-181297.840    33.659     3.87   14.82
-180926.717    37.953    11.57   16.51
-180555.638    46.766    23.75   20.23
-180184.603    57.000    27.59   24.36
-179813.612    62.611    15.13   21.84
-179442.666    67.270    12.56   21.51
-179071.764    76.323    24.41   30.44
-178700.906    87.498    30.14   39.41
-178330.092    93.109    15.13   43.24
-177959.322    89.000   -11.08   36.45
-177588.596    86.329    -7.21   30.20
-177217.914    85.949    -1.02   24.84
-176847.277    81.417   -12.23   25.58
-176476.683    77.207   -11.36   22.35
-176106.134    80.062     7.71   26.43
-175735.628    85.540    14.79   30.23
-175365.167    98.397    34.71   36.42
-174994.749   105.224    18.43   32.06
-174624.376   105.546     0.87   29.90
-174254.046   100.095   -14.72   25.30
-173883.760    88.684   -30.82   18.74
-173513.518    81.701   -18.86   18.24
-173143.321    80.397    -3.52   26.16
-172773.167    78.973    -3.85   33.37
-172403.056    69.051   -26.81   33.33
-172032.990    57.918   -30.09   30.31
-171662.968    46.536   -30.76   22.35
-171292.989    45.831    -1.90   21.19
-170923.054    55.036    24.89   29.64
-170553.163    66.126    29.99   29.31
-170183.315    70.562    12.00   22.03
-169813.512    76.946    17.27   19.72
-169443.752    85.336    22.70   23.30
-169074.036   104.438    51.67   29.75
-168704.363   116.659    33.07   29.02
-168330.322   117.715     2.82   28.69
-167951.754   106.520   -29.58   32.26
-167573.231    85.784   -54.79   26.16
-167194.755    65.711   -53.05   16.82
-166816.325    52.012   -36.21   14.14
-166437.940    42.749   -24.48    9.16
-166059.602    38.111   -12.26    4.64
-165681.309    37.191    -2.43    3.61
-165303.062    38.030     2.22    4.48
-164924.861    39.240     3.20    5.10
-164546.706    40.290     2.78    5.39
-164168.597    40.627     0.89    4.95
-163790.533    42.866     5.92    8.05
-163412.516    47.972    13.51   15.07
-163034.544    53.651    15.03   19.40
-162656.618    57.477    10.12   19.65
-162278.737    62.724    13.89   18.94
-161900.903    63.110     1.02   15.88
-161523.114    66.429     8.79   15.96
-161145.370    78.280    31.38   27.50
-160767.673   101.208    60.72   42.42
-160390.021   127.442    69.48   43.14
-160012.415   158.546    82.38   47.96
-159634.854   177.514    50.25   46.12
-159257.339   177.191    -0.85   48.52
-158879.869   164.982   -32.35   41.82
-158502.445   163.126    -4.92   44.76
-158125.067   172.046    23.64   55.06
-157747.734   204.939    87.18   66.16
-157370.446   225.909    55.59   68.04
-156993.204   219.700   -16.46   64.39
-156616.008   199.836   -52.67   61.99
-156238.857   164.438   -93.87   56.85
-155861.751   135.159   -77.65   44.07
-155484.691   124.369   -28.62   27.63
-155107.676   136.668    32.63   39.69
-154730.707   165.651    76.90   46.07
-154353.783   192.745    71.89   35.38
-153976.904   201.762    23.93   26.94
-153600.071   196.901   -12.90   28.93
-153223.283   190.885   -15.97   28.26
-152846.540   184.175   -17.81   25.28
-152469.843   180.602    -9.49   26.46
-152093.190   163.627   -45.07   34.38
-151716.583   146.625   -45.15   34.37
-151340.022   128.487   -48.17   31.76
-150963.505   109.942   -49.26   18.78
-150587.034    97.224   -33.79   17.96
-150210.607    85.853   -30.21   17.95
-149834.226    77.691   -21.69   15.22
-149457.890    69.716   -21.19    4.26
-149081.599    67.191    -6.71    2.08
-148705.354    65.336    -4.93    1.97
-148329.153    63.831    -4.00    2.10
-147952.997    62.581    -3.33    1.94
-147576.887    61.871    -1.89    1.41
-147200.821    61.433    -1.16    1.67
-146824.801    60.454    -2.60    2.47
-146448.825    59.191    -3.36    2.64
-146072.895    57.820    -3.65    2.07
-145697.009    57.111    -1.89    1.68
-145321.169    56.937    -0.46    2.01
-144945.373    56.538    -1.06    2.02
-144569.622    55.864    -1.80    1.65
-144193.916    59.878    10.69   15.62
-143818.255    70.286    27.71   26.91
-143442.639    80.009    25.89   30.09
-143067.067    91.853    31.54   31.66
-142691.541   101.889    26.73   31.38
-142316.059   116.126    37.92   38.07
-141940.622   124.969    23.56   38.88
-141565.230   137.210    32.61   40.10
-141189.882   128.111   -24.25   43.07
-140814.579   107.692   -54.41   27.51
-140439.321   108.030     0.90   19.58
-140064.108   119.336    30.14   23.51
-139688.939   131.810    33.25   25.11
-139313.815   152.438    55.00   28.48
-138938.736   179.684    72.65   38.12
-138563.701   221.746   112.17   55.41
-138188.711   262.651   109.10   56.70
-137813.765   296.128    89.30   40.01
-137438.864   311.314    40.51   31.62
-137064.008   298.274   -34.79   43.29
-136689.196   273.413   -66.34   43.67
-136314.428   250.209   -61.92   38.85
-135939.706   245.776   -11.83   35.60
-135565.027   258.466    33.87   44.34
-135190.393   285.857    73.13   53.68
-134815.804   322.651    98.24   63.48
-134441.259   351.127    76.04   65.68
-134066.758   365.956    39.60   75.58
-133692.302   365.191    -2.04   78.30
-133317.890   334.126   -82.98   79.56
-132943.522   291.578  -113.67   68.07
-132569.199   259.602   -85.44   45.77
-132194.920   253.864   -15.33   30.67
-131820.686   261.159    19.50   32.70
-131446.496   282.699    57.57   38.55
-131072.350   311.240    76.29   41.55
-130698.248   334.426    61.99   40.47
-130324.191   351.635    46.01   40.78
-129950.177   348.383    -8.70   41.66
-129576.208   328.848   -52.25   42.05
-129202.284   305.521   -62.39   37.43
-128828.403   283.334   -59.35   31.43
-128454.567   265.409   -47.95   26.39
-128080.774   262.477    -7.85   33.28
-127707.026   264.740     6.06   40.63
-127333.322   261.798    -7.87   43.61
-126959.662   265.030     8.65   40.62
-126586.046   274.815    26.19   40.33
-126212.474   294.256    52.05   44.75
-125838.946   311.329    45.71   31.48
-125465.462   307.536   -10.16   31.30
-125092.023   283.073   -65.52   36.94
-124718.627   265.365   -47.43   31.25
-124345.275   255.752   -25.75   25.94
-123971.967   254.984    -2.06   29.48
-123598.703   255.642     1.76   32.24
-123225.483   252.626    -8.08   37.89
-122852.307   248.937    -9.89   44.53
-122479.175   256.749    20.94   55.44
-122106.086   255.032    -4.60   51.20
-121733.042   249.207   -15.62   42.76
-121360.041   247.466    -4.67   47.46
-120987.084   260.952    36.17   62.37
-120614.171   282.842    58.71   62.47
-120241.302   300.057    46.18   68.15
-119868.477   310.514    28.05   70.71
-119495.695   318.498    21.42   73.65
-119122.957   316.848    -4.43   69.29
-118750.262   291.320   -68.50   56.37
-118377.612   267.634   -63.57   43.99
-118005.005   237.417   -81.11   38.14
-117632.442   211.532   -69.49   30.43
-117259.922   187.530   -64.44   27.04
-116887.446   168.346   -51.51   22.58
-116515.014   150.982   -46.63   21.70
-116142.625   136.109   -39.94   13.64
-115770.280   127.788   -22.35    8.77
-115397.978   123.244   -12.21    3.59
-115025.720   129.853    17.76   22.06
-114653.506   147.369    47.06   39.80
-114281.335   162.820    41.52   42.54
-113909.207   175.323    33.60   38.98
-113537.123   169.225   -16.39   34.16
-113165.083   155.709   -36.33   27.98
-112793.086   148.742   -18.73   23.47
-112421.132   144.254   -12.07   23.73
-112049.222   141.459    -7.52   22.25
-111677.355   137.223   -11.39   19.08
-111305.532   133.176   -10.88   16.16
-110933.752   129.159   -10.81   14.24
-110562.015   126.379    -7.48   13.72
-110190.321   123.826    -6.87   11.30
-109818.671   122.307    -4.09    9.15
-109447.065   122.143    -0.44    6.98
-109075.501   122.208     0.18    5.01
-108703.981   122.389     0.49    3.35
-108332.504   122.643     0.68    3.06
-107961.070   123.569     2.49    2.99
-107589.680   125.044     3.97    3.43
-107218.332   128.108     8.25    5.05
-106847.028   134.724    17.82    9.56
-106475.767   145.642    29.41   16.89
-106104.549   154.862    24.84   19.00
-105733.375   160.056    13.99   16.58
-105362.243   161.192     3.06   12.61
-104991.155   165.566    11.79   15.54
-104620.109   176.659    29.90   24.65
-104249.107   188.676    32.39   33.74
-103878.148   198.508    26.51   42.10
-103507.232   201.602     8.34   41.76
-103136.359   200.426    -3.17   38.85
-102765.528   201.078     1.76   31.22
-102394.741   199.820    -3.39   20.42
-102023.997   202.897     8.30   12.41
-101653.296   208.210    14.33    9.17
-101282.638   216.014    21.06   10.05
-100912.022   224.556    23.05   11.63
-100541.450   237.191    34.10   17.11
-100170.920   251.073    37.47   19.61
 -99800.433   267.536    44.44   23.95
 -99429.990   284.905    46.89   26.04
 -99059.589   297.009    32.68   26.45
 -98689.230   311.193    38.30   27.55
 -98318.915   329.032    48.18   35.09
 -97948.642   360.976    86.28   45.02
 -97578.413   397.667    99.11   54.60
 -97208.226   437.966   108.87   70.89
 -96838.081   487.585   134.07   81.07
 -96467.980   564.042   206.60   92.83
 -96097.921   627.209   170.71   97.69
 -95727.905   669.191   113.47   75.05
 -95357.931   661.057   -21.99   88.34
 -94988.000   583.482  -209.72  133.27
 -94618.112   494.600  -240.32  104.21
 -94248.267   453.438  -111.31   67.92
 -93878.464   474.521    57.02   85.99
 -93505.348   523.003   129.95   87.56
 -93126.875   552.125    76.95   67.25
 -92748.447   531.905   -53.44   72.84
 -92370.064   488.585  -114.50   66.21
 -91991.726   452.046   -96.59   61.44
 -91613.433   427.949   -63.70   55.10
 -91235.184   419.312   -22.84   62.70
 -90856.980   389.175   -79.69   65.33
 -90478.821   355.379   -89.38   45.93
 -90100.706   326.449   -76.52   39.43
 -89722.636   312.062   -38.06   39.00
 -89344.611   296.342   -41.59   39.91
 -88966.630   272.487   -63.12   29.08
 -88588.694   251.742   -54.89   24.46
 -88210.803   239.659   -31.98   24.88
 -87832.956   239.359    -0.79   35.72
 -87455.154   233.998   -14.19   37.65
 -87077.396   226.651   -19.45   39.55
 -86699.682   222.417   -11.21   37.45
 -86322.014   217.257   -13.66   34.05
 -85944.389   222.059    12.72   37.93
 -85566.809   229.336    19.28   35.69
 -85189.274   235.297    15.79   31.01
 -84811.783   221.012   -37.85   36.36
 -84434.336   193.538   -72.79   36.03
 -84056.934   177.917   -41.39   26.99
 -83679.577   174.853    -8.12   24.91
 -83302.263   178.831    10.55   26.44
 -82924.994   182.731    10.34   26.59
 -82547.769   178.532   -11.13   26.56
 -82170.589   178.753     0.59   28.13
 -81793.453   190.780    31.89   30.39
 -81416.361   201.111    27.40   24.85
 -81039.313   201.651     1.43   20.55
 -80662.310   195.979   -15.05   18.24
 -80285.351   184.643   -30.07   18.99
 -79908.436   172.831   -31.34   18.32
 -79531.565   165.077   -20.58   16.51
 -79154.739   169.532    11.82   28.22
 -78777.957   185.061    41.22   43.23
 -78401.218   204.969    52.85   48.79
 -78024.524   215.859    28.91   43.49
 -77647.874   213.559    -6.11   34.46
 -77271.268   201.307   -32.54   31.05
 -76894.707   180.466   -55.35   32.19
 -76518.189   155.487   -66.35   25.71
 -76141.715   135.659   -52.67   20.17
 -75765.285   121.641   -37.24   14.95
 -75388.900   111.901   -25.88   12.90
 -75012.558   103.326   -22.79    8.93
 -74636.260    98.238   -13.52    6.26
 -74260.006    94.667    -9.49    3.70
 -73883.797    92.726    -5.16    3.03
 -73507.631    91.257    -3.90    2.80
 -73131.509    90.323    -2.48    2.46
 -72755.431    89.982    -0.91    2.79
 -72379.396    92.476     6.63    8.90
 -72003.406    99.546    18.81   15.28
 -71627.460   109.091    25.39   18.79
 -71251.557   122.126    34.68   21.35
 -70875.698   137.766    41.61   25.75
 -70499.883   153.831    42.75   33.03
 -70124.111   174.740    55.65   36.94
 -69748.384   191.092    43.53   37.46
 -69372.700   197.733    17.68   36.96
 -68997.060   206.695    23.86   37.70
 -68621.463   211.982    14.08   36.34
 -68245.911   221.438    25.18   36.72
 -67870.402   238.159    44.53   36.65
 -67494.936   269.815    84.32   40.48
 -67119.514   292.356    60.05   42.53
 -66744.136   312.376    53.34   38.78
 -66368.802   319.109    17.94   33.88
 -65993.511   310.417   -23.16   36.26
 -65618.263   297.366   -34.78   36.06
 -65243.060   300.096     7.28   34.05
 -64867.899   302.228     5.68   42.01
 -64492.782   315.788    36.15   46.19
 -64117.709   332.659    44.98   40.26
 -63742.679   341.627    23.91   35.45
 -63367.693   350.405    23.41   31.50
 -62992.750   361.876    30.60   27.51
 -62617.851   378.108    43.30   32.38
 -62242.995   394.142    42.78   35.09
 -61868.182   407.946    36.83   32.91
 -61493.413   412.987    13.45   36.59
 -61118.687   400.094   -34.41   40.14
 -60744.005   380.842   -51.38   42.92
 -60369.366   371.175   -25.80   45.46
 -59994.770   354.909   -43.43   50.92
 -59620.217   343.376   -30.79   52.07
 -59245.708   332.032   -30.29   46.86
 -58871.242   316.566   -41.30   43.77
 -58496.819   300.979   -41.63   42.23
 -58122.440   280.212   -55.47   40.22
 -57748.104   275.159   -13.50   40.14
 -57373.811   294.342    51.26   47.39
 -56999.561   321.454    72.45   43.89
 -56625.354   339.782    48.98   28.91
 -56251.191   338.272    -4.04   26.24
 -55877.070   325.626   -33.80   32.71
 -55502.993   303.509   -59.13   37.14
 -55128.959   283.667   -53.05   35.53
 -54754.968   265.076   -49.71   37.90
 -54381.020   253.776   -30.22   40.43
 -54007.115   234.802   -50.75   47.60
 -53633.253   221.836   -34.68   46.61
 -53259.434   209.509   -32.98   46.73
 -52885.659   196.602   -34.53   44.09
 -52511.926   175.946   -55.27   42.91
 -52138.236   155.257   -55.37   37.60
 -51764.589   136.826   -49.33   31.67
 -51390.985   125.442   -30.47   24.59
 -51017.424   116.643   -23.56   24.99
 -50643.906   109.776   -18.39   24.20
 -50270.431    98.859   -29.23   23.33
 -49896.998    92.052   -18.23   20.88
 -49523.609    84.691   -19.71   21.89
 -49150.262    74.609   -27.01   20.22
 -48776.959    65.339   -24.83   15.43
 -48403.698    56.634   -23.32    3.70
 -48030.479    56.520    -0.31    2.44
 -47657.304    56.413    -0.29    1.94
 -47284.171    56.820     1.09    1.71
 -46911.082    57.740     2.47    2.51
 -46538.035    58.909     3.13    2.96
 -46165.030    60.585     4.49    3.19
 -45792.068    65.248    12.50    8.81
 -45419.149    72.014    18.14   13.56
 -45046.273    81.074    24.30   16.45
 -44673.439    93.062    32.16   19.58
 -44300.648   114.520    57.56   32.25
 -43927.900   136.792    59.76   41.39
 -43555.194   167.976    83.67   48.27
 -43182.531   204.094    96.92   57.75
 -42809.910   234.290    81.04   54.60
 -42437.332   251.549    46.32   49.95
 -42064.796   275.046    63.08   57.84
 -41692.303   294.534    52.32   63.93
 -41319.853   300.143    15.06   70.49
 -40947.445   315.194    40.42   74.62
 -40575.079   318.949    10.09   74.38
 -40202.756   322.735    10.17   68.32
 -39830.476   346.617    64.15   63.14
 -39458.237   357.976    30.52   57.54
 -39086.041   355.962    -5.41   57.05
 -38713.888   335.471   -55.06   54.59
 -38341.777   313.992   -57.72   54.66
 -37969.708   290.917   -62.02   55.64
 -37597.682   278.642   -33.00   54.16
 -37225.698   268.342   -27.69   62.49
 -36853.756   259.573   -23.58   71.73
 -36481.857   256.143    -9.22   61.81
 -36110.000   261.036    13.16   49.53
 -35738.185   292.815    85.47   60.15
 -35366.413   310.922    48.71   53.50
 -34994.682   293.334   -47.32   63.87
 -34622.994   271.442   -58.90   58.59
 -34251.348   262.498   -24.07   47.94
 -33879.745   282.740    54.47   57.88
 -33508.183   317.752    94.23   66.93
 -33136.664   362.566   120.63   63.43
 -32765.186   406.346   117.86   59.78
 -32393.751   437.684    84.37   58.87
 -32022.358   436.590    -2.94   62.64
 -31651.007   419.716   -45.44   65.96
 -31279.699   380.212  -106.40   73.45
 -30908.432   340.933  -105.80   70.35
 -30537.207   320.259   -55.69   51.78
 -30166.025   345.442    67.85   77.80
 -29794.884   415.405   188.51   93.49
 -29423.785   477.526   167.40   93.53
 -29052.729   531.859   146.43   85.07
 -28681.714   561.244    79.20   70.09
 -28310.741   549.353   -32.06   81.10
 -27939.810   526.276   -62.22   82.50
 -27568.922   501.193   -67.63   69.46
 -27198.075   478.931   -60.03   65.31
 -26827.270   474.272   -12.56   66.34
 -26456.506   460.284   -37.73   74.94
 -26085.785   446.339   -37.62   77.03
 -25715.106   439.177   -19.32   68.58
 -25344.468   423.009   -43.62   70.62
 -24973.872   393.859   -78.66   79.44
 -24603.318   358.482   -95.47   77.48
 -24232.806   311.126  -127.82   77.34
 -23862.335   271.837  -106.05   76.48
 -23491.906   253.159   -50.42   74.24
 -23121.519   237.520   -42.23   68.32
 -22751.174   218.559   -51.20   65.95
 -22380.871   197.442   -57.03   66.19
 -22010.609   162.046   -95.60   61.60
 -21640.388   129.481   -87.96   62.14
 -21270.210   114.959   -39.23   55.48
 -20900.073   114.021    -2.53   61.17
 -20529.978   128.634    39.49   69.16
 -20159.924   159.228    82.67   65.06
 -19789.912   176.667    47.13   56.98
 -19419.941   193.366    45.14   52.29
 -19050.012   200.111    18.23   42.11
 -18677.706   189.007   -29.83   42.86
 -18299.326   183.059   -15.72   49.48
 -17920.989   165.438   -46.58   54.84
 -17542.695   139.226   -69.29   52.11
 -17164.446   140.159     2.47   49.38
 -16786.240   150.668    27.79   44.09
 -16408.077   170.077    51.33   39.71
 -16029.958   180.990    28.86   31.62
 -15651.883   170.126   -28.74   34.28
 -15273.851   160.487   -25.50   35.76
 -14895.863   148.192   -32.53   35.83
 -14517.918   129.430   -49.64   33.92
 -14140.016   107.317   -58.52   27.39
 -13762.158    95.503   -31.27   24.69
 -13384.344    81.576   -36.86   26.51
 -13006.573    58.668   -60.64   35.21
 -12628.845    42.307   -43.31   29.03
 -12251.161    43.676     3.63   26.22
 -11873.520    57.108    35.57   32.14
 -11495.922    84.379    72.22   29.87
 -11118.368   115.323    81.96   35.19
 -10740.857   147.383    84.93   40.72
 -10363.389   193.376   121.85   64.77
  -9985.965   239.842   123.12   67.68
  -9608.584   260.359    54.37   56.77
  -9231.246   255.413   -13.11   68.82
  -8853.951   225.776   -78.55   93.59
  -8476.700   179.836  -121.77  113.83
  -8099.492   126.073  -142.53  103.61
  -7722.327    76.242  -132.12   75.54
  -7345.205    44.492   -84.19   45.41
  -6968.126    28.626   -42.08   29.32
  -6591.091    17.023   -30.77   17.40
  -6214.098    13.176   -10.21   12.69
  -5837.149     9.873    -8.76    9.94
  -5460.243     7.492    -6.32    7.24
  -5083.380     6.642    -2.26    5.09
  -4706.560     6.105    -1.43    4.41
  -4329.783     6.012    -0.25    4.59
  -3953.049     5.883    -0.34    4.66
  -3576.358     5.372    -1.36    4.85
  -3199.710     5.772     1.06    4.87
  -2823.105     6.292     1.38    4.93
  -2446.543     7.626     3.54    4.15
  -2070.024     9.377     4.65    3.15
  -1693.547    11.143     4.69    2.85
  -1317.114     9.193    -5.18    5.36
   -940.724     6.127    -8.15    6.49
   -564.376     2.515    -9.60    5.92
   -188.072    -0.214    -7.25    2.36
    188.190    -0.841    -1.67    0.00
    564.409    -0.841     0.00    0.00
    940.585    -0.169     1.79    2.20
   1316.719     0.302     1.25    2.81
   1692.809     2.126     4.85    4.00
   2068.857     6.176    10.77    7.46
   2444.862    10.566    11.67    9.49
   2820.824    12.642     5.52    8.38
   3196.744    12.995     0.94    8.07
   3572.621    15.007     5.35    7.48
   3948.455    17.735     7.26    6.76
   4324.247    21.385     9.71    4.82
   4699.996    24.356     7.91    2.88
   5075.702    26.515     5.75    2.64
   5451.366    28.617     5.59    2.78
   5826.987    30.937     6.18    2.97
   6202.565    33.759     7.51    3.30
   6578.101    36.362     6.93    3.38
   6953.594    39.715     8.93    4.06
   7329.045    44.142    11.79    6.93
   7704.453    51.278    19.01   12.65
   8079.819    62.728    30.50   23.88
   8455.142    71.339    22.94   28.97
   8830.423    75.617    11.40   26.61
   9205.661    72.447    -8.45   14.49
   9580.857    72.759     0.83    8.94
   9956.010    76.007     8.66    9.15
  10331.121    82.617    17.62   12.40
  10706.190    90.701    21.56   15.69
  11081.216    99.520    23.51   18.93
  11456.200   107.607    21.57   20.81
  11831.142   115.676    21.52   20.50
  12206.041   124.498    23.53   20.88
  12580.898   131.897    19.74   21.55
  12955.712   141.176    24.76   22.33
  13330.485   150.909    25.97   25.70
  13705.215   165.804    39.75   33.69
  14079.902   177.430    31.03   40.77
  14454.548   207.076    79.13   54.90
  14829.151   233.795    71.33   51.93
  15203.712   247.766    37.30   51.27
  15578.231   255.034    19.41   49.97
  15952.708   260.304    14.07   44.52
  16327.142   270.532    27.31   35.84
  16701.535   290.820    54.19   41.82
  17075.885   328.553   100.79   48.59
  17450.193   355.044    70.77   49.32
  17824.459   369.876    39.63   42.65
  18198.683   379.600    25.98   38.92
  18572.865   391.848    32.73   43.26
  18947.005   408.141    43.55   43.51
  19321.103   419.939    31.54   43.72
  19695.159   411.091   -23.65   56.87
  20069.172   382.699   -75.91   70.15
  20443.144   346.126   -97.79   59.89
  20817.074   328.040   -48.36   43.50
  21190.962   331.111     8.21   44.38
  21564.808   356.209    67.13   49.00
  21938.612   390.625    92.07   43.70
  22312.374   410.969    54.43   37.89
  22686.094   439.798    77.14   47.91
  23059.773   472.194    86.69   48.64
  23433.409   476.009    10.21   51.41
  23807.004   455.718   -54.31   76.62
  24180.556   427.769   -74.82   86.85
  24554.067   388.854  -104.19   74.13
  24927.537   383.549   -14.20   79.59
  25300.964   377.578   -15.99   73.91
  25674.350   362.987   -39.08   55.57
  26047.694   356.651   -16.97   36.36
  26420.996   358.955     6.17   28.65
  26794.256   379.109    53.99   45.12
  27167.475   405.004    69.38   58.05
  27540.652   432.433    73.50   65.59
  27913.787   462.376    80.24   74.07
  28286.881   490.194    74.56   82.30
  28659.933   507.701    46.93   85.92
  29032.943   521.585    37.22   86.26
  29405.912   524.854     8.76   84.18
  29778.839   522.820    -5.45   74.20
  30151.725   538.077    40.91   68.55
  30524.569   563.492    68.16   75.56
  30897.371   580.092    44.53   79.88
  31270.132   590.981    29.21   83.09
  31642.852   587.562    -9.17   70.97
  32015.530   586.831    -1.96   57.95
  32388.166   607.617    55.78   61.54
  32760.761   648.749   110.39   74.18
  33133.315   675.859    72.77   81.93
  33505.827   716.329   108.64   80.34
  33878.297   761.922   122.40   85.06
  34250.727   813.716   139.07   97.06
  34623.114   877.400   171.01  105.03
  34995.461   940.546   169.58  102.98
  35367.766   983.963   116.61   81.94
  35740.030   987.392     9.21   91.32
  36112.252   988.769     3.70  105.92
  36484.433   989.336     1.52  106.04
  36856.573   983.492   -15.70  102.73
  37228.671   967.413   -43.21  109.75
  37600.728   921.312  -123.91  125.30
  37972.744   919.312    -5.38  124.71
  38344.719   954.939    95.77  138.99
  38716.652   995.532   109.14  114.97
  39088.544  1012.159    44.71   81.88
  39460.395   982.642   -79.38  103.68
  39832.205   923.880  -158.04  104.84
  40203.974   862.232  -165.82   85.58
  40575.701   823.012  -105.50   82.28
  40947.388   789.400   -90.42   95.79
  41319.033   720.503  -185.38  121.64
  41690.637   616.515  -279.82  119.85
  42062.200   516.888  -268.12  119.50
  42433.722   439.176  -209.16   77.69
  42805.203   414.897   -65.36   54.06
  43176.643   433.280    49.49   62.30
  43548.042   482.797   133.32   71.74
  43919.400   538.433   149.81   68.41
  44290.716   587.756   132.82   69.43
  44661.992   626.918   105.48   84.03
  45033.227   647.966    56.70   90.85
  45404.421   670.094    59.61  101.85
  45775.574   707.038    99.54  111.23
  46146.686   749.073   113.26  104.90
  46517.757   765.110    43.22  106.41
  46888.787   759.939   -13.94  113.62
  47259.776   757.447    -6.72  106.82
  47630.725   754.668    -7.49   93.18
  48001.632   778.909    65.35   82.39
  48372.499   791.668    34.40   78.55
  48743.325   792.798     3.05   71.84
  49114.110   803.998    30.20   76.20
  49484.854   810.176    16.66   62.79
  49855.558   799.642   -28.41   70.30
  50226.221   769.454   -81.44   86.99
  50596.843   728.159  -111.42   73.15
  50967.424   715.797   -33.36   59.04
  51337.965   742.331    71.61   74.13
  51708.465   785.241   115.81   82.52
  52078.924   852.383   181.23  103.03
  52449.342   896.549   119.23   94.51
  52819.720   914.159    47.54   79.96
  53190.057   902.295   -32.04   92.87
  53560.354   831.245  -191.86  109.61
  53930.610   747.685  -225.67   88.84
  54300.825   671.962  -204.52   80.17
  54671.000   621.831  -135.42   63.87
  55041.134   614.159   -20.73   69.94
  55411.228   648.159    91.86  102.34
  55781.281   685.359   100.52   97.68
  56152.889   696.987    31.29   81.74
  56531.177   664.320   -86.35   78.50
  56909.422   601.735  -165.45   55.19
  57287.625   566.939   -92.00   39.11
  57665.786   540.889   -68.88   25.57
  58043.904   530.532   -27.39   26.57
  58421.979   526.701   -10.13   27.97
  58800.013   521.552   -13.62   31.38
  59178.003   507.272   -37.78   32.68
  59555.952   492.034   -40.32   30.95
  59933.858   471.592   -54.09   26.66
  60311.722   456.286   -40.51   19.26
  60689.543   450.057   -16.48   14.95
  61067.322   451.042     2.61   15.37
  61445.059   455.029    10.55   17.59
  61822.753   454.026    -2.66   17.23
  62200.405   446.563   -19.76   19.30
  62578.015   435.880   -28.29   18.30
  62955.583   426.880   -23.84   12.77
  63333.108   424.843    -5.40   10.40
  63710.591   432.028    19.03   16.97
  64088.032   442.141    26.79   22.19
  64465.431   456.842    38.95   37.08
  64842.788   456.718    -0.33   42.30
  65220.102   444.191   -33.20   47.29
  65597.374   425.074   -50.67   44.49
  65974.605   406.435   -49.41   24.92
  66351.793   397.982   -22.41   12.93
  66728.939   395.349    -6.98   14.58
  67106.043   390.521   -12.80   12.80
  67483.104   388.580    -5.15   12.32
  67860.124   386.401    -5.78   13.21
  68237.102   383.362    -8.06   16.06
  68614.038   382.797    -1.50   20.46
  68990.932   386.080     8.71   30.31
  69367.783   385.752    -0.87   31.89
  69744.593   382.532    -8.55   28.45
  70121.361   377.686   -12.86   23.07
  70498.087   377.880     0.52   26.84
  70874.771   378.263     1.01   29.61
  71251.413   377.726    -1.43   31.25
  71628.013   375.346    -6.32   29.95
  72004.572   368.820   -17.33   24.87
  72381.088   363.969   -12.88   19.63
  72757.563   361.905    -5.48   16.40
  73133.996   365.192     8.73   21.10
  73510.387   370.264    13.47   26.04
  73886.736   376.675    17.03   28.52
  74263.043   387.888    29.79   35.40
  74639.309   407.573    52.31   43.33
  75015.533   423.842    43.24   36.94
  75391.715   434.210    27.56   27.85
  75767.856   434.194    -0.04   31.68
  76143.955   425.773   -22.39   36.00
  76520.012   397.618   -74.86   43.75
  76896.027   370.331   -72.56   39.99
  77272.001   351.642   -49.71   29.86
  77647.933   342.876   -23.32   19.51
  78023.824   350.909    21.37   26.80
  78399.672   375.849    66.35   42.70
  78775.480   416.362   107.80   56.29
  79151.245   449.962    89.41   48.92
  79526.970   458.873    23.72   50.32
  79902.652   445.242   -36.28   53.95
  80278.293   428.194   -45.38   41.83
  80653.893   427.159    -2.76   31.79
  81029.451   444.481    46.12   35.30
  81404.967   461.930    46.46   39.14
  81780.443   464.056     5.66   41.11
  82155.876   455.107   -23.83   40.14
  82531.268   447.667   -19.82   40.28
  82906.619   432.248   -41.08   45.40
  83281.929   434.590     6.24   41.69
  83657.197   447.780    35.14   35.48
  84032.423   443.142   -12.36   29.04
  84407.608   428.418   -39.24   36.45
  84782.752   403.786   -65.65   40.08
  85157.855   371.365   -86.42   32.46
  85532.916   350.780   -54.88   21.50
  85907.936   334.159   -44.32   19.61
  86282.915   320.622   -36.10   16.55
  86657.852   312.859   -20.70   14.10
  87032.748   310.545    -6.17   18.02
  87407.603   323.127    33.56   36.64
  87782.417   348.515    67.73   56.90
  88157.189   367.004    49.33   53.93
  88531.920   377.109    26.96   43.86
  88906.610   376.056    -2.81   37.11
  89281.259   368.194   -20.98   33.67
  89655.867   348.878   -51.56   36.42
  90030.433   326.077   -60.87   37.62
  90404.959   313.487   -33.61   29.76
  90779.443   307.125   -16.99   21.42
  91153.886   313.651    17.43   19.83
  91528.289   322.090    22.54   15.57
  91902.650   321.866    -0.60   17.31
  92276.970   321.871     0.01   20.90
  92651.249   314.979   -18.41   21.78
  93025.487   303.570   -30.48   24.23
  93399.684   293.602   -26.64   24.00
  93773.840   282.723   -29.07   17.01
  94147.955   283.843     2.99   12.68
  94522.029   294.959    29.71   18.49
  94896.062   306.595    31.11   20.93
  95270.055   322.701    43.06   22.50
  95644.006   338.735    42.87   27.38
  96017.916   349.000    27.45   30.49
  96391.786   354.447    14.57   29.74
  96765.615   354.023    -1.13   28.31
  97139.403   339.566   -38.67   26.82
  97513.150   326.126   -35.96   24.26
  97886.856   313.194   -34.60   22.45
  98260.521   302.749   -27.95   20.57
  98634.146   289.854   -34.51   18.74
  99007.730   278.194   -31.21   17.74
  99381.273   264.549   -36.52   18.07
  99754.775   253.227   -30.31   16.32
 100128.236   241.383   -31.71   12.30
 100501.657   234.400   -18.70   10.44
 100875.038   226.634   -20.80   10.85
 101248.377   219.475   -19.18   10.39
 101621.676   211.701   -20.82    8.55
 101994.934   204.728   -18.68    6.11
 102368.151   200.278   -11.92    5.34
 102741.328   196.263   -10.76    3.73
 103114.465   193.634    -7.04    2.37
 103487.560   192.076    -4.18    1.92
 103860.615   191.229    -2.27    1.79
 104233.630   190.242    -2.65    1.46
 104606.604   190.233    -0.02    1.52
 104979.537   190.797     1.51    3.32
 105352.430   194.913    11.04   10.27
 105725.282   208.798    37.24   24.66
 106098.094   241.538    87.81   48.35
 106470.866   282.194   109.05   59.69
 106843.597   323.226   110.07   57.47
 107216.287   357.685    92.45   52.51
 107588.937   390.831    88.94   63.54
 107961.547   418.227    73.52   73.99
 108334.116   459.126   109.76   74.30
 108706.645   483.034    64.17   66.20
 109079.133   505.549    60.44   53.44
 109451.581   519.614    37.76   53.67
 109823.989   537.896    49.09   69.98
 110196.357   559.362    57.64   84.19
 110568.684   563.492    11.09   84.19
 110940.971   536.814   -71.65   93.15
 111313.217   496.797  -107.49   98.40
 111685.423   455.897  -109.87   69.77
 112057.589   444.362   -30.99   56.74
 112429.715   464.383    53.80   61.13
 112801.801   495.650    84.02   60.20
 113173.846   505.692    26.99   61.32
 113545.851   506.927     3.32   65.28
 113917.816   495.536   -30.62   64.68
 114289.741   492.580    -7.95   53.94
 114661.625   508.642    43.19   64.51
 115033.469   552.600   118.20   79.20
 115405.274   601.733   132.13   80.39
 115777.038   628.383    71.68   64.10
 116148.762   636.786    22.60   56.85
 116520.446   632.762   -10.82   53.42
 116892.090   634.089     3.57   66.38
 117263.694   657.532    63.08   76.35
 117635.258   684.770    73.30   70.13
 118006.781   689.295    12.18   61.47
 118378.265   706.802    47.12   61.50
 118749.709   728.700    58.95   59.45
 119121.113   721.820   -18.52   67.38
 119492.477   686.054   -96.30   79.55
 119863.801   654.007   -86.30   71.93
 120235.085   636.126   -48.15   70.48
 120606.329   638.487     6.36   71.56
 120977.533   641.685     8.61   62.01
 121348.697   611.061   -82.50   54.78
 121719.821   580.703   -81.79   62.27
 122090.906   540.842  -107.40   50.47
 122461.950   509.233   -85.18   40.81
 122832.955   494.876   -38.69   40.35
 123203.920   498.247     9.09   43.88
 123574.845   524.815    71.62   60.56
 123945.731   558.642    91.19   56.26
 124316.576   584.745    70.38   45.92
 124687.382   595.888    30.05   53.19
 125058.148   594.745    -3.08   61.42
 125428.874   602.004    19.58   56.85
 125799.561   600.108    -5.11   54.76
 126170.208   605.057    13.35   58.67
 126540.815   601.963    -8.35   59.13
 126911.382   570.831   -84.00   70.82
 127281.910   519.106  -139.58   70.09
 127652.398   481.452  -101.62   60.60
 128022.847   466.052   -41.57   48.51
 128393.256   478.241    32.90   62.16
 128763.625   501.545    62.91   63.07
 129133.955   502.481     2.53   60.76
 129504.245   475.720   -72.26   66.62
 129874.495   454.987   -55.99   60.26
 130244.706   445.366   -25.98   40.17
 130614.878   474.094    77.60   53.33
 130985.881   524.797   136.65   63.88
 131364.079   569.984   119.46   62.67
 131742.236   585.175    40.17   47.98
 132120.351   589.070    10.30   45.29
 132498.424   569.107   -52.79   46.15
 132876.457   533.969   -92.94   47.65
 133254.447   518.125   -41.91   47.63
 133632.397   509.900   -21.76   42.32
 134010.305   517.091    19.03   48.53
 134388.173   534.864    47.03   44.48
 134765.998   535.713     2.25   44.36
 135143.783   526.125   -25.37   46.63
 135521.526   518.016   -21.46   43.04
 135899.228   547.685    78.54   61.99
 136276.889   577.370    78.59   51.47
 136654.508   587.566    27.00   44.66
 137032.087   580.073   -19.84   50.01
 137409.624   560.299   -52.37   49.28
 137787.120   547.848   -32.98   47.89
 138164.575   531.984   -42.02   50.82
 138541.989   505.317   -70.65   66.61
 138919.362   463.396  -111.07   58.99
 139296.693   439.056   -64.50   37.78
 139673.984   442.791     9.90   39.58
 140051.233   472.695    79.26   51.46
 140428.442   506.566    89.78   43.25
 140805.609   519.748    34.95   35.46
 141182.735   506.421   -35.33   41.12
 141559.821   482.295   -63.97   38.28
 141936.865   469.073   -35.06   31.05
 142313.868   455.176   -36.86   34.80
 142690.831   442.583   -33.40   42.93
 143067.752   431.247   -30.07   42.79
 143444.633   424.106   -18.95   38.97
 143821.472   457.897    89.66   56.74
 144198.271   491.720    89.75   45.42
 144575.029   508.280    43.95   41.16
 144951.746   502.892   -14.30   44.30
 145328.422   491.826   -29.38   37.95
 145705.057   476.004   -42.00   31.42
 146081.652   467.395   -22.86   28.44
 146458.205   458.346   -24.03   26.44
 146834.718   444.723   -36.18   29.75
 147211.190   425.880   -50.04   43.31
 147587.622   393.728   -85.40   36.38
 147964.012   380.659   -34.72   22.65
 148340.362   382.815     5.73   23.87
 148716.671   399.194    43.52   28.49
 149092.939   417.409    48.40   32.40
 149469.167   437.307    52.88   33.27
 149845.354   455.312    47.85   40.57
 150221.500   476.745    56.97   41.52
 150597.606   499.769    61.21   43.49
 150973.671   524.871    66.74   54.06
 151349.695   539.780    39.64   62.27
 151725.679   564.228    65.01   64.86
 152101.622   602.705   102.33   68.82
 152477.525   645.387   113.53   77.40
 152853.387   681.356    95.68   72.96
 153229.209   694.880    35.98   69.77
 153604.990   712.843    47.79   71.01
 153980.730   734.676    58.10   74.81
 154356.430   774.826   106.85   66.34
 154732.090   793.125    48.70   53.52
 155107.709   790.073    -8.12   59.65
 155483.287   770.395   -52.38   70.06
 155858.825   774.312    10.43   61.59
 156234.323   784.814    27.96   55.21
 156609.780   769.290   -41.34   72.66
 156985.197   751.297   -47.92   81.96
 157360.574   737.763   -36.05   68.08
 157735.910   730.618   -19.03   60.67
 158111.205   749.040    49.08   63.28
 158486.461   741.194   -20.91   67.36
 158861.676   714.029   -72.39   69.29
 159236.851   692.193   -58.19   66.22
 159611.985   659.107   -88.18   53.26
 159987.080   656.700    -6.42   56.78
 160362.134   658.210     4.03   61.22
 160737.147   672.383    37.79   61.82
 161112.121   685.651    35.38   55.45
 161487.054   683.481    -5.79   51.58
 161861.947   672.159   -30.20   43.33
 162236.800   640.195   -85.26   48.17
 162611.612   621.257   -50.52   47.27
 162986.385   614.405   -18.28   44.53
 163361.117   607.418   -18.64   51.30
 163735.809   612.694    14.08   53.36
 164110.462   616.773    10.89   55.24
 164485.074   621.849    13.55   51.47
 164859.645   626.861    13.38   40.58
 165234.177   632.849    15.99   38.42
 165608.669   626.014   -18.25   41.35
 165983.121   610.126   -42.42   43.51
 166357.532   589.713   -54.51   47.63
 166731.904   582.808   -18.44   45.20
 167106.236   591.142    22.26   52.30
 167480.527   611.504    54.39   53.43
 167854.779   625.387    37.09   47.02
 168228.991   610.973   -38.51   52.60
 168603.162   584.023   -72.01   44.64
 168977.294   562.677   -57.05   41.14
 169351.386   549.405   -35.47   36.56
 169725.438   539.214   -27.24   36.83
 170099.450   524.052   -40.53   37.15
 170473.422   521.023    -8.10   39.16
 170847.355   518.400    -7.01   45.35
 171221.247   530.383    32.04   57.65
 171595.100   566.566    96.77   73.39
 171968.913   601.276    92.84   82.65
 172342.686   623.528    59.52   77.39
 172716.419   599.329   -64.74   94.48
 173090.112   549.789  -132.55   98.32
 173463.766   515.808   -90.93   72.00
 173837.380   505.159   -28.50   50.71
 174210.954   521.995    45.06   59.01
 174584.489   560.949   104.27   77.46
 174957.984   604.107   115.53   78.38
 175331.439   652.454   129.44   74.14
 175704.854   701.685   131.82   69.55
 176078.230   760.261   156.85   77.96
 176451.566   820.577   161.53   76.25
 176824.863   878.650   155.54   81.06
 177198.120   925.486   125.46   67.70
 177571.337   927.782     6.15   75.92
 177944.515   893.352   -92.25   97.96
 178317.653   826.607  -178.84  101.50
 178690.751   757.566  -185.02   84.04
 179063.810   708.338  -131.93   62.32
 179436.830   669.475  -104.17   50.42
 179809.810   636.563   -88.23   48.50
 180182.750   597.464  -104.82   46.10
 180555.651   571.941   -68.43   36.42
 180928.513   567.044   -13.13   37.54
 181301.335   577.457    27.93   49.97
 181674.117   601.545    64.60   51.04
 182046.860   620.563    51.01   37.59
 182419.564   617.487    -8.25   35.22
 182792.228   610.228   -19.47   38.15
 183164.853   589.430   -55.80   44.19
 183537.439   571.538   -48.01   47.45
 183909.985   552.212   -51.87   47.76
 184282.492   529.992   -59.64   43.39
 184654.959   510.886   -51.29   43.50
 185027.387   483.935   -72.35   43.78
 185399.776   458.559   -68.13   32.98
 185772.126   447.092   -30.79   34.78
 186144.436   444.498    -6.97   43.82
 186516.707   435.549   -24.04   42.62
 186888.939   432.125    -9.20   38.92
 187261.131   428.659    -9.31   35.80
 187633.285   430.383     4.63   35.47
 188005.399   450.763    54.76   46.17
 188377.473   483.123    86.96   55.53
 188749.509   524.650   111.60   60.25
 189121.506   553.379    77.22   54.76
 189493.463   567.820    38.82   51.25
 189865.381   561.542   -16.88   49.95
 190237.260   545.797   -42.33   50.24
 190609.100   534.510   -30.35   53.63
 190980.901   508.590   -69.70   56.14
 191352.663   479.023   -79.52   57.66
 191724.386   457.352   -58.29   50.41
 192096.070   450.056   -19.63   42.81
 192467.714   457.700    20.57   52.56
 192839.320   484.475    72.04   59.20
 193210.886   516.752    86.85   49.96
 193582.414   536.437    52.97   38.00
 193953.903   518.492   -48.29   53.35
 194325.352   483.001   -95.53   49.05
 194696.763   472.897   -27.20   42.88
 195068.135   472.856    -0.11   52.07
 195439.467   477.952    13.72   57.33
 195810.761   488.625    28.74   51.35
 196182.016   500.784    32.75   48.63
 196553.232   523.211    60.40   54.84
 196924.409   543.142    53.69   52.82
 197295.548   550.317    19.33   51.11
 197666.647   561.268    29.50   53.98
 198037.708   579.913    50.24   66.04
 198408.730   614.995    94.54   74.27
 198779.713   635.763    55.97   83.55
 199150.657   645.195    25.42   85.55
 199521.562   651.142    16.03   83.13
 199892.429   673.299    59.73   83.07
 200263.257   705.278    86.22   89.15
 200634.046   735.089    80.38   70.32
 201004.797   751.070    43.10   63.43
 201375.508   755.546    12.07   61.56
 201746.182   764.034    22.89   61.89
 202116.816   769.177    13.87   65.58
 202487.412   773.432    11.48   72.06
 202857.969   799.956    71.56   95.65
 203228.487   817.759    48.04   98.65
 203598.967   828.913    30.10   85.28
 203969.408   845.282    44.18   79.36
 204339.811   838.563   -18.14   73.30
 204710.174   832.019   -17.67   72.30
 205080.500   830.900    -3.02   77.85
 205450.787   824.791   -16.50   66.43
 205821.273   818.452   -17.11   70.83
 206199.386   816.831    -4.29   77.90
 206577.458   795.931   -55.27   84.12
 206955.491   802.225    16.64   84.32
 207333.483   824.214    58.16   74.32
 207711.434   869.299   119.27   79.45
 208089.346   898.280    76.67   78.14
 208467.217   900.335     5.44   79.99
 208845.048   864.036   -96.05  107.34
 209222.838   796.559  -178.57   98.85
 209600.589   747.396  -130.12   84.19
 209978.299   726.014   -56.60   85.23
 210355.969   717.776   -21.81  104.84
 210733.599   738.090    53.78  100.73
 211111.189   763.949    68.47   94.84
 211488.739   816.726   139.76  124.82
 211866.248   883.387   176.54  112.95
 212243.718   929.212   121.37   88.06
 212621.147   954.585    67.21   70.91
 212998.536   924.837   -78.81   83.16
 213375.885   876.623  -127.74   83.99
 213753.194   843.956   -86.56   80.95
 214130.464   818.607   -67.17   81.67
 214507.693   787.731   -81.83  102.04
 214884.882   739.376  -128.17  122.00
 215262.031   682.577  -150.57  105.91
 215639.140   628.685  -142.88   93.37
 216016.209   603.123   -67.78   80.86
 216393.238   594.107   -23.91   91.04
 216770.227   611.317    45.64  115.13
 217147.177   655.469   117.11  135.58
 217524.086   685.600    79.92  124.67
 217900.956   673.356   -32.48  116.02
 218277.785   613.854  -157.87  115.84
 218654.575   565.850  -127.37   87.15
 219031.325   566.598     1.98   75.58
 219408.035   622.295   147.82  106.02
 219784.705   705.556   221.00  108.97
 220161.336   733.984    75.46   92.03
 220537.926   703.759   -80.24  115.55
 220914.477   628.973  -198.57  131.57
 221290.988   549.552  -210.89   85.75
 221667.460   507.261  -112.31   73.35
 222043.891   480.573   -70.88   73.92
 222420.283   446.878   -89.50   70.78
 222796.635   405.459  -110.03   72.45
 223172.948   387.418   -47.93   64.20
 223549.221   382.070   -14.21   65.70
 223925.454   389.566    19.92   78.81
 224301.647   388.939    -1.67   77.49
 224677.801   396.335    19.66   89.33
 225053.915   386.995   -24.83  102.23
 225429.990   354.694   -85.87  103.16
 225806.025   313.297  -110.06   80.72
 226182.020   283.208   -80.01   38.31
 226557.976   287.370    11.07   48.85
 226933.893   333.492   122.67   71.88
 227309.769   387.215   142.89   77.58
 227685.607   432.566   120.64   70.87
 228061.404   470.338   100.49   80.70
 228437.163   515.442   120.01  111.44
 228812.882   571.711   149.73  135.84
 229188.561   657.641   228.68  168.68
 229564.201   731.992   197.89  182.53
 229939.801   786.518   145.13  178.51
 230315.362   816.563    79.98  143.41
 230690.884   818.395     4.88  130.94
 231066.366   874.573   149.58  127.85
 231441.809   908.370    90.00  106.94
 231817.212   906.297    -5.52  111.66
 232192.576   880.021   -69.98  125.98
 232567.901   816.580  -168.99  118.42
 232943.186   801.042   -41.39  114.99
 233318.433   829.326    75.36  105.71
 233693.639   846.598    46.02   77.18
 234068.807   862.923    43.50   57.91
 234443.935   848.405   -38.69   70.73
 234819.024   827.945   -54.53   95.30
 235194.074   779.021  -130.42  118.75
 235569.084   739.001  -106.69  122.76
 235944.056   757.071    48.18  123.62
 236318.988   810.909   143.56  158.70
 236693.881   900.066   237.76  156.91
 237068.735   974.615   198.83  108.22
 237443.549   986.356    31.32   85.74
 237818.325   946.212  -107.09  104.62
 238193.061   854.528  -244.60  110.07
 238567.758   809.913  -119.04   86.99
 238942.416   785.317   -65.63   77.12
 239317.035   772.071   -35.35   86.03
 239691.615   805.848    90.15   82.42
 240066.156   811.566    15.27   68.83
 240440.658   805.418   -16.41   62.43
 240815.121   807.615     5.87   60.52
 241189.544   791.738   -42.39   69.66
 241563.929   774.731   -45.42   77.94
 241938.275   763.212   -30.76   84.23
 242312.582   728.984   -91.42   85.12
 242686.849   712.713   -43.46   80.26
 243061.078   730.876    48.52   80.43
 243435.268   748.123    46.08   75.96
 243809.419   761.331    35.29   61.33
 244183.531   744.159   -45.89   66.32
 244557.604   690.720  -142.82   68.64
 244931.639   654.427   -97.01   56.20
 245305.634   652.590    -4.91   63.39
 245679.591   661.650    24.22   74.27
 246053.509   673.909    32.78   74.62
 246427.388   665.820   -21.63   75.32
 246801.228   655.614   -27.29   72.36
 247175.029   636.007   -52.44   78.22
 247548.791   609.177   -71.76   77.50
 247922.515   590.998   -48.63   79.26
 248296.200   565.676   -67.75   84.19
 248669.846   514.617  -136.62   97.62
 249043.454   470.457  -118.17   94.30
 249417.023   438.745   -84.87   62.49
 249790.553   450.392    31.17   61.78
 250164.044   499.650   131.85   78.32
 250537.497   563.617   171.24   83.30
 250910.911   634.141   188.81   87.96
 251284.286   700.320   177.20   93.69
 251657.623   746.598   123.93   83.46
 252030.921   772.814    70.21   74.54
 252404.181   791.711    50.61   72.84
 252777.402   778.469   -35.47   79.42
 253150.584   751.521   -72.19   80.67
 253523.728   725.731   -69.10   83.00
 253896.833   697.413   -75.88   79.20
 254269.900   726.548    78.08   96.12
 254642.928   748.808    59.66   84.28
 255015.918   757.359    22.92   81.97
 255388.869   724.194   -88.90   96.81
 255761.782   665.641  -156.97   84.53
 256134.656   635.922   -79.68   63.17
 256507.492   652.452    44.33   88.37
 256880.289   699.320   125.69   93.11
 257253.048   742.259   115.16   80.56
 257625.768   752.123    26.46   76.73
 257998.450   731.247   -56.00   76.49
 258371.094   696.066   -94.38   75.17
 258743.699   688.780   -19.55   68.46
 259116.266   687.414    -3.67   64.35
 259488.795   681.604   -15.59   65.38
