# NaN NaN NaN ;Mean Elev.(m), Avg Gradient(m/km), RMS Gradient(m/km) - SRTM1     
#    0.017  -9.125  29.969 ;Mean Elev.(m), Avg Gradient(m/km), RMS Gradient(m/km) - ASTER GDEM
#    6.212  -9.068  32.050 ;Mean Elev.(m), Avg Gradient(m/km), RMS Gradient(m/km) - GMTED2010 
  7 137.874517  50.778039   -27.780   -27.780  2 52447.06306170 17.085
  8 137.873937  50.769414    14.370    13.705  9 52482.06305340 41.925
  9 137.876901  50.770248    12.436    12.398  8 52517.06300760 16.305
 10 137.882092  50.772798     9.950     9.873  9 52552.06305575 25.619
 11 137.884682  50.773204     7.952     7.982  9 52587.06303178 44.968
 12 137.872787  50.768688     8.733     8.707  9 52622.06300116 18.307
 13 137.886826  50.773201     7.887     7.848  9 52657.06300604 22.391
 15 137.883870  50.772347     9.161     9.173  9 52727.06303309  8.429
 16 137.860304  50.763780    10.724    10.352  8 52762.06305003 21.539
 18 137.896530  50.777176     9.095     9.079  8 52832.06307902 17.374
 19 137.892778  50.775236    12.058    12.024  9 52867.06312264 18.222
 20 137.876076  50.769504    14.119    14.137  9 52902.06314657 26.139
 21 137.869293  50.767621    11.859    11.914  8 52937.06308684 18.064
 22 137.883688  50.774236    10.054    10.164  9 52972.06311379 23.984
 23 137.872979  50.768804    10.424    10.421  8 53007.06312658 21.713
 24 137.886780  50.774366     8.861     8.882  9 53042.06307911 16.384
 25 137.872482  50.768469     8.570     8.324  8 53077.06311373 14.404
 26 137.885936  50.780265    10.336    10.398  4 53112.06308129 30.844
 27 137.882417  50.779069    14.376    14.473  4 53147.06312511 19.273
 29 137.879666  50.773007    12.361    12.202  9 53217.06315378 14.469
 30 137.867799  50.766964    11.887    11.898  8 53252.06313344 19.852
 31 137.876582  50.761343    10.598    10.598  2 53287.06313084 45.069
 32 137.885845  50.763617    20.371    20.371  2 53322.06310635 32.255
 33 137.881357  50.772661     8.946     8.959 10 53357.06307195 19.604
 34 137.887110  50.773542     9.023     9.058  9 53392.06308568 15.039
 35 137.881672  50.772141     8.726     8.739  9 53427.06308168 10.349
 36 137.889419  50.768490    14.917    12.551  5 53462.06309683  9.928
 37 137.871576  50.764653    14.960    15.100  5 53497.06317310 25.301
 38 137.883713  50.773077    14.816    14.835  9 53532.06315093 21.967
 39 137.870556  50.768553    11.067    11.118  8 53567.06317478 10.781
 40 137.875744  50.769140    12.333    12.279  8 53602.06311895 30.154
 41 137.884243  50.774253     9.665     9.679  9 53637.06311533 30.738
 42 137.875514  50.769361     8.077     8.061  9 53672.06313743 21.421
 43 137.882792  50.773353     8.345     8.445  9 53707.06306838 35.431
 44 137.871745  50.768247     9.313     9.395  8 53742.06298179 15.263
 45 137.888732  50.773546     9.047     8.785  8 53777.06300493 12.288
 46 137.873259  50.769105     9.849     9.929  9 53812.06298390  7.008
 47 137.885926  50.778121     9.190     9.145  7 53847.06303339 30.970
 49 137.871313  50.767831    13.175    13.173  8 53917.06311820 37.676
 50 137.868833  50.768426    13.619    13.550  8 53952.06312349 19.997
 52 137.884740  50.766433    10.030    10.057  4 54022.06310140 34.227
 53 137.891177  50.774411     9.933     9.948  8 54057.06309200 33.256
 54 137.874468  50.769100     9.180     9.173  8 54092.06307667 20.536
 55 137.891626  50.775045     8.723     8.732  8 54127.06300841 14.551
 56 137.877959  50.770565     8.559     8.511  9 54162.06304483 11.258
 57 137.887861  50.774157    12.167     9.901  8 54197.06301104  9.466
 58 137.879845  50.763732    11.819    11.819  2 54232.06305889 15.731
 59 137.883078  50.773382    12.046    11.995 10 54267.06307508 29.059
 60 137.882938  50.773434     9.286     9.327  9 54302.06307961 34.328
 61 137.879496  50.773378    12.007    12.062 10 54337.06306651 19.469
 62 137.890018  50.779835    11.428    11.376  6 54372.06301089 17.834
 63 137.879577  50.773185     8.793     8.616  9 54407.06301174 22.759
 64 137.892159  50.774067     8.050     8.051  8 54442.06297134 21.947
 65 137.883723  50.773635     8.152     8.061  9 54477.06299994 15.916
 66 137.891117  50.775345     7.528     7.532  8 54512.06298673 14.532
 67 137.878127  50.769767    10.549    10.754  8 54547.06301477 16.989
 68 137.884331  50.772371     9.207     9.220  4 54582.06298283 46.569
 69 137.883934  50.774728    10.211    10.326  9 54617.06300360 17.243
 70 137.880494  50.772847     8.507     8.568  9 54652.06301660 42.526
 71 137.876586  50.769614    10.412    10.445  8 54687.06300828 28.469
 72 137.891604  50.775689    10.035    10.004  8 54722.06296186 42.608
 73 137.877487  50.766579     9.664     9.663  6 54757.06298431 41.144
 74 137.889104  50.774619     9.041     9.030  9 54792.06295584 24.089
 75 137.883919  50.773033     9.112     9.144  9 54827.06298013 13.880
 76 137.889575  50.774944     8.962     8.954  9 54862.06294950  9.187
 77 137.877343  50.770823     9.306     9.169  8 54897.06298136  7.960
 78 137.886007  50.774142     8.279     8.094  8 54932.06294578 31.566
 79 137.882581  50.774342    12.643    12.713  9 54967.06298091 19.673
 80 137.878296  50.771021    10.979    11.028  9 55002.06300186 18.541
 81 137.883971  50.774546    14.154    14.108  9 55037.06298719 27.263
 82 137.876169  50.770249    14.578    14.413  8 55072.06297535 24.154
 83 137.884719  50.767342    14.905    14.899  5 55107.06292083 31.160
 84 137.878036  50.770784    11.702    11.311  8 55142.06292599 47.479
 85 137.892549  50.776233     9.875     9.907  8 55177.06288921 16.885
 86 137.881953  50.773642    10.373    10.404  9 55212.06291986 12.735
 87 137.886551  50.773070     9.710     9.692  9 55247.06289305 12.016
 88 137.876607  50.769279     9.570     9.383  8 55282.06291446  8.622
 89 137.885825  50.784377    12.620    12.620  2 55317.06287949 35.340
 90 137.879171  50.772304    14.589    14.619 10 55352.06288603 23.450
 91 137.886094  50.772868    11.397    11.242  9 55387.06288155 15.469
 92 137.882567  50.773191    14.335    14.269 10 55422.06290362 36.599
 93 137.876253  50.770164    14.739    14.801  9 55457.06287844 31.056
