# NaN NaN NaN ;Mean Elev.(m), Avg Gradient(m/km), RMS Gradient(m/km) - SRTM1     
#    6.061  -0.094   1.448 ;Mean Elev.(m), Avg Gradient(m/km), RMS Gradient(m/km) - ASTER GDEM
#    0.000  -0.111   1.686 ;Mean Elev.(m), Avg Gradient(m/km), RMS Gradient(m/km) - GMTED2010 
  7     7.394 52444.05891746 17.12 139.660364  51.540483 32.525
  7     7.762 52444.05891810 21.16 139.658864  51.537253 32.525
  8   305.875 52479.05891077 48.53 139.665050  51.541588 27.677
  8   305.799 52479.05891142 45.65 139.663545  51.538358 18.773
  8   305.748 52479.05891206 46.26 139.662045  51.535128 18.773
  9     6.910 52514.05885624 25.17 139.671149  51.540401 39.634
  9     8.034 52514.05885688 23.74 139.669649  51.537171 39.634
 10     5.818 52549.05889958 24.42 139.675290  51.544001 23.345
 10     5.429 52549.05890023 21.53 139.673786  51.540764 20.038
 10     7.316 52549.05890087 24.45 139.672286  51.537544 20.038
 11     4.083 52584.05889046 36.53 139.676243  51.543625 24.262
 11     4.214 52584.05889111 39.90 139.674743  51.540395 24.262
 11     3.998 52584.05889175 39.08 139.673243  51.537165 24.262
 12     6.202 52619.05886857 12.40 139.659925  51.539834  3.340
 12     3.533 52619.05886922 12.37 139.658425  51.536604  3.340
 13     2.838 52654.05884756  9.40 139.685090  51.549040  3.238
 13     2.969 52654.05884821  9.41 139.683590  51.545810  3.238
 13     3.178 52654.05884885  9.66 139.682080  51.542580  3.238
 13     3.331 52654.05884949  8.27 139.680580  51.539350  3.238
 14     5.941 52689.05884603  6.72 139.664937  51.543381  3.178
 14     4.893 52689.05884668  6.31 139.663437  51.540151  3.178
 14     2.636 52689.05884732  7.90 139.661937  51.536931  3.178
 15     5.356 52724.05889138  5.58 139.671758  51.540894  5.409
 15     5.829 52724.05889203  6.10 139.670258  51.537664  5.409
 16     6.668 52759.05891115 35.56 139.654796  51.544622 38.662
 16     6.663 52759.05891179 38.08 139.653296  51.541392 38.662
 16     6.752 52759.05891244 39.00 139.651796  51.538162 38.662
 17     5.753 52794.05886350 18.47 139.685190  51.549118 10.586
 17     5.391 52794.05886414 18.93 139.683680  51.545898 10.586
 17     4.892 52794.05886479 20.85 139.682180  51.542668 10.586
 17     7.776 52794.05886543 25.86 139.680680  51.539438 10.586
 18     4.213 52829.05893041 27.74 139.687581  51.551214 31.054
 18     4.276 52829.05893105 26.50 139.686069  51.547986  8.677
 18     4.261 52829.05893170 25.30 139.684569  51.544756  8.677
 18     4.354 52829.05893234 25.89 139.683069  51.541526  8.677
 18     4.411 52829.05893299 27.10 139.681559  51.538296  8.677
 19     6.202 52864.05897582 41.94 139.684903  51.547834 15.837
 19     6.323 52864.05897646 40.52 139.683403  51.544604 15.837
 19     6.355 52864.05897710 39.60 139.681903  51.541374 15.837
 19     6.288 52864.05897775 34.49 139.680393  51.538144 15.837
 20     8.124 52899.05900651 28.71 139.666712  51.543063 45.386
 20     7.745 52899.05900716 23.88 139.665212  51.539843 45.386
 20     8.238 52899.05900780 28.43 139.663712  51.536613 45.386
 21     6.697 52934.05895132 33.56 139.660165  51.541621 32.200
 21     6.523 52934.05895196 32.42 139.658665  51.538391 32.200
 21     7.860 52934.05895261 30.12 139.657155  51.535171 32.200
 22     5.795 52969.05896375 19.52 139.675805  51.542267  3.951
 22     5.662 52969.05896439 19.39 139.674305  51.539037  3.951
 23     4.974 53004.05898457 16.19 139.662342  51.540296  3.016
 23     5.515 53004.05898522 15.58 139.660842  51.537066  3.016
 24     5.803 53039.05893333 12.70 139.659084  51.542605  4.094
 24     5.779 53039.05893397 11.66 139.657574  51.539375  4.094
 24     5.550 53039.05893462 11.50 139.656074  51.536155  4.094
 25     6.180 53074.05896312 10.24 139.665966  51.541065  2.681
 25     5.818 53074.05896377 10.16 139.664466  51.537835  2.681
 26     4.257 53109.05893343 24.90 139.658007  51.542668 22.653
 26     4.105 53109.05893408 24.12 139.656497  51.539448 22.653
 26     9.117 53109.05893472 26.76 139.654997  51.536218 22.653
 27     8.281 53144.05897269 26.52 139.673086  51.543376 40.143
 27     7.983 53144.05897333 23.81 139.671586  51.540156 40.143
 27     8.246 53144.05897398 34.01 139.670086  51.536926 40.143
 28     8.716 53179.05898987 27.65 139.673730  51.542059 36.768
 28     9.055 53179.05899051 26.20 139.672230  51.538829 36.768
 30     7.017 53249.05898098 29.71 139.665642  51.542526 36.130
 30     6.852 53249.05898163 23.41 139.664142  51.539296 36.130
 30     8.222 53249.05898227 27.89 139.662632  51.536076 36.130
 31     5.507 53284.05897524 29.27 139.672659  51.541131 25.889
 31     5.520 53284.05897589 34.13 139.671159  51.537911 25.889
 33     3.785 53354.05893414 15.98 139.670962  51.542281  2.853
 33     3.841 53354.05893478 15.39 139.669462  51.539051  2.853
 33     3.841 53354.05893543 15.05 139.667962  51.535821  2.853
 34     5.377 53389.05893398  8.04 139.679982  51.548348  2.036
 34     5.376 53389.05893462  8.06 139.678482  51.545118  2.036
 34     5.290 53389.05893527  7.83 139.676972  51.541888  2.036
 34     5.487 53389.05893591  7.37 139.675472  51.538668  2.036
 35     5.646 53424.05893410 10.61 139.676032  51.543788  3.189
 35     5.609 53424.05893474  9.78 139.674532  51.540558  3.189
 35     5.406 53424.05893539 10.10 139.673032  51.537338  3.189
 36     7.337 53459.05893793  6.40 139.686192  51.548681  2.955
 36     7.746 53459.05893857  6.15 139.684692  51.545451  2.955
 36     8.202 53459.05893922  5.96 139.683192  51.542221  2.955
 36     8.682 53459.05893986  5.91 139.681682  51.538991  2.955
 37     7.836 53494.05902516 29.76 139.664776  51.540741 43.482
 37     7.893 53494.05902580 30.52 139.663276  51.537511 43.482
 38     8.377 53529.05900069 27.41 139.676217  51.542833 40.207
 38     8.489 53529.05900133 27.04 139.674717  51.539603 40.207
 39     7.501 53564.05903212 20.59 139.660520  51.540287 36.574
 39     7.871 53564.05903277 22.10 139.659020  51.537067 36.574
 40     6.786 53599.05897321 21.42 139.668444  51.540192 39.286
 40     8.183 53599.05897385 23.16 139.666944  51.536962 39.286
 41     5.397 53634.05896893 24.04 139.673741  51.541570 26.566
 41     4.990 53634.05896957 24.76 139.672240  51.538333 24.476
 42     6.704 53669.05899099 23.76 139.666590  51.541655 18.678
 42     7.355 53669.05899163 24.70 139.665090  51.538425 18.678
 42     7.547 53669.05899228 31.46 139.663590  51.535205 18.678
 43     2.869 53704.05893043 30.23 139.673659  51.543267  8.795
 43     2.636 53704.05893108 33.96 139.672159  51.540037  8.795
 43     2.589 53704.05893172 33.04 139.670659  51.536807  8.795
 44     2.815 53739.05884016 13.75 139.664536  51.541446  4.153
 44     3.189 53739.05884080 11.36 139.663036  51.538216  4.153
 44     3.064 53739.05884145 11.89 139.661536  51.534986  4.153
 45     5.079 53774.05885623  7.79 139.682086  51.547651  2.759
 45     3.963 53774.05885688  8.05 139.680586  51.544421  2.759
 45     3.902 53774.05885752  8.40 139.679086  51.541201  2.759
 45     2.647 53774.05885817  8.85 139.677585  51.537972  2.717
 46     4.706 53809.05884259  6.54 139.666432  51.541527  2.620
 46     5.102 53809.05884324  6.23 139.664932  51.538297  2.620
 46     4.795 53809.05884388  6.48 139.663427  51.535074  2.597
 48     7.432 53879.05891089 26.91 139.681192  51.549368 28.737
 48     7.361 53879.05891154 24.47 139.679692  51.546138 28.737
 48     7.385 53879.05891218 23.01 139.678192  51.542908 28.737
 48     7.896 53879.05891283 22.39 139.676682  51.539678 28.737
 49     6.575 53914.05896756 19.66 139.664880  51.541693 29.976
 49     7.782 53914.05896821 19.68 139.663370  51.538463 29.976
 49     8.010 53914.05896885 28.15 139.661870  51.535233 29.976
 50     7.450 53949.05897999 23.51 139.658687  51.539089 35.063
 50     7.884 53949.05898063 27.25 139.657187  51.535859 35.063
 51     7.657 53984.05891884 24.27 139.664885  51.542108 43.742
 51     7.774 53984.05891949 21.51 139.663385  51.538878 43.742
 51     8.373 53984.05892013 30.30 139.661875  51.535656 36.423
 52     5.495 54019.05895042 39.99 139.680754  51.547040 35.035
 52     5.422 54019.05895107 29.24 139.679254  51.543810 35.035
 52     5.195 54019.05895171 28.23 139.677744  51.540590 35.035
 52     5.701 54019.05895236 31.94 139.676247  51.537361 24.401
 53     4.482 54054.05894106 34.23 139.684943  51.548909 16.129
 53     4.534 54054.05894170 44.22 139.683433  51.545679 16.129
 53     4.529 54054.05894235 41.97 139.681933  51.542449 16.129
 53     4.621 54054.05894299 42.54 139.680433  51.539229 16.129
 54     5.376 54089.05893456 11.61 139.667960  51.540865  3.092
 54     5.428 54089.05893520  9.82 139.666464  51.537644  3.406
 55     3.703 54124.05885543 10.55 139.683138  51.547620  3.045
 55     3.717 54124.05885608 11.40 139.681628  51.544390  3.045
 55     3.889 54124.05885672  9.84 139.680128  51.541170  3.045
 55     3.647 54124.05885737  9.72 139.678625  51.537941  2.595
 56     5.117 54159.05889938  8.16 139.669981  51.541293  2.400
 56     5.467 54159.05890003  7.73 139.668481  51.538063  2.400
 57     5.100 54194.05885832  8.61 139.681713  51.548408  2.302
 57     5.521 54194.05885897  8.54 139.680203  51.545178  2.302
 57     5.585 54194.05885961  8.42 139.678703  51.541948  2.302
 57     6.168 54194.05886026  7.72 139.677203  51.538718  2.302
 58     7.340 54229.05891093 29.12 139.672912  51.543034 40.886
 58     7.518 54229.05891158 41.28 139.671412  51.539804 40.886
 58     7.549 54229.05891222 50.92 139.669904  51.536582 35.277
 59     6.730 54264.05892907 27.58 139.673983  51.543684 33.142
 59     7.038 54264.05892972 19.78 139.672473  51.540454 33.142
 59     8.370 54264.05893036 21.38 139.670973  51.537224 33.142
 60     5.276 54299.05893293 34.26 139.673752  51.543290 34.404
 60     5.133 54299.05893358 23.00 139.672252  51.540060 34.404
 60     8.228 54299.05893422 30.29 139.670752  51.536830 34.404
 61     6.314 54334.05892373 22.84 139.669089  51.542439 36.698
 61     6.291 54334.05892437 21.59 139.667589  51.539209 36.698
 61     7.739 54334.05892502 26.67 139.666084  51.535987 30.241
 63     4.640 54404.05886800 46.72 139.668703  51.540244 14.511
 63     4.685 54404.05886864 47.14 139.667193  51.537014 14.511
 64     3.040 54439.05882330 22.86 139.683247  51.547716  6.518
 64     3.151 54439.05882394 23.54 139.681747  51.544496  6.518
 64     3.089 54439.05882459 22.47 139.680247  51.541266  6.518
 64     2.990 54439.05882523 22.74 139.678747  51.538036  6.518
 65     3.029 54474.05885336 18.85 139.676530  51.543943  4.200
 65     3.016 54474.05885401 19.67 139.675030  51.540723  4.200
 65     3.103 54474.05885465 18.48 139.673530  51.537493  4.200
 66     3.009 54509.05883532 14.14 139.682431  51.548950  3.145
 66     2.956 54509.05883597 13.79 139.680931  51.545720  3.145
 66     2.914 54509.05883661 12.91 139.679431  51.542490  3.145
 66     4.731 54509.05883726 12.78 139.677921  51.539270  3.145
 67     5.817 54544.05886823 10.66 139.671407  51.541954  4.966
 67     5.945 54544.05886888 10.16 139.669907  51.538724  4.966
 68     6.107 54579.05883650 24.30 139.674681  51.542676 29.081
 68     6.242 54579.05883715 24.65 139.673178  51.539455 30.182
 69     5.731 54614.05885812 22.16 139.672211  51.542371 20.293
 69     5.463 54614.05885877 24.96 139.670711  51.539141 20.293
 69     8.312 54614.05885941 30.13 139.669211  51.535911 20.293
 70     5.446 54649.05886725 20.82 139.672408  51.542258 26.726
 70     5.384 54649.05886789 17.99 139.670908  51.539038 26.726
 71     6.196 54684.05886501 20.45 139.668123  51.542176 24.558
 71     7.539 54684.05886566 18.43 139.666623  51.538946 24.558
 71     7.502 54684.05886630 24.56 139.665123  51.535716 24.558
 72     4.289 54719.05881041 18.15 139.683042  51.547448 30.243
 72     4.377 54719.05881106 16.06 139.681542  51.544228 30.243
 72     4.144 54719.05881170 21.26 139.680037  51.541000 17.723
 72     4.973 54719.05881235 19.54 139.678537  51.537770 17.723
 73     5.725 54754.05883862 21.18 139.672380  51.541889 28.800
 73     6.665 54754.05883926 23.25 139.670880  51.538659 28.800
 74     4.925 54789.05880420 38.18 139.680447  51.547291 10.874
 74     4.960 54789.05880485 41.49 139.678947  51.544061 10.874
 74     4.906 54789.05880549 35.96 139.677437  51.540831 10.874
 74     4.829 54789.05880613 33.70 139.675937  51.537611 10.874
 75     4.092 54824.05883314 16.48 139.676075  51.544263  2.415
 75     4.047 54824.05883379 15.72 139.674575  51.541033  2.415
 75     3.878 54824.05883443 15.50 139.673065  51.537803  2.415
 76     3.769 54859.05879705 12.18 139.683206  51.547140  3.298
 76     3.823 54859.05879770 11.97 139.681706  51.543910  3.298
 76     3.755 54859.05879834 11.36 139.680201  51.540674  2.249
 76     3.968 54859.05879899 10.03 139.678701  51.537454  2.249
 77     3.680 54894.05883566  7.54 139.668397  51.543374  2.209
 77     3.773 54894.05883630  7.64 139.666897  51.540144  2.209
 77     3.525 54894.05883695  7.39 139.665397  51.536914  2.209
 78     7.553 54929.05879772  2.49 139.676655  51.542894  3.932
 78     5.593 54929.05879836  2.06 139.675145  51.539664  3.932
 79     7.503 54964.05883518 21.89 139.671529  51.542095 30.401
 79     7.528 54964.05883583 20.01 139.670029  51.538865 30.401
 79     7.703 54964.05883647 32.28 139.668529  51.535635 30.401
 80     5.484 54999.05885617 26.02 139.668017  51.541256 21.946
 80     5.282 54999.05885682 24.28 139.666517  51.538026 21.946
 81     7.935 55034.05884353 24.31 139.673096  51.541039 35.910
 81     8.169 55034.05884417 25.48 139.671596  51.537819 35.910
 82     8.642 55069.05883266 26.53 139.666933  51.541095 39.622
 82     9.077 55069.05883330 25.34 139.665433  51.537865 39.622
 83     8.976 55104.05877063 29.91 139.680540  51.549915 35.996
 83     8.985 55104.05877127 27.35 139.679040  51.546685 35.996
 83     8.876 55104.05877192 26.50 139.677540  51.543455 35.996
 83     9.006 55104.05877256 27.86 139.676030  51.540225 35.996
 83     9.290 55104.05877321 33.75 139.674530  51.536995 35.996
 84     5.713 55139.05877998 34.72 139.671721  51.542439 22.170
 84     5.880 55139.05878062 43.21 139.670221  51.539209 22.170
 84     5.769 55139.05878127 41.40 139.668721  51.535979 22.170
 85     4.199 55174.05873865 22.72 139.683138  51.548829  3.651
 85     4.355 55174.05873930 22.86 139.681638  51.545609  3.651
 85     4.429 55174.05873994 23.16 139.680130  51.542381  3.223
 85     4.407 55174.05874059 22.82 139.678630  51.539151  3.223
 86     4.996 55209.05877456 14.37 139.673811  51.543268  2.170
 86     5.122 55209.05877521 14.56 139.672311  51.540048  2.170
 86     4.907 55209.05877585 14.91 139.670801  51.536818  2.170
 87     5.607 55244.05874439  9.84 139.680188  51.549991  2.131
 87     5.743 55244.05874568  9.58 139.677188  51.543531  2.131
 87     5.403 55244.05874633  9.96 139.675678  51.540301  2.131
 87     5.259 55244.05874697  9.12 139.674178  51.537071  2.131
 88     6.172 55279.05876871  8.56 139.667953  51.541878  2.283
 88     4.865 55279.05876936  8.74 139.666453  51.538648  2.283
 88     5.126 55279.05877000  7.82 139.664953  51.535418  2.283
 89     5.675 55314.05873226 32.49 139.672513  51.541514 30.498
 89     5.674 55314.05873291 30.25 139.671013  51.538294 30.498
 90     8.484 55349.05873964 27.20 139.669169  51.541133 37.744
 90     8.580 55349.05874028 26.97 139.667669  51.537903 37.744
 91     6.243 55384.05873116 20.80 139.676722  51.543232 34.019
 91     7.469 55384.05873181 22.05 139.675222  51.540012 34.019
 91     8.420 55384.05873245 26.71 139.673722  51.536782 34.019
 92     7.754 55419.05875777 30.38 139.674408  51.543223 28.691
 92     7.590 55419.05875842 28.98 139.672906  51.539993 25.203
 92     8.349 55419.05875906 29.80 139.671396  51.536763 25.203
 93     9.037 55454.05873744 27.27 139.666248  51.540995 39.337
 93     9.107 55454.05873809 27.20 139.664748  51.537765 39.337
 94     7.245 55489.05865810 25.94 139.661991  51.539777 25.016
 94     7.980 55489.05865874 26.98 139.660491  51.536547 25.016
