-148803.751    96.345     0.00   13.73
-148430.550   102.262    15.86   22.20
-148057.386   106.058    10.17   28.19
-147684.262   110.335    11.46   32.93
-147311.176   106.544   -10.16   30.34
-146938.128    98.766   -20.85   19.42
-146565.118    96.374    -6.41   14.76
-146192.147    94.219    -5.78   12.84
-145819.215    92.805    -3.79   10.91
-145446.320    92.598    -0.55    9.32
-145073.464    92.016    -1.56    7.50
-144700.647    93.534     4.07    7.02
-144327.868    94.169     1.70    7.30
-143955.127    93.968    -0.54    7.61
-143582.424    93.320    -1.74    8.03
-143209.760    93.951     1.69    9.11
-142837.133    93.771    -0.48    9.14
-142464.545    95.093     3.55   12.53
-142091.996    95.271     0.48   14.18
-141719.484    92.322    -7.92   15.52
-141347.011    86.499   -15.64   17.63
-140974.576    78.213   -22.25   17.51
-140602.179    68.029   -27.35   11.67
-140229.821    63.820   -11.31    7.65
-139857.500    61.069    -7.39    5.86
-139485.218    58.540    -6.80    4.94
-139112.974    56.005    -6.81    4.05
-138740.767    54.023    -5.33    2.57
-138368.599    52.918    -2.97    1.67
-137996.470    52.076    -2.26    1.38
-137624.378    51.690    -1.04    1.50
-137252.324    51.409    -0.75    1.58
-136880.308    51.499     0.24    2.00
-136508.331    52.120     1.67    2.69
-136136.391    52.937     2.20    2.89
-135764.489    52.981     0.12    2.92
-135392.626    57.355    11.76   13.87
-135020.800    67.963    28.53   22.66
-134649.012    90.106    59.57   35.17
-134277.263   112.236    59.54   40.89
-133905.551   126.707    38.94   32.75
-133533.877   127.624     2.47   31.97
-133162.241   122.754   -13.11   26.17
-132790.643   126.588    10.32   24.41
-132419.083   128.900     6.22   25.31
-132047.561   131.082     5.88   21.92
-131676.076   130.305    -2.09   19.46
-131304.630   132.669     6.37   21.89
-130933.221   155.612    61.78   41.37
-130561.850   182.409    72.17   51.04
-130190.517   209.019    71.67   59.17
-129819.222   220.012    29.61   47.94
-129447.965   215.655   -11.74   42.16
-129076.745   203.269   -33.37   45.04
-128705.563   189.672   -36.64   40.77
-128334.419   182.742   -18.67   32.99
-127963.312   207.427    66.53   58.92
-127592.244   246.340   104.88   69.32
-127221.213   275.355    78.21   64.60
-126850.219   266.239   -24.58   64.18
-126479.264   243.429   -61.50   55.20
-126108.346   229.830   -36.67   39.73
-125737.465   232.181     6.34   39.72
-125366.623   243.620    30.85   39.81
-124995.818   268.624    67.44   56.15
-124625.050   306.754   102.85   70.57
-124254.320   357.427   136.70   75.35
-123883.628   400.865   117.20   74.20
-123512.973   437.875    99.86   66.46
-123142.356   450.988    35.39   62.07
-122771.777   422.198   -77.70   87.58
-122401.235   371.799  -136.03   85.22
-122025.718   345.111   -71.08   72.97
-121647.568   332.503   -33.35   77.43
-121269.456   324.288   -21.73   81.26
-120891.383   323.564    -1.92   79.30
-120513.350   310.742   -33.92   74.83
-120135.356   317.358    17.50   76.07
-119757.401   346.137    76.15   85.16
-119379.485   370.697    64.99   86.41
-119001.608   392.119    56.70   84.02
-118623.770   411.883    52.31   74.38
-118245.972   418.857    18.46   62.91
-117868.212   425.338    17.16   50.22
-117490.492   418.302   -18.63   39.41
-117112.810   402.991   -40.54   39.11
-116735.168   378.534   -64.77   44.68
-116357.565   353.516   -66.26   38.23
-115980.000   352.273    -3.29   37.18
-115602.475   378.981    70.75   56.12
-115224.989   409.481    80.81   55.04
-114847.541   436.459    71.48   44.60
-114470.133   446.427    26.41   39.03
-114092.763   433.320   -34.74   42.80
-113715.433   397.101   -96.00   55.16
-113338.141   356.981  -106.35   56.85
-112960.889   335.339   -57.37   41.27
-112583.675   338.777     9.12   43.60
-112206.500   362.302    62.38   49.20
-111829.364   397.755    94.02   50.19
-111452.266   441.103   114.97   61.50
-111075.208   482.802   110.60   63.91
-110698.188   509.612    71.12   53.49
-110321.208   512.356     7.28   51.27
-109944.266   484.742   -73.27   74.33
-109567.362   426.146  -155.49   82.25
-109190.498   383.499  -113.18   68.47
-108813.672   351.516   -84.88   52.54
-108436.885   331.910   -52.04   58.19
-108060.137   340.185    21.97   60.50
-107683.427   353.606    35.63   59.57
-107306.757   365.239    30.89   53.46
-106930.124   360.848   -11.66   54.34
-106553.531   350.856   -26.54   61.91
-106176.976   324.391   -70.29   63.97
-105800.460   310.937   -35.74   68.53
-105423.982   300.970   -26.48   63.07
-105047.543   286.101   -39.51   53.02
-104671.143   264.338   -57.82   44.91
-104294.781   236.620   -73.66   39.91
-103918.458   214.269   -59.40   36.74
-103542.173   191.356   -60.90   30.31
-103165.927   176.799   -38.69   28.01
-102789.720   168.442   -22.21   28.63
-102413.551   157.864   -28.12   24.85
-102037.420   149.358   -22.62   23.40
-101661.328   136.304   -34.71   24.52
-101285.274   122.883   -35.69   23.12
-100909.259   108.512   -38.22   18.90
-100533.283   101.838   -17.75   13.93
-100157.345   101.391    -1.19   15.96
 -99781.445   106.280    13.01   20.06
 -99405.583   114.409    21.63   20.79
 -99029.760   130.695    43.34   30.32
 -98653.976   146.747    42.72   33.61
 -98278.230   157.356    28.24   29.35
 -97902.522   156.749    -1.62   31.41
 -97526.852   144.719   -32.02   32.55
 -97151.221   132.320   -33.01   22.20
 -96775.628   124.754   -20.15   18.10
 -96400.074   116.618   -21.67   16.46
 -96024.557   111.606   -13.35   16.82
 -95649.079   111.701     0.25   20.01
 -95273.640   112.567     2.31   24.28
 -94898.238   117.251    12.48   26.30
 -94522.875   114.304    -7.85   23.30
 -94147.550   109.988   -11.50   20.66
 -93772.263   111.266     3.41   24.23
 -93397.014   115.934    12.44   31.29
 -93021.804   121.052    13.64   34.32
 -92646.632   122.005     2.54   30.63
 -92271.498   115.181   -18.19   26.81
 -91896.402   109.497   -15.16   22.38
 -91521.344   111.777     6.08   21.15
 -91146.324   123.374    30.93   23.53
 -90771.342   130.945    20.19   20.75
 -90396.399   137.411    17.25   20.74
 -90021.493   145.747    22.24   24.35
 -89646.626   143.570    -5.81   24.62
 -89271.797   139.442   -11.01   30.62
 -88897.005   123.690   -42.03   41.05
 -88522.252    99.584   -64.33   37.71
 -88147.537    75.637   -63.91   23.07
 -87772.860    61.320   -38.22   14.00
 -87398.220    52.927   -22.40    9.43
 -87023.619    48.984   -10.53    6.68
 -86649.056    50.713     4.62    7.20
 -86274.530    54.945    11.30    7.82
 -85900.043    58.205     8.71    6.04
 -85525.593    60.356     5.74    3.68
 -85151.182    60.111    -0.65    3.14
 -84776.808    57.918    -5.86    4.08
 -84402.472    55.137    -7.43    4.91
 -84028.174    50.754   -11.71    4.86
 -83653.914    46.891   -10.32    3.67
 -83279.691    44.111    -7.43    3.01
 -82905.507    41.825    -6.11    2.34
 -82531.360    39.391    -6.51    2.97
 -82157.251    36.773    -7.00    3.45
 -81783.180    34.058    -7.26    3.35
 -81409.147    31.637    -6.47    2.73
 -81035.151    30.064    -4.21    1.95
 -80661.194    29.391    -1.80    1.47
 -80287.273    30.146     2.02    2.27
 -79913.391    31.749     4.29    2.84
 -79539.546    33.210     3.91    2.07
 -79165.739    33.659     1.20    1.51
 -78791.970    33.177    -1.29    1.86
 -78418.239    32.672    -1.35    1.89
 -78044.545    32.532    -0.38    2.01
 -77670.888    32.848     0.85    1.90
 -77297.270    33.271     1.13    1.82
 -76923.689    33.901     1.69    1.75
 -76550.145    34.188     0.77    1.62
 -76176.639    33.603    -1.57    2.25
 -75803.171    33.106    -1.33    2.48
 -75429.740    33.707     1.61    2.73
 -75056.347    34.953     3.34    2.78
 -74682.991    36.444     3.99    2.12
 -74309.673    37.216     2.07    1.27
 -73936.393    37.690     1.27    1.41
 -73563.149    38.106     1.11    1.44
 -73189.944    38.771     1.78    1.30
 -72816.776    39.466     1.86    1.20
 -72443.645    40.058     1.59    1.21
 -72070.552    40.773     1.92    1.30
 -71697.496    41.445     1.80    1.42
 -71324.478    42.409     2.59    1.74
 -70951.497    43.391     2.63    2.13
 -70578.553    45.052     4.45    2.62
 -70205.647    47.052     5.36    3.41
 -69832.778    50.564     9.42    5.15
 -69459.947    54.695    11.08    6.78
 -69087.152    59.697    13.42    8.05
 -68714.396    65.103    14.50   10.70
 -68341.676    71.749    17.83   15.64
 -67968.994    73.356     4.31   18.73
 -67596.349    67.427   -15.91   17.36
 -67223.742    59.374   -21.61   12.63
 -66851.171    56.677    -7.24    9.53
 -66478.638    58.266     4.27   10.40
 -66106.142    61.540     8.79   10.75
 -65733.684    64.633     8.31    9.35
 -65361.262    65.516     2.37    7.84
 -64988.878    70.222    12.64    8.41
 -64616.531    76.165    15.96    7.46
 -64244.221    81.766    15.05    7.90
 -63871.949    87.023    14.12    7.86
 -63499.713    91.865    13.01    8.42
 -63127.515    98.427    17.63    9.85
 -62755.354   106.374    21.36   13.75
 -62383.229   116.076    26.07   17.18
 -62011.142   124.927    23.79   20.42
 -61639.092   131.305    17.14   18.10
 -61267.080   135.119    10.25   14.57
 -60895.104   151.216    43.28   34.49
 -60523.165   184.146    88.54   62.10
 -60151.263   232.499   130.02   85.28
 -59779.399   270.409   101.95   77.37
 -59407.571   287.163    45.06   75.57
 -59035.780   289.198     5.47   73.84
 -58664.027   273.356   -42.62   64.05
 -58292.310   275.725     6.37   61.01
 -57920.630   268.701   -18.90   61.64
 -57548.987   247.304   -57.58   59.90
 -57177.381   236.712   -28.50   53.85
 -56805.812   229.070   -20.57   38.93
 -56434.280   229.243     0.47   31.74
 -56062.785   220.106   -24.60   38.04
 -55691.327   200.114   -53.82   51.54
 -55319.906   164.340   -96.32   47.34
 -54948.521   128.016   -97.81   30.97
 -54577.173   111.624   -44.15   25.27
 -54205.863    96.198   -41.54   22.72
 -53834.589    87.737   -22.79   20.55
 -53463.351    74.219   -36.41   18.48
 -53092.151    64.651   -25.78   16.78
 -52720.987    54.963   -26.10   13.19
 -52349.860    46.558   -22.65    7.09
 -51978.770    42.128   -11.94    5.94
 -51607.717    38.807    -8.95    4.74
 -51236.700    36.725    -5.61    4.27
 -50865.720    35.464    -3.40    4.18
 -50494.777    33.918    -4.17    4.23
 -50123.871    33.846    -0.19    5.23
 -49753.001    33.023    -2.22    5.54
 -49382.168    32.128    -2.41    4.81
 -49011.371    31.919    -0.57    3.20
 -48640.611    31.231    -1.86    1.98
 -48269.888    30.482    -2.02    1.80
 -47899.202    29.356    -3.04    1.89
 -47528.552    28.065    -3.48    1.76
 -47153.562    26.702    -3.63    1.69
 -46775.492    25.337    -3.61    1.75
 -46397.461    23.935    -3.71    1.76
 -46019.468    22.567    -3.62    1.86
 -45641.513    21.534    -2.73    2.00
 -45263.596    20.219    -3.48    2.04
 -44885.717    19.353    -2.29    2.10
 -44507.877    18.088    -3.35    2.42
 -44130.074    17.231    -2.27    2.44
 -43752.310    16.286    -2.50    2.34
 -43374.584    15.216    -2.83    2.03
 -42996.895    14.602    -1.63    1.87
 -42619.245    14.023    -1.53    1.81
 -42241.633    13.488    -1.42    1.73
 -41864.059    12.874    -1.62    1.71
 -41486.523    12.573    -0.80    1.72
 -41109.025    12.409    -0.44    1.79
 -40731.565    12.655     0.65    1.80
 -40354.143    12.516    -0.37    1.77
 -39976.758    11.747    -2.04    1.95
 -39599.412    10.738    -2.68    1.99
 -39222.104     9.677    -2.81    1.60
 -38844.834     9.514    -0.43    1.50
 -38467.601     9.602     0.23    1.56
 -38090.407    10.005     1.07    1.63
 -37713.250    10.620     1.63    1.58
 -37336.131    10.784     0.44    1.49
 -36959.050    10.891     0.28    1.43
 -36582.007    10.917     0.07    1.32
 -36205.002    10.606    -0.83    1.17
 -35828.035    10.444    -0.43    1.12
 -35451.105    10.302    -0.38    1.16
 -35074.213    10.210    -0.25    1.07
 -34697.359    10.202    -0.02    1.03
 -34320.543     9.930    -0.72    1.16
 -33943.764     9.731    -0.53    1.18
 -33567.024     9.628    -0.27    1.29
 -33190.321     9.427    -0.53    1.31
 -32813.655     9.338    -0.24    1.37
 -32437.028     9.374     0.09    1.46
 -32060.438     9.731     0.95    1.77
 -31683.886    10.127     1.05    1.88
 -31307.371    10.462     0.89    1.67
 -30930.894    10.791     0.88    1.70
 -30554.455    10.725    -0.18    1.55
 -30178.053    10.891     0.44    1.72
 -29801.689    10.742    -0.40    1.66
 -29425.362    10.319    -1.13    1.68
 -29049.074     9.737    -1.55    1.54
 -28672.822     9.181    -1.48    1.39
 -28296.608     8.795    -1.03    1.35
 -27920.432     8.749    -0.12    1.35
 -27544.294     8.632    -0.31    1.24
 -27168.192     8.690     0.15    1.21
 -26792.129     8.606    -0.22    1.07
 -26416.103     8.463    -0.38    1.11
 -26040.114     8.444    -0.05    1.01
 -25664.163     8.599     0.41    1.01
 -25288.249     8.865     0.71    0.95
 -24912.373     9.177     0.83    0.80
 -24536.534     9.286     0.29    0.92
 -24160.732     9.391     0.28    0.99
 -23784.968     9.231    -0.43    1.06
 -23409.241     8.830    -1.07    1.32
 -23033.552     8.336    -1.32    1.29
 -22657.900     7.945    -1.04    1.28
 -22282.286     7.780    -0.44    1.31
 -21906.708     7.286    -1.32    1.30
 -21531.169     7.210    -0.20    1.22
 -21155.666     7.064    -0.39    1.07
 -20780.201     7.286     0.59    1.37
 -20404.773     7.719     1.15    1.48
 -20029.382     7.777     0.16    1.35
 -19654.028     7.947     0.45    1.11
 -19278.712     8.047     0.27    1.52
 -18903.433     7.618    -1.14    1.98
 -18528.191     6.999    -1.65    2.18
 -18152.987     6.249    -2.00    1.82
 -17777.820     5.848    -1.07    1.45
 -17402.689     5.883     0.09    1.21
 -17027.596     6.111     0.61    1.11
 -16652.541     6.141     0.08    1.24
 -16277.522     6.507     0.97    1.40
 -15902.540     6.527     0.05    1.36
 -15527.596     6.356    -0.46    1.26
 -15152.689     6.409     0.14    1.17
 -14777.818     6.319    -0.24    1.70
 -14402.985     5.981    -0.90    1.82
 -14028.189     6.304     0.86    2.06
 -13653.430     6.356     0.14    2.23
 -13278.708     6.266    -0.24    2.02
 -12904.023     6.391     0.33    1.88
 -12529.375     6.284    -0.29    1.49
 -12154.764     6.577     0.78    1.26
 -11780.190     6.641     0.17    1.47
 -11405.653     6.588    -0.14    1.73
 -11031.153     6.191    -1.06    1.91
 -10656.690     5.549    -1.71    2.08
 -10282.264     4.552    -2.66    2.16
  -9907.875     3.918    -1.69    1.80
  -9533.523     3.641    -0.74    1.44
  -9159.208     4.023     1.02    1.54
  -8784.929     4.141     0.32    1.43
  -8410.688     3.999    -0.38    1.32
  -8036.483     3.882    -0.31    1.23
  -7662.315     3.737    -0.39    1.35
  -7288.184     3.695    -0.11    1.51
  -6914.090     3.674    -0.05    1.68
  -6540.033     3.606    -0.18    1.73
  -6166.012     4.084     1.28    1.66
  -5792.029     4.637     1.48    1.70
  -5418.082     4.028    -1.63    2.25
  -5044.172     3.813    -0.58    2.24
  -4670.298     3.773    -0.10    2.17
  -4296.461     3.555    -0.58    2.25
  -3922.662     3.195    -0.96    2.47
  -3548.898     3.071    -0.33    2.84
  -3175.172     3.620     1.47    3.05
  -2801.482     3.910     0.78    3.09
  -2427.829     5.093     3.17    2.71
  -2054.212     6.159     2.85    1.82
  -1680.632     5.999    -0.43    2.37
  -1307.089     4.813    -3.18    3.22
   -933.583     3.882    -2.49    3.48
   -560.113     2.552    -3.56    3.52
   -186.679     1.481    -2.87    3.47
    186.717     0.795    -1.84    2.66
    560.077     1.257     1.24    2.81
    933.401     3.076     4.87    3.56
   1306.688     4.701     4.35    3.25
   1679.939     5.856     3.09    2.32
   2053.153     6.034     0.48    1.87
   2426.330     5.573    -1.24    1.71
   2799.471     5.356    -0.58    1.62
   3172.575     5.301    -0.15    1.49
   3545.643     5.602     0.81    1.31
   3918.675     5.846     0.65    1.41
   4291.670     6.181     0.90    1.29
   4664.628     6.372     0.51    1.20
   5037.551     7.391     2.73    2.40
   5410.436     8.659     3.40    2.85
   5783.286     9.606     2.54    2.63
   6156.099    10.537     2.50    2.06
   6528.875    10.701     0.44    1.69
   6901.615    10.570    -0.35    1.43
   7274.319    10.769     0.53    1.51
   7646.987    10.588    -0.49    1.55
   8019.618    10.372    -0.58    1.53
   8392.213    10.269    -0.28    1.57
   8764.771    10.228    -0.11    1.64
   9137.294    10.321     0.25    1.50
   9509.780    10.210    -0.30    1.39
   9882.229     9.909    -0.81    1.40
  10254.643     9.981     0.19    1.28
  10627.020     9.810    -0.46    1.20
  10999.361    10.034     0.60    1.42
  11371.666    10.114     0.21    1.55
  11743.934    10.070    -0.12    1.91
  12116.166     9.988    -0.22    1.98
  12488.363     9.848    -0.38    1.79
  12860.522     9.937     0.24    1.64
  13232.646     9.725    -0.57    1.42
  13604.734     9.973     0.67    1.46
  13976.785     9.945    -0.08    1.45
  14348.801     9.918    -0.07    1.45
  14720.780     9.791    -0.34    1.45
  15092.723     9.677    -0.31    1.25
  15464.630     9.336    -0.92    1.38
  15836.501     9.034    -0.81    1.31
  16208.336     8.738    -0.80    1.41
  16580.135     8.588    -0.40    1.43
  16951.898     8.482    -0.28    1.14
  17323.625     8.302    -0.48    1.03
  17695.316     8.173    -0.35    0.99
  18066.971     8.181     0.02    1.13
  18438.590     8.373     0.52    1.34
  18810.172     8.591     0.59    1.43
  19181.719     8.749     0.42    1.37
  19553.230     8.863     0.31    1.31
  19924.705     8.813    -0.14    1.13
  20296.144     8.795    -0.05    0.93
  20667.547     8.900     0.28    1.00
  21038.915     9.046     0.39    1.24
  21410.246     9.355     0.83    1.78
  21781.542     9.481     0.34    1.77
  22152.801     9.339    -0.38    1.73
  22524.025     8.973    -0.98    1.46
  22895.213     8.955    -0.05    1.42
  23266.365     8.802    -0.41    1.36
  23637.481     8.618    -0.50    1.14
  24008.562     8.677     0.16    1.29
  24379.606     8.834     0.42    1.36
  24750.615     9.159     0.88    1.58
  25121.588     9.632     1.27    1.73
  25492.525     9.463    -0.46    1.71
  25863.427     9.282    -0.49    1.56
  26234.293     8.909    -1.01    1.32
  26605.123     8.610    -0.81    1.01
  26975.917     8.846     0.64    1.23
  27346.676     8.874     0.07    1.18
  27721.224     8.966     0.25    1.25
  28099.217     9.409     1.17    1.23
  28477.173     9.336    -0.19    1.20
  28855.092     9.213    -0.33    1.16
  29232.973     9.337     0.33    0.95
  29610.818     9.319    -0.05    1.00
  29988.625     9.427     0.29    1.01
  30366.395     9.580     0.40    1.14
  30744.128     9.713     0.35    1.32
  31121.824     9.757     0.12    1.33
  31499.483     9.760     0.01    1.46
  31877.105     9.891     0.35    1.81
  32254.690    10.337     1.18    1.81
  32632.237    10.624     0.76    1.75
  33009.748    10.481    -0.38    2.04
  33387.221     9.865    -1.63    2.24
  33764.658     8.641    -3.24    1.77
  34142.057     8.124    -1.37    1.27
  34519.420     7.391    -1.94    1.82
  34896.745     6.637    -2.00    2.03
  35274.034     5.707    -2.46    2.31
  35651.285     4.505    -3.19    1.83
  36028.500     4.481    -0.06    1.84
  36405.678     4.315    -0.44    1.80
  36782.818     4.953     1.69    2.10
  37159.922     5.446     1.31    2.12
  37536.989     5.937     1.30    2.13
  37914.019     6.659     1.92    2.01
  38291.012     6.873     0.57    1.90
  38667.969     6.570    -0.80    1.95
  39044.888     6.558    -0.03    2.07
  39421.771     6.695     0.36    2.06
  39798.617     6.706     0.03    2.07
  40175.426     6.927     0.59    2.07
  40552.198     6.863    -0.17    2.29
  40928.934     7.046     0.49    2.23
  41305.632     7.624     1.53    2.04
  41682.294     8.084     1.22    1.71
  42058.919     8.409     0.86    1.10
  42435.508     8.503     0.25    1.08
  42812.060     8.532     0.08    0.91
  43188.575     8.570     0.10    0.88
  43565.053     8.516    -0.14    0.90
  43941.494     8.427    -0.24    0.95
  44317.899     8.430     0.01    1.01
  44694.268     8.695     0.70    0.89
  45070.599     8.628    -0.18    1.12
  45446.894     8.588    -0.11    1.03
  45823.153     8.446    -0.38    0.93
  46199.375     8.641     0.52    0.96
  46575.560     8.791     0.40    1.06
  46951.708     9.316     1.39    1.34
  47327.820     9.802     1.29    1.29
  47703.896    10.278     1.27    1.24
  48079.935    10.624     0.92    1.26
  48455.937    10.719     0.25    1.12
  48831.903    10.919     0.53    1.05
  49207.833    11.266     0.92    1.43
  49583.725    11.595     0.87    1.59
  49959.582    11.766     0.46    1.68
  50335.402    11.699    -0.18    1.88
  50711.185    11.231    -1.25    1.87
  51086.932    11.299     0.18    1.83
  51462.643    11.713     1.10    1.85
  51838.317    11.883     0.45    1.72
  52213.955    11.901     0.05    1.71
  52589.556    11.444    -1.22    1.48
  52965.121    11.505     0.16    1.55
  53340.649    11.802     0.79    1.75
  53716.142    12.278     1.27    1.59
  54091.598    13.159     2.35    1.93
  54467.017    13.919     2.02    2.03
  54842.400    14.481     1.50    1.74
  55217.747    14.749     0.71    1.63
  55593.058    14.299    -1.20    1.90
  55968.332    13.874    -1.13    1.81
  56343.570    13.757    -0.31    1.66
  56718.772    13.981     0.60    1.32
  57093.937    13.719    -0.70    1.58
  57469.067    13.669    -0.13    1.73
  57844.160    13.760     0.24    1.74
  58219.216    13.856     0.26    1.66
  58594.237    13.588    -0.71    1.29
  58969.222    13.580    -0.02    1.52
  59344.170    13.963     1.02    1.95
  59719.082    14.127     0.44    2.07
  60093.958    14.409     0.75    2.11
  60468.798    14.264    -0.39    1.87
  60843.601    14.234    -0.08    1.85
  61218.369    14.093    -0.37    1.60
  61593.100    13.755    -0.90    1.64
  61967.796    13.784     0.08    1.69
  62342.455    13.718    -0.18    1.76
  62717.078    13.141    -1.54    1.77
  63091.665    12.701    -1.18    1.90
  63466.216    12.410    -0.78    1.51
  63840.732    11.963    -1.19    1.26
  64215.211    11.901    -0.17    1.22
  64589.654    11.766    -0.36    1.20
  64964.061    11.780     0.04    1.23
  65338.432    11.784     0.01    1.30
  65712.767    11.718    -0.18    1.34
  66087.066    11.802     0.22    1.35
  66461.329    11.957     0.41    1.43
  66835.557    11.838    -0.32    1.36
  67209.748    11.482    -0.95    1.38
  67583.903    11.373    -0.29    1.34
  67958.023    11.338    -0.09    1.09
  68332.107    11.769     1.15    1.39
  68706.154    12.034     0.71    1.66
  69080.166    12.680     1.73    1.75
  69454.142    12.883     0.54    1.68
  69828.082    12.719    -0.44    1.60
  70201.987    12.302    -1.11    1.44
  70575.855    12.040    -0.70    1.22
  70949.688    11.955    -0.23    1.15
  71323.485    11.669    -0.76    1.02
  71697.246    11.651    -0.05    1.10
  72070.972    11.838     0.50    1.13
  72444.662    11.718    -0.32    1.18
  72818.316    11.427    -0.78    1.17
  73191.934    11.428     0.00    1.13
  73565.516    11.409    -0.05    1.07
  73939.063    11.355    -0.15    1.09
  74312.574    11.119    -0.63    1.22
  74686.050    10.981    -0.37    1.20
  75059.489    10.669    -0.83    1.27
  75432.893    10.555    -0.31    1.18
  75806.262    10.637     0.22    1.28
  76179.595    10.955     0.85    1.24
  76552.892    10.966     0.03    1.06
  76926.154    11.088     0.33    0.93
  77299.379    11.046    -0.11    1.09
  77672.570    10.999    -0.13    1.11
  78045.725    11.302     0.81    1.39
  78418.844    11.836     1.43    1.46
  78791.928    12.106     0.72    1.65
  79164.976    12.507     1.08    1.99
  79537.988    12.374    -0.36    1.86
  79910.966    12.033    -0.91    1.78
  80283.907    11.846    -0.50    1.66
  80656.813    11.706    -0.37    1.41
  81029.684    11.610    -0.26    1.37
  81402.519    11.499    -0.30    1.00
  81775.319    11.573     0.20    1.02
  82148.083    11.516    -0.15    1.06
  82520.812    11.448    -0.18    1.06
  82893.505    11.463     0.04    1.17
  83266.163    11.411    -0.14    1.16
  83638.786    11.427     0.04    1.09
  84011.373    11.428     0.00    1.08
  84383.925    11.479     0.14    0.99
  84756.442    11.695     0.58    0.95
  85128.923    11.737     0.11    0.97
  85501.369    11.802     0.18    1.04
  85873.779    11.854     0.14    1.18
  86246.154    11.856     0.00    1.22
  86618.494    11.939     0.22    1.17
  86990.799    11.999     0.16    1.15
  87363.068    12.354     0.95    1.19
  87735.302    12.445     0.25    1.24
  88107.501    12.628     0.49    1.15
  88479.664    12.784     0.42    1.15
  88851.793    12.743    -0.11    1.17
  89223.886    12.651    -0.25    1.28
  89595.944    12.516    -0.36    1.21
  89967.966    12.467    -0.13    0.98
  90339.954    12.501     0.09    1.29
  90711.906    12.795     0.79    1.51
  91083.823    12.838     0.11    1.52
  91455.705    12.991     0.41    1.63
  91827.552    12.836    -0.42    1.55
  92199.364    12.937     0.27    1.23
  92571.141    13.128     0.51    1.17
  92942.882    13.165     0.10    1.23
  93314.589    13.077    -0.24    1.16
  93686.260    13.010    -0.18    0.99
  94057.896    12.807    -0.55    0.91
  94429.497    13.052     0.66    1.07
  94801.064    13.199     0.40    1.05
  95172.595    13.231     0.09    1.07
  95544.091    13.299     0.18    1.14
  95915.552    13.119    -0.48    0.89
  96286.978    13.021    -0.26    0.94
  96658.369    13.151     0.35    0.95
  97029.725    13.514     0.98    1.07
  97401.047    13.810     0.80    1.23
  97772.333    14.173     0.98    1.12
  98143.584    14.228     0.15    1.15
  98514.800    14.010    -0.59    1.13
  98885.982    13.949    -0.16    1.09
  99257.128    13.999     0.13    1.30
  99628.240    14.161     0.44    1.38
  99999.317    14.427     0.72    1.35
 100370.359    14.817     1.05    1.27
 100741.366    15.021     0.55    1.35
 101112.338    14.891    -0.35    1.24
 101483.275    14.991     0.27    1.37
 101854.178    15.016     0.07    1.37
 102225.046    14.788    -0.62    1.28
 102599.239    14.973     0.50    1.36
 102977.152    14.960    -0.03    1.46
 103355.028    15.124     0.43    1.38
 103732.869    15.447     0.86    1.39
 104110.673    15.570     0.33    1.32
 104488.441    15.731     0.43    1.21
 104866.173    15.844     0.30    1.25
 105243.868    16.088     0.64    1.23
 105621.527    16.295     0.55    1.26
 105999.151    16.516     0.59    1.29
 106376.738    16.937     1.11    1.34
 106754.289    17.082     0.39    1.37
 107131.804    17.141     0.16    1.34
 107509.282    17.090    -0.14    1.19
 107886.725    16.909    -0.48    1.08
 108264.132    17.334     1.12    1.46
 108641.502    17.651     0.84    1.49
 109018.837    18.088     1.16    1.49
 109396.135    18.482     1.05    1.55
 109773.397    18.641     0.42    1.48
 110150.624    18.836     0.52    1.49
 110527.814    18.780    -0.15    1.53
 110904.969    18.853     0.19    1.53
 111282.087    18.937     0.22    1.39
 111659.169    19.046     0.29    1.39
 112036.216    19.573     1.40    1.42
 112413.226    20.146     1.52    1.33
 112790.201    20.484     0.90    1.36
 113167.140    20.780     0.79    1.23
 113544.042    20.757    -0.06    1.41
 113920.909    20.731    -0.07    1.56
 114297.740    20.966     0.62    1.59
 114674.535    21.231     0.70    1.62
 115051.295    21.463     0.62    1.36
 115428.018    21.595     0.35    1.19
 115804.706    21.784     0.50    1.19
 116181.357    22.084     0.79    1.04
 116557.973    22.320     0.63    1.14
 116934.553    22.542     0.59    1.15
 117311.098    22.780     0.63    1.22
 117687.606    23.070     0.77    1.15
 118064.079    23.355     0.76    1.23
 118440.516    24.034     1.80    1.15
 118816.918    24.315     0.74    1.25
 119193.283    24.646     0.88    1.36
 119569.613    25.262     1.64    1.33
 119945.907    25.856     1.58    1.49
 120322.166    26.501     1.71    1.81
 120698.388    27.155     1.74    1.80
 121074.575    27.755     1.59    1.70
 121450.727    28.315     1.49    1.58
 121826.843    28.534     0.58    1.43
 122202.923    28.674     0.37    1.34
 122578.967    29.070     1.05    1.19
 122954.976    29.484     1.10    1.31
 123330.950    29.591     0.29    1.34
 123706.888    29.927     0.89    1.41
 124082.790    29.957     0.08    1.08
 124458.656    30.210     0.67    1.19
 124834.487    30.731     1.39    1.19
 125210.283    30.874     0.38    1.19
 125586.043    31.537     1.77    1.28
 125961.767    31.693     0.42    1.26
 126337.456    32.284     1.57    1.68
 126713.110    33.021     1.96    1.84
 127088.728    33.228     0.55    1.73
 127464.311    33.315     0.23    1.45
 127839.858    33.479     0.44    1.34
 128215.369    33.873     1.05    1.49
 128590.846    34.552     1.81    1.56
 128966.286    35.354     2.14    1.58
 129341.692    35.799     1.18    1.38
 129717.062    36.319     1.38    1.30
 130092.396    36.603     0.76    1.23
 130467.696    36.713     0.29    1.24
 130842.959    36.844     0.35    1.15
 131218.188    37.141     0.79    1.10
 131593.381    37.573     1.15    1.26
 131968.539    38.573     2.67    2.10
 132343.662    41.034     6.56    3.45
 132718.749    44.411     9.00    4.36
 133093.801    48.606    11.18    5.63
 133468.818    53.853    13.99    6.02
 133843.799    59.410    14.82    6.99
 134218.745    65.428    16.05    6.73
 134593.656    69.901    11.93    6.38
 134968.532    76.106    16.55    7.74
 135343.372    81.225    13.65    9.10
 135718.177    86.701    14.61    7.44
 136092.947    88.509     4.83    5.49
 136467.682    84.927    -9.56    7.72
 136842.382    79.391   -14.77    8.53
 137217.047    73.856   -14.77    7.91
 137591.676    69.901   -10.56    6.70
 137966.270    68.624    -3.41    6.16
 138340.829    68.071    -1.48    6.51
 138715.353    66.976    -2.92    6.32
 139089.842    65.373    -4.28    4.81
 139464.296    64.545    -2.21    2.94
 139838.715    64.963     1.12    2.38
 140213.098    65.712     2.00    2.15
 140587.447    66.846     3.03    2.50
 140961.761    68.901     5.49    3.08
 141336.039    71.243     6.26    3.71
 141710.283    74.820     9.56    4.34
 142084.491    79.243    11.82    6.02
 142458.665    84.664    14.49    8.02
 142832.803    90.391    15.31    8.22
 143206.907    96.409    16.08    7.75
 143580.975   102.203    15.49    7.86
 143955.009   106.588    11.72    9.35
 144329.008   111.132    12.15   10.46
 144702.971   117.737    17.66   11.70
 145076.900   126.259    22.79   16.94
 145450.794   135.486    24.67   24.59
 145824.653   150.249    39.48   31.32
 146198.477   157.699    19.93   28.49
 146572.266   153.052   -12.43   28.03
 146946.021   145.503   -20.20   28.67
 147319.740   138.228   -19.46   21.62
 147693.425   138.537     0.83   19.99
 148067.075   148.873    27.66   24.97
 148440.690   162.463    36.37   28.72
 148814.270   176.033    36.32   32.03
 149187.816   192.481    44.02   36.59
 149561.327   205.603    35.13   38.10
 149934.803   233.210    73.91   48.12
 150308.244   282.243   131.28   62.42
 150681.650   339.338   152.88   82.83
 151055.022   404.447   174.35   84.97
 151428.359   436.719    86.43   73.20
 151801.661   451.058    38.41   76.02
 152174.929   441.429   -25.79   78.99
 152548.162   433.101   -22.31   60.87
 152921.360   442.641    25.56   41.82
 153294.523   433.731   -23.88   42.57
 153667.652   417.411   -43.73   47.98
 154040.746   393.266   -64.70   39.82
 154413.806   366.391   -72.03   40.29
 154786.831   345.799   -55.20   55.20
 155159.821   312.499   -89.27   54.01
 155532.777   293.863   -49.96   54.84
 155905.698   273.391   -54.89   56.89
 156278.585   259.853   -36.30   55.89
 156651.437   272.762    34.62   57.39
 157024.254   299.743    72.36   64.44
 157397.037   327.317    73.96   62.23
 157769.786   355.155    74.67   46.49
 158142.500   362.482    19.66   39.72
 158515.179   356.354   -16.44   26.96
 158887.824   353.706    -7.10   19.08
 159260.435   346.882   -18.31   23.49
 159633.010   337.315   -25.68   27.02
 160005.552   324.641   -34.01   34.90
 160378.059   313.784   -29.14   36.11
 160750.532   297.034   -44.96   34.61
 161122.970   288.846   -21.98   31.78
 161495.374   287.284    -4.19   30.87
 161867.743   292.838    14.91   29.09
 162240.078   302.873    26.95   28.45
 162612.378   318.891    43.02   27.23
 162984.645   334.206    41.13   27.65
 163356.877   350.973    45.04   30.46
 163729.074   372.430    57.64   36.54
 164101.237   399.610    73.02   46.38
 164473.366   422.731    62.12   48.83
 164845.461   439.628    45.40   54.78
 165217.521   457.503    48.03   56.55
 165589.547   453.981    -9.47   58.45
 165961.538   442.295   -31.41   58.23
 166333.496   416.299   -69.88   60.59
 166705.419   378.780  -100.86   53.68
 167077.308   350.033   -77.29   44.65
 167449.162   322.882   -73.00   39.19
 167820.983   299.251   -63.54   28.99
 168192.769   281.320   -48.22   26.34
 168564.521   267.165   -38.07   27.34
 168936.239   255.928   -30.22   28.07
 169307.922   240.052   -42.71   22.64
 169679.572   234.656   -14.52   17.47
 170051.187   239.213    12.26   16.34
 170422.768   245.976    18.20   17.53
 170794.315   253.210    19.46   17.69
 171165.828   259.039    15.69   20.69
 171537.307   273.410    38.68   27.12
 171908.752   288.718    41.21   30.87
 172280.162   311.919    62.45   35.68
 172651.539   334.558    60.95   34.41
 173022.881   352.499    48.30   29.08
 173394.190   358.957    17.39   23.03
 173765.464   356.282    -7.20   24.70
 174136.704   344.891   -30.68   29.02
 174507.911   334.486   -28.03   28.48
 174879.083   325.606   -23.92   29.89
 175250.221   314.411   -30.16   26.53
 175621.325   307.356   -19.01   24.40
 175992.396   304.449    -7.83   25.13
 176363.432   305.955     4.06   32.18
 176734.434   311.854    15.90   40.04
 177105.403   311.319    -1.44   41.94
 177479.306   311.719     1.07   41.24
 177857.143   307.058   -12.33   42.18
 178234.944   294.595   -32.98   40.88
 178612.710   282.842   -31.11   41.30
 178990.441   272.799   -26.58   32.86
 179368.136   273.391     1.57   29.32
 179745.797   277.588    11.11   26.66
 180123.422   281.930    11.50   23.74
 180501.011   278.003   -10.40   25.26
 180878.566   277.817    -0.49   26.47
 181256.085   292.949    40.07   32.09
 181633.569   315.664    60.16   34.94
 182011.018   337.599    58.10   36.89
 182388.432   357.302    52.20   43.03
 182765.811   382.558    66.91   34.83
 183143.154   392.743    26.99   28.09
 183520.463   382.588   -26.91   39.80
 183897.736   369.471   -34.76   39.51
 184274.974   385.106    41.44   57.61
 184652.177   392.854    20.54   57.14
 185029.345   391.195    -4.40   55.21
 185406.478   351.338  -105.66   74.71
 185783.575   296.354  -145.78   74.60
 186160.638   247.195  -130.35   51.35
 186537.666   231.430   -41.81   37.64
 186914.659   253.762    59.23   52.92
 187291.616   284.335    81.09   43.41
 187668.539   291.411    18.77   31.44
 188045.427   277.231   -37.62   34.98
 188422.279   257.071   -53.49   31.37
 188799.097   236.558   -54.43   31.82
 189175.880   218.450   -48.05   28.25
 189552.627   202.947   -41.14   25.55
 189929.340   193.731   -24.46   16.89
 190306.018   194.231     1.33   18.25
 190682.661   197.966     9.91   16.30
 191059.269   201.466     9.29   12.05
 191435.843   202.467     2.66    9.17
 191812.381   201.257    -3.21    7.18
 192188.884   199.119    -5.68    7.62
 192565.353   195.003   -10.93    7.82
 192941.787   189.677   -14.14   10.66
 193318.186   184.891   -12.71   11.70
 193694.550   180.297   -12.20   13.60
 194070.879   175.799   -11.95   14.31
 194447.174   174.276    -4.05   13.88
 194823.433   171.737    -6.75   13.62
 195199.658   167.568   -11.08   12.95
 195575.849   161.016   -17.41   13.60
 195952.004   153.391   -20.27   14.42
 196328.125   149.077   -11.47   12.98
 196704.211   144.999   -10.84   12.52
 197080.262   140.156   -12.87   13.08
 197456.278   139.606    -1.46   17.21
 197832.260   140.297     1.84   26.55
 198208.207   136.169   -10.98   29.50
 198584.120   129.762   -17.04   29.19
 198959.998   120.891   -23.59   18.71
 199335.841   115.356   -14.73   13.37
 199711.650   117.614     6.01   13.19
 200087.423   126.651    24.04   15.97
 200463.163   136.470    26.13   20.98
 200838.867   147.428    29.16   27.91
 201214.538   151.391    10.55   28.12
 201590.173   151.659     0.71   27.21
 201965.774   150.542    -2.97   24.65
 202341.340   148.410    -5.68   16.12
 202716.872   155.429    18.69   20.91
 203092.369   173.026    46.85   32.76
 203467.832   185.555    33.36   31.28
 203843.261   196.262    28.51   27.24
 204218.654   198.963     7.19   28.76
 204594.014   198.430    -1.42   28.76
 204969.338   201.836     9.07   31.11
 205344.629   218.391    44.10   38.21
 205719.885   237.448    50.77   30.17
 206095.106   248.731    30.06   25.69
 206470.293   256.058    19.53   33.73
 206845.445   262.213    16.40   42.68
 207220.564   272.206    26.64   45.61
 207595.647   274.540     6.22   40.72
 207970.697   265.713   -23.53   41.26
 208345.712   256.127   -25.56   40.74
 208720.692   238.428   -47.19   34.58
 209095.639   220.776   -47.07   21.67
 209470.550   205.947   -39.55   22.69
 209845.428   194.693   -30.01   17.23
 210220.271   198.411     9.92   23.88
 210595.080   212.784    38.34   32.58
 210969.855   227.632    39.61   29.50
 211344.595   231.259     9.68   27.01
 211719.301   224.257   -18.68   28.23
 212093.973   215.010   -24.68   23.92
 212468.611   207.921   -18.92   22.29
 212843.214   205.127    -7.46   23.55
 213217.783   199.262   -15.66   25.82
 213592.318   195.106   -11.09   25.90
 213966.818   191.313   -10.13   30.26
 214341.285   187.750    -9.51   30.73
 214715.717   176.280   -30.63   30.77
 215090.115   170.834   -14.54   28.28
 215464.479   164.428   -17.11   26.11
 215838.809   156.842   -20.26   23.01
 216213.105   149.659   -19.19   20.94
 216587.366   142.651   -18.72   18.38
 216961.593   136.873   -15.44   15.21
 217335.787   129.570   -19.51   13.29
 217709.946   123.391   -16.51   11.08
 218084.071   119.677    -9.93   10.03
 218458.162   115.045   -12.38    8.11
 218832.219   112.755    -6.12    7.38
 219206.242   110.561    -5.86    6.56
 219580.230   107.823    -7.32    6.04
 219954.185   106.659    -3.11    5.44
 220328.106   106.995     0.90    5.73
 220701.993   107.810     2.18    7.00
 221075.846   110.844     8.12    7.75
 221449.664   114.984    11.07    8.46
 221823.449   117.534     6.82    9.19
 222197.200   120.058     6.75    8.55
 222570.917   121.712     4.43    7.24
 222944.600   120.573    -3.05    7.56
 223318.249   119.920    -1.75    7.36
 223691.864   122.058     5.72    8.90
 224065.445   126.788    12.66    9.44
 224438.992   129.545     7.38    9.67
 224812.506   130.159     1.64   12.06
 225185.985   127.235    -7.83   12.51
 225559.431   125.838    -3.74   14.15
 225932.842   128.910     8.23   13.74
 226306.220   133.519    12.34   17.14
 226679.565   143.651    27.13   23.28
 227052.875   153.052    25.18   25.78
 227426.151   166.749    36.68   34.75
 227799.394   182.862    43.16   40.49
 228172.603   199.445    44.42   39.44
 228545.778   209.891    27.99   36.40
 228918.919   213.966    10.92   31.99
 229292.027   204.618   -25.05   34.58
 229665.101   187.588   -45.64   38.04
 230038.141   158.064   -79.12   30.41
 230411.147   138.058   -53.62   25.14
 230784.120   122.127   -42.70   16.08
 231157.059   114.430   -20.63    8.77
 231529.964   113.373    -2.83    5.14
 231902.835   117.156    10.14    6.93
 232275.673   123.466    16.92   10.51
 232648.477   130.373    18.52   12.75
 233021.248   135.677    14.23   13.81
 233393.985   142.920    19.43   14.86
 233766.688   148.651    15.37   15.56
 234139.358   155.561    18.54   17.29
 234511.994   167.780    32.78   25.82
 234884.597   185.737    48.18   32.59
 235257.166   203.451    47.54   30.99
 235629.701   229.319    69.42   39.17
 236002.203   252.731    62.84   37.85
 236374.671   270.064    46.52   31.91
 236747.106   277.966    21.21   31.35
 237119.507   268.853   -24.46   31.12
 237491.875   262.749   -16.39   27.63
 237864.209   268.561    15.61   23.46
 238236.509   269.947     3.72   23.16
 238608.776   273.853    10.49   20.12
 238981.010   271.058    -7.51   21.12
 239353.210   258.579   -33.52   19.43
 239725.377   249.503   -24.38   18.72
 240097.511   244.542   -13.33   16.58
 240469.610   245.955     3.80   15.84
 240841.677   247.410     3.91   21.33
 241213.710   243.669   -10.05   23.18
 241585.710   243.065    -1.63   23.91
 241957.676   242.316    -2.01   22.89
 242329.609   249.466    19.22   26.50
 242701.508   267.180    47.62   33.41
 243073.375   295.034    74.89   35.54
 243445.207   311.293    43.72   29.96
 243817.007   304.552   -18.13   37.43
 244188.773   286.743   -47.89   47.16
 244560.506   260.222   -71.33   46.69
 244932.205   230.909   -78.84   28.24
 245303.872   219.033   -31.95   22.51
 245675.505   208.463   -28.44   22.22
 246047.104   200.637   -21.06   22.95
 246418.671   193.688   -18.70   21.87
 246790.204   186.646   -18.95   12.47
 247161.704   186.920     0.74   13.50
 247533.171   191.222    11.58   16.39
 247904.604   196.882    15.24   18.38
 248276.005   202.799    15.93   20.03
 248647.372   212.725    26.72   20.80
 249018.706   225.999    35.74   22.61
 249390.006   233.040    18.96   27.74
 249761.274   251.984    51.01   35.41
 250132.508   267.699    42.32   35.26
 250503.710   285.409    47.70   40.90
 250874.878   302.862    47.01   38.06
 251246.013   309.499    17.88   30.34
 251617.115   308.750    -2.02   30.91
 251988.184   293.519   -41.04   33.47
 252361.863   279.524   -37.44   27.45
 252739.625   272.316   -19.07   28.64
 253117.354   264.606   -20.41   29.90
 253495.048   256.471   -21.53   29.51
 253872.707   248.519   -21.05   24.76
 254250.332   250.429     5.06   28.32
 254627.923   253.817     8.97   30.08
 255005.479   256.446     6.96   28.70
 255383.002   250.391   -16.03   27.00
 255760.489   246.213   -11.07   24.47
 256137.943   252.757    17.33   27.73
 256515.362   258.731    15.83   27.24
 256892.747   260.738     5.32   27.60
 257270.098   245.646   -39.98   34.53
 257647.415   232.570   -34.65   28.44
 258024.697   231.844    -1.92   30.39
 258401.945   235.077     8.57   29.54
 258779.159   244.526    25.04   25.88
 259156.338   252.188    20.31   31.51
 259533.484   264.243    31.96   49.97
 259910.595   270.699    17.11   50.74
 260287.672   264.882   -15.42   48.27
 260664.715   256.750   -21.56   43.64
 261041.724   248.095   -22.95   36.20
 261418.699   238.600   -25.18   27.87
 261795.639   233.486   -13.56   30.62
 262172.546   225.026   -22.44   32.32
 262549.418   211.503   -35.87   32.50
 262926.256   196.920   -38.69   33.23
 263303.060   183.872   -34.62   27.64
 263679.831   179.712   -11.04   32.21
 264056.567   186.718    18.59   41.96
 264433.269   184.780    -5.14   42.28
 264809.937   179.614   -13.71   39.36
 265186.570   167.973   -30.90   33.96
 265563.170   149.195   -49.85   28.71
 265939.736   137.391   -31.34   24.46
 266316.268   130.984   -17.01   10.43
 266692.766   137.526    17.37   15.47
 267069.230   152.114    38.74   20.60
 267445.660   165.731    36.17   17.67
 267822.056   171.766    16.03   13.52
 268198.418   172.058     0.77   13.63
 268574.747   165.161   -18.32   16.23
 268951.041   158.280   -18.28   11.51
 269327.301   156.930    -3.59    8.89
 269703.528   162.195    13.99    9.99
 270079.720   165.693     9.30    7.38
 270455.879   165.646    -0.13    7.47
 270832.004   162.090    -9.45   11.85
 271208.095   153.580   -22.62   13.75
 271584.152   146.555   -18.68   12.70
 271960.176   140.931   -14.95    8.14
 272336.165   139.482    -3.85    6.28
 272712.121   140.373     2.37    8.59
 273088.043   140.519     0.39    9.01
 273463.931   138.595    -5.12    8.03
 273839.786   138.584    -0.03    8.95
 274215.606   141.374     7.42   12.80
 274591.393   142.651     3.40   14.47
 274967.146   141.141    -4.02   13.90
 275342.866   139.507    -4.35   11.53
 275718.551   141.180     4.45   11.33
 276094.203   145.836    12.39   13.25
 276469.822   150.108    11.37   11.57
 276845.406   152.945     7.55   12.82
 277220.957   154.222     3.40   15.16
 277596.475   156.854     7.01   15.33
 277971.958   158.333     3.94   13.87
 278347.408   154.467   -10.29   13.36
 278722.825   146.090   -22.31   16.93
 279098.207   132.882   -35.17   17.49
 279473.557   120.628   -32.64   11.38
 279848.872   114.071   -17.47    5.18
 280224.154   112.090    -5.28    1.81
 280599.403   112.329     0.64    1.39
 280974.617   112.738     1.09    1.43
 281349.799   113.122     1.02    1.39
 281724.946   113.482     0.96    1.29
 282100.061   113.448    -0.09    1.29
 282475.141   113.637     0.50    1.27
 282850.188   113.901     0.70    1.07
 283225.202   114.371     1.25    1.08
 283600.182   114.688     0.84    1.13
 283975.129   114.976     0.77    1.26
 284350.042   115.373     1.06    1.13
 284724.922   115.430     0.15    1.17
 285099.768   115.791     0.96    1.33
 285474.581   115.731    -0.16    1.30
 285849.361   115.788     0.15    1.35
 286224.107   115.882     0.25    1.32
 286598.819   116.091     0.56    1.15
 286973.499   116.016    -0.20    1.15
 287348.144   115.976    -0.11    1.10
 287722.757   116.064     0.23    1.20
 288097.336   116.146     0.22    1.37
 288471.882   116.599     1.21    1.42
 288846.394   117.034     1.16    1.48
 289220.873   117.571     1.43    1.73
 289595.319   118.264     1.85    1.47
 289969.732   119.007     1.98    1.35
 290344.111   119.354     0.93    1.29
 290718.457   119.769     1.11    1.53
 291092.770   120.507     1.97    1.49
 291467.049   120.856     0.93    1.36
 291841.295   121.353     1.33    1.19
 292215.508   121.688     0.89    1.33
 292589.688   122.180     1.31    1.29
 292963.834   122.632     1.21    1.32
 293337.947   122.930     0.80    1.21
 293712.027   123.274     0.92    1.09
 294086.074   123.799     1.40    1.22
 294460.088   124.184     1.03    1.38
 294834.068   124.825     1.71    1.50
 295208.016   125.565     1.98    1.63
 295581.930   126.199     1.70    1.46
 295955.811   126.996     2.13    1.50
 296329.659   127.428     1.16    1.30
 296703.474   127.788     0.96    1.28
 297077.255   128.428     1.71    1.28
 297451.004   128.930     1.34    1.29
 297824.720   129.410     1.29    1.23
 298198.402   129.957     1.46    1.42
 298572.051   130.607     1.74    1.69
 298945.668   131.206     1.60    1.63
 299319.251   132.090     2.36    1.84
 299692.801   133.534     3.87    2.76
 300066.319   135.750     5.93    4.27
 300439.803   138.228     6.63    5.37
 300813.254   140.505     6.09    5.97
 301186.672   143.524     8.08    8.58
 301560.058   147.336    10.21   12.21
 301933.410   154.331    18.73   19.59
 302306.729   164.669    27.68   26.97
 302680.016   179.666    40.16   33.18
 303053.269   197.864    48.74   39.63
 303426.490   221.336    62.87   44.84
 303799.677   241.561    54.18   43.64
 304172.832   263.846    59.70   41.96
 304545.954   283.505    52.67   49.04
 304919.043   304.999    57.59   52.87
 305292.099   316.627    31.16   52.74
 305665.122   318.299     4.48   58.62
 306038.113   323.565    14.11   77.70
 306411.070   315.065   -22.78   73.46
 306783.995   320.466    14.48   68.18
 307156.887   319.718    -2.00   52.59
 307529.746   308.428   -30.27   49.32
 307902.572   289.146   -51.70   59.00
 308275.366   247.108  -112.73   65.75
 308648.126   205.432  -111.77   51.34
 309020.854   180.607   -66.58   31.88
 309393.549   169.971   -28.53    8.72
 309766.212   177.184    19.35   15.51
 310138.841   186.243    24.30   21.12
 310511.438   194.937    23.33   26.18
 310884.003   203.333    22.53   29.66
 311256.534   210.410    18.99   33.19
 311629.033   212.179     4.75   30.67
 312001.499   216.608    11.89   31.31
