# NaN NaN NaN ;Mean Elev.(m), Avg Gradient(m/km), RMS Gradient(m/km) - SRTM1     
#   49.032   0.086   1.269 ;Mean Elev.(m), Avg Gradient(m/km), RMS Gradient(m/km) - ASTER GDEM
#   41.305  -0.234   1.141 ;Mean Elev.(m), Avg Gradient(m/km), RMS Gradient(m/km) - GMTED2010 
  6 133.141672  48.132697    44.901    44.901  2 52437.07355789 11.856
  7 133.144574  48.133162    44.345    44.081  3 52472.07355911 16.676
  8 133.145876  48.132721    37.426    37.395  3 52507.07353490 25.575
  9 133.162037  48.132947    43.414    43.414  2 52542.07351677 21.151
 10 133.146179  48.133194    42.651    42.670  3 52577.07356700 50.275
 11 133.143529  48.132676    42.304    42.289  3 52612.07353062 30.625
 12 133.152825  48.133794    42.238    42.270  3 52647.07351519 17.885
 13 133.154502  48.132627    42.187    42.174  3 52682.07348522 11.353
 14 133.149536  48.133693    42.232    42.237  3 52717.07354454 23.287
 15 133.131748  48.130473    43.411    42.435  3 52752.07357084 26.195
 16 133.155595  48.131885    42.019    42.021  3 52787.07351448 51.183
 17 133.154563  48.132745    43.684    43.684  2 52822.07358721 26.253
 18 133.156081  48.134137    45.405    45.369  3 52857.07363406 15.405
 19 133.145491  48.132257    47.515    47.444  3 52892.07366696 39.389
 20 133.139151  48.131572    46.213    46.190  3 52927.07361927 29.230
 21 133.163174  48.133619    42.411    42.432  3 52962.07358708 47.132
 22 133.146996  48.133156    44.096    44.064  3 52997.07363003 20.007
 23 133.140683  48.131783    43.063    43.063  2 53032.07358918 15.253
 24 133.153925  48.132909    43.358    43.336  3 53067.07359877 10.315
 25 133.138125  48.132291    45.722    46.713  3 53102.07359398 33.762
 26 133.156696  48.133242    46.679    47.551  3 53137.07360093 17.493
 27 133.148983  48.132816    45.507    45.507  2 53172.07364957 33.311
 28 133.146139  48.131895    44.436    44.448  3 53207.07366418 49.400
 29 133.148331  48.131653    45.113    45.057  3 53242.07363183 40.085
 30 133.157604  48.132556    44.016    44.028  3 53277.07360387 51.988
 31 133.147629  48.132828    43.735    43.178  3 53312.07364085 27.697
 32 133.148087  48.131995    41.900    41.904  3 53347.07360685 24.022
 33 133.158167  48.133284    42.658    42.645  3 53382.07356835 17.132
 34 133.155528  48.132748    42.777    42.777  2 53417.07358502 13.852
 35 133.159937  48.132017    46.694    46.657  3 53452.07358461 16.349
 36 133.142746  48.132402    43.647    43.647  2 53487.07367014 50.321
 37 133.151468  48.133143    45.374    45.160  3 53522.07366111 21.270
 38 133.140853  48.132677    45.563    45.563  2 53557.07368657 19.799
 39 133.151762  48.132005    46.286    46.321  3 53592.07362327 53.512
 40 133.151214  48.132456    43.907    43.922  3 53627.07361321 50.628
 41 133.148669  48.132954    43.457    43.457  2 53662.07363871 18.207
 42 133.145503  48.132005    42.039    42.043  3 53697.07360547 47.627
 43 133.146659  48.134012    43.206    43.197  3 53732.07352767 41.358
 44 133.158048  48.132365    43.010    42.990  3 53767.07350224 19.773
 45 133.147859  48.131876    42.955    42.956  3 53802.07350316 36.666
 46 133.156663  48.133801    43.149    43.155  3 53837.07351274 31.292
 47 133.151063  48.132890    44.821    44.804  3 53872.07356660 51.099
 48 133.147175  48.133006    45.709    45.688  3 53907.07360659 14.653
 49 133.139091  48.132219    45.185    45.185  2 53942.07363440 22.965
 50 133.141064  48.132054    45.315    45.315  2 53977.07358851 22.619
 51 133.158801  48.132288    44.629    44.717  3 54012.07359272 18.185
 52 133.157398  48.133366    42.431    42.431  2 54047.07360479 33.292
 54 133.140974  48.132205    42.988    42.959  3 54117.07353005 20.464
 55 133.148578  48.133247    42.753    42.731  3 54152.07354955 13.467
 56 133.142725  48.132981    46.030    46.030  2 54187.07352311  7.436
 57 133.151040  48.133118    43.961    43.961  2 54222.07355902 39.497
 58 133.149025  48.132829    45.485    45.188  3 54257.07358157 16.134
 59 133.151404  48.134014    44.142    44.089  3 54292.07358372 22.048
 60 133.149289  48.132473    44.880    44.883  3 54327.07358055 22.591
 61 133.141808  48.132221    44.438    44.438  2 54362.07353086 18.973
 62 133.152179  48.132101    42.996    43.015  3 54397.07352049 49.485
 63 133.145939  48.132991    41.960    42.024  3 54432.07348060 33.871
 64 133.155150  48.132978    42.569    42.545  3 54467.07350158 21.458
 65 133.146514  48.132011    42.545    42.600  3 54502.07349530 22.542
 66 133.150307  48.132568    42.641    42.620  3 54537.07351714 34.306
 67 133.144862  48.132872    42.599    42.599  3 54572.07349667 54.715
 68 133.149760  48.132587    42.881    42.892  3 54607.07351054 24.506
 69 133.147790  48.133840    42.841    42.834  3 54642.07351951 30.096
 70 133.147823  48.132381    43.874    43.894  3 54677.07352159 35.631
 71 133.144941  48.132369    43.185    43.167  3 54712.07347604 34.124
 72 133.150028  48.131719    44.157    44.234  3 54747.07349029 38.936
 73 133.148074  48.131825    42.711    42.715  3 54782.07346233 48.981
 74 133.152189  48.133435    43.494    43.455  3 54817.07348258 24.369
 75 133.146739  48.131559    43.007    43.036  3 54852.07345990 17.550
 76 133.148932  48.133363    43.058    43.003  3 54887.07348726 11.791
 77 133.139494  48.132390    47.349    47.606  3 54922.07346055 17.322
 78 133.151065  48.132893    44.936    44.821  3 54957.07348302 15.242
 79 133.146717  48.132592    43.630    43.630  2 54992.07350642 29.971
 80 133.147876  48.132686    45.771    45.771  2 55027.07349707 18.784
 81 133.148985  48.132702    46.319    46.319  2 55062.07348971 50.015
 82 133.140597  48.132879    46.901    46.933  3 55097.07343859 28.443
 84 133.148172  48.133521    44.092    44.002  3 55167.07340048 22.667
 85 133.150943  48.134127    44.453    44.305  3 55202.07342496 13.189
 86 133.144305  48.133254    44.047    43.983  3 55237.07340780  9.126
 87 133.148294  48.132373    44.992    45.488  3 55272.07341962  7.325
 88 133.144070  48.133848    45.018    44.277  3 55307.07338924 34.456
 89 133.150851  48.133974    46.099    45.938  3 55342.07338901 26.965
 90 133.146717  48.131609    45.188    44.987  3 55377.07338328 18.338
 91 133.152399  48.132865    46.135    46.196  3 55412.07340615 34.877
 92 133.148848  48.133406    46.903    46.899  3 55447.07339748 46.594
 93 133.141424  48.132052    44.118    43.716  3 55482.07332900 32.763
