# NaN NaN NaN ;Mean Elev.(m), Avg Gradient(m/km), RMS Gradient(m/km) - SRTM1     
#  108.582  -0.372   8.404 ;Mean Elev.(m), Avg Gradient(m/km), RMS Gradient(m/km) - ASTER GDEM
#  123.532  -0.135   7.670 ;Mean Elev.(m), Avg Gradient(m/km), RMS Gradient(m/km) - GMTED2010 
  8 127.675007  50.483287   127.179   127.210  4 52479.53307473 50.924
  9 127.698531  50.468267   124.804   124.769  9 52514.53301794 50.152
 11 127.689597  50.474646   126.452   126.450  8 52584.53304991 45.744
 12 127.684393  50.479614   126.941   126.932  6 52619.53302931 25.645
 13 127.685171  50.480327   127.026   127.056  6 52654.53301474 20.973
 14 127.691274  50.473192   127.357   127.374  9 52689.53300838 34.468
 15 127.679172  50.483959   128.821   129.151  5 52724.53305502 17.653
 16 127.672680  50.485438   127.240   127.225  3 52759.53307479 24.157
 17 127.676511  50.484204   129.311   129.313  5 52794.53302971 50.883
 18 127.678546  50.483810   129.041   129.040  5 52829.53309662 49.866
 19 127.684741  50.481338   127.588   127.582  6 52864.53314042 45.213
 20 127.681063  50.482320   128.248   128.229  6 52899.53316983 42.503
 21 127.685897  50.479496   127.442   127.353  6 52934.53311270 28.786
 22 127.675557  50.483019   127.933   127.971  4 52969.53312900 33.786
 23 127.674054  50.482794   127.905   127.892  3 53004.53314756 23.237
 25 127.677658  50.485124   128.750   129.030  5 53074.53312805 10.665
 27 127.674213  50.484391   129.382   129.373  4 53144.53313923 50.422
 28 127.683260  50.481700   128.725   128.726  6 53179.53315319 50.372
 29 127.677468  50.483742   128.794   128.791  4 53214.53317532 52.115
 30 127.689559  50.474074   128.055   127.750  8 53249.53314301 25.013
 32 127.685100  50.480037   126.478   126.466  6 53319.53312836 47.796
 33 127.697505  50.468198   127.281   127.273  9 53354.53309316 19.437
 34 127.671514  50.483437   127.361   127.361  2 53389.53310079 14.585
 35 127.693274  50.470005   127.428   127.454  9 53424.53309611 17.314
 36 127.678401  50.484302   127.566   127.572  5 53459.53310427 21.645
 38 127.691869  50.471636   128.371   128.374  9 53529.53316230 48.971
 39 127.675979  50.484284   127.915   127.915  4 53564.53319560 48.298
 40 127.693438  50.469673   126.931   126.937  9 53599.53313412 50.620
 42 127.672812  50.484710   126.873   126.860  3 53669.53315544 48.087
 43 127.696026  50.468565   127.130   127.109  9 53704.53308980 29.055
 44 127.707384  50.459013   127.129   127.169  9 53739.53299758 41.106
 45 127.684824  50.479560   128.294   128.279  6 53774.53302125 15.253
 46 127.697026  50.469216   127.416   127.427  9 53809.53300266 16.343
 47 127.672438  50.483062   128.256   128.256  2 53844.53304743 36.947
 48 127.680137  50.483788   128.103   128.132  6 53879.53307669 44.205
 49 127.671821  50.483643   127.904   127.904  2 53914.53313289 49.544
 50 127.672353  50.483787   127.796   127.796  2 53949.53314350 50.928
 51 127.687172  50.478431   128.704   128.664  6 53984.53308038 24.590
 52 127.675396  50.484121   128.242   128.233  3 54019.53311686 51.659
 53 127.694251  50.468969   126.455   126.432  9 54054.53310411 45.270
 54 127.689328  50.475597   127.974   127.987  8 54089.53309548 27.512
 55 127.673659  50.483470   129.202   129.988  3 54124.53302243 20.920
 56 127.678963  50.484594   127.730   127.716  5 54159.53306357 14.465
 57 127.673279  50.485180   127.786   127.783  3 54194.53302493 25.962
 58 127.678160  50.484632   127.434   127.445  5 54229.53307614 50.068
 59 127.679110  50.484056   127.844   127.845  5 54264.53309412 51.083
 60 127.682060  50.481922   128.552   128.550  6 54299.53309724 49.422
 61 127.686326  50.479110   128.707   128.708  6 54334.53308665 50.065
 63 127.683093  50.480818   127.010   126.846  6 54404.53303093 29.055
 64 127.671141  50.482830   128.004   128.004  2 54439.53298899 30.410
 65 127.680137  50.483504   127.864   127.878  6 54474.53301815 22.704
 66 127.673438  50.484444   128.028   128.006  3 54509.53300219 21.593
 67 127.682643  50.482170   127.965   127.976  6 54544.53303220 22.514
 68 127.679089  50.483511   127.543   127.508  5 54579.53300079 26.188
 69 127.682721  50.481590   127.514   127.490  6 54614.53302209 27.196
 70 127.676933  50.484001   126.494   126.518  5 54649.53303283 31.313
 71 127.684440  50.480949   128.470   128.472  6 54684.53302834 49.369
 72 127.673986  50.483802   127.636   127.638  3 54719.53297729 27.741
 73 127.678754  50.483859   127.467   127.467  6 54754.53300259 50.620
 74 127.671696  50.484771   126.780   126.780  2 54789.53297075 44.291
 75 127.677677  50.484013   128.058   128.058  4 54824.53299841 26.455
 76 127.673989  50.484424   127.696   127.652  3 54859.53296386 34.858
 77 127.680946  50.483699   127.994   127.992  6 54894.53299963 10.799
 78 127.672378  50.484475   131.083   131.271  3 54929.53296330 23.996
 79 127.679111  50.483184   128.976   128.974  5 54964.53300005 48.687
 80 127.677353  50.484325   128.398   128.397  5 54999.53302047 42.471
 81 127.678682  50.483966   127.560   127.584  6 55034.53300686 51.427
 82 127.686936  50.478663   127.989   127.948  6 55069.53299534 22.108
 83 127.672123  50.483656   129.266   129.266  2 55104.53293718 24.538
 84 127.680398  50.484083   127.277   127.277  6 55139.53294331 46.820
 85 127.674043  50.482637   128.297   128.338  3 55174.53290424 23.834
 86 127.677708  50.485482   128.100   128.122  5 55209.53293950 14.449
 87 127.673969  50.484121   127.906   127.910  3 55244.53291062 10.120
 88 127.683657  50.480053   128.385   128.001  6 55279.53293204 14.601
 89 127.678014  50.484005   128.595   128.607  5 55314.53289785 51.880
 90 127.683557  50.481949   128.761   128.760  6 55349.53290361 51.113
 91 127.673621  50.483517   129.214   129.219  3 55384.53289675 51.636
 92 127.679687  50.483493   128.939   128.942  5 55419.53292271 49.234
 93 127.689589  50.474635   128.577   128.276  8 55454.53289884 25.265
 94 127.697988  50.467921   127.235   127.238  9 55489.53281659 51.810
