# NaN NaN NaN ;Mean Elev.(m), Avg Gradient(m/km), RMS Gradient(m/km) - SRTM1     
#  110.126  -0.093   8.338 ;Mean Elev.(m), Avg Gradient(m/km), RMS Gradient(m/km) - ASTER GDEM
#  125.047   0.144   7.604 ;Mean Elev.(m), Avg Gradient(m/km), RMS Gradient(m/km) - GMTED2010 
  7   127.401 52444.53308561 46.73 127.659578  50.502160 32.470
  7   127.627 52444.53308625 48.83 127.658128  50.505390 32.470
  7   127.495 52444.53308689 48.16 127.656688  50.508620 32.470
  8   127.702 52479.53308021 46.07 127.662707  50.510767 43.357
  8   127.791 52479.53308085 51.03 127.661257  50.513997 43.357
  8   127.865 52479.53308150 47.56 127.659817  50.517237 43.357
  8   127.912 52479.53308214 48.33 127.658367  50.520467 43.357
  9   126.020 52514.53302954 52.98 127.672506  50.526463 32.067
  9   126.096 52514.53303019 52.72 127.671056  50.529693 32.067
  9   126.171 52514.53303083 52.39 127.669606  50.532923 32.067
  9   126.183 52514.53303148 51.48 127.668156  50.536155 24.049
  9   126.193 52514.53303212 50.44 127.666716  50.539385 24.049
  9   126.270 52514.53303277 52.94 127.665266  50.542625 24.049
  9   126.314 52514.53303341 51.37 127.663816  50.545855 24.049
  9   126.378 52514.53303406 52.15 127.662366  50.549085 24.049
  9   126.447 52514.53303470 52.13 127.660916  50.552315 24.049
  9   126.438 52514.53303535 43.51 127.659466  50.555555 24.049
 10   127.615 52549.53307031 37.53 127.660187  50.502569 29.359
 10   127.616 52549.53307095 40.30 127.658737  50.505809 29.359
 10   127.593 52549.53307160 39.94 127.657287  50.509039 29.359
 11   127.325 52584.53305861 47.73 127.670068  50.518288 37.526
 11   127.470 52584.53305926 45.56 127.668618  50.521518 37.526
 11   127.457 52584.53305990 39.19 127.667168  50.524748 37.526
 11   127.722 52584.53306054 44.38 127.665728  50.527988 37.526
 11   127.765 52584.53306119 46.89 127.664278  50.531218 37.526
 11   127.633 52584.53306183 44.78 127.662829  50.534448 14.553
 11   127.705 52584.53306248 39.96 127.661379  50.537678 14.553
 11   127.767 52584.53306312 45.04 127.659929  50.540918 14.553
 11   127.709 52584.53306377 37.34 127.658479  50.544148 14.553
 11   127.603 52584.53306441 32.82 127.657029  50.547378 14.553
 11   127.549 52584.53306506 31.20 127.655579  50.550608 14.553
 12   127.726 52619.53303672 42.13 127.667763  50.516789 17.274
 12   127.812 52619.53303737 23.23 127.666321  50.520022 10.614
 12   127.818 52619.53303801 22.94 127.664871  50.523252 10.614
 12   127.881 52619.53303866 26.30 127.663421  50.526492 10.614
 12   127.911 52619.53303930 27.19 127.661971  50.529722 10.614
 12   127.843 52619.53303995 26.69 127.660531  50.532952 10.614
 12   127.944 52619.53304059 30.30 127.659081  50.536182 10.614
 12   128.011 52619.53304124 26.05 127.657631  50.539422 10.614
 12   128.093 52619.53304188 26.16 127.656181  50.542652 10.614
 12   128.139 52619.53304253 28.43 127.654731  50.545882 10.614
 13   127.737 52654.53302216 22.48 127.668535  50.517507  9.248
 13   127.859 52654.53302280 21.84 127.667085  50.520737  9.248
 13   127.972 52654.53302345 20.14 127.665635  50.523967  9.248
 13   127.965 52654.53302409 21.74 127.664185  50.527197  9.248
 13   128.003 52654.53302474 22.91 127.662735  50.530437  9.248
 13   128.051 52654.53302538 21.02 127.661285  50.533667  9.248
 13   128.067 52654.53302603 22.09 127.659836  50.536895  6.589
 13   128.134 52654.53302667 22.18 127.658386  50.540125  6.589
 13   128.114 52654.53302731 26.97 127.656936  50.543365  6.589
 13   128.116 52654.53302796 24.63 127.655496  50.546595  6.589
 14   128.366 52689.53301805 26.90 127.669587  50.521684 12.918
 14   128.447 52689.53301870 26.32 127.668137  50.524914 12.918
 14   128.501 52689.53301934 27.56 127.666697  50.528154 12.918
 14   128.665 52689.53301999 26.59 127.665247  50.531384 12.918
 14   128.796 52689.53302063 27.68 127.663797  50.534614 12.918
 14   128.864 52689.53302128 27.26 127.662347  50.537844 12.918
 14   128.926 52689.53302192 27.17 127.660897  50.541084 12.918
 14   128.945 52689.53302256 27.50 127.659457  50.544314 12.918
 14   128.742 52689.53302321 27.24 127.658007  50.547544 12.918
 14   128.717 52689.53302385 27.51 127.656557  50.550784 12.918
 15   127.808 52724.53306082 25.94 127.666145  50.513052 10.619
 15   127.892 52724.53306147 25.62 127.664705  50.516282 10.619
 15   127.811 52724.53306211 19.89 127.663255  50.519522 10.619
 15   127.900 52724.53306276 18.31 127.661805  50.522752 10.619
 15   128.030 52724.53306340 15.07 127.660355  50.525982 10.619
 15   128.045 52724.53306404 14.07 127.658915  50.529212 10.619
 15   128.032 52724.53306469 15.57 127.657465  50.532452 10.619
 16   127.647 52759.53307930 21.35 127.662557  50.508065 28.158
 16   127.671 52759.53307994 26.59 127.661107  50.511305 28.158
 16   127.705 52759.53308059 24.04 127.659667  50.514535 28.158
 16   127.358 52759.53308123 20.74 127.658217  50.517765 28.158
 17   129.792 52794.53303487 46.03 127.664931  50.510064 40.938
 17   129.855 52794.53303551 50.67 127.663487  50.513295 24.388
 17   129.920 52794.53303616 50.76 127.662037  50.516525 24.388
 17   129.989 52794.53303680 51.26 127.660587  50.519765 24.388
 17   130.050 52794.53303745 49.90 127.659137  50.522995 24.388
 17   130.112 52794.53303809 50.10 127.657687  50.526225 24.388
 18   129.483 52829.53310243 51.17 127.665520  50.512904 48.043
 18   129.546 52829.53310307 50.11 127.664073  50.516135 29.849
 18   129.606 52829.53310371 52.48 127.662623  50.519365 29.849
 18   129.649 52829.53310436 52.08 127.661173  50.522605 29.849
 18   129.693 52829.53310500 51.95 127.659723  50.525835 29.849
 18   129.756 52829.53310565 51.35 127.658273  50.529065 29.849
 19   128.222 52864.53314783 37.23 127.668103  50.518511 24.175
 19   128.256 52864.53314848 36.60 127.666653  50.521741 24.175
 19   128.318 52864.53314912 36.07 127.665203  50.524981 24.175
 19   128.345 52864.53314977 28.33 127.663753  50.528211 24.175
 19   128.270 52864.53315041 21.57 127.662303  50.531441 24.175
 19   128.014 52864.53315106 20.82 127.660853  50.534671 24.175
 19   128.348 52864.53315170 20.42 127.659403  50.537911 24.175
 19   128.634 52864.53315235 27.11 127.657953  50.541141 24.175
 19   128.642 52864.53315299 36.79 127.656503  50.544371 24.175
 19   128.671 52864.53315364 40.30 127.655063  50.547601 24.175
 20   128.728 52899.53317660 40.17 127.665877  50.516264 28.016
 20   128.847 52899.53317724 50.70 127.664427  50.519494 28.016
 20   128.956 52899.53317789 47.50 127.662977  50.522724 28.016
 20   129.027 52899.53317853 47.87 127.661537  50.525964 28.016
 20   129.099 52899.53317918 47.30 127.660087  50.529194 28.016
 20   129.123 52899.53317982 44.95 127.658637  50.532424 28.016
 20   129.187 52899.53318046 44.70 127.657187  50.535664 28.016
 21   128.169 52934.53312011 34.13 127.669267  50.516677 22.354
 21   128.025 52934.53312076 25.79 127.667827  50.519907 22.354
 21   128.013 52934.53312140 23.29 127.666377  50.523137 22.354
 21   127.927 52934.53312205 24.37 127.664931  50.526371 16.521
 21   128.050 52934.53312269 20.21 127.663481  50.529601 16.521
 21   128.016 52934.53312333 17.60 127.662031  50.532831 16.521
 21   128.066 52934.53312398 20.98 127.660591  50.536071 16.521
 21   128.149 52934.53312462 29.19 127.659141  50.539301 16.521
 21   128.282 52934.53312527 36.63 127.657691  50.542531 16.521
 21   128.234 52934.53312591 44.12 127.656241  50.545771 16.521
 21   128.350 52934.53312656 39.26 127.654791  50.549001 16.521
 22   128.426 52969.53313448 40.88 127.663252  50.510496 22.972
 22   128.344 52969.53313512 34.10 127.661812  50.513726 22.972
 22   128.401 52969.53313577 29.19 127.660362  50.516956 22.972
 22   128.381 52969.53313641 26.50 127.658912  50.520196 22.972
 23   128.675 53004.53315272 36.54 127.662487  50.508657 25.022
 23   128.637 53004.53315337 27.69 127.661037  50.511887 25.022
 23   128.603 53004.53315401 18.23 127.659589  50.515118  7.637
 23   128.435 53004.53315466 14.70 127.658139  50.518348  7.637
 24   127.998 53039.53310083 22.15 127.659108  50.500646  9.145
 24   128.081 53039.53310148 16.14 127.657658  50.503886  9.145
 24   128.291 53039.53310212 13.34 127.656218  50.507116  9.145
 25   146.365 53074.53313514  7.61 127.661748  50.520682  4.703
 25   145.591 53074.53313579  7.48 127.660298  50.523922  4.703
 25   128.681 53074.53313643  7.53 127.658848  50.527152  4.703
 25   128.570 53074.53313708  8.71 127.657398  50.530382  4.703
 26   128.998 53109.53310159 27.76 127.657799  50.501474 32.021
 26   129.146 53109.53310223 28.35 127.656349  50.504704 32.021
 26   129.126 53109.53310287 27.01 127.654899  50.507934 32.021
 27   129.626 53144.53314406 49.84 127.663360  50.508637 32.600
 27   129.666 53144.53314471 49.76 127.661910  50.511867 32.600
 27   129.709 53144.53314535 50.03 127.660470  50.515097 32.600
 27   129.734 53144.53314600 49.22 127.659020  50.518337 32.600
 27   129.807 53144.53314664 49.97 127.657570  50.521567 32.600
 28   129.325 53179.53315995 50.56 127.668065  50.515641 45.373
 28   129.352 53179.53316060 54.98 127.666620  50.518874 34.737
 28   129.425 53179.53316124 53.44 127.665170  50.522104 34.737
 28   129.505 53179.53316189 53.27 127.663730  50.525344 34.737
 28   129.410 53179.53316253 53.95 127.662280  50.528574 34.737
 28   129.447 53179.53316318 52.61 127.660830  50.531804 34.737
 28   129.511 53179.53316382 53.72 127.659380  50.535034 34.737
 28   129.556 53179.53316447 51.86 127.657930  50.538274 34.737
 28   129.608 53179.53316511 54.19 127.656480  50.541504 34.737
 28   129.635 53179.53316576 52.30 127.655030  50.544734 34.737
 29   129.236 53214.53318080 46.64 127.665173  50.511224 41.803
 29   129.297 53214.53318145 50.57 127.663723  50.514454 41.803
 29   129.356 53214.53318209 52.72 127.662273  50.517684 41.803
 29   129.402 53214.53318274 50.96 127.660826  50.520916 20.899
 29   129.456 53214.53318338 50.86 127.659386  50.524146 20.899
 29   129.503 53214.53318402 49.27 127.657936  50.527386 20.899
 30   128.639 53249.53315171 32.08 127.670042  50.517712 24.144
 30   128.570 53249.53315236 21.47 127.668592  50.520942 24.144
 30   128.392 53249.53315300 14.38 127.667142  50.524182 24.144
 30   128.562 53249.53315365  8.90 127.665692  50.527412 24.144
 30   135.787 53249.53315429  9.50 127.664252  50.530642 24.144
 30   136.279 53249.53315494  8.54 127.662802  50.533882 24.144
 30   128.940 53249.53315558  9.54 127.661352  50.537112 24.144
 30   129.073 53249.53315623 13.62 127.659902  50.540342 24.144
 30   128.889 53249.53315687 21.11 127.658452  50.543572 24.144
 30   129.090 53249.53315752 25.76 127.657012  50.546812 24.144
 30   129.671 53249.53315816 20.48 127.655562  50.550042 24.144
 31   128.400 53284.53314519 49.25 127.658814  50.504183 32.953
 31   128.396 53284.53314583 53.02 127.657366  50.507413 18.167
 31   128.414 53284.53314648 51.49 127.655926  50.510643 18.167
 32   127.335 53319.53313577 44.05 127.668462  50.517216 36.350
 32   127.346 53319.53313642 44.50 127.667012  50.520446 36.350
 32   127.135 53319.53313706 42.94 127.665568  50.523677 19.450
 32   127.229 53319.53313771 44.86 127.664118  50.526907 19.450
 32   127.321 53319.53313835 45.22 127.662668  50.530147 19.450
 32   127.444 53319.53313899 43.26 127.661218  50.533377 19.450
 32   127.579 53319.53313964 47.75 127.659768  50.536607 19.450
 32   127.479 53319.53314028 38.59 127.658318  50.539837 19.450
 32   127.390 53319.53314093 35.64 127.656868  50.543077 19.450
 32   127.371 53319.53314157 32.74 127.655418  50.546307 19.450
 33   128.215 53354.53310412 20.06 127.672926  50.523156  6.783
 33   128.354 53354.53310477 19.24 127.671476  50.526386  6.783
 33   128.284 53354.53310541 19.81 127.670026  50.529616  6.783
 33   128.353 53354.53310606 20.82 127.668576  50.532856  6.783
 33   128.423 53354.53310670 21.37 127.667136  50.536086  6.783
 33   128.490 53354.53310735 21.46 127.665686  50.539316  6.783
 33   128.525 53354.53310799 23.22 127.664236  50.542556  6.783
 33   128.641 53354.53310864 23.01 127.662786  50.545786  6.783
 33   128.660 53354.53310928 23.47 127.661336  50.549016  6.783
 33   128.755 53354.53310993 22.84 127.659886  50.552246  6.783
 34   127.827 53389.53310563 19.46 127.660659  50.507682  6.534
 34   127.784 53389.53310627 19.50 127.659217  50.510913  5.708
 34   127.956 53389.53310692 18.55 127.657767  50.514143  5.708
 34   127.922 53389.53310756 18.16 127.656317  50.517383  5.708
 35   128.217 53424.53310643 17.33 127.670129  50.521734  6.768
 35   128.335 53424.53310707 16.22 127.668689  50.524964  6.768
 35   128.424 53424.53310772 17.09 127.667239  50.528194  6.768
 35   128.515 53424.53310836 16.74 127.665789  50.531424  6.768
 35   128.589 53424.53310901 17.02 127.664339  50.534664  6.768
 35   128.589 53424.53310965 17.88 127.662889  50.537894  6.768
 35   128.646 53424.53311030 19.04 127.661439  50.541124  6.768
 35   128.679 53424.53311094 19.01 127.659999  50.544354  6.768
 35   128.776 53424.53311159 18.53 127.658549  50.547594  6.768
 35   128.827 53424.53311223 18.63 127.657099  50.550824  6.768
 36   128.079 53459.53311007 21.83 127.665378  50.513391 17.146
 36   128.052 53459.53311072 27.19 127.663928  50.516621 17.146
 36   128.113 53459.53311136 30.37 127.662478  50.519861 17.146
 36   128.177 53459.53311201 34.59 127.661028  50.523091 17.146
 36   128.113 53459.53311265 21.64 127.659578  50.526321 17.146
 36   128.447 53459.53311330 20.35 127.658128  50.529561 17.146
 37   128.914 53494.53319439 53.85 127.659577  50.506650 37.682
 37   128.965 53494.53319504 51.34 127.658128  50.509882 18.008
 37   129.035 53494.53319568 50.35 127.656678  50.513112 18.008
 38   129.146 53529.53317197 46.97 127.670168  50.520125 32.336
 38   129.263 53529.53317262 46.39 127.668718  50.523355 32.336
 38   129.265 53529.53317326 45.93 127.667278  50.526595 32.336
 38   129.294 53529.53317390 49.25 127.665828  50.529825 32.336
 38   129.345 53529.53317455 49.19 127.664378  50.533055 32.336
 38   129.396 53529.53317519 48.71 127.662928  50.536295 32.336
 38   129.462 53529.53317584 49.91 127.661478  50.539525 32.336
 38   129.518 53529.53317648 51.56 127.660028  50.542755 32.336
 38   129.528 53529.53317713 51.14 127.658578  50.545985 32.336
 38   129.562 53529.53317777 46.06 127.657128  50.549225 32.336
 39   128.496 53564.53320108 43.86 127.663684  50.511761 41.630
 39   128.562 53564.53320173 49.95 127.662240  50.514996 24.548
 39   128.608 53564.53320237 49.90 127.660790  50.518226 24.548
 39   128.607 53564.53320302 52.19 127.659340  50.521456 24.548
 39   128.619 53564.53320366 51.36 127.657890  50.524696 24.548
 40   127.877 53599.53314444 50.65 127.670300  50.521393 36.430
 40   127.985 53599.53314508 51.37 127.668850  50.524633 36.430
 40   128.052 53599.53314573 52.06 127.667400  50.527863 36.430
 40   127.926 53599.53314637 53.32 127.665960  50.531093 36.430
 40   127.972 53599.53314701 52.01 127.664510  50.534333 36.430
 40   128.037 53599.53314766 52.87 127.663060  50.537563 36.430
 40   128.092 53599.53314830 46.88 127.661610  50.540793 36.430
 40   128.143 53599.53314895 46.20 127.660160  50.544023 36.430
 40   128.190 53599.53314959 48.31 127.658720  50.547263 36.430
 40   128.267 53599.53315024 50.15 127.657270  50.550493 36.430
 41   128.291 53634.53313806 45.69 127.659639  50.504665 32.455
 41   128.345 53634.53313871 46.70 127.658189  50.507895 32.455
 41   128.401 53634.53313935 45.96 127.656738  50.511126 12.506
 42   127.431 53669.53315995 49.80 127.662682  50.507340 33.028
 42   127.479 53669.53316060 48.85 127.661242  50.510570 33.028
 42   127.540 53669.53316124 48.97 127.659791  50.513801 19.919
 42   127.587 53669.53316188 45.86 127.658341  50.517031 19.919
 42   127.601 53669.53316253 47.12 127.656891  50.520271 19.919
 43   128.290 53704.53310076 30.16 127.671442  50.523520 16.476
 43   128.272 53704.53310141 30.63 127.669992  50.526750 16.476
 43   128.529 53704.53310205 33.31 127.668542  50.529990 16.476
 43   128.568 53704.53310270 37.68 127.667102  50.533220 16.476
 43   128.367 53704.53310334 31.11 127.665652  50.536450 16.476
 43   128.327 53704.53310399 29.78 127.664202  50.539680 16.476
 43   128.399 53704.53310463 31.18 127.662752  50.542920 16.476
 43   128.387 53704.53310528 34.21 127.661302  50.546150 16.476
 43   128.476 53704.53310592 34.14 127.659852  50.549380 16.476
 43   128.438 53704.53310656 34.37 127.658412  50.552610 16.476
 44   128.714 53739.53301305 23.36 127.672697  50.536598  7.043
 44   128.787 53739.53301369 23.50 127.671247  50.539838  7.043
 44   128.534 53739.53301434 21.36 127.669797  50.543068  7.043
 44   128.619 53739.53301498 21.78 127.668347  50.546298  7.043
 44   128.734 53739.53301563 21.01 127.666897  50.549528  7.043
 44   128.828 53739.53301627 22.12 127.665457  50.552768  7.043
 44   128.804 53739.53301692 22.23 127.664007  50.555998  7.043
 44   128.909 53739.53301756 21.36 127.662557  50.559228  7.043
 45   128.224 53774.53302866 16.47 127.668188  50.516730  6.508
 45   128.283 53774.53302931 15.99 127.666738  50.519970  6.508
 45   128.325 53774.53302995 15.88 127.665288  50.523200  6.508
 45   128.357 53774.53303059 17.13 127.663840  50.526430  5.683
 45   128.414 53774.53303124 16.54 127.662390  50.529660  5.683
 45   128.488 53774.53303188 17.07 127.660940  50.532900  5.683
 45   128.514 53774.53303253 17.10 127.659490  50.536130  5.683
 45   128.597 53774.53303317 17.50 127.658040  50.539360  5.683
 45   128.628 53774.53303382 18.23 127.656590  50.542590  5.683
 45   128.577 53774.53303446 17.88 127.655140  50.545830  5.683
 46   128.201 53809.53301362 15.95 127.672443  50.524176  7.200
 46   128.429 53809.53301426 14.79 127.671003  50.527406  7.200
 46   128.466 53809.53301490 16.27 127.669553  50.530639  6.069
 46   128.596 53809.53301555 15.58 127.668103  50.533869  6.069
 46   128.652 53809.53301619 15.70 127.666653  50.537109  6.069
 46   128.582 53809.53301684 16.98 127.665213  50.540339  6.069
 46   128.623 53809.53301748 17.36 127.663763  50.543569  6.069
 46   128.685 53809.53301813 18.01 127.662313  50.546799  6.069
 46   128.799 53809.53301877 18.08 127.660863  50.550039  6.069
 46   128.781 53809.53301942 18.10 127.659413  50.553269  6.069
 47   128.440 53844.53305227 27.50 127.661583  50.507307 38.186
 47   128.458 53844.53305291 24.61 127.660133  50.510547 38.186
 47   128.643 53844.53305355 27.15 127.658693  50.513777 38.186
 47   128.673 53844.53305420 29.68 127.657243  50.517007 38.186
 48   128.699 53879.53308282 41.99 127.666386  50.514496 29.873
 48   128.757 53879.53308346 44.23 127.664946  50.517726 29.873
 48   128.743 53879.53308410 41.60 127.663496  50.520966 29.873
 48   128.770 53879.53308475 41.13 127.662046  50.524196 29.873
 48   128.877 53879.53308539 47.15 127.660596  50.527426 29.873
 48   129.002 53879.53308604 47.76 127.659146  50.530656 29.873
 48   129.108 53879.53308668 46.02 127.657696  50.533896 29.873
 49   128.278 53914.53313773 51.00 127.660976  50.507888 43.163
 49   128.345 53914.53313837 50.89 127.659526  50.511128 43.163
 49   128.407 53914.53313902 48.96 127.658076  50.514358 43.163
 49   128.481 53914.53313966 49.26 127.656626  50.517588 43.163
 50   128.282 53949.53314833 49.80 127.661503  50.508032 42.485
 50   128.351 53949.53314898 51.74 127.660063  50.511262 42.485
 50   128.353 53949.53314962 46.73 127.658613  50.514502 42.485
 50   128.444 53949.53315026 51.84 127.657163  50.517732 42.485
 51   129.579 53984.53308844 24.43 127.669097  50.518840 27.148
 51   129.298 53984.53308908 17.15 127.667647  50.522080 27.148
 51   129.397 53984.53308973 11.39 127.666197  50.525310 27.148
 51   129.586 53984.53309037 12.24 127.664747  50.528540 27.148
 51   129.474 53984.53309102 12.87 127.663301  50.531773 15.743
 51   129.743 53984.53309166 11.76 127.661851  50.535003 15.743
 51   129.857 53984.53309231 13.86 127.660411  50.538243 15.743
 51   129.987 53984.53309295 14.16 127.658961  50.541473 15.743
 51   129.878 53984.53309360 20.14 127.657511  50.544703 15.743
 51   130.012 53984.53309424 24.70 127.656061  50.547933 15.743
 52   128.601 54019.53312202 52.80 127.663816  50.509981 43.919
 52   128.692 54019.53312267 52.89 127.662366  50.513221 43.919
 52   128.720 54019.53312331 50.66 127.660916  50.516451 43.919
 52   128.846 54019.53312396 53.68 127.659476  50.519681 43.919
 52   128.727 54019.53312460 51.19 127.658025  50.522912 19.586
 53   127.143 54054.53311442 32.08 127.671105  50.520695 31.807
 53   127.398 54054.53311507 34.31 127.669655  50.523925 31.807
 53   127.559 54054.53311571 35.44 127.668209  50.527156 18.353
 53   127.658 54054.53311635 38.52 127.666759  50.530386 18.353
 53   127.706 54054.53311700 39.80 127.665309  50.533626 18.353
 53   127.800 54054.53311764 45.63 127.663859  50.536856 18.353
 53   127.811 54054.53311829 44.04 127.662409  50.540086 18.353
 53   127.828 54054.53311893 36.19 127.660959  50.543316 18.353
 53   127.533 54054.53311958 32.78 127.659509  50.546556 18.353
 53   127.664 54054.53312022 28.85 127.658059  50.549786 18.353
 54   128.735 54089.53310418 22.59 127.669809  50.519237 13.365
 54   128.839 54089.53310483 22.22 127.668359  50.522477 13.365
 54   128.944 54089.53310547 25.69 127.666909  50.525707 13.365
 54   128.903 54089.53310612 26.74 127.665459  50.528937 13.365
 54   128.833 54089.53310676 22.88 127.664010  50.532168  7.666
 54   128.887 54089.53310740 23.99 127.662570  50.535398  7.666
 54   128.950 54089.53310805 25.97 127.661120  50.538638  7.666
 54   129.071 54089.53310869 25.41 127.659670  50.541868  7.666
 54   129.126 54089.53310934 26.15 127.658220  50.545098  7.666
 54   129.206 54089.53310998 27.41 127.656770  50.548328  7.666
 55   128.126 54124.53302758 17.57 127.662074  50.509331  6.333
 55   128.193 54124.53302823 17.45 127.660634  50.512561  6.333
 55   128.143 54124.53302887 17.04 127.659184  50.515801  6.333
 55   128.212 54124.53302952 17.88 127.657734  50.519031  6.333
 56   128.314 54159.53306937 13.44 127.665946  50.513688  6.118
 56   128.397 54159.53307002 13.45 127.664494  50.516921  5.173
 56   128.422 54159.53307066 13.03 127.663044  50.520151  5.173
 56   128.506 54159.53307131 13.82 127.661594  50.523391  5.173
 56   128.488 54159.53307195 13.23 127.660154  50.526621  5.173
 56   128.370 54159.53307260 13.79 127.658704  50.529851  5.173
 57   128.074 54194.53302944 24.15 127.663149  50.507810 25.193
 57   128.231 54194.53303009 22.62 127.661699  50.511040 25.193
 57   128.403 54194.53303073 24.01 127.660249  50.514270 25.193
 57   128.302 54194.53303138 24.16 127.658799  50.517500 25.193
 57   128.266 54194.53303202 23.78 127.657349  50.520740 25.193
 58   127.970 54229.53308194 45.51 127.665133  50.513730 29.981
 58   127.974 54229.53308258 48.57 127.663693  50.516960 29.981
 58   128.112 54229.53308323 49.35 127.662243  50.520190 29.981
 58   128.153 54229.53308387 51.20 127.660793  50.523430 29.981
 58   128.182 54229.53308452 47.57 127.659343  50.526660 29.981
 58   128.257 54229.53308516 48.40 127.657893  50.529890 29.981
 59   128.358 54264.53309992 47.66 127.666084  50.513145 32.533
 59   128.365 54264.53310056 47.76 127.664644  50.516385 32.533
 59   128.435 54264.53310121 45.83 127.663194  50.519615 32.533
 59   128.520 54264.53310185 48.88 127.661744  50.522845 32.533
 59   128.577 54264.53310250 51.98 127.660294  50.526085 32.533
 59   128.508 54264.53310314 50.20 127.658844  50.529315 32.533
 59   128.581 54264.53310379 50.60 127.657394  50.532545 32.533
 60   129.026 54299.53310400 50.81 127.666867  50.515861 35.558
 60   129.078 54299.53310465 47.87 127.665417  50.519101 35.558
 60   129.129 54299.53310529 50.31 127.663977  50.522331 35.558
 60   129.172 54299.53310594 50.75 127.662527  50.525561 35.558
 60   129.213 54299.53310658 48.09 127.661077  50.528801 35.558
 60   129.261 54299.53310723 48.40 127.659627  50.532031 35.558
 60   129.328 54299.53310787 49.58 127.658177  50.535261 35.558
 60   129.366 54299.53310852 44.91 127.656727  50.538491 35.558
 60   129.390 54299.53310916 44.08 127.655287  50.541731 35.558
 61   129.366 54334.53309470 52.93 127.668243  50.519519 38.255
 61   129.370 54334.53309535 52.08 127.666803  50.522749 38.255
 61   129.345 54334.53309599 51.61 127.665353  50.525989 38.255
 61   129.377 54334.53309664 49.12 127.663903  50.529219 38.255
 61   129.411 54334.53309728 46.80 127.662453  50.532449 38.255
 61   129.442 54334.53309793 45.43 127.661013  50.535679 38.255
 61   129.505 54334.53309857 43.97 127.659563  50.538919 38.255
 61   129.581 54334.53309922 47.72 127.658113  50.542149 38.255
 61   129.670 54334.53309986 50.33 127.656663  50.545379 38.255
 61   129.809 54334.53310051 47.78 127.655213  50.548609 38.255
 63   127.646 54404.53303770 29.12 127.667905  50.514760 24.982
 63   127.727 54404.53303834 25.15 127.666455  50.518000 24.982
 63   127.373 54404.53303898 24.40 127.665005  50.521230 24.982
 63   127.455 54404.53303963 23.01 127.663565  50.524460 24.982
 63   127.501 54404.53304027 21.54 127.662115  50.527690 24.982
 63   127.432 54404.53304092 23.79 127.660665  50.530930 24.982
 63   127.614 54404.53304156 25.80 127.659215  50.534160 24.982
 63   127.667 54404.53304221 34.53 127.657765  50.537390 24.982
 63   127.735 54404.53304285 39.97 127.656315  50.540620 24.982
 63   127.765 54404.53304350 37.15 127.654865  50.543860 24.982
 64   128.446 54439.53299383 29.13 127.660278  50.507075  9.838
 64   128.555 54439.53299447 27.26 127.658838  50.510305  9.838
 64   128.599 54439.53299512 28.02 127.657388  50.513545  9.838
 65   128.366 54474.53302427 24.10 127.666391  50.514215 10.029
 65   128.363 54474.53302492 22.74 127.664941  50.517445 10.029
 65   128.444 54474.53302556 22.81 127.663491  50.520677  5.757
 65   128.466 54474.53302621 22.71 127.662051  50.523907  5.757
 65   128.484 54474.53302685 22.13 127.660601  50.527147  5.757
 65   128.486 54474.53302749 22.62 127.659151  50.530377  5.757
 65   128.479 54474.53302814 22.37 127.657701  50.533607  5.757
 66   128.271 54509.53300671 25.06 127.663301  50.507067  9.249
 66   128.421 54509.53300735 22.84 127.661861  50.510307  9.249
 66   128.467 54509.53300800 22.61 127.660411  50.513537  9.249
 66   128.413 54509.53300864 20.27 127.658961  50.516767  9.249
 66   128.413 54509.53300928 21.15 127.657511  50.519997  9.249
 67   128.362 54544.53303897 20.68 127.667451  50.516116 18.388
 67   128.402 54544.53303962 21.48 127.666001  50.519346 18.388
 67   128.418 54544.53304026 20.60 127.664556  50.522577 10.125
 67   128.490 54544.53304091 20.45 127.663106  50.525807 10.125
 67   128.636 54544.53304155 19.41 127.661666  50.529047 10.125
 67   128.635 54544.53304219 19.54 127.660216  50.532277 10.125
 67   128.691 54544.53304284 20.96 127.658766  50.535507 10.125
 67   128.713 54544.53304348 21.83 127.657316  50.538737 10.125
 67   128.789 54544.53304413 22.16 127.655866  50.541977 10.125
 67   128.894 54544.53304477 21.64 127.654416  50.545207 10.125
 68   128.255 54579.53300660 22.72 127.666064  50.512606 28.270
 68   127.981 54579.53300724 25.38 127.664614  50.515836 28.270
 68   127.849 54579.53300789 26.24 127.663174  50.519076 28.270
 68   127.738 54579.53300853 28.41 127.661724  50.522306 28.270
 68   127.930 54579.53300917 26.79 127.660277  50.525538 18.941
 68   127.989 54579.53300982 29.52 127.658827  50.528768 18.941
 68   127.911 54579.53301046 20.69 127.657377  50.532008 18.941
 69   127.920 54614.53302886 27.09 127.667527  50.515535 35.381
 69   127.922 54614.53302951 28.92 127.666077  50.518765 35.381
 69   127.819 54614.53303015 26.11 127.664630  50.521998 21.030
 69   127.638 54614.53303080 29.17 127.663190  50.525228 21.030
 69   127.709 54614.53303144 28.92 127.661740  50.528468 21.030
 69   127.704 54614.53303209 29.29 127.660290  50.531698 21.030
 69   127.783 54614.53303273 29.96 127.658840  50.534928 21.030
 69   128.046 54614.53303337 35.39 127.657390  50.538158 21.030
 69   128.252 54614.53303402 41.03 127.655940  50.541398 21.030
 69   128.439 54614.53303466 41.45 127.654490  50.544628 21.030
 70   127.102 54649.53303863 34.17 127.663906  50.513099 27.415
 70   127.161 54649.53303927 26.38 127.662466  50.516329 27.415
 70   126.862 54649.53303992 21.50 127.661016  50.519559 27.415
 70   127.135 54649.53304056 23.29 127.659566  50.522799 27.415
 70   127.275 54649.53304121 26.83 127.658116  50.526029 27.415
 71   129.094 54684.53303575 48.10 127.667805  50.518128 39.049
 71   129.107 54684.53303640 46.66 127.666355  50.521358 39.049
 71   129.127 54684.53303704 49.59 127.664911  50.524591 23.461
 71   129.172 54684.53303769 48.17 127.663461  50.527821 23.461
 71   129.237 54684.53303833 47.15 127.662011  50.531061 23.461
 71   129.184 54684.53303898 44.03 127.660571  50.534291 23.461
 71   129.266 54684.53303962 41.68 127.659121  50.537521 23.461
 71   129.319 54684.53304026 43.26 127.657671  50.540751 23.461
 71   129.439 54684.53304091 47.01 127.656221  50.543991 23.461
 71   129.489 54684.53304155 45.03 127.654771  50.547221 23.461
 72   127.864 54719.53298244 27.19 127.662409  50.509665 29.119
 72   127.766 54719.53298309 23.14 127.660959  50.512895 29.119
 72   127.854 54719.53298373 21.08 127.659510  50.516126 10.526
 72   127.774 54719.53298438 18.58 127.658060  50.519356 10.526
 73   128.027 54754.53300872 46.40 127.665009  50.514570 44.720
 73   128.105 54754.53300936 51.90 127.663559  50.517800 44.720
 73   128.148 54754.53301001 51.95 127.662110  50.521031 23.823
 73   128.047 54754.53301065 51.49 127.660670  50.524261 23.823
 73   128.086 54754.53301129 50.48 127.659220  50.527501 23.823
 73   128.230 54754.53301194 50.00 127.657770  50.530731 23.823
 74   127.402 54789.53297494 43.11 127.662288  50.505774 24.777
 74   127.445 54789.53297559 43.48 127.660848  50.509014 24.777
 74   127.490 54789.53297623 44.18 127.659398  50.512244 24.777
 74   127.533 54789.53297688 45.47 127.657948  50.515474 24.777
 74   127.587 54789.53297752 42.63 127.656498  50.518714 24.777
 75   128.497 54824.53300388 20.55 127.665377  50.511493 14.324
 75   128.477 54824.53300453 26.29 127.663927  50.514723 14.324
 75   128.547 54824.53300517 19.70 127.662478  50.517954  6.876
 75   128.535 54824.53300582 20.86 127.661038  50.521184  6.876
 75   128.627 54824.53300646 21.09 127.659588  50.524424  6.876
 75   128.603 54824.53300711 20.68 127.658138  50.527654  6.876
 76   128.198 54859.53296901 14.71 127.662406  50.510281  9.940
 76   128.297 54859.53296966 14.90 127.660966  50.513521  9.940
 76   128.273 54859.53297030 15.33 127.659516  50.516751  9.940
 76   128.229 54859.53297095 14.48 127.658066  50.519981  9.940
 77   128.392 54894.53300575 11.41 127.667201  50.514410  4.625
 77   128.444 54894.53300640 11.31 127.665761  50.517640  4.625
 77   128.414 54894.53300704 10.45 127.664310  50.520871  4.816
 77   128.487 54894.53300769 11.59 127.662860  50.524101  4.816
 77   128.547 54894.53300833 11.31 127.661410  50.527341  4.816
 77   128.477 54894.53300898 11.77 127.659970  50.530571  4.816
 77   128.449 54894.53300962 13.67 127.658520  50.533801  4.816
 77   128.666 54894.53301027 15.54 127.657070  50.537031  4.816
 77   128.880 54894.53301156 13.90 127.654170  50.543501  4.816
 78   128.044 54929.53296781 25.56 127.662246  50.507102 10.210
 78   128.055 54929.53296846 20.80 127.660796  50.510332 10.210
 78   128.088 54929.53296910 21.86 127.659356  50.513572 10.210
 78   128.185 54929.53296975 20.77 127.657906  50.516802 10.210
 79   129.338 54964.53300585 51.34 127.666093  50.512284 45.437
 79   129.412 54964.53300650 50.31 127.664643  50.515514 45.437
 79   129.524 54964.53300714 52.84 127.663193  50.518744 45.437
 79   129.565 54964.53300778 51.73 127.661743  50.521974 45.437
 79   129.610 54964.53300843 52.21 127.660303  50.525214 45.437
 79   129.680 54964.53300907 52.02 127.658853  50.528444 45.437
 79   129.751 54964.53300972 52.15 127.657403  50.531674 45.437
 80   128.879 54999.53302627 41.89 127.664330  50.513421 39.222
 80   128.969 54999.53302691 45.95 127.662880  50.516651 39.222
 80   128.997 54999.53302756 47.16 127.661434  50.519883 18.182
 80   129.036 54999.53302820 45.67 127.659984  50.523113 18.182
 80   129.126 54999.53302885 46.47 127.658544  50.526353 18.182
 81   128.173 55034.53301298 47.45 127.664938  50.514680 46.796
 81   128.243 55034.53301363 52.58 127.663488  50.517910 46.796
 81   128.120 55034.53301427 52.68 127.662038  50.521140 46.796
 81   128.156 55034.53301491 51.72 127.660588  50.524370 46.796
 81   128.245 55034.53301556 50.40 127.659138  50.527610 46.796
 81   128.349 55034.53301620 50.61 127.657698  50.530840 46.796
 82   128.734 55069.53300340 20.84 127.668854  50.519073 27.297
 82   128.388 55069.53300405 15.93 127.667414  50.522303 27.297
 82   128.502 55069.53300469 12.72 127.665962  50.525537 21.415
 82   128.559 55069.53300534 14.49 127.664512  50.528767 21.415
 82   128.379 55069.53300598 15.40 127.663072  50.531997 21.415
 82   128.696 55069.53300662 16.84 127.661622  50.535237 21.415
 82   128.963 55069.53300727 22.12 127.660172  50.538467 21.415
 82   129.140 55069.53300791 29.15 127.658722  50.541697 21.415
 82   129.224 55069.53300856 35.71 127.657272  50.544937 21.415
 82   129.191 55069.53300920 42.40 127.655822  50.548167 21.415
 83   128.997 55104.53294201 32.10 127.661264  50.507902 18.161
 83   129.162 55104.53294266 35.76 127.659824  50.511132 18.161
 83   129.279 55104.53294330 40.70 127.658374  50.514372 18.161
 83   129.322 55104.53294395 45.13 127.656924  50.517602 18.161
 84   127.916 55139.53294943 45.89 127.666656  50.514798 39.094
 84   127.849 55139.53295008 47.33 127.665206  50.518028 39.094
 84   127.876 55139.53295072 48.32 127.663756  50.521258 39.094
 84   127.952 55139.53295137 47.26 127.662307  50.524488 19.035
 84   128.046 55139.53295201 46.03 127.660867  50.527718 19.035
 84   128.135 55139.53295265 44.17 127.659417  50.530958 19.035
 84   128.176 55139.53295330 49.52 127.657967  50.534188 19.035
 85   128.890 55174.53290940 23.70 127.662463  50.508497 12.667
 85   129.041 55174.53291004 27.51 127.661013  50.511727 12.667
 85   128.989 55174.53291069 22.17 127.659563  50.514967 12.667
 85   128.665 55174.53291133 22.03 127.658123  50.518197 12.667
 86   128.534 55209.53294466 12.06 127.666134  50.511348  5.480
 86   128.611 55209.53294531 12.27 127.664684  50.514578  5.480
 86   128.599 55209.53294595 12.32 127.663234  50.517808  5.480
 86   128.604 55209.53294659 12.72 127.661784  50.521039  8.921
 86   128.627 55209.53294724 14.02 127.660344  50.524269  8.921
 86   128.798 55209.53294788 21.98 127.658894  50.527509  8.921
 86   128.988 55209.53294853 31.14 127.657444  50.530739  8.921
 87   128.452 55244.53291707  9.53 127.659499  50.516451  5.581
 87   128.323 55244.53291771 10.26 127.658049  50.519681  5.581
 88   128.353 55279.53293946  7.81 127.667025  50.517229 10.013
 88   128.476 55279.53294010  8.64 127.665576  50.520460  6.799
 88   128.651 55279.53294139  9.69 127.662676  50.526930  6.799
 88   128.696 55279.53294204 15.99 127.661236  50.530160  6.799
 88   128.851 55279.53294268 18.00 127.659786  50.533390  6.799
 88   128.636 55279.53294333 16.49 127.658336  50.536620  6.799
 88   128.712 55279.53294397 17.23 127.656886  50.539860  6.799
 88   128.768 55279.53294461 10.96 127.655436  50.543090  6.799
 89   128.590 55314.53290365 37.51 127.664989  50.513094 35.722
 89   128.489 55314.53290429 33.62 127.663539  50.516334 35.722
 89   128.724 55314.53290494 35.61 127.662099  50.519564 35.722
 89   128.784 55314.53290558 39.76 127.660649  50.522794 35.722
 89   128.812 55314.53290623 47.49 127.659199  50.526034 35.722
 89   128.888 55314.53290687 48.72 127.657749  50.529264 35.722
 90   129.265 55349.53291038 54.76 127.668372  50.515893 40.149
 90   129.258 55349.53291103 52.23 127.666922  50.519127 31.832
 90   129.279 55349.53291167 53.90 127.665472  50.522357 31.832
 90   129.315 55349.53291232 52.13 127.664022  50.525587 31.832
 90   129.362 55349.53291296 52.19 127.662582  50.528827 31.832
 90   129.403 55349.53291361 51.51 127.661132  50.532057 31.832
 90   129.511 55349.53291425 53.78 127.659682  50.535287 31.832
 90   129.541 55349.53291489 51.79 127.658232  50.538527 31.832
 90   129.614 55349.53291554 53.16 127.656782  50.541757 31.832
 90   129.623 55349.53291618 51.28 127.655332  50.544987 31.832
 91   129.580 55384.53290191 43.55 127.662038  50.509381 20.564
 91   129.707 55384.53290255 44.87 127.660598  50.512611 20.564
 91   129.771 55384.53290320 43.78 127.659148  50.515841 20.564
 91   129.844 55384.53290384 42.70 127.657698  50.519071 20.564
 92   129.309 55419.53292851 38.74 127.666668  50.512593 45.854
 92   129.305 55419.53292916 38.85 127.665218  50.515823 45.854
 92   129.518 55419.53292980 44.69 127.663768  50.519053 45.854
 92   129.496 55419.53293045 44.67 127.662317  50.522285 21.763
 92   129.543 55419.53293109 45.22 127.660877  50.525515 21.763
 92   129.702 55419.53293174 47.72 127.659427  50.528755 21.763
 92   129.767 55419.53293238 47.27 127.657977  50.531985 21.763
 93   128.369 55454.53290754 32.90 127.670067  50.518282 26.146
 93   128.446 55454.53290819 20.45 127.668617  50.521512 26.146
 93   128.054 55454.53290883 14.82 127.667167  50.524742 26.146
 93   128.120 55454.53290947 16.43 127.665724  50.527976 19.461
 93   128.235 55454.53291012 15.93 127.664274  50.531206 19.461
 93   128.320 55454.53291076 18.82 127.662824  50.534446 19.461
 93   128.669 55454.53291141 23.34 127.661384  50.537676 19.461
 93   128.780 55454.53291205 29.82 127.659934  50.540906 19.461
 93   128.819 55454.53291270 32.91 127.658484  50.544136 19.461
 93   128.847 55454.53291334 36.29 127.657034  50.547376 19.461
 93   128.874 55454.53291399 36.97 127.655584  50.550606 19.461
 94   128.180 55489.53282820 54.10 127.671967  50.526116 33.977
 94   128.150 55489.53282884 50.74 127.670517  50.529346 33.977
 94   128.181 55489.53282949 52.23 127.669077  50.532576 33.977
 94   128.263 55489.53283013 54.17 127.667626  50.535809 23.647
 94   128.380 55489.53283077 51.12 127.666176  50.539039 23.647
 94   128.452 55489.53283142 49.23 127.664726  50.542269 23.647
 94   128.467 55489.53283206 52.22 127.663286  50.545509 23.647
 94   128.521 55489.53283271 52.78 127.661836  50.548739 23.647
 94   128.579 55489.53283335 49.95 127.660386  50.551969 23.647
 94   128.626 55489.53283400 50.21 127.658936  50.555209 23.647
