# NaN NaN NaN ;Mean Elev.(m), Avg Gradient(m/km), RMS Gradient(m/km) - SRTM1     
#  108.123  -4.979  15.614 ;Mean Elev.(m), Avg Gradient(m/km), RMS Gradient(m/km) - ASTER GDEM
#  117.000  -5.863  15.945 ;Mean Elev.(m), Avg Gradient(m/km), RMS Gradient(m/km) - GMTED2010 
  7   121.656 52468.09109244 30.77 127.589476  50.260435 23.178
  7   121.644 52468.09109308 29.03 127.588046  50.257205 23.178
  7   121.624 52468.09109373 26.80 127.586606  50.253965 23.178
  7   128.660 52468.09109437 23.66 127.585176  50.250735 23.178
  8   117.725 52503.09108112 37.21 127.588695  50.264275 23.673
  8   117.691 52503.09108176 40.73 127.587265  50.261045 23.673
  8   117.590 52503.09108241 45.57 127.585825  50.257805 23.673
  8   117.639 52503.09108305 45.91 127.584395  50.254575 23.673
 10   120.925 52573.09110677 45.02 127.589166  50.259347 27.269
 10   120.770 52573.09110741 50.94 127.587736  50.256117 27.269
 10   120.750 52573.09110806 47.94 127.586296  50.252877 27.269
 10   120.754 52573.09110870 43.75 127.584866  50.249647 27.269
 11   121.621 52608.09106509 34.92 127.589518  50.258139 13.795
 11   121.582 52608.09106574 29.33 127.588088  50.254909 13.795
 11   121.504 52608.09106638 29.05 127.586648  50.251679 13.795
 12   121.216 52643.09106242 19.83 127.590733  50.251477  6.951
 12   121.198 52643.09106307 20.66 127.589303  50.248237  6.951
 13   121.307 52678.09104474 22.10 127.589205  50.256166  8.798
 13   121.280 52678.09104539 20.42 127.587765  50.252926  8.798
 13   121.288 52678.09104603 19.15 127.586335  50.249696  8.798
 14   121.254 52713.09108241 23.95 127.590210  50.250876  9.033
 14   133.554 52713.09108306 22.46 127.588780  50.247646  9.033
 15   120.933 52748.09110390 45.16 127.585059  50.277623 26.763
 15   120.903 52748.09110455 49.20 127.583619  50.274383 26.763
 15   120.865 52748.09110519 50.48 127.582189  50.271153 26.763
 15   120.879 52748.09110584 49.33 127.580749  50.267913 26.763
 15   120.796 52748.09110648 48.11 127.579319  50.264683 26.763
 16   120.682 52783.09104887 48.74 127.593873  50.250425 16.942
 16   120.619 52783.09104952 52.35 127.592433  50.247195 16.942
 17   121.913 52818.09112655 29.67 127.593270  50.252296 20.189
 17   121.730 52818.09112719 28.26 127.591840  50.249066 20.189
 17   121.725 52818.09112784 23.28 127.590400  50.245836 20.189
 18   123.339 52853.09117671 25.38 127.592490  50.250560 10.609
 18   123.449 52853.09117736 25.18 127.591050  50.247330 10.609
 20   122.360 52923.09116222 33.86 127.588170  50.266985 32.263
 20   122.150 52923.09116287 26.62 127.586740  50.263755 32.263
 20   121.963 52923.09116351 26.08 127.585300  50.260515 32.263
 20   122.371 52923.09116416 25.12 127.583870  50.257285 32.263
 21   120.222 52958.09113173 37.47 127.597404  50.246920 17.513
 21   120.048 52958.09113237 42.89 127.595974  50.243690 17.513
 21   120.115 52958.09113302 41.76 127.594534  50.240450 17.513
 22   122.139 52993.09115691 22.31 127.591886  50.249113  6.981
 22   133.102 52993.09115755 20.89 127.590452  50.245876  5.562
 23   122.466 53028.09112025 14.11 127.589117  50.257495  3.936
 23   122.112 53028.09112090 14.86 127.587687  50.254265  3.936
 23   129.126 53028.09112154 14.91 127.586247  50.251035  3.936
 24   121.857 53063.09113034 13.27 127.594041  50.247518  3.126
 24   121.402 53063.09113098 14.09 127.592611  50.244288  3.126
 25   129.625 53098.09114496 17.09 127.583374  50.267061  5.564
 25   129.959 53098.09114560 16.21 127.581934  50.263821  5.564
 25   129.918 53098.09114625 16.98 127.580504  50.260591  5.564
 26   126.425 53133.09112819 15.70 127.596446  50.246117 13.527
 26   124.925 53133.09112884 18.94 127.595016  50.242887 13.527
 28   121.452 53203.09120167 31.03 127.589686  50.257025 29.105
 28   121.150 53203.09120231 28.57 127.588256  50.253785 29.105
 28   121.041 53203.09120296 26.66 127.586816  50.250555 29.105
 29   121.881 53238.09117119 28.91 127.590302  50.252765 26.991
 29   121.903 53238.09117184 28.14 127.588872  50.249535 26.991
 30   122.363 53273.09113175 30.57 127.597475  50.244654 20.078
 30   122.393 53273.09113240 29.40 127.596037  50.241418 20.982
 31   121.260 53308.09118935 49.14 127.588527  50.258737 27.700
 31   121.158 53308.09118999 52.06 127.587097  50.255507 27.700
 31   121.090 53308.09119064 50.85 127.585657  50.252277 27.700
 33   121.051 53378.09109853 17.28 127.598268  50.242782  5.639
 33   120.955 53378.09109918 20.81 127.596838  50.239552  5.639
 34   121.776 53413.09113337 16.43 127.592078  50.251382  4.643
 34   133.136 53413.09113401 16.15 127.590648  50.248142  4.643
 35   120.853 53448.09112188 25.10 127.595526  50.245054 10.966
 35   120.672 53448.09112252 25.70 127.594096  50.241814 10.966
 36   122.050 53483.09120413 47.43 127.588872  50.262020 26.335
 36   122.038 53483.09120478 49.88 127.587432  50.258790 26.335
 36   121.812 53483.09120542 42.63 127.586002  50.255550 26.335
 36   121.889 53483.09120606 42.30 127.584562  50.252320 26.335
 37   122.816 53518.09120532 23.13 127.589034  50.254373 25.380
 37   122.927 53518.09120597 23.34 127.587594  50.251143 25.380
 38   122.705 53553.09122516 34.02 127.586377  50.264935 29.349
 38   122.450 53553.09122580 34.40 127.584937  50.261695 29.349
 38   122.549 53553.09122645 34.18 127.583507  50.258465 29.349
 39   121.261 53588.09117758 48.00 127.589781  50.254128 32.955
 39   121.248 53588.09117823 50.75 127.588341  50.250898 32.955
 40   121.194 53623.09114884 29.88 127.589866  50.251128 29.694
 40   121.296 53623.09114948 27.07 127.588426  50.247898 29.694
 41   121.008 53658.09117637 48.16 127.590043  50.251223 21.662
 41   120.910 53658.09117701 38.12 127.588613  50.247993 21.662
 42   120.237 53693.09115623 36.38 127.588120  50.262332 21.333
 42   120.292 53693.09115687 47.11 127.586690  50.259102 21.333
 42   120.265 53693.09115751 50.40 127.585250  50.255862 21.333
 43   122.096 53728.09107879 22.39 127.588885  50.265842  6.878
 43   122.065 53728.09107943 20.62 127.587445  50.262602  6.878
 43   121.952 53728.09108008 21.34 127.586015  50.259372  6.878
 43   121.776 53728.09108072 22.70 127.584585  50.256132  6.878
 44   121.194 53763.09104055 19.22 127.597247  50.243230  5.015
 44   120.783 53763.09104119 21.71 127.595817  50.240000  5.015
 45   122.180 53798.09104764 16.67 127.589928  50.259674  5.181
 45   121.839 53798.09104828 17.55 127.588498  50.256434  5.181
 45   121.691 53798.09104893 17.69 127.587068  50.253204  5.181
 45   121.507 53798.09104957 19.57 127.585628  50.249964  5.181
 47   121.457 53868.09110801 21.60 127.590970  50.254829 26.099
 47   121.236 53868.09110865 23.03 127.589530  50.251589 26.099
 47   121.359 53868.09110930 23.36 127.588100  50.248359 26.099
 48   129.942 53903.09113920 21.70 127.589500  50.256899 19.687
 48   130.005 53903.09113984 23.88 127.588070  50.253659 19.687
 48   129.934 53903.09114049 24.58 127.586630  50.250429 19.687
 49   122.635 53938.09117356 30.37 127.585706  50.267921 17.378
 49   129.705 53938.09117420 24.33 127.584266  50.264691 17.378
 49   130.414 53938.09117485 24.26 127.582836  50.261461 17.378
 49   130.472 53938.09117549 28.10 127.581396  50.258221 17.378
 50   122.626 53973.09113639 31.86 127.587160  50.267944 21.321
 50   122.442 53973.09113704 26.11 127.585720  50.264704 21.321
 50   122.286 53973.09113768 20.58 127.584290  50.261474 21.321
 50   130.174 53973.09113833 17.48 127.582860  50.258244 21.321
 52   120.100 54043.09115180 46.61 127.594505  50.246373 19.779
 52   120.051 54043.09115245 41.50 127.593065  50.243143 19.779
 53   122.250 54078.09114313 35.36 127.588808  50.261089 17.115
 53   122.218 54078.09114377 35.96 127.587368  50.257859 17.115
 53   122.237 54078.09114442 36.97 127.585938  50.254629 17.115
 53   122.105 54078.09114506 32.15 127.584498  50.251389 17.115
 56   121.985 54183.09106956 27.77 127.585986  50.264939 14.699
 56   121.703 54183.09107020 36.46 127.584556  50.261709 14.699
 56   121.744 54183.09107084 45.67 127.583116  50.258469 14.699
 57   121.745 54218.09109727 28.16 127.590959  50.252369 19.858
 57   121.612 54218.09109792 30.42 127.589529  50.249139 19.858
 58   123.215 54253.09112203 21.61 127.589500  50.254630 17.027
 58   123.150 54253.09112268 21.08 127.588060  50.251390 17.027
 58   123.191 54253.09112332 22.75 127.586630  50.248160 17.027
 59   122.379 54288.09112627 44.09 127.590342  50.255569 25.140
 59   122.281 54288.09112691 41.00 127.588912  50.252339 25.140
 59   122.374 54288.09112756 45.96 127.587482  50.249099 25.140
 60   123.060 54323.09112405 28.79 127.589818  50.253068 30.610
 60   123.118 54323.09112469 27.71 127.588378  50.249828 30.610
 61   123.371 54358.09107872 39.58 127.588381  50.266999 28.940
 61   123.227 54358.09107937 33.52 127.586951  50.263769 28.940
 61   122.891 54358.09108001 29.00 127.585521  50.260539 28.940
 61   123.100 54358.09108066 26.26 127.584081  50.257299 28.940
 62   121.323 54393.09106458 28.95 127.590218  50.252485 26.388
 62   121.136 54393.09106522 22.67 127.588778  50.249255 26.388
 63   120.273 54428.09103038 31.72 127.589680  50.259792 13.894
 63   120.320 54428.09103103 33.77 127.588250  50.256562 13.894
 63   120.381 54428.09103167 36.42 127.586820  50.253332 13.894
 63   120.162 54428.09103232 35.34 127.585380  50.250092 13.894
 65   122.026 54498.09103998 27.66 127.588905  50.257051  9.662
 65   121.804 54498.09104063 29.03 127.587465  50.253821  9.662
 65   121.684 54498.09104127 26.58 127.586035  50.250581  9.662
 66   121.768 54533.09105653 29.12 127.591737  50.252222  8.494
 66   121.546 54533.09105717 27.63 127.590297  50.248982  8.494
 67   122.088 54568.09104289 31.57 127.587566  50.264080 24.976
 67   121.966 54568.09104353 29.03 127.586136  50.260850 24.976
 67   121.949 54568.09104418 28.37 127.584706  50.257620 24.976
 68   121.284 54603.09105115 31.00 127.590086  50.253225 24.415
 68   121.338 54603.09105180 30.30 127.588656  50.249995 24.415
 69   121.017 54638.09106144 34.28 127.589080  50.258205 27.263
 69   121.089 54638.09106209 27.26 127.587640  50.254975 27.263
 69   120.882 54638.09106273 24.70 127.586210  50.251745 27.263
 70   121.700 54673.09106407 27.38 127.589369  50.259709 23.427
 70   121.553 54673.09106471 25.18 127.587939  50.256479 23.427
 70   121.482 54673.09106536 24.49 127.586505  50.253239 19.215
 70   121.783 54673.09106600 30.27 127.585065  50.250009 19.215
 71   121.612 54708.09102294 41.48 127.588707  50.259152 23.683
 71   121.351 54708.09102358 37.76 127.587277  50.255922 23.683
 71   121.408 54708.09102423 32.27 127.585837  50.252682 23.683
 72 14568.823 54743.09103129 35.25 127.590147  50.251773 20.125
 72 14569.067 54743.09103194 34.07 127.588707  50.248533 20.125
 73   121.266 54778.09100608 41.80 127.588945  50.255646 20.313
 73   121.193 54778.09100673 46.99 127.587515  50.252416 20.313
 73   121.132 54778.09100737 42.38 127.586085  50.249176 20.313
 74   122.053 54813.09102463 28.13 127.592797  50.251443 10.006
 74   122.052 54813.09102527 28.64 127.591357  50.248203 10.006
 75   122.317 54848.09100446 19.62 127.589336  50.261883  5.869
 75   122.201 54848.09100511 19.23 127.587896  50.258653  5.869
 75   121.925 54848.09100575 20.53 127.586466  50.255413  5.869
 75   121.805 54848.09100640 19.16 127.585036  50.252183  5.869
 76   122.378 54883.09102784 12.81 127.590315  50.253877  3.263
 76   122.150 54883.09102848 12.81 127.588875  50.250637  3.263
 77   130.266 54918.09100630  9.49 127.585354  50.266566  3.349
 77   130.354 54918.09100695  9.64 127.583924  50.263336  3.349
 77   130.575 54918.09100759 10.10 127.582494  50.260106  3.349
 78   123.145 54953.09102166 19.99 127.590065  50.253580 22.230
 78   123.169 54953.09102230 19.80 127.588635  50.250340 22.230
 79   122.155 54988.09104525 25.65 127.589632  50.257984 20.170
 79   122.210 54988.09104589 25.50 127.588192  50.254754 20.170
 79   122.119 54988.09104654 28.51 127.586762  50.251524 20.170
 80   122.273 55023.09103798 25.80 127.589306  50.255385 22.572
 80   122.102 55023.09103863 31.08 127.587876  50.252155 22.572
 80   122.413 55023.09103927 34.33 127.586446  50.248915 22.572
 81   122.853 55058.09103279 25.88 127.590057  50.258033 15.341
 81   122.877 55058.09103344 23.74 127.588627  50.254793 15.341
 81   122.874 55058.09103408 23.62 127.587197  50.251563 15.341
 82   123.633 55093.09098659 38.70 127.587524  50.266046 25.312
 82   123.475 55093.09098723 35.80 127.586094  50.262806 25.312
 82   123.303 55093.09098788 34.08 127.584654  50.259576 25.312
 82   123.463 55093.09098852 34.70 127.583224  50.256346 25.312
 83   122.056 55128.09097446 40.25 127.590177  50.253709 25.905
 83   122.010 55128.09097510 38.00 127.588737  50.250469 25.905
 84 14566.404 55163.09094968 44.56 127.588454  50.257904 25.149
 84 14566.557 55163.09095033 45.17 127.587024  50.254664 25.149
 84 14566.492 55163.09095097 44.15 127.585594  50.251434 25.149
 85   122.490 55198.09096594 20.19 127.590828  50.251155  5.813
 85   133.622 55198.09096658 19.24 127.589388  50.247915  5.813
 86   127.681 55233.09095298 11.55 127.587719  50.264217  4.809
 86   128.259 55233.09095362 11.60 127.586279  50.260987  4.809
 86   127.940 55233.09095427 11.98 127.584849  50.257747  4.809
 87   129.434 55268.09096038  9.62 127.590154  50.253386  3.601
 87   133.283 55268.09096102  9.95 127.588714  50.250146  3.601
 88   122.397 55303.09093220 24.14 127.588653  50.264503 12.720
 88   122.226 55303.09093284 23.69 127.587223  50.261263 12.720
 88   121.205 55303.09093349 23.02 127.585793  50.258033 12.720
 88   121.092 55303.09093413 25.68 127.584353  50.254803 12.720
 89   122.897 55338.09093297 22.61 127.590078  50.257372 22.247
 89   122.820 55338.09093361 23.57 127.588648  50.254132 22.247
 89   122.729 55338.09093426 29.00 127.587208  50.250902 22.247
 90   122.973 55373.09092405 29.78 127.589506  50.255910 23.946
 90   122.982 55373.09092469 28.95 127.588066  50.252680 23.946
 90   123.015 55373.09092534 30.47 127.586636  50.249440 23.946
 91   123.055 55408.09094523 33.23 127.591836  50.251415 22.455
 91   123.171 55408.09094587 31.42 127.590396  50.248175 22.455
 92   123.022 55443.09094186 34.08 127.589690  50.257377 31.284
 92   123.074 55443.09094250 36.93 127.588260  50.254137 31.284
 92   123.003 55443.09094314 34.98 127.586830  50.250907 31.284
 93   121.835 55478.09087974 49.75 127.588038  50.266324 25.277
 93   121.729 55478.09088039 47.61 127.586598  50.263094 25.277
 93   121.430 55478.09088103 51.18 127.585168  50.259854 25.277
 93   121.593 55478.09088168 48.83 127.583738  50.256624 25.277
