# NaN NaN NaN ;Mean Elev.(m), Avg Gradient(m/km), RMS Gradient(m/km) - SRTM1     
#    0.045  -0.795   2.703 ;Mean Elev.(m), Avg Gradient(m/km), RMS Gradient(m/km) - ASTER GDEM
#    9.000  -0.382   1.464 ;Mean Elev.(m), Avg Gradient(m/km), RMS Gradient(m/km) - GMTED2010 
  7    14.632 52477.50711487 50.02 137.043441  50.419237 47.540
  7    14.626 52477.50711551 48.63 137.042001  50.422477 47.540
  8    13.698 52512.50706075 12.87 137.055100  50.436298  5.903
  8    13.758 52512.50706139 12.60 137.053660  50.439528  5.903
  8    13.742 52512.50706204 12.24 137.052220  50.442768  5.903
  8    13.788 52512.50706268 11.83 137.050770  50.445998  5.903
  8    13.681 52512.50706332 13.78 137.049330  50.449228  5.903
  8    13.793 52512.50706397 12.93 137.047880  50.452458  5.903
  8    13.710 52512.50706461 12.74 137.046440  50.455698  5.903
  8    13.346 52512.50706526 14.75 137.045000  50.458928  5.903
  8    13.423 52512.50706590 14.09 137.043550  50.462158  5.903
  8    13.764 52512.50706848 16.53 137.037770  50.475098  5.903
  8    13.786 52512.50706913 22.19 137.036330  50.478328  5.903
  8    13.739 52512.50706977 21.43 137.034880  50.481558  5.903
  8    13.468 52512.50707042 22.08 137.033440  50.484788  5.903
  8    13.236 52512.50707106 21.38 137.031990  50.488028  5.903
  8    13.041 52512.50707171 20.34 137.030550  50.491258  5.903
  8    12.876 52512.50707235 18.29 137.029100  50.494488  5.903
  8    12.635 52512.50707299 18.37 137.027656  50.497724 12.414
 10    13.279 52582.50710404 34.05 137.048067  50.422712 32.026
 10    13.339 52582.50710469 35.10 137.046627  50.425942 32.026
 10    13.296 52582.50710533 32.62 137.045187  50.429182 32.026
 10    13.223 52582.50710598 29.67 137.043737  50.432412 32.026
 10    13.151 52582.50710662 31.18 137.042297  50.435642 32.026
 10    13.083 52582.50710726 29.38 137.040847  50.438872 32.026
 10    13.205 52582.50710791 32.89 137.039407  50.442112 32.026
 10    13.255 52582.50710855 33.61 137.037967  50.445342 32.026
 10    13.189 52582.50710920 33.66 137.036517  50.448572 32.026
 10    13.117 52582.50710984 28.79 137.035077  50.451812 32.026
 10    13.147 52582.50711049 30.07 137.033627  50.455042 32.026
 10    13.187 52582.50711113 37.51 137.032187  50.458272 32.026
 10    13.205 52582.50711242 35.19 137.029297  50.464742 32.026
 10    13.174 52582.50711307 37.67 137.027847  50.467972 32.026
 10    13.180 52582.50711371 38.70 137.026407  50.471202 32.026
 10    13.189 52582.50711436 39.15 137.024957  50.474442 32.026
 10    13.169 52582.50711500 37.28 137.023517  50.477672 32.026
 10    13.130 52582.50711565 30.05 137.022067  50.480902 32.026
 11    12.291 52617.50707650 19.87 137.050416  50.421410  5.922
 11    12.441 52617.50707715 19.89 137.048976  50.424640  5.922
 11    12.211 52617.50707779 21.51 137.047526  50.427870  5.922
 11    12.523 52617.50707843 19.99 137.046086  50.431100  5.922
 11    12.561 52617.50707908 19.24 137.044646  50.434340  5.922
 11    12.466 52617.50707972 19.91 137.043196  50.437570  5.922
 11    12.583 52617.50708037 19.51 137.041756  50.440800  5.922
 11    12.457 52617.50708101 21.50 137.040316  50.444040  5.922
 11    12.574 52617.50708166 20.43 137.038876  50.447270  5.922
 11    12.439 52617.50708230 20.72 137.037426  50.450500  5.922
 11    12.462 52617.50708295 20.78 137.035986  50.453740  5.922
 11    12.900 52617.50708359 19.29 137.034536  50.456970  5.922
 11    13.463 52617.50708424 19.97 137.033096  50.460200  5.922
 11    13.200 52617.50708488 20.85 137.031656  50.463430  5.922
 11    12.120 52617.50708553 21.48 137.030206  50.466670  5.922
 11    12.642 52617.50708617 21.49 137.028766  50.469900  5.922
 11    13.145 52617.50708682 22.12 137.027316  50.473130  5.922
 11    12.676 52617.50708746 22.20 137.025868  50.476368  5.583
 11    12.627 52617.50708810 22.75 137.024428  50.479598  5.583
 12    12.399 52652.50705188 15.38 137.051635  50.424808  4.168
 12    12.512 52652.50705252 15.12 137.050195  50.428038  4.168
 12    12.527 52652.50705317 15.47 137.048755  50.431278  4.168
 12    12.360 52652.50705381 15.49 137.047305  50.434508  4.168
 12    12.319 52652.50705446 15.15 137.045865  50.437738  4.168
 12    12.481 52652.50705510 14.97 137.044425  50.440978  4.168
 12    12.494 52652.50705575 14.92 137.042975  50.444208  4.168
 12    12.437 52652.50705639 16.09 137.041535  50.447438  4.168
 12    12.371 52652.50705703 15.45 137.040085  50.450668  4.168
 12    12.353 52652.50705768 15.34 137.038645  50.453908  4.168
 12    12.359 52652.50705832 14.84 137.037195  50.457138  4.168
 12    12.304 52652.50705897 14.86 137.035755  50.460368  4.168
 12    12.065 52652.50705961 15.95 137.034305  50.463608  4.168
 12    12.086 52652.50706026 16.55 137.032865  50.466838  4.168
 12    12.267 52652.50706090 17.70 137.031415  50.470068  4.168
 12    12.321 52652.50706155 17.98 137.029965  50.473298  4.168
 12    12.479 52652.50706219 18.16 137.028525  50.476538  4.168
 12    12.331 52652.50706284 19.13 137.027075  50.479768  4.168
 13    13.230 52687.50704971 13.60 137.053400  50.426619  4.847
 13    12.479 52687.50705036 15.23 137.051950  50.429849  4.847
 13    12.390 52687.50705100 15.49 137.050510  50.433079  4.847
 13    12.228 52687.50705165 15.02 137.049070  50.436319  4.847
 13    12.073 52687.50705229 16.14 137.047620  50.439549  4.847
 13    12.356 52687.50705294 14.36 137.046180  50.442779  4.847
 13    12.379 52687.50705358 14.97 137.044740  50.446019  4.847
 13    12.222 52687.50705423 15.49 137.043290  50.449249  4.847
 13    12.288 52687.50705487 15.01 137.041850  50.452479  4.847
 13    12.582 52687.50705552 13.88 137.040410  50.455719  4.847
 13    12.660 52687.50705616 14.48 137.038960  50.458949  4.847
 13    13.566 52687.50705681 14.64 137.037520  50.462179  4.847
 13    13.775 52687.50705745 15.98 137.036070  50.465409  4.847
 13    12.026 52687.50705809 16.67 137.034628  50.468648  5.547
 13    12.153 52687.50705874 17.35 137.033188  50.471878  5.547
 13    12.383 52687.50705938 18.06 137.031738  50.475108  5.547
 13    12.269 52687.50706003 19.23 137.030298  50.478348  5.547
 13    12.105 52687.50706067 19.64 137.028848  50.481578  5.547
 13    11.977 52687.50706132 20.11 137.027408  50.484808  5.547
 14    11.955 52722.50709599 36.79 137.047450  50.420515 18.922
 14    11.832 52722.50709663 38.80 137.046010  50.423745 18.922
 14    11.911 52722.50709728 38.52 137.044570  50.426975 18.922
 14    11.956 52722.50709792 35.26 137.043120  50.430205 18.922
 14    11.867 52722.50709857 33.81 137.041680  50.433445 18.922
 14    11.812 52722.50709921 34.38 137.040230  50.436675 18.922
 14    12.793 52722.50709986 33.01 137.038790  50.439905 18.922
 14    12.822 52722.50710050 34.34 137.037350  50.443145 18.922
 14    12.777 52722.50710115 31.22 137.035900  50.446375 18.922
 14    11.860 52722.50710179 34.68 137.034460  50.449605 18.922
 14    11.944 52722.50710244 33.80 137.033010  50.452835 18.922
 17    13.235 52827.50713792 31.74 137.046881  50.420020 25.443
 17    13.188 52827.50713857 32.60 137.045441  50.423260 25.443
 17    13.369 52827.50713921 32.97 137.044001  50.426490 25.443
 17    13.455 52827.50713986 34.06 137.042551  50.429720 25.443
 17    13.331 52827.50714050 38.52 137.041111  50.432960 25.443
 17    13.346 52827.50714114 41.60 137.039661  50.436190 25.443
 17    13.363 52827.50714179 45.53 137.038221  50.439420 25.443
 17    13.400 52827.50714243 42.24 137.036781  50.442650 25.443
 17    13.356 52827.50714308 41.81 137.035331  50.445890 25.443
 17    13.312 52827.50714372 39.95 137.033881  50.449120 25.443
 17    13.353 52827.50714437 40.90 137.032441  50.452350 25.443
 18    15.216 52862.50718354 17.05 137.048864  50.422584 12.176
 18    14.994 52862.50718419 14.81 137.047424  50.425824 12.176
 18    14.849 52862.50718483 17.17 137.045984  50.429054 12.176
 18    14.798 52862.50718548 15.80 137.044534  50.432284 12.176
 18    14.820 52862.50718612 15.84 137.043094  50.435524 12.176
 18    15.027 52862.50718676 14.67 137.041644  50.438754 12.176
 18    15.225 52862.50718741 14.01 137.040204  50.441984 12.176
 18    15.066 52862.50718805 15.18 137.038764  50.445214 12.176
 18    14.877 52862.50718870 17.32 137.037314  50.448454 12.176
 18    15.104 52862.50718934 17.55 137.035864  50.451684 12.176
 18    15.208 52862.50718999 22.32 137.034424  50.454914 12.176
 18    15.103 52862.50719063 25.31 137.032974  50.458154 12.176
 18    15.105 52862.50719128 23.09 137.031534  50.461384 12.176
 18    14.947 52862.50719192 20.96 137.030084  50.464614 12.176
 18    15.201 52862.50719257 19.08 137.028640  50.467849 16.321
 18    16.326 52862.50719321 14.34 137.027200  50.471079 16.321
 18    16.255 52862.50719386 16.72 137.025750  50.474309 16.321
 18    15.342 52862.50719450 22.59 137.024300  50.477549 16.321
 18    15.442 52862.50719515 26.45 137.022860  50.480779 16.321
 19    17.404 52897.50721323 21.96 137.048065  50.422153 15.835
 19    17.118 52897.50721388 22.67 137.046625  50.425393 15.835
 19    16.695 52897.50721452 22.99 137.045175  50.428623 15.835
 19    17.150 52897.50721517 21.76 137.043735  50.431853 15.835
 19    17.184 52897.50721581 24.52 137.042295  50.435093 15.835
 19    17.337 52897.50721646 24.30 137.040855  50.438323 15.835
 19    17.398 52897.50721710 24.82 137.039405  50.441553 15.835
 19    17.381 52897.50721774 26.83 137.037965  50.444783 15.835
 19    17.285 52897.50721839 26.89 137.036515  50.448023 15.835
 19    17.397 52897.50721903 27.77 137.035075  50.451253 15.835
 19    17.413 52897.50721968 29.58 137.033625  50.454483 15.835
 19    17.428 52897.50722032 31.92 137.032185  50.457723 15.835
 19    17.264 52897.50722226 30.87 137.027847  50.467420 14.186
 19    17.205 52897.50722290 23.22 137.026407  50.470650 14.186
 19    17.277 52897.50722355 24.25 137.024957  50.473880 14.186
 19    17.307 52897.50722419 25.39 137.023517  50.477120 14.186
 20    15.090 52932.50715958 26.86 137.051733  50.422906 11.883
 20    15.151 52932.50716023 23.60 137.050293  50.426136 11.883
 20    15.248 52932.50716087 22.01 137.048853  50.429366 11.883
 20    15.434 52932.50716152 19.74 137.047413  50.432606 11.883
 20    15.525 52932.50716216 18.03 137.045963  50.435836 11.883
 20    15.489 52932.50716281 18.63 137.044523  50.439066 11.883
 20    15.204 52932.50716345 21.63 137.043083  50.442306 11.883
 20    15.253 52932.50716410 22.02 137.041643  50.445536 11.883
 20    15.100 52932.50716474 27.82 137.040193  50.448766 11.883
 20    16.293 52932.50716538 25.63 137.038753  50.452006 11.883
 20    16.157 52932.50716603 22.36 137.037303  50.455236 11.883
 20    15.393 52932.50716667 23.39 137.035863  50.458466 11.883
 20    15.427 52932.50716732 24.39 137.034423  50.461696 11.883
 20    15.356 52932.50716796 25.59 137.032973  50.464936 11.883
 20    15.221 52932.50716861 24.47 137.031533  50.468166 11.883
 20    15.298 52932.50716925 25.02 137.030083  50.471396 11.883
 20    15.235 52932.50716990 26.49 137.028639  50.474634 12.360
 20    15.445 52932.50717054 28.57 137.027199  50.477864 12.360
 20    15.370 52932.50717119 29.56 137.025749  50.481094 12.360
 21    14.161 52967.50716334 24.46 137.045407  50.418551  7.883
 21    14.245 52967.50716399 23.80 137.043967  50.421781  7.883
 21    14.224 52967.50716463 25.55 137.042517  50.425021  7.883
 21    14.123 52967.50716528 23.45 137.041077  50.428251  7.883
 21    14.092 52967.50716592 23.47 137.039637  50.431481  7.883
 21    13.928 52967.50716657 23.67 137.038187  50.434711  7.883
 21    14.075 52967.50716721 22.85 137.036747  50.437951  7.883
 21    14.117 52967.50716785 21.87 137.035297  50.441181  7.883
 22    13.716 53002.50718863 17.49 137.043641  50.418183  7.872
 22    14.040 53002.50718928 16.63 137.042201  50.421413  7.872
 23    14.141 53037.50713887 12.31 137.049907  50.424448  4.779
 23    14.072 53037.50713952 10.89 137.048457  50.427678  4.779
 23    13.881 53037.50714016 11.12 137.047017  50.430908  4.779
 23    14.149 53037.50714081 11.28 137.045577  50.434148  4.779
 23    14.191 53037.50714145 11.92 137.044137  50.437378  4.779
 23    14.231 53037.50714210 11.99 137.042687  50.440608  4.779
 23    14.108 53037.50714274 12.07 137.041247  50.443848  4.779
 23    13.826 53037.50714339 12.94 137.039807  50.447078  4.779
 23    13.410 53037.50714403 12.70 137.038357  50.450308  4.779
 23    13.142 53037.50714468 14.45 137.036917  50.453538  4.779
 23    13.077 53037.50714532 13.33 137.035477  50.456778  4.779
 23    13.118 53037.50714596 11.74 137.034027  50.460008  4.779
 23    13.103 53037.50714661 10.56 137.032587  50.463238  4.779
 23    13.729 53037.50714725 11.29 137.031139  50.466478  3.227
 23    13.693 53037.50714790 11.05 137.029699  50.469708  3.227
 23    14.011 53037.50714854 10.94 137.028249  50.472938  3.227
 23    14.296 53037.50714919 10.96 137.026809  50.476178  3.227
 23    14.356 53037.50714983 10.50 137.025359  50.479408  3.227
 24    14.110 53072.50716366 11.08 137.047208  50.421392  3.920
 24    14.016 53072.50716430 10.53 137.045768  50.424622  3.920
 24    13.975 53072.50716495 10.05 137.044318  50.427852  3.920
 24    14.087 53072.50716559  9.74 137.042878  50.431092  3.920
 24    14.504 53072.50716624  9.94 137.041438  50.434322  3.920
 24    14.506 53072.50716688 10.12 137.039988  50.437552  3.920
 24    14.428 53072.50716753 11.07 137.038548  50.440792  3.920
 24    14.364 53072.50716817 10.18 137.037108  50.444022  3.920
 24    14.047 53072.50716882  9.77 137.035658  50.447252  3.920
 24    13.625 53072.50716946 10.32 137.034218  50.450482  3.920
 24    13.015 53072.50717011 10.36 137.032770  50.453720  4.637
 25    13.631 53107.50713964 29.33 137.051490  50.425515 24.499
 25    13.594 53107.50714029 28.38 137.050050  50.428745 24.499
 25    13.518 53107.50714093 28.96 137.048610  50.431975 24.499
 25    13.496 53107.50714158 29.96 137.047170  50.435215 24.499
 25    13.544 53107.50714222 29.05 137.045730  50.438445 24.499
 25    13.559 53107.50714286 31.59 137.044280  50.441675 24.499
 25    13.519 53107.50714351 31.28 137.042840  50.444915 24.499
 25    13.384 53107.50714415 34.92 137.041400  50.448145 24.499
 25    13.322 53107.50714480 30.97 137.039950  50.451375 24.499
 25    13.425 53107.50714544 30.37 137.038510  50.454605 24.499
 25    13.415 53107.50714609 34.61 137.037070  50.457845 24.499
 25    13.472 53107.50714673 31.46 137.035620  50.461075 24.499
 25    13.555 53107.50714738 28.57 137.034180  50.464305 24.499
 25    13.539 53107.50714802 26.70 137.032736  50.467544 14.403
 25    13.425 53107.50714867 29.59 137.031286  50.470774 14.403
 25    13.416 53107.50714931 31.62 137.029846  50.474004 14.403
 25    13.553 53107.50714996 29.98 137.028406  50.477244 14.403
 25    16.328 53107.50715060 23.82 137.026956  50.480474 14.403
 26    17.263 53142.50717241 19.98 137.044796  50.419721  9.504
 26    16.530 53142.50717306 20.51 137.043346  50.422951  9.504
 26    16.158 53142.50717435 18.66 137.040456  50.429421  9.504
 26    17.656 53142.50717499 18.51 137.039016  50.432651  9.504
 26    17.388 53142.50717564 20.00 137.037576  50.435881  9.504
 26    17.213 53142.50717628 21.83 137.036126  50.439121  9.504
 27    18.129 53177.50719679 19.10 137.047978  50.423819 15.253
 27    17.942 53177.50719743 18.25 137.046538  50.427049 15.253
 27    17.844 53177.50719808 20.28 137.045088  50.430279 15.253
 27    17.836 53177.50719872 22.36 137.043648  50.433509 15.253
 27    18.006 53177.50719937 25.65 137.042208  50.436749 15.253
 27    17.997 53177.50720001 27.02 137.040758  50.439979 15.253
 27    17.912 53177.50720066 25.74 137.039318  50.443209 15.253
 27    17.771 53177.50720130 26.21 137.037878  50.446449 15.253
 27    17.732 53177.50720195 27.83 137.036428  50.449679 15.253
 27    17.744 53177.50720259 26.83 137.034988  50.452909 15.253
 27    17.760 53177.50720324 32.55 137.033538  50.456139 15.253
 27    17.778 53177.50720388 32.41 137.032098  50.459379 15.253
 27    17.752 53177.50720453 31.06 137.030648  50.462609 15.253
 27    17.763 53177.50720517 29.55 137.029208  50.465839 15.253
 27    17.744 53177.50720582 30.44 137.027762  50.469077 14.078
 27    17.826 53177.50720646 26.65 137.026312  50.472307 14.078
 27    17.648 53177.50720710 19.17 137.024872  50.475537 14.078
 27    17.395 53177.50720775 18.81 137.023422  50.478777 14.078
 27    17.262 53177.50720839 19.36 137.021982  50.482007 14.078
 28    15.145 53212.50721634 35.60 137.046864  50.420774 25.795
 28    15.185 53212.50721698 33.27 137.045424  50.424014 25.795
 28    15.255 53212.50721763 36.61 137.043974  50.427244 25.795
 28    15.209 53212.50721827 41.82 137.042534  50.430474 25.795
 28    15.221 53212.50721892 42.99 137.041094  50.433714 25.795
 28    15.257 53212.50721956 39.34 137.039644  50.436944 25.795
 28    15.101 53212.50722021 34.95 137.038204  50.440174 25.795
 28    14.900 53212.50722085 33.16 137.036764  50.443414 25.795
 28    15.019 53212.50722150 30.32 137.035314  50.446644 25.795
 28    16.372 53212.50722214 28.14 137.033874  50.449874 25.795
 28    16.656 53212.50722279 26.77 137.032424  50.453104 25.795
 29    15.697 53247.50718571 48.81 137.051850  50.424705 39.628
 29    15.684 53247.50718635 48.58 137.050410  50.427935 39.628
 29    15.634 53247.50718700 47.48 137.048970  50.431175 39.628
 29    15.623 53247.50718764 46.92 137.047530  50.434405 39.628
 29    15.609 53247.50718829 47.10 137.046080  50.437635 39.628
 29    15.595 53247.50718893 45.12 137.044640  50.440865 39.628
 29    15.594 53247.50718958 47.10 137.043200  50.444105 39.628
 29    15.589 53247.50719022 47.30 137.041750  50.447335 39.628
 29    15.565 53247.50719087 46.17 137.040310  50.450565 39.628
 29    15.556 53247.50719151 46.82 137.038860  50.453805 39.628
 29    15.528 53247.50719215 46.88 137.037420  50.457035 39.628
 29    15.491 53247.50719280 44.38 137.035980  50.460265 39.628
 29    15.482 53247.50719344 43.30 137.034531  50.463503 13.724
 29    15.472 53247.50719409 44.58 137.033091  50.466733 13.724
 29    15.478 53247.50719473 47.18 137.031641  50.469963 13.724
 29    15.457 53247.50719538 44.54 137.030201  50.473203 13.724
 29    15.260 53247.50719602 36.46 137.028751  50.476433 13.724
 29    15.303 53247.50719667 33.25 137.027311  50.479663 13.724
 31    13.073 53317.50717792 31.06 137.047960  50.422996 20.388
 31    13.251 53317.50717857 39.31 137.046520  50.426226 20.388
 31    13.237 53317.50717921 42.33 137.045070  50.429456 20.388
 31    13.184 53317.50717986 37.16 137.043630  50.432696 20.388
 31    13.036 53317.50718050 31.50 137.042180  50.435926 20.388
 31    12.912 53317.50718115 29.76 137.040740  50.439156 20.388
 31    13.027 53317.50718179 28.63 137.039300  50.442396 20.388
 31    15.236 53317.50718244 25.77 137.037850  50.445626 20.388
 31    15.949 53317.50718308 22.91 137.036410  50.448856 20.388
 31    16.345 53317.50718373 22.01 137.034960  50.452086 20.388
 31    16.429 53317.50718437 22.84 137.033520  50.455326 20.388
 31    16.347 53317.50718502 24.97 137.032070  50.458556 20.388
 31    16.542 53317.50718631 29.56 137.029184  50.465022 13.516
 31    16.842 53317.50718695 28.52 137.027734  50.468252 13.516
 31    16.898 53317.50718759 24.31 137.026294  50.471482 13.516
 31    17.421 53317.50718824 23.67 137.024844  50.474722 13.516
 31    17.105 53317.50718888 25.96 137.023404  50.477952 13.516
 31    15.472 53317.50718953 21.92 137.021954  50.481182 13.516
 32    12.668 53352.50714427 23.29 137.054542  50.427267 13.471
 32    12.748 53352.50714491 22.23 137.053102  50.430497 13.471
 32    12.986 53352.50714555 34.09 137.051662  50.433737 13.471
 32    12.968 53352.50714620 37.08 137.050222  50.436967 13.471
 32    12.819 53352.50714684 34.80 137.048772  50.440197 13.471
 32    12.759 53352.50714749 21.90 137.047332  50.443427 13.471
 32    12.672 53352.50714813 21.22 137.045882  50.446667 13.471
 32    12.506 53352.50714878 22.64 137.044442  50.449897 13.471
 32    12.670 53352.50714942 21.86 137.043002  50.453127 13.471
 32    12.671 53352.50715007 21.77 137.041552  50.456367 13.471
 32    12.761 53352.50715071 20.96 137.040112  50.459597 13.471
 32    12.831 53352.50715136 21.21 137.038662  50.462827 13.471
 32    12.812 53352.50715200 20.74 137.037219  50.466065  8.562
 32    12.908 53352.50715265 20.56 137.035779  50.469295  8.562
 32    12.963 53352.50715329 21.07 137.034329  50.472525  8.562
 32    12.903 53352.50715394 21.11 137.032889  50.475765  8.562
 32    12.720 53352.50715458 22.36 137.031439  50.478995  8.562
 32    12.739 53352.50715522 22.89 137.029999  50.482225  8.562
 32    12.627 53352.50715587 23.80 137.028549  50.485455  8.562
 32    12.602 53352.50715651 25.87 137.027099  50.488695  8.562
 34    13.335 53422.50713813 15.10 137.053431  50.427125  5.024
 34    12.931 53422.50713878 17.06 137.051991  50.430355  5.024
 34    12.608 53422.50713942 18.04 137.050541  50.433585  5.024
 34    12.803 53422.50714006 17.30 137.049101  50.436815  5.024
 34    12.944 53422.50714071 16.06 137.047651  50.440055  5.024
 34    12.910 53422.50714135 16.91 137.046211  50.443285  5.024
 34    12.823 53422.50714200 17.05 137.044771  50.446515  5.024
 34    12.972 53422.50714264 16.41 137.043321  50.449755  5.024
 34    12.925 53422.50714329 16.33 137.041881  50.452985  5.024
 34    12.919 53422.50714393 16.61 137.040431  50.456215  5.024
 34    13.064 53422.50714458 16.16 137.038988  50.459452  4.391
 34    14.539 53422.50714522 15.78 137.037548  50.462682  4.391
 34    14.898 53422.50714587 15.81 137.036098  50.465912  4.391
 34    13.577 53422.50714651 16.67 137.034658  50.469152  4.391
 34    13.605 53422.50714716 16.87 137.033208  50.472382  4.391
 34    13.538 53422.50714780 16.44 137.031768  50.475612  4.391
 34    13.348 53422.50714845 17.43 137.030318  50.478852  4.391
 34    13.223 53422.50714909 17.70 137.028868  50.482082  4.391
 34    12.887 53422.50714973 18.31 137.027428  50.485312  4.391
 35    13.384 53457.50714253 11.17 137.045459  50.420918  3.902
 35    12.999 53457.50714318 10.72 137.044019  50.424158  3.902
 35    13.219 53457.50714382 11.06 137.042569  50.427388  3.902
 35    13.475 53457.50714447 12.02 137.041129  50.430618  3.902
 35    13.690 53457.50714511 10.65 137.039689  50.433858  3.902
 35    13.756 53457.50714576 12.57 137.038239  50.437088  3.902
 35    13.758 53457.50714640 12.88 137.036799  50.440318  3.902
 35    13.639 53457.50714705 12.02 137.035349  50.443548  3.902
 35    13.428 53457.50714769 11.56 137.033909  50.446788  3.902
 37    16.925 53527.50720806 20.38 137.052116  50.423533 10.389
 37    16.906 53527.50720870 18.99 137.050676  50.426773 10.389
 37    16.691 53527.50720935 18.83 137.049236  50.430003 10.389
 37    17.143 53527.50720999 16.73 137.047786  50.433233 10.389
 37    17.003 53527.50721064 18.19 137.046346  50.436473 10.389
 37    17.093 53527.50721128 17.32 137.044896  50.439703 10.389
 37    17.126 53527.50721193 18.46 137.043456  50.442933 10.389
 37    17.148 53527.50721257 19.27 137.042016  50.446173 10.389
 37    17.106 53527.50721322 20.38 137.040566  50.449403 10.389
 37    16.935 53527.50721386 22.77 137.039126  50.452633 10.389
 37    17.060 53527.50721451 24.81 137.037676  50.455863 10.389
 37    17.013 53527.50721515 24.61 137.036231  50.459103 12.763
 37    17.093 53527.50721579 22.61 137.034791  50.462333 12.763
 37    17.052 53527.50721644 21.47 137.033341  50.465563 12.763
 37    17.144 53527.50721708 22.40 137.031901  50.468803 12.763
 37    16.992 53527.50721773 21.71 137.030451  50.472033 12.763
 37    17.213 53527.50721837 20.76 137.029011  50.475263 12.763
 37    17.071 53527.50721902 24.94 137.027561  50.478493 12.763
 37    17.032 53527.50721966 21.16 137.026111  50.481733 12.763
 38    15.493 53562.50723661 27.85 137.045279  50.419615 14.220
 38    15.540 53562.50723725 28.17 137.043839  50.422845 14.220
 38    15.619 53562.50723790 27.25 137.042399  50.426085 14.220
 38    15.452 53562.50723854 27.59 137.040959  50.429315 14.220
 38    15.473 53562.50723919 27.50 137.039509  50.432545 14.220
 38    17.003 53562.50723983 27.15 137.038069  50.435785 14.220
 38    15.626 53562.50724048 28.57 137.036629  50.439015 14.220
 38    15.658 53562.50724112 28.30 137.035179  50.442245 14.220
 39    15.903 53597.50717796 13.92 137.053726  50.429442  7.899
 39    15.832 53597.50717860 13.87 137.052276  50.432672  7.899
 39    15.812 53597.50717925 15.32 137.050836  50.435912  7.899
 39    15.967 53597.50717989 13.97 137.049396  50.439142  7.899
 39    15.978 53597.50718054 13.01 137.047946  50.442372  7.899
 39    15.956 53597.50718118 12.75 137.046506  50.445602  7.899
 39    15.734 53597.50718183 14.93 137.045066  50.448842  7.899
 39    15.759 53597.50718247 15.98 137.043616  50.452072  7.899
 39    15.809 53597.50718312 16.42 137.042176  50.455302  7.899
 39    15.774 53597.50718376 18.06 137.040732  50.458541 12.619
 39    15.923 53597.50718440 16.83 137.039282  50.461771 12.619
 39    15.824 53597.50718505 16.79 137.037842  50.465001 12.619
 39    15.744 53597.50718569 17.17 137.036402  50.468241 12.619
 39    15.761 53597.50718634 17.64 137.034952  50.471471 12.619
 39    15.860 53597.50718698 18.27 137.033512  50.474701 12.619
 39    15.805 53597.50718763 20.26 137.032062  50.477941 12.619
 39    15.656 53597.50718827 23.58 137.030612  50.481171 12.619
 39    15.486 53597.50718892 23.64 137.029172  50.484401 12.619
 39    15.551 53597.50718956 22.83 137.027722  50.487631 12.619
 41    14.127 53667.50719363 24.00 137.044233  50.418083 17.099
 41    12.820 53667.50719427 25.66 137.042783  50.421313 17.099
 42    12.889 53702.50714036 19.59 137.054167  50.424762 15.391
 42    13.208 53702.50714101 17.98 137.052717  50.427992 15.391
 42    12.837 53702.50714165 18.10 137.051277  50.431222 15.391
 42    12.783 53702.50714230 20.41 137.049837  50.434462 15.391
 42    12.723 53702.50714294 19.85 137.048397  50.437692 15.391
 42    12.428 53702.50714359 22.89 137.046947  50.440922 15.391
 42    12.404 53702.50714423 28.45 137.045507  50.444152 15.391
 42    12.562 53702.50714488 31.05 137.044057  50.447392 15.391
 42    12.420 53702.50714552 30.87 137.042617  50.450622 15.391
 42    12.367 53702.50714617 29.63 137.041177  50.453852 15.391
 42    12.361 53702.50714681 31.63 137.039727  50.457092 15.391
 42    12.348 53702.50714746 32.58 137.038287  50.460322 15.391
 42    12.385 53702.50714810 35.43 137.036837  50.463552 15.391
 42    12.367 53702.50714875 34.21 137.035391  50.466789 43.115
 42    12.344 53702.50714939 37.85 137.033951  50.470019 43.115
 42    12.347 53702.50715003 39.45 137.032501  50.473249 43.115
 42    12.336 53702.50715068 38.91 137.031061  50.476489 43.115
 42    12.324 53702.50715132 40.18 137.029611  50.479719 43.115
 42    12.341 53702.50715197 43.05 137.028171  50.482949 43.115
 42    12.415 53702.50715261 50.41 137.026721  50.486179 43.115
 43    12.762 53737.50705264 15.73 137.056575  50.438295 10.662
 43    12.679 53737.50705328 14.80 137.055125  50.441525 10.662
 43    12.339 53737.50705393 14.66 137.053685  50.444765 10.662
 43    12.863 53737.50705457 13.56 137.052245  50.447995 10.662
 43    12.872 53737.50705522 14.04 137.050795  50.451225 10.662
 43    12.704 53737.50705586 15.37 137.049355  50.454455 10.662
 43    12.544 53737.50705651 16.82 137.047915  50.457695 10.662
 43    12.709 53737.50705715 17.04 137.046465  50.460925 10.662
 43    12.875 53737.50706037 14.80 137.039245  50.477095  5.007
 43    13.028 53737.50706102 13.96 137.037805  50.480325  5.007
 43    12.726 53737.50706166 14.17 137.036355  50.483555  5.007
 43    12.670 53737.50706231 13.93 137.034915  50.486795  5.007
 43    12.766 53737.50706295 14.35 137.033465  50.490025  5.007
 43    12.940 53737.50706360 13.45 137.032025  50.493255  5.007
 43    12.858 53737.50706424 13.81 137.030575  50.496485  5.007
 43    12.871 53737.50706489 13.46 137.029135  50.499725  5.007
 44    13.769 53772.50706069 10.37 137.050168  50.424984  3.404
 44    13.506 53772.50706133 10.39 137.048728  50.428214  3.404
 44    13.425 53772.50706198 10.63 137.047278  50.431444  3.404
 44    13.939 53772.50706262 10.33 137.045838  50.434674  3.404
 44    13.471 53772.50706327 10.58 137.044398  50.437914  3.404
 44    13.187 53772.50706391 11.07 137.042948  50.441144  3.404
 44    13.228 53772.50706456 11.06 137.041508  50.444374  3.404
 44    13.153 53772.50706520 11.18 137.040068  50.447614  3.404
 44    13.131 53772.50706584 11.00 137.038618  50.450844  3.404
 44    13.073 53772.50706649 11.31 137.037178  50.454074  3.404
 44    13.532 53772.50706713 11.62 137.035728  50.457304  3.404
 44    13.411 53772.50706778 11.54 137.034288  50.460544  3.404
 44    15.083 53772.50706842 11.26 137.032838  50.463774  3.404
 44    15.475 53772.50706907 11.13 137.031388  50.467004  3.404
 44    15.488 53772.50706971 12.07 137.029946  50.470239  3.564
 44    13.494 53772.50707036 12.50 137.028506  50.473469  3.564
 44    13.525 53772.50707100 12.93 137.027056  50.476699  3.564
 44    13.424 53772.50707165 13.91 137.025606  50.479939  3.564
 47    16.155 53877.50711764 20.02 137.047748  50.422695 11.483
 47    15.844 53877.50711828 21.18 137.046308  50.425935 11.483
 47    16.001 53877.50711893 21.26 137.044868  50.429165 11.483
 47    16.003 53877.50711957 22.87 137.043418  50.432395 11.483
 47    17.029 53877.50712022 21.25 137.041978  50.435625 11.483
 47    16.196 53877.50712086 23.97 137.040528  50.438865 11.483
 47    16.048 53877.50712151 24.50 137.039088  50.442095 11.483
 47    15.913 53877.50712215 24.40 137.037638  50.445325 11.483
 47    15.755 53877.50712280 25.72 137.036198  50.448565 11.483
 47    15.999 53877.50712344 25.86 137.034758  50.451795 11.483
 47    16.049 53877.50712409 27.91 137.033308  50.455025 11.483
 47    16.080 53877.50712473 26.10 137.031858  50.458262 20.935
 47    16.509 53877.50712666 24.39 137.027528  50.467962 20.935
 47    18.119 53877.50712731 18.39 137.026078  50.471192 20.935
 47    16.085 53877.50712795 26.89 137.024638  50.474422 20.935
 47    15.996 53877.50712860 35.09 137.023188  50.477662 20.935
 50    16.443 53982.50712683 18.49 137.051665  50.422988 11.235
 50    16.317 53982.50712748 15.20 137.050215  50.426218 11.235
 50    16.544 53982.50712812 15.00 137.048775  50.429448 11.235
 50    16.848 53982.50712877 14.78 137.047335  50.432688 11.235
 50    17.120 53982.50712941 14.52 137.045885  50.435918 11.235
 50    17.107 53982.50713006 14.65 137.044445  50.439148 11.235
 50    16.910 53982.50713070 13.95 137.043005  50.442388 11.235
 50    16.701 53982.50713135 15.33 137.041565  50.445618 11.235
 50    16.370 53982.50713199 17.99 137.040115  50.448848 11.235
 50    16.600 53982.50713264 21.49 137.038675  50.452088 11.235
 50    16.743 53982.50713328 22.94 137.037225  50.455318 11.235
 50    17.276 53982.50713393 21.90 137.035785  50.458548 11.235
 50    17.242 53982.50713457 20.64 137.034335  50.461778 11.235
 50    17.174 53982.50713522 19.11 137.032895  50.465018 11.235
 50    17.575 53982.50713586 16.97 137.031455  50.468248 11.235
 50    17.440 53982.50713650 18.30 137.030005  50.471478 11.235
 50    17.428 53982.50713715 18.87 137.028556  50.474717 10.107
 50    16.563 53982.50713779 24.30 137.027116  50.477947 10.107
 50    16.394 53982.50713844 25.89 137.025666  50.481177 10.107
 51    17.196 54017.50715383 19.26 137.044131  50.420510 21.248
 51    16.489 54017.50715448 19.21 137.042691  50.423750 21.248
 51    14.197 54017.50715641 25.33 137.038361  50.433450 21.248
 51    14.247 54017.50715705 31.23 137.036911  50.436680 21.248
 52    12.909 54052.50715015 40.19 137.053195  50.427575 37.013
 52    12.944 54052.50715079 46.64 137.051745  50.430805 37.013
 52    12.952 54052.50715144 45.01 137.050305  50.434045 37.013
 52    12.992 54052.50715208 45.50 137.048865  50.437275 37.013
 52    13.047 54052.50715272 47.19 137.047415  50.440505 37.013
 52    13.095 54052.50715337 44.77 137.045975  50.443745 37.013
 52    13.041 54052.50715401 42.04 137.044525  50.446975 37.013
 52    12.904 54052.50715466 39.36 137.043085  50.450205 37.013
 52    12.720 54052.50715530 38.67 137.041645  50.453445 37.013
 52    12.729 54052.50715595 39.79 137.040195  50.456675 37.013
 52    12.722 54052.50715659 40.15 137.038745  50.459905 37.013
 52    12.808 54052.50715724 38.46 137.037305  50.463135 37.013
 52    12.770 54052.50715788 38.66 137.035855  50.466375 37.013
 52    12.838 54052.50715853 38.17 137.034415  50.469605 37.013
 52    12.894 54052.50715917 38.42 137.032965  50.472835 37.013
 52    12.915 54052.50715982 38.59 137.031521  50.476070 32.076
 52    12.897 54052.50716046 39.75 137.030081  50.479300 32.076
 52    12.870 54052.50716111 38.62 137.028631  50.482530 32.076
 52    12.966 54052.50716175 44.04 137.027181  50.485770 32.076
 53    12.765 54087.50714115 20.17 137.052375  50.423041 12.826
 53    12.956 54087.50714179 19.22 137.050925  50.426271 12.826
 53    13.061 54087.50714244 20.38 137.049485  50.429501 12.826
 53    12.968 54087.50714308 24.40 137.048045  50.432741 12.826
 53    12.999 54087.50714373 24.53 137.046605  50.435971 12.826
 53    12.995 54087.50714437 25.88 137.045155  50.439201 12.826
 53    12.922 54087.50714502 28.36 137.043715  50.442441 12.826
 53    12.827 54087.50714566 24.14 137.042275  50.445671 12.826
 53    12.789 54087.50714631 23.66 137.040825  50.448901 12.826
 53    12.815 54087.50714695 21.74 137.039385  50.452131 12.826
 53    12.880 54087.50714760 20.48 137.037935  50.455371 12.826
 53    12.842 54087.50714824 21.14 137.036495  50.458601 12.826
 53    12.973 54087.50714889 22.36 137.035045  50.461831 12.826
 53    12.925 54087.50714953 21.65 137.033605  50.465071 12.826
 53    13.096 54087.50715018 22.27 137.032165  50.468301 12.826
 53    12.926 54087.50715082 25.04 137.030715  50.471531 12.826
 53    13.023 54087.50715146 29.13 137.029273  50.474767 11.609
 53    12.893 54087.50715211 28.70 137.027823  50.477997 11.609
 53    12.928 54087.50715275 23.63 137.026383  50.481227 11.609
 54    13.111 54122.50706702 18.29 137.055281  50.434074  9.867
 54    13.020 54122.50706766 19.01 137.053831  50.437304  9.867
 54    12.997 54122.50706831 22.80 137.052391  50.440534  9.867
 54    12.929 54122.50706895 31.28 137.050951  50.443774  9.867
 54    12.887 54122.50706959 22.12 137.049511  50.447004  9.867
 54    12.861 54122.50707024 19.73 137.048061  50.450234  9.867
 54    12.775 54122.50707088 18.72 137.046621  50.453474  9.867
 54    12.909 54122.50707153 16.58 137.045181  50.456704  9.867
 54    12.976 54122.50707217 17.33 137.043731  50.459934  9.867
 54    12.865 54122.50707282 17.00 137.042291  50.463174  9.867
 54    12.905 54122.50707411 18.29 137.039401  50.469634  9.867
 54    12.978 54122.50707475 17.92 137.037961  50.472864  9.867
 54    13.073 54122.50707540 17.49 137.036516  50.476105  5.064
 54    13.100 54122.50707604 18.69 137.035066  50.479335  5.064
 54    12.945 54122.50707669 19.27 137.033626  50.482565  5.064
 54    12.899 54122.50707733 19.81 137.032176  50.485805  5.064
 54    12.884 54122.50707798 19.17 137.030736  50.489035  5.064
 54    12.829 54122.50707862 18.87 137.029296  50.492265  5.064
 54    12.849 54122.50707926 20.47 137.027846  50.495495  5.064
 55    12.482 54157.50710325 13.24 137.047381  50.422539  4.412
 55    12.754 54157.50710389 12.98 137.045931  50.425769  4.412
 55    12.925 54157.50710454 13.23 137.044491  50.429009  4.412
 55    13.140 54157.50710518 13.59 137.043051  50.432239  4.412
 55    13.159 54157.50710583 13.48 137.041601  50.435469  4.412
 55    13.250 54157.50710647 13.54 137.040161  50.438709  4.412
 55    13.280 54157.50710712 14.29 137.038721  50.441939  4.412
 55    13.267 54157.50710776 14.24 137.037271  50.445169  4.412
 55    13.210 54157.50710840 13.52 137.035831  50.448399  4.412
 55    12.890 54157.50710905 14.22 137.034381  50.451639  4.412
 55    12.622 54157.50710969 14.75 137.032941  50.454869  4.412
 55    13.395 54157.50711227 13.60 137.027161  50.467799  4.412
 55    13.585 54157.50711292 14.19 137.025714  50.471036  4.441
 55    13.755 54157.50711356 14.52 137.024264  50.474266  4.441
 56    14.570 54192.50706550 21.98 137.053990  50.429539 14.696
 56    12.740 54192.50706615 24.51 137.052550  50.432769 14.696
 56    12.977 54192.50706679 22.63 137.051100  50.435999 14.696
 56    12.977 54192.50706744 21.80 137.049660  50.439239 14.696
 56    12.865 54192.50706808 22.57 137.048222  50.442470  8.890
 56    12.912 54192.50706873 21.37 137.046772  50.445700  8.890
 56    12.775 54192.50706937 20.96 137.045332  50.448930  8.890
 56    12.714 54192.50707002 20.23 137.043892  50.452170  8.890
 56    14.373 54192.50707066 19.05 137.042442  50.455400  8.890
 56    14.342 54192.50707131 19.27 137.041002  50.458630  8.890
 56    15.512 54192.50707195 18.29 137.039552  50.461860  8.890
 56    15.319 54192.50707259 17.54 137.038112  50.465100  8.890
 56    15.026 54192.50707324 19.05 137.036672  50.468330  8.890
 56    12.826 54192.50707388 21.42 137.035222  50.471560  8.890
 56    13.262 54192.50707453 21.49 137.033782  50.474800  8.890
 56    13.393 54192.50707517 23.20 137.032332  50.478030  8.890
 56    15.151 54192.50707582 19.99 137.030892  50.481260  8.890
 56    15.459 54192.50707646 17.86 137.029442  50.484490  8.890
 56    15.375 54192.50707711 18.53 137.028002  50.487730  8.890
 57    17.092 54227.50711485 16.92 137.046973  50.420857  7.627
 57    16.236 54227.50711550 16.91 137.045523  50.424087  7.627
 57    15.226 54227.50711614 17.67 137.044083  50.427327  7.627
 57    14.886 54227.50711679 18.58 137.042643  50.430557  7.627
 57    17.397 54227.50711743 17.28 137.041193  50.433787  7.627
 57    17.603 54227.50711807 18.09 137.039748  50.437026 17.036
 57    16.519 54227.50711872 18.38 137.038308  50.440256 17.036
 57    16.420 54227.50711936 16.63 137.036868  50.443486 17.036
 57    16.139 54227.50712001 23.53 137.035418  50.446726 17.036
 57    16.431 54227.50712065 26.18 137.033978  50.449956 17.036
 57    16.325 54227.50712130 27.15 137.032528  50.453186 17.036
 58    16.108 54262.50713420 15.61 137.047659  50.421871  9.185
 58    15.605 54262.50713485 14.63 137.046219  50.425101  9.185
 58    15.612 54262.50713549 14.59 137.044779  50.428341  9.185
 58    15.561 54262.50713614 15.03 137.043329  50.431571  9.185
 58    16.657 54262.50713678 15.19 137.041889  50.434801  9.185
 58    16.559 54262.50713743 16.24 137.040442  50.438042 16.927
 58    16.224 54262.50713807 16.12 137.039002  50.441272 16.927
 58    15.785 54262.50713872 16.04 137.037562  50.444502 16.927
 58    15.476 54262.50713936 24.44 137.036112  50.447742 16.927
 58    15.868 54262.50714001 23.50 137.034672  50.450972 16.927
 58    15.729 54262.50714065 29.59 137.033222  50.454202 16.927
 58    17.814 54262.50714387 20.98 137.026002  50.470372 16.927
 58    17.921 54262.50714452 17.91 137.024552  50.473602 16.927
 59    13.879 54297.50713933 33.08 137.049160  50.424699 25.333
 59    13.925 54297.50713998 29.58 137.047720  50.427929 25.333
 59    13.884 54297.50714062 28.92 137.046280  50.431159 25.333
 59    13.783 54297.50714127 27.38 137.044840  50.434399 25.333
 59    13.850 54297.50714191 25.25 137.043390  50.437630  9.712
 59    13.905 54297.50714256 23.56 137.041950  50.440860  9.712
 59    13.937 54297.50714320 21.20 137.040500  50.444090  9.712
 59    15.010 54297.50714384 20.64 137.039060  50.447330  9.712
 59    15.089 54297.50714449 18.80 137.037620  50.450560  9.712
 59    15.068 54297.50714513 18.05 137.036170  50.453790  9.712
 59    14.881 54297.50714578 20.12 137.034730  50.457020  9.712
 59    14.393 54297.50714642 22.80 137.033280  50.460260  9.712
 59    15.509 54297.50714707 18.98 137.031840  50.463490  9.712
 59    15.883 54297.50714771 18.35 137.030390  50.466720  9.712
 59    17.496 54297.50714836 15.95 137.028950  50.469960  9.712
 59    17.540 54297.50714900 16.11 137.027500  50.473190  9.712
 59    13.908 54297.50714965 20.57 137.026060  50.476420  9.712
 59    13.910 54297.50715029 23.23 137.024610  50.479660  9.712
 60    15.501 54332.50712925 24.92 137.052788  50.423378 15.302
 60    15.131 54332.50712990 20.90 137.051348  50.426608 15.302
 60    14.901 54332.50713054 19.00 137.049898  50.429848 15.302
 60    14.327 54332.50713118 19.55 137.048458  50.433078 15.302
 60    14.826 54332.50713183 16.66 137.047018  50.436308 15.302
 60    15.032 54332.50713247 15.17 137.045571  50.439548  7.712
 60    15.047 54332.50713312 14.07 137.044131  50.442778  7.712
 60    15.001 54332.50713376 16.01 137.042681  50.446008  7.712
 60    14.990 54332.50713441 17.10 137.041241  50.449248  7.712
 60    15.085 54332.50713505 17.89 137.039801  50.452478  7.712
 60    14.981 54332.50713570 18.86 137.038351  50.455708  7.712
 60    14.996 54332.50713634 19.41 137.036911  50.458938  7.712
 60    15.240 54332.50713699 20.66 137.035461  50.462178  7.712
 60    15.500 54332.50713763 15.83 137.034021  50.465408  7.712
 60    17.277 54332.50713828 16.61 137.032571  50.468638  7.712
 60    25.687 54332.50713892 13.60 137.031131  50.471878  7.712
 60    17.384 54332.50713957 15.51 137.029681  50.475108  7.712
 60    15.339 54332.50714021 16.85 137.028241  50.478338  7.712
 60    15.320 54332.50714086 19.59 137.026791  50.481568  7.712
 61    14.846 54367.50707089 27.17 137.054484  50.426341 17.645
 61    14.671 54367.50707153 30.16 137.053044  50.429581 17.645
 61    14.782 54367.50707218 28.21 137.051594  50.432811 17.645
 61    14.481 54367.50707282 21.60 137.050154  50.436041 17.645
 61    13.894 54367.50707347 22.72 137.048714  50.439281 17.645
 61    14.201 54367.50707411 17.54 137.047273  50.442513  7.920
 61    14.319 54367.50707476 18.36 137.045823  50.445743  7.920
 61    14.539 54367.50707540 16.46 137.044383  50.448973  7.920
 61    14.658 54367.50707605 16.06 137.042943  50.452213  7.920
 61    14.802 54367.50707669 18.14 137.041493  50.455443  7.920
 61    14.685 54367.50707734 18.76 137.040053  50.458673  7.920
 61    14.786 54367.50707798 17.39 137.038603  50.461903  7.920
 61    14.926 54367.50707863 15.98 137.037163  50.465143  7.920
 61    15.370 54367.50707927 15.22 137.035723  50.468373  7.920
 61    15.410 54367.50707992 15.32 137.034273  50.471603  7.920
 61    14.842 54367.50708056 17.35 137.032833  50.474843  7.920
 61    14.688 54367.50708120 20.60 137.031383  50.478073  7.920
 61    14.591 54367.50708185 23.05 137.029943  50.481303  7.920
 61    14.573 54367.50708249 25.71 137.028493  50.484543  7.920
 61    14.519 54367.50708314 27.77 137.027053  50.487773  7.920
 62    13.311 54402.50707202 24.40 137.050264  50.422651 27.601
 62    13.520 54402.50707266 21.59 137.048824  50.425881 27.601
 62    14.449 54402.50707331 18.95 137.047374  50.429121 27.601
 62    14.078 54402.50707395 22.38 137.045934  50.432351 27.601
 62    13.166 54402.50707460 23.35 137.044494  50.435581 27.601
 62    13.170 54402.50707524 23.35 137.043044  50.438811 27.601
 62    13.186 54402.50707589 24.17 137.041600  50.442051 11.284
 62    13.056 54402.50707653 22.21 137.040160  50.445281 11.284
 62    15.054 54402.50707718 19.01 137.038720  50.448511 11.284
 62    15.503 54402.50707782 17.93 137.037270  50.451751 11.284
 62    15.138 54402.50707847 19.97 137.035830  50.454981 11.284
 62    15.020 54402.50707911 21.21 137.034380  50.458211 11.284
 62    15.456 54402.50707976 19.09 137.032940  50.461441 11.284
 62    15.656 54402.50708040 20.65 137.031490  50.464681 11.284
 62    16.102 54402.50708105 18.20 137.030050  50.467911 11.284
 62    15.640 54402.50708169 19.00 137.028600  50.471141 11.284
 62    13.017 54402.50708234 25.02 137.027160  50.474381 11.284
 62    13.136 54402.50708298 29.82 137.025710  50.477611 11.284
 62    13.331 54402.50708362 35.59 137.024270  50.480841 11.284
 63    12.283 54437.50702973 21.07 137.051398  50.426092  9.587
 63    12.570 54437.50703037 20.07 137.049958  50.429332  9.587
 63    12.634 54437.50703102 19.38 137.048523  50.432563  9.802
 63    12.335 54437.50703166 20.32 137.047073  50.435793  9.802
 63    12.328 54437.50703231 20.71 137.045633  50.439023  9.802
 63    12.292 54437.50703295 23.45 137.044193  50.442263  9.802
 63    12.387 54437.50703360 25.27 137.042743  50.445493  9.802
 63    12.264 54437.50703424 26.39 137.041303  50.448723  9.802
 63    12.317 54437.50703489 23.87 137.039853  50.451953  9.802
 63    12.342 54437.50703553 24.06 137.038413  50.455193  9.802
 63    12.439 54437.50703618 24.48 137.036973  50.458423  9.802
 63    12.383 54437.50703682 33.85 137.035523  50.461653  9.802
 63    12.448 54437.50703747 28.18 137.034083  50.464893  9.802
 63    12.336 54437.50703811 23.45 137.032633  50.468123  9.802
 63    12.769 54437.50703875 22.17 137.031193  50.471353  9.802
 63    12.811 54437.50703940 21.94 137.029743  50.474583  9.802
 63    12.639 54437.50704004 22.58 137.028303  50.477823  9.802
 63    13.131 54437.50704069 23.25 137.026853  50.481053  9.802
 64    12.606 54472.50705715 20.80 137.047787  50.421616  8.768
 64    12.665 54472.50705779 18.88 137.046337  50.424846  8.768
 64    12.574 54472.50705844 22.99 137.044897  50.428076  8.768
 64    12.711 54472.50705908 18.13 137.043457  50.431316  8.768
 64    12.531 54472.50705973 18.64 137.042007  50.434546  8.768
 64    12.615 54472.50706037 18.67 137.040567  50.437776  8.768
 64    12.639 54472.50706102 18.52 137.039124  50.441015  5.885
 64    12.685 54472.50706166 20.85 137.037674  50.444245  5.885
 64    12.692 54472.50706230 20.54 137.036234  50.447475  5.885
 64    12.599 54472.50706295 20.78 137.034784  50.450715  5.885
 64    12.641 54472.50706359 18.74 137.033344  50.453945  5.885
 64    12.878 54472.50706682 17.66 137.026114  50.470105  5.885
 64    13.333 54472.50706746 17.57 137.024674  50.473345  5.885
 65    12.749 54507.50704126 16.19 137.053593  50.427537  6.729
 65    12.594 54507.50704191 16.17 137.052153  50.430767  6.729
 65    12.216 54507.50704255 17.23 137.050703  50.433997  6.729
 65    12.256 54507.50704319 16.89 137.049263  50.437227  6.729
 65    12.289 54507.50704384 17.17 137.047823  50.440467  6.729
 65    12.342 54507.50704448 17.00 137.046373  50.443697  6.729
 65    12.325 54507.50704513 16.64 137.044933  50.446927  6.729
 65    12.265 54507.50704577 17.28 137.043493  50.450167  6.729
 65    12.234 54507.50704642 18.34 137.042043  50.453397  6.729
 65    12.247 54507.50704706 18.25 137.040603  50.456627  6.729
 65    12.323 54507.50704771 18.01 137.039164  50.459866  4.606
 65    12.331 54507.50704835 15.45 137.037714  50.463096  4.606
 65    12.439 54507.50704900 14.93 137.036274  50.466326  4.606
 65    12.428 54507.50704964 16.22 137.034824  50.469566  4.606
 65    12.614 54507.50705029 16.19 137.033384  50.472796  4.606
 65    12.774 54507.50705093 16.10 137.031934  50.476026  4.606
 65    12.633 54507.50705158 16.19 137.030494  50.479266  4.606
 65    12.329 54507.50705222 16.64 137.029044  50.482496  4.606
 65    12.170 54507.50705287 16.57 137.027604  50.485726  4.606
 66    12.314 54542.50707172 26.32 137.050357  50.422103 18.803
 66    12.341 54542.50707237 27.93 137.048917  50.425343 18.803
 66    12.250 54542.50707301 28.01 137.047477  50.428573 18.803
 66    12.237 54542.50707365 28.98 137.046027  50.431803 18.803
 66    12.303 54542.50707430 29.14 137.044587  50.435043 18.803
 66    12.293 54542.50707494 28.63 137.043147  50.438273 18.803
 66    12.361 54542.50707559 28.16 137.041697  50.441503 18.803
 66    12.341 54542.50707623 26.90 137.040257  50.444743 18.803
 66    12.366 54542.50707688 25.88 137.038807  50.447973 18.803
 66    12.211 54542.50707752 25.68 137.037367  50.451203 18.803
 66    12.364 54542.50707817 25.11 137.035927  50.454433 18.803
 66    12.102 54542.50707881 25.16 137.034477  50.457673 18.803
 66    12.198 54542.50707946 26.11 137.033037  50.460903 18.803
 66    12.229 54542.50708010 26.72 137.031587  50.464133 18.803
 66    12.324 54542.50708075 26.18 137.030147  50.467373 18.803
 66    12.267 54542.50708139 28.56 137.028697  50.470603 18.803
 66    12.677 54542.50708204 26.39 137.027257  50.473833 18.803
 66    12.684 54542.50708268 26.52 137.025806  50.477068  9.877
 66    12.543 54542.50708332 25.61 137.024356  50.480298  9.877
 67    13.035 54577.50704346 51.78 137.054460  50.426310 42.849
 67    13.141 54577.50704411 51.78 137.053020  50.429550 42.849
 67    13.185 54577.50704475 53.68 137.051580  50.432780 42.849
 67    13.174 54577.50704540 51.14 137.050130  50.436010 42.849
 67    13.166 54577.50704604 52.04 137.048690  50.439250 42.849
 67    13.157 54577.50704669 51.96 137.047250  50.442480 42.849
 67    13.144 54577.50704733 52.40 137.045800  50.445710 42.849
 67    13.135 54577.50704798 52.80 137.044360  50.448940 42.849
 67    13.125 54577.50704862 48.44 137.042920  50.452180 42.849
 67    13.122 54577.50704927 50.12 137.041470  50.455410 42.849
 67    13.114 54577.50704991 52.74 137.040030  50.458650 42.849
 67    13.105 54577.50705056 52.52 137.038590  50.461881 41.990
 67    13.096 54577.50705120 51.94 137.037140  50.465111 41.990
 67    13.090 54577.50705184 52.11 137.035700  50.468341 41.990
 67    13.084 54577.50705249 49.72 137.034250  50.471581 41.990
 67    13.074 54577.50705313 45.30 137.032810  50.474811 41.990
 67    13.000 54577.50705378 40.86 137.031360  50.478041 41.990
 67    12.947 54577.50705442 38.00 137.029920  50.481271 41.990
 67    13.240 54577.50705507 34.14 137.028470  50.484511 41.990
 67    12.903 54577.50705571 35.27 137.027030  50.487741 41.990
 68    13.872 54612.50706290 24.51 137.050066  50.422078 14.275
 68    13.682 54612.50706354 24.74 137.048626  50.425318 14.275
 68    13.564 54612.50706419 23.08 137.047186  50.428548 14.275
 68    13.380 54612.50706483 22.02 137.045736  50.431778 14.275
 68    16.261 54612.50706548 18.93 137.044296  50.435018 14.275
 68    15.827 54612.50706612 16.72 137.042856  50.438248 14.275
 68    15.572 54612.50706677 17.85 137.041406  50.441478 14.275
 68    15.297 54612.50706741 15.27 137.039966  50.444718 14.275
 68    15.484 54612.50706806 16.12 137.038516  50.447948 14.275
 68    15.752 54612.50706870 17.19 137.037076  50.451178 14.275
 68    15.703 54612.50706934 15.35 137.035636  50.454408 14.275
 68    16.117 54612.50706999 16.39 137.034184  50.457648  8.455
 68    16.442 54612.50707063 16.11 137.032744  50.460878  8.455
 68    16.297 54612.50707128 17.14 137.031294  50.464108  8.455
 68    16.417 54612.50707192 20.27 137.029854  50.467348  8.455
 68    17.898 54612.50707257 16.63 137.028404  50.470578  8.455
 68    17.790 54612.50707321 17.83 137.026964  50.473808  8.455
 68    15.549 54612.50707386 20.50 137.025514  50.477038  8.455
 68    15.677 54612.50707450 21.14 137.024064  50.480278  8.455
 69    13.075 54647.50707004 28.48 137.047657  50.423384 24.804
 69    13.042 54647.50707068 26.91 137.046217  50.426624 24.804
 69    13.148 54647.50707132 30.51 137.044777  50.429854 24.804
 69    13.165 54647.50707197 28.97 137.043327  50.433084 24.804
 69    13.070 54647.50707261 24.84 137.041887  50.436324 24.804
 69    13.071 54647.50707326 24.91 137.040437  50.439554 24.804
 69    13.103 54647.50707390 25.45 137.038997  50.442784 24.804
 69    14.386 54647.50707455 18.99 137.037557  50.446014 24.804
 69    15.145 54647.50707519 16.93 137.036107  50.449254 24.804
 69    15.486 54647.50707584 15.58 137.034667  50.452484 24.804
 69    15.042 54647.50707648 16.94 137.033217  50.455714 24.804
 69    15.964 54647.50707842 21.26 137.028883  50.465411 17.180
 69    16.047 54647.50707906 21.24 137.027443  50.468651 17.180
 69    17.807 54647.50707971 20.85 137.025993  50.471881 17.180
 69    12.932 54647.50708035 25.93 137.024553  50.475111 17.180
 69    13.149 54647.50708099 27.39 137.023103  50.478351 17.180
 70    14.359 54682.50707084 31.41 137.049929  50.424098 19.490
 70    14.150 54682.50707149 24.21 137.048489  50.427338 19.490
 70    14.060 54682.50707213 22.34 137.047049  50.430568 19.490
 70    13.985 54682.50707278 23.25 137.045599  50.433798 19.490
 70    14.207 54682.50707342 22.40 137.044159  50.437038 19.490
 70    14.269 54682.50707407 23.94 137.042719  50.440268 19.490
 70    14.243 54682.50707471 24.93 137.041269  50.443498 19.490
 70    14.074 54682.50707536 23.45 137.039829  50.446728 19.490
 70    14.272 54682.50707600 18.95 137.038379  50.449968 19.490
 70    14.785 54682.50707665 15.49 137.036939  50.453198 19.490
 70    14.343 54682.50707729 17.77 137.035499  50.456428 19.490
 70    14.458 54682.50707794 18.80 137.034050  50.459667 10.160
 70    15.030 54682.50707858 19.83 137.032610  50.462897 10.160
 70    15.593 54682.50707922 15.76 137.031160  50.466127 10.160
 70    15.649 54682.50707987 18.30 137.029720  50.469367 10.160
 70    17.659 54682.50708051 13.45 137.028270  50.472597 10.160
 70    15.178 54682.50708116 14.96 137.026830  50.475827 10.160
 70    14.200 54682.50708180 19.22 137.025380  50.479067 10.160
 71    13.338 54717.50701975 33.40 137.053769  50.429362 22.051
 71    13.277 54717.50702039 22.98 137.052329  50.432592 22.051
 71    13.141 54717.50702104 20.38 137.050889  50.435832 22.051
 71    13.051 54717.50702168 19.46 137.049449  50.439062 22.051
 71    13.104 54717.50702233 17.06 137.047999  50.442292 22.051
 71    13.072 54717.50702297 16.42 137.046559  50.445532 22.051
 71    13.296 54717.50702361 15.77 137.045119  50.448762 22.051
 71    13.313 54717.50702426 14.05 137.043669  50.451992 22.051
 71    13.131 54717.50702490 13.29 137.042229  50.455232 22.051
 71    12.925 54717.50702555 18.72 137.040789  50.458462 22.051
 71    13.230 54717.50702619 19.36 137.039339  50.461692 22.051
 71    14.316 54717.50702684 15.42 137.037899  50.464922 22.051
 71    14.581 54717.50702748 15.91 137.036452  50.468162 12.146
 71    13.095 54717.50702813 17.79 137.035012  50.471392 12.146
 71    13.036 54717.50702877 21.97 137.033562  50.474622 12.146
 71    13.216 54717.50702942 28.18 137.032122  50.477862 12.146
 71    13.064 54717.50703006 30.36 137.030672  50.481092 12.146
 71    13.130 54717.50703071 25.38 137.029232  50.484322 12.146
 71    12.996 54717.50703135 23.47 137.027782  50.487552 12.146
 72    13.935 54752.50704239 24.96 137.046626  50.420492 15.370
 72    13.839 54752.50704303 21.78 137.045186  50.423732 15.370
 72    13.783 54752.50704368 21.62 137.043736  50.426962 15.370
 72    13.784 54752.50704432 21.38 137.042296  50.430192 15.370
 72    13.996 54752.50704497 26.53 137.040856  50.433422 15.370
 72    14.171 54752.50704561 28.52 137.039406  50.436662 15.370
 72    14.177 54752.50704626 24.01 137.037966  50.439892 15.370
 72    14.052 54752.50704690 24.69 137.036526  50.443122 15.370
 72    14.167 54752.50704754 22.86 137.035076  50.446362 15.370
 72    14.470 54752.50704819 19.61 137.033636  50.449592 15.370
 73    12.712 54787.50700915 35.99 137.051898  50.426041 33.756
 73    12.813 54787.50700980 44.54 137.050458  50.429271 33.756
 73    12.771 54787.50701044 49.75 137.049018  50.432511 33.756
 73    12.789 54787.50701109 47.52 137.047578  50.435741 33.756
 73    12.847 54787.50701173 47.00 137.046128  50.438971 33.756
 73    12.895 54787.50701238 44.97 137.044688  50.442211 33.756
 73    12.818 54787.50701302 38.24 137.043248  50.445441 33.756
 73    12.807 54787.50701367 41.92 137.041798  50.448671 33.756
 73    12.766 54787.50701431 40.97 137.040358  50.451901 33.756
 73    12.563 54787.50701496 33.43 137.038918  50.455141 33.756
 73    12.577 54787.50701560 33.81 137.037468  50.458371 33.756
 73    12.608 54787.50701625 30.42 137.036028  50.461601 33.756
 73    12.642 54787.50701689 32.78 137.034581  50.464838 39.962
 73    12.625 54787.50701753 35.29 137.033131  50.468068 39.962
 73    12.598 54787.50701818 36.12 137.031691  50.471298 39.962
 73    12.685 54787.50701882 37.32 137.030251  50.474538 39.962
 73    12.725 54787.50701947 36.46 137.028801  50.477768 39.962
 73    12.774 54787.50702011 38.42 137.027361  50.480998 39.962
 74    12.934 54822.50703694 15.04 137.046382  50.421266  5.140
 74    13.038 54822.50703758 14.27 137.044942  50.424496  5.140
 74    13.118 54822.50703822 13.99 137.043492  50.427726  5.140
 74    13.146 54822.50703887 13.79 137.042052  50.430956  5.140
 74    12.950 54822.50703951 13.80 137.040602  50.434196  5.140
 74    12.957 54822.50704016 14.84 137.039162  50.437426  5.140
 74    13.009 54822.50704080 15.82 137.037722  50.440656  5.140
 74    13.075 54822.50704145 15.29 137.036272  50.443896  5.140
 74    12.511 54822.50704209 16.01 137.034832  50.447126  5.140
 74    12.311 54822.50704274 16.89 137.033382  50.450356  5.140
 75    12.892 54857.50700505  9.51 137.053241  50.424816  3.720
 75    13.066 54857.50700569  9.23 137.051801  50.428046  3.720
 75    13.160 54857.50700634  8.23 137.050361  50.431286  3.720
 75    13.016 54857.50700698  9.34 137.048921  50.434516  3.720
 75    12.873 54857.50700763  8.64 137.047471  50.437746  3.720
 75    12.906 54857.50700827  8.86 137.046031  50.440986  3.720
 75    12.864 54857.50700892  8.81 137.044591  50.444216  3.720
 75    12.772 54857.50700956 14.08 137.043141  50.447446  3.720
 75    12.798 54857.50701021  9.76 137.041701  50.450676  3.720
 75    12.672 54857.50701085  9.86 137.040261  50.453916  3.720
 75    12.844 54857.50701150  9.35 137.038811  50.457146  3.720
 75    12.879 54857.50701214 10.41 137.037371  50.460376  3.720
 75    12.864 54857.50701279 10.54 137.035923  50.463616  4.613
 75    12.922 54857.50701343 10.07 137.034483  50.466846  4.613
 75    12.923 54857.50701407 10.74 137.033033  50.470076  4.613
 75    12.682 54857.50701472 12.79 137.031593  50.473316  4.613
 75    12.992 54857.50701536 11.44 137.030143  50.476546  4.613
 75    12.705 54857.50701601 11.70 137.028703  50.479776  4.613
 75    12.662 54857.50701665 12.37 137.027253  50.483006  4.613
 76    12.909 54892.50703998  8.21 137.048258  50.423965  3.040
 76    12.948 54892.50704062  7.53 137.046818  50.427195  3.040
 76    12.927 54892.50704127  7.24 137.045368  50.430425  3.040
 76    12.956 54892.50704191  6.84 137.043928  50.433655  3.040
 76    12.945 54892.50704255  6.77 137.042488  50.436895  3.040
 76    13.023 54892.50704320  7.34 137.041038  50.440125  3.040
 76    12.715 54892.50704384  7.84 137.039598  50.443355  3.040
 76    12.895 54892.50704449  7.55 137.038148  50.446595  3.040
 76    12.576 54892.50704513  8.05 137.036708  50.449825  3.040
 76    12.444 54892.50704578  8.17 137.035268  50.453055  3.040
 76    11.993 54892.50704642  9.82 137.033821  50.456292  4.742
 76    12.361 54892.50704707  9.69 137.032371  50.459522  4.742
 76    12.146 54892.50704771  9.50 137.030931  50.462752  4.742
 76    12.244 54892.50704836  9.27 137.029491  50.465992  4.742
 76    12.685 54892.50704900  9.53 137.028041  50.469222  4.742
 76    12.588 54892.50704965 10.15 137.026591  50.472452  4.742
 76    12.007 54892.50705029 11.33 137.025151  50.475692  4.742
 76    12.085 54892.50705094 11.61 137.023701  50.478922  4.742
 76    12.219 54892.50705158 13.74 137.022261  50.482152  4.742
 77    13.433 54927.50700310 20.14 137.053982  50.424881 16.280
 77    13.513 54927.50700374 18.94 137.052542  50.428111 16.280
 77    13.258 54927.50700439 15.29 137.051102  50.431351 16.280
 77    12.861 54927.50700503 15.36 137.049662  50.434581 16.280
 77    12.765 54927.50700568 15.25 137.048212  50.437811 16.280
 77    12.837 54927.50700632 14.82 137.046772  50.441051 16.280
 77    12.533 54927.50700697 20.26 137.045332  50.444281 16.280
 77    12.490 54927.50700761 21.91 137.043882  50.447511 16.280
 77    12.389 54927.50700826 20.91 137.042442  50.450741 16.280
 77    12.270 54927.50700890 21.43 137.041002  50.453981 16.280
 77    12.508 54927.50700955 18.03 137.039552  50.457211 16.280
 77    12.951 54927.50701019 17.81 137.038112  50.460441 16.280
 77    13.360 54927.50701083 19.56 137.036672  50.463680 15.126
 77    12.993 54927.50701148 20.62 137.035222  50.466910 15.126
 77    12.560 54927.50701212 19.64 137.033782  50.470140 15.126
 77    12.504 54927.50701277 22.27 137.032332  50.473380 15.126
 77    12.814 54927.50701341 21.29 137.030892  50.476610 15.126
 77    12.534 54927.50701406 21.05 137.029442  50.479840 15.126
 77    12.521 54927.50701470 19.26 137.028002  50.483080 15.126
 77    12.535 54927.50701535 20.39 137.026552  50.486310 15.126
 78    15.678 54962.50703934 51.91 137.046135  50.422284 50.974
 78    15.668 54962.50703998 47.52 137.044695  50.425514 50.974
 78    15.646 54962.50704063 44.74 137.043245  50.428744 50.974
 78    15.627 54962.50704127 45.87 137.041805  50.431984 50.974
 78    15.604 54962.50704192 48.05 137.040355  50.435214 50.974
 78    15.578 54962.50704256 51.10 137.038915  50.438444 50.974
 78    15.539 54962.50704320 50.04 137.037475  50.441684 50.974
 78    15.526 54962.50704385 48.60 137.036025  50.444914 50.974
 78    15.498 54962.50704449 51.32 137.034585  50.448144 50.974
 78    15.477 54962.50704514 52.14 137.033135  50.451374 50.974
 79    13.852 54997.50705965 30.29 137.047516  50.420214 17.636
 79    13.877 54997.50706029 30.03 137.046076  50.423454 17.636
 79    13.957 54997.50706094 29.65 137.044636  50.426684 17.636
 79    14.180 54997.50706158 30.02 137.043186  50.429914 17.636
 79    14.243 54997.50706223 31.69 137.041746  50.433154 17.636
 79    14.198 54997.50706287 36.75 137.040306  50.436384 17.636
 79    14.047 54997.50706352 36.48 137.038856  50.439614 17.636
 79    13.992 54997.50706416 33.64 137.037416  50.442844 17.636
 79    13.886 54997.50706480 28.66 137.035966  50.446084 17.636
 79    15.038 54997.50706545 27.75 137.034526  50.449314 17.636
 79    13.704 54997.50706609 26.81 137.033086  50.452544 17.636
 80    17.020 55032.50704923 19.65 137.049300  50.421148 10.148
 80    17.030 55032.50704987 18.01 137.047860  50.424388 10.148
 80    16.878 55032.50705052 18.59 137.046420  50.427618 10.148
 80    17.053 55032.50705116 18.23 137.044970  50.430848 10.148
 80    17.275 55032.50705180 18.48 137.043530  50.434088 10.148
 80    17.548 55032.50705245 19.52 137.042090  50.437318 10.148
 80    17.289 55032.50705309 19.50 137.040640  50.440548 10.148
 80    17.329 55032.50705374 20.35 137.039200  50.443778 10.148
 80    17.338 55032.50705438 23.72 137.037750  50.447018 10.148
 80    17.399 55032.50705503 25.50 137.036310  50.450248 10.148
 80    17.267 55032.50705567 26.89 137.034870  50.453478 10.148
 80    17.347 55032.50705632 28.90 137.033421  50.456715 15.887
 80    17.269 55032.50705696 26.46 137.031981  50.459945 15.887
 80    17.323 55032.50705761 26.26 137.030531  50.463175 15.887
 80    17.235 55032.50705825 25.91 137.029091  50.466415 15.887
 80    17.460 55032.50705890 23.75 137.027641  50.469645 15.887
 80    17.635 55032.50705954 20.78 137.026201  50.472875 15.887
 80    17.397 55032.50706019 24.99 137.024751  50.476115 15.887
 80    17.321 55032.50706083 29.35 137.023301  50.479345 15.887
 81    17.857 55067.50703883 19.09 137.051507  50.425729 13.226
 81    17.841 55067.50703948 18.78 137.050067  50.428969 13.226
 81    17.900 55067.50704012 17.82 137.048627  50.432199 13.226
 81    17.993 55067.50704077 18.61 137.047177  50.435429 13.226
 81    17.930 55067.50704141 22.50 137.045737  50.438669 13.226
 81    17.782 55067.50704206 23.92 137.044287  50.441899 13.226
 81    17.784 55067.50704270 23.57 137.042847  50.445129 13.226
 81    17.769 55067.50704335 24.74 137.041407  50.448369 13.226
 81    17.858 55067.50704399 24.22 137.039957  50.451599 13.226
 81    17.825 55067.50704464 24.81 137.038517  50.454829 13.226
 81    17.801 55067.50704528 27.50 137.037077  50.458069 13.226
 81    17.783 55067.50704592 28.86 137.035628  50.461299 11.472
 81    17.733 55067.50704657 26.79 137.034188  50.464529 11.472
 81    17.828 55067.50704721 23.72 137.032738  50.467759 11.472
 81    17.891 55067.50704786 22.35 137.031298  50.470999 11.472
 81    17.774 55067.50704850 21.40 137.029848  50.474229 11.472
 81    17.597 55067.50704915 22.21 137.028408  50.477459 11.472
 81    17.534 55067.50704979 23.39 137.026958  50.480699 11.472
 82    18.118 55102.50697819 40.22 137.053862  50.426343 22.570
 82    18.006 55102.50697883 39.28 137.052412  50.429583 22.570
 82    17.925 55102.50697948 38.31 137.050973  50.432807 11.223
 82    17.935 55102.50698012 37.63 137.049533  50.436047 11.223
 82    17.990 55102.50698077 37.12 137.048093  50.439277 11.223
 82    17.922 55102.50698141 35.73 137.046643  50.442517 11.223
 82    17.889 55102.50698205 35.06 137.045203  50.445747 11.223
 82    17.751 55102.50698270 33.44 137.043763  50.448977 11.223
 82    17.871 55102.50698334 30.67 137.042313  50.452207 11.223
 82    17.779 55102.50698399 29.03 137.040873  50.455447 11.223
 82    17.923 55102.50698463 27.37 137.039433  50.458677 11.223
 82    17.781 55102.50698528 26.34 137.037983  50.461907 11.223
 82    17.813 55102.50698592 25.96 137.036543  50.465147 11.223
 82    17.754 55102.50698657 25.81 137.035093  50.468377 11.223
 82    17.744 55102.50698721 27.11 137.033653  50.471607 11.223
 82    17.710 55102.50698786 27.85 137.032213  50.474837 11.223
 82    17.707 55102.50698850 29.36 137.030763  50.478077 11.223
 82    17.673 55102.50698915 32.02 137.029313  50.481307 11.223
 82    17.670 55102.50698979 33.12 137.027873  50.484537 11.223
 82    17.754 55102.50699044 33.00 137.026423  50.487777 11.223
 83    14.724 55137.50698442 44.51 137.047577  50.422009 42.448
 83    14.722 55137.50698506 45.82 137.046137  50.425249 42.448
 83    14.689 55137.50698571 47.61 137.044697  50.428479 42.448
 83    14.734 55137.50698635 50.37 137.043247  50.431709 42.448
 83    14.716 55137.50698699 50.51 137.041807  50.434939 42.448
 83    14.652 55137.50698764 50.59 137.040357  50.438179 42.448
 83    14.643 55137.50698828 51.87 137.038917  50.441409 42.448
 83    14.617 55137.50698893 51.10 137.037477  50.444639 42.448
 83    14.578 55137.50698957 48.30 137.036027  50.447879 42.448
 83    14.568 55137.50699022 45.57 137.034587  50.451109 42.448
 83    14.575 55137.50699086 42.99 137.033137  50.454339 42.448
 83    14.523 55137.50699409 50.20 137.025912  50.470504 45.132
 83    14.516 55137.50699473 52.09 137.024472  50.473734 45.132
 84    13.095 55172.50694670 19.39 137.052698  50.426435  7.679
 84    13.178 55172.50694735 19.56 137.051258  50.429675  7.679
 84    13.268 55172.50694799 22.93 137.049818  50.432905  7.679
 84    13.216 55172.50694863 23.24 137.048368  50.436135  7.679
 84    13.091 55172.50694928 23.89 137.046928  50.439375  7.679
 84    13.130 55172.50694992 21.69 137.045488  50.442605  7.679
 84    13.179 55172.50695057 19.79 137.044038  50.445835  7.679
 84    13.195 55172.50695121 20.13 137.042598  50.449065  7.679
 84    13.206 55172.50695186 20.59 137.041158  50.452305  7.679
 84    13.526 55172.50695250 20.14 137.039708  50.455535  7.679
 84    14.340 55172.50695315 21.31 137.038268  50.458765  7.679
 84    14.606 55172.50695379 21.57 137.036824  50.462003  6.279
 84    14.904 55172.50695444 21.03 137.035374  50.465233  6.279
 84    13.753 55172.50695508 21.11 137.033934  50.468463  6.279
 84    14.701 55172.50695573 20.09 137.032494  50.471703  6.279
 84    14.930 55172.50695637 20.18 137.031044  50.474933  6.279
 84    15.060 55172.50695702 20.79 137.029604  50.478163  6.279
 84    14.701 55172.50695766 20.81 137.028154  50.481403  6.279
 84    13.327 55172.50695830 21.82 137.026704  50.484633  6.279
 85    14.315 55207.50697847 11.67 137.047134  50.420186  3.897
 85    14.140 55207.50697912 12.11 137.045694  50.423426  3.897
 85    13.920 55207.50697976 12.23 137.044254  50.426656  3.897
 85    14.000 55207.50698040 12.82 137.042804  50.429886  3.897
 85    13.690 55207.50698105 13.22 137.041364  50.433126  3.897
 85    13.747 55207.50698169 14.99 137.039914  50.436356  3.897
 85    13.719 55207.50698234 16.90 137.038474  50.439586  3.897
 85    13.798 55207.50698298 15.13 137.037034  50.442816  3.897
 85    13.427 55207.50698363 17.21 137.035584  50.446056  3.897
 85    13.530 55207.50698427 15.03 137.034144  50.449286  3.897
 85    15.464 55207.50698492 13.07 137.032694  50.452516  3.897
 86    13.892 55242.50695134  9.54 137.053334  50.426600  4.595
 86    13.976 55242.50695199  9.48 137.051894  50.429830  4.595
 86    13.637 55242.50695263 10.12 137.050454  50.433070  4.595
 86    13.478 55242.50695328 11.17 137.049014  50.436300  4.595
 86    13.363 55242.50695392 10.98 137.047564  50.439530  4.595
 86    13.067 55242.50695456 18.16 137.046124  50.442760  4.595
 86    12.997 55242.50695521 20.70 137.044684  50.446000  4.595
 86    13.011 55242.50695585 18.63 137.043234  50.449230  4.595
 86    13.350 55242.50695650 12.47 137.041794  50.452460  4.595
 86    13.604 55242.50695714 10.98 137.040354  50.455700  4.595
 86    13.585 55242.50695779 11.01 137.038904  50.458930  4.595
 86    14.893 55242.50695843 10.99 137.037464  50.462160  4.595
 86    15.337 55242.50695908 11.07 137.036021  50.465398  3.101
 86    14.209 55242.50695972 12.05 137.034571  50.468628  3.101
 86    14.098 55242.50696037 11.91 137.033131  50.471858  3.101
 86    14.116 55242.50696101 12.29 137.031681  50.475098  3.101
 86    13.858 55242.50696166 12.75 137.030241  50.478328  3.101
 86    13.732 55242.50696230 13.31 137.028791  50.481558  3.101
 86    13.796 55242.50696295 13.92 137.027351  50.484788  3.101
 87    13.985 55277.50697283  8.49 137.049988  50.423645  3.699
 87    14.462 55277.50697347  8.54 137.048548  50.426875  3.699
 87    14.488 55277.50697412  8.73 137.047098  50.430105  3.699
 87    14.434 55277.50697476  8.74 137.045658  50.433345  3.699
 87    12.898 55277.50697541 11.48 137.044218  50.436575  3.699
 87    12.920 55277.50697605 12.95 137.042768  50.439805  3.699
 87    12.924 55277.50697670 13.88 137.041328  50.443035  3.699
 87    13.027 55277.50697734 14.04 137.039888  50.446275  3.699
 87    13.160 55277.50697799 11.26 137.038438  50.449505  3.699
 87    13.260 55277.50697863 10.85 137.036998  50.452735  3.699
 87    12.933 55277.50697927 11.11 137.035553  50.455972  3.846
 87    13.418 55277.50697992 11.20 137.034103  50.459202  3.846
 87    13.789 55277.50698056 10.83 137.032663  50.462432  3.846
 87    14.200 55277.50698121 10.77 137.031223  50.465672  3.846
 87    14.215 55277.50698185 10.84 137.029773  50.468902  3.846
 87    14.019 55277.50698250 10.80 137.028333  50.472132  3.846
 87    13.993 55277.50698314 10.35 137.026883  50.475372  3.846
 87    13.821 55277.50698379 11.04 137.025433  50.478602  3.846
 87    12.477 55277.50698443 15.27 137.023993  50.481832  3.846
 88    15.112 55312.50693668 50.09 137.054321  50.424531 37.361
 88    15.069 55312.50693732 46.53 137.052881  50.427761 37.361
 88    15.016 55312.50693797 43.22 137.051441  50.431001 37.361
 88    14.960 55312.50693861 41.12 137.050001  50.434231 37.361
 88    14.876 55312.50693925 31.61 137.048551  50.437461 37.361
 88    14.861 55312.50693990 32.30 137.047111  50.440701 37.361
 88    14.702 55312.50694054 30.85 137.045671  50.443931 37.361
 88    14.600 55312.50694119 30.40 137.044221  50.447161 37.361
 88    14.611 55312.50694183 29.97 137.042781  50.450391 37.361
 88    14.771 55312.50694248 31.09 137.041341  50.453631 37.361
 88    14.802 55312.50694312 28.94 137.039891  50.456861 37.361
 88    14.892 55312.50694377 28.61 137.038451  50.460101 37.361
 88    14.751 55312.50694441 28.19 137.037007  50.463332 38.903
 88    14.794 55312.50694506 29.60 137.035557  50.466562 38.903
 88    14.562 55312.50694570 30.13 137.034117  50.469792 38.903
 88    14.753 55312.50694635 30.05 137.032667  50.473032 38.903
 88    14.830 55312.50694699 35.19 137.031227  50.476262 38.903
 88    14.741 55312.50694764 45.39 137.029777  50.479492 38.903
 88    14.742 55312.50694828 48.80 137.028337  50.482722 38.903
 88    14.705 55312.50694892 54.78 137.026887  50.485962 38.903
 89    17.382 55347.50694273 19.51 137.051149  50.421939  8.305
 89    17.229 55347.50694338 18.24 137.049709  50.425169  8.305
 89    17.423 55347.50694402 18.56 137.048259  50.428399  8.305
 89    17.554 55347.50694467 19.41 137.046819  50.431639  8.305
 89    17.549 55347.50694531 19.71 137.045379  50.434869  8.305
 89    17.715 55347.50694596 22.70 137.043929  50.438099  8.305
 89    17.519 55347.50694660 23.47 137.042489  50.441329  8.305
 89    17.547 55347.50694724 24.95 137.041049  50.444569  8.305
 89    17.562 55347.50694789 23.73 137.039599  50.447799  8.305
 89    17.603 55347.50694853 25.69 137.038159  50.451029  8.305
 89    17.653 55347.50694918 25.38 137.036713  50.454269 16.412
 89    17.651 55347.50694982 28.54 137.035273  50.457499 16.412
 89    17.698 55347.50695047 27.35 137.033823  50.460729 16.412
 89    17.653 55347.50695111 26.43 137.032383  50.463969 16.412
 89    17.656 55347.50695176 24.08 137.030933  50.467199 16.412
 89    17.592 55347.50695240 22.27 137.029493  50.470429 16.412
 89    17.490 55347.50695305 21.22 137.028043  50.473669 16.412
 89    17.425 55347.50695369 20.92 137.026603  50.476899 16.412
 89    17.450 55347.50695434 22.43 137.025153  50.480129 16.412
 90    15.052 55382.50693381 21.65 137.051186  50.422892 13.001
 90    14.986 55382.50693446 18.79 137.049746  50.426132 13.001
 90    14.781 55382.50693510 20.04 137.048296  50.429362 13.001
 90    14.658 55382.50693575 17.68 137.046856  50.432592 13.001
 90    16.677 55382.50693639 17.87 137.045416  50.435832 13.001
 90    16.818 55382.50693704 15.56 137.043976  50.439062 13.001
 90    16.640 55382.50693768 13.72 137.042526  50.442292 13.001
 90    16.260 55382.50693832 14.19 137.041086  50.445522 13.001
 90    15.953 55382.50693897 19.43 137.039636  50.448762 13.001
 90    16.305 55382.50693961 19.48 137.038196  50.451992 13.001
 90    16.538 55382.50694026 21.62 137.036756  50.455222 13.001
 90    17.265 55382.50694090 21.94 137.035309  50.458460 10.093
 90    17.255 55382.50694155 21.13 137.033859  50.461690 10.093
 90    16.971 55382.50694219 19.66 137.032419  50.464920 10.093
 90    16.995 55382.50694284 17.02 137.030979  50.468160 10.093
 90    16.871 55382.50694348 15.28 137.029529  50.471390 10.093
 90    17.194 55382.50694413 15.17 137.028089  50.474620 10.093
 90    16.092 55382.50694477 19.20 137.026639  50.477860 10.093
 90    15.664 55382.50694542 21.42 137.025189  50.481090 10.093
 91    17.248 55417.50696205 22.87 137.046244  50.422459 19.007
 91    17.273 55417.50696269 24.70 137.044794  50.425689 19.007
 91    17.308 55417.50696334 27.68 137.043354  50.428919 19.007
 91    17.361 55417.50696398 33.57 137.041914  50.432149 19.007
 91    17.277 55417.50696463 38.79 137.040464  50.435389 19.007
 91    17.323 55417.50696527 41.66 137.039024  50.438619 19.007
 91    17.365 55417.50696592 50.52 137.037584  50.441849 19.007
 91    17.312 55417.50696656 49.51 137.036134  50.445089 19.007
 91    17.302 55417.50696721 52.69 137.034694  50.448319 19.007
 91    17.160 55417.50696785 52.52 137.033244  50.451549 19.007
 92    18.571 55452.50694401 31.08 137.052963  50.425115 10.181
 92    18.566 55452.50694466 30.42 137.051523  50.428345 10.181
 92    18.546 55452.50694530 29.73 137.050083  50.431585 10.181
 92    18.534 55452.50694595 30.85 137.048643  50.434815 10.181
 92    18.517 55452.50694659 30.60 137.047193  50.438045 10.181
 92    18.434 55452.50694724 31.42 137.045753  50.441285 10.181
 92    18.441 55452.50694788 29.21 137.044313  50.444515 10.181
 92    18.272 55452.50694853 30.64 137.042863  50.447745 10.181
 92    18.317 55452.50694917 29.71 137.041423  50.450985 10.181
 92    18.310 55452.50694982 28.34 137.039973  50.454215 10.181
 92    18.364 55452.50695046 26.95 137.038533  50.457445 10.181
 92    18.286 55452.50695111 26.35 137.037093  50.460685 10.181
 92    18.296 55452.50695175 25.36 137.035644  50.463915 16.795
 92    18.350 55452.50695240 25.21 137.034204  50.467145 16.795
 92    18.068 55452.50695304 29.96 137.032754  50.470375 16.795
 92    18.077 55452.50695368 28.05 137.031314  50.473615 16.795
 92    18.147 55452.50695433 28.45 137.029864  50.476845 16.795
 92    18.181 55452.50695497 30.45 137.028424  50.480075 16.795
 92    18.064 55452.50695562 31.74 137.026974  50.483305 16.795
 93    14.687 55487.50686702 28.97 137.054966  50.431167 14.405
 93    14.610 55487.50686767 22.88 137.053526  50.434397 14.405
 93    14.463 55487.50686831 19.03 137.052086  50.437637 14.405
 93    13.895 55487.50686896 18.07 137.050646  50.440867 14.405
 93    14.010 55487.50686960 16.76 137.049196  50.444097 14.405
 93    15.098 55487.50687024 16.00 137.047756  50.447327 14.405
 93    15.444 55487.50687089 16.29 137.046316  50.450567 14.405
 93    15.668 55487.50687153 17.03 137.044866  50.453797 14.405
 93    16.060 55487.50687218 17.24 137.043426  50.457027 14.405
 93    16.956 55487.50687282 17.47 137.041986  50.460267 14.405
 93    16.649 55487.50687347 17.66 137.040536  50.463497 14.405
 93    16.516 55487.50687411 17.74 137.039096  50.466727 14.405
 93    16.477 55487.50687476 18.02 137.037651  50.469966  8.125
 93    16.121 55487.50687540 18.74 137.036201  50.473196  8.125
 93    15.989 55487.50687605 19.83 137.034761  50.476426  8.125
 93    15.941 55487.50687669 19.63 137.033311  50.479666  8.125
 93    15.447 55487.50687734 21.58 137.031871  50.482896  8.125
 93    13.956 55487.50687798 25.31 137.030431  50.486126  8.125
 93    13.882 55487.50687863 25.71 137.028981  50.489356  8.125
 93    14.001 55487.50687927 25.04 137.027531  50.492596  8.125
