-224516.915   123.660     0.00   21.10
-224139.030   117.066   -17.45   19.33
-223761.190   111.791   -13.96   15.31
-223383.394   120.998    24.37   22.44
-223005.643   139.761    49.68   24.22
-222627.936   156.778    45.06   24.42
-222250.274   167.966    29.63   17.78
-221872.656   170.461     6.61   14.70
-221495.083   166.804    -9.69   15.02
-221117.554   161.067   -15.20   11.56
-220740.069   160.217    -2.25    9.70
-220362.629   162.039     4.83    8.90
-219985.233   165.011     7.88    7.54
-219607.882   166.657     4.36    6.77
-219230.574   170.099     9.13    7.06
-218853.312   175.701    14.85    7.69
-218476.093   182.869    19.01    8.83
-218098.919   190.821    21.09   11.08
-217721.789   198.123    19.37   11.44
-217344.703   200.749     6.97   11.99
-216967.661   198.061    -7.13   15.13
-216590.664   192.185   -15.59   18.03
-216213.711   180.282   -31.58   19.79
-215836.802   166.678   -36.10   19.04
-215459.937   153.804   -34.17   17.63
-215083.117   142.991   -28.70   11.64
-214706.340   135.878   -18.88    9.05
-214329.608   132.558    -8.81    6.40
-213952.920   134.814     5.99    8.75
-213576.275   142.345    20.00   11.87
-213199.675   149.509    19.03   10.90
-212823.119   154.394    12.98    6.94
-212446.607   156.903     6.66    6.24
-212070.139   159.362     6.53    6.66
-211693.715   160.222     2.28    5.69
-211317.335   159.575    -1.72    6.18
-210940.999   154.044   -14.70   10.59
-210564.706   148.411   -14.98   11.17
-210188.458   145.494    -7.75   10.62
-209812.254   143.878    -4.30    9.82
-209436.093   142.363    -4.03    9.92
-209059.977   142.683     0.85   10.60
-208683.904   145.236     6.79   10.94
-208307.875   150.605    14.28    8.86
-207931.890   152.056     3.86    5.21
-207555.949   148.072   -10.60    9.12
-207180.051   140.694   -19.63   12.61
-206804.197   131.837   -23.57   12.25
-206428.387   127.894   -10.49    8.35
-206052.621   129.494     4.26    8.88
-205676.899   135.191    15.16    9.71
-205301.220   141.280    16.21    7.39
-204925.585   144.550     8.71    5.53
-204549.993   146.315     4.70    4.16
-204174.446   146.954     1.70    4.64
-203798.942   147.299     0.92    5.17
-203423.481   146.837    -1.23    4.91
-203048.064   146.132    -1.88    4.21
-202672.691   142.887    -8.65    5.72
-202297.361   140.157    -7.27    5.88
-201922.075   136.760    -9.06    7.21
-201546.832   132.739   -10.72    7.19
-201171.633   132.394    -0.92    7.30
-200796.478   135.072     7.14    7.36
-200421.366   138.294     8.59    6.37
-200046.297   140.678     6.36    3.90
-199671.272   139.903    -2.07    5.25
-199296.290   138.861    -2.78    5.99
-198921.352   136.733    -5.68    6.54
-198546.457   134.878    -4.95    5.73
-198171.605   131.131   -10.00    6.89
-197796.797   124.523   -17.63   10.68
-197422.032   119.123   -14.41   10.15
-197047.311   116.188    -7.83    8.86
-196672.633   116.044    -0.38    8.98
-196297.998   119.378     8.90    9.13
-195923.406   123.491    10.98    7.43
-195548.858   126.837     8.93    5.66
-195174.353   128.694     4.96    5.67
-194799.891   129.561     2.31    8.70
-194425.473   130.788     3.28    9.54
-194051.098   130.601    -0.50    9.80
-193676.765   129.807    -2.12   10.15
-193302.477   128.801    -2.69   11.45
-192928.231   126.093    -7.24   13.80
-192554.028   121.394   -12.56   15.81
-192179.869   116.123   -14.09   16.62
-191805.752   107.588   -22.82   14.86
-191431.679   101.328   -16.74   12.58
-191057.649    96.427   -13.10    8.48
-190683.662    96.428     0.00    8.52
-190309.717    96.788     0.96    7.68
-189935.816    95.693    -2.93    6.12
-189561.958    95.346    -0.93    6.38
-189188.143    95.005    -0.91    6.81
-188814.371    95.442     1.17    7.11
-188440.642    96.788     3.60    7.49
-188066.956    98.878     5.59    8.00
-187693.312   101.475     6.95    8.05
-187319.712   102.828     3.62    8.24
-186946.155   103.530     1.88    7.76
-186572.640   105.515     5.32    8.10
-186199.168   108.837     8.90    8.20
-185825.740   112.463     9.71    7.90
-185452.354   116.870    11.80    7.24
-185079.010   119.310     6.54    7.04
-184705.710   121.172     4.99    7.06
-184332.452   123.624     6.57    6.15
-183959.238   124.494     2.33    5.23
-183586.065   123.798    -1.87    6.09
-183212.936   121.394    -6.44    7.95
-182839.849   116.894   -12.06   10.06
-182466.806   108.636   -22.14   14.54
-182093.804    97.526   -29.79   16.10
-181720.846    89.084   -22.64   13.31
-181347.930    84.952   -11.08    7.59
-180975.057    86.089     3.05    6.32
-180602.226    90.104    10.77    7.12
-180229.438    94.478    11.73    5.90
-179856.692    97.544     8.23    5.47
-179483.990    99.575     5.45    5.18
-179111.329   100.394     2.20    4.83
-178738.712   101.444     2.82    4.81
-178366.136   101.954     1.37    5.37
-177993.604   101.153    -2.15    5.52
-177621.113    97.808    -8.98    7.44
-177248.666    91.296   -17.49   10.28
-176876.260    86.144   -13.84    9.18
-176503.897    86.362     0.58   10.48
-176131.577    90.361    10.74   12.31
-175759.299    96.044    15.27   10.32
-175387.063    99.837    10.19    6.41
-175014.870    99.722    -0.31    6.42
-174642.719    99.106    -1.66    6.73
-174270.611    97.869    -3.33    7.66
-173898.545    99.523     4.45    8.01
-173526.521   102.311     7.49    7.63
-173154.539   102.542     0.62    7.05
-172782.600    99.049    -9.39   10.45
-172410.703    92.846   -16.68   11.96
-172038.849    90.136    -7.29   10.14
-171667.036    89.362    -2.08    9.05
-171295.266    91.479     5.70    8.63
-170923.538    90.157    -3.56    9.51
-170551.852    88.211    -5.24    9.30
-170180.208    84.312   -10.49   10.46
-169808.607    78.968   -14.38   10.54
-169437.047    75.946    -8.13   11.16
-169065.530    74.217    -4.66   12.58
-168694.055    70.445   -10.16   13.85
-168322.622    64.978   -14.72   14.34
-167951.231    59.188   -15.59   12.72
-167579.882    52.853   -17.06    8.38
-167208.575    49.272    -9.65    3.12
-166837.311    48.575    -1.88    4.23
-166466.088    49.140     1.52    5.81
-166094.907    49.902     2.05    6.55
-165723.768    50.344     1.19    6.92
-165352.672    50.767     1.14    6.95
-164981.617    50.575    -0.52    6.64
-164610.604    49.649    -2.50    5.83
-164239.633    48.310    -3.61    4.95
-163868.704    47.411    -2.42    3.56
-163497.817    48.045     1.71    3.91
-163126.971    50.688     7.13    5.24
-162756.168    54.653    10.69    4.91
-162385.406    58.591    10.62    5.30
-162014.686    61.985     9.16    4.82
-161644.009    64.774     7.53    4.55
-161273.372    67.690     7.87    6.40
-160902.778    72.228    12.25    9.16
-160532.225    75.608     9.12    9.64
-160161.715    79.310     9.99    9.75
-159791.246    84.149    13.06   11.05
-159420.818    90.985    18.46   14.16
-159050.432   100.067    24.52   15.85
-158680.089   109.294    24.92   14.51
-158309.786   114.263    13.42   12.15
-157939.526   115.116     2.30   12.35
-157569.307   109.191   -16.01   16.83
-157199.129    93.588   -42.16   25.39
-156828.993    75.287   -49.45   24.28
-156458.899    68.099   -19.42   19.19
-156088.847    62.498   -15.14    9.73
-155718.836    68.985    17.53   11.35
-155348.866    78.067    24.55    8.13
-154975.120    83.778    15.28    8.68
-154596.695    88.094    11.41   10.43
-154218.314    91.739     9.63   14.73
-153839.976    94.144     6.36   17.18
-153461.682    96.293     5.68   17.66
-153083.432   100.722    11.71   16.58
-152705.225   103.430     7.16   15.08
-152327.061   109.344    15.64   15.63
-151948.942   112.478     8.29   13.50
-151570.865   106.411   -16.05   18.60
-151192.832    91.794   -38.67   21.81
-150814.843    80.683   -29.40   16.77
-150436.897    80.249    -1.15   17.60
-150058.994    90.734    27.75   23.81
-149681.135   103.165    32.90   18.33
-149303.320   104.632     3.88   17.14
-148925.547    96.156   -22.44   21.69
-148547.818    79.278   -44.69   18.60
-148170.133    73.011   -16.59   16.32
-147792.491    81.072    21.35   23.33
-147414.892    91.044    26.41   24.41
-147037.336   100.968    26.29   19.18
-146659.824   111.498    27.90   15.14
-146282.355   115.410    10.37   13.36
-145904.929   114.944    -1.23   13.57
-145527.547   113.666    -3.39   14.71
-145150.207   110.252    -9.05   15.88
-144772.911   109.988    -0.70   15.74
-144395.658   107.263    -7.22   16.74
-144018.449   100.481   -17.98   18.94
-143641.282    95.476   -13.27   19.38
-143264.159    92.191    -8.71   18.69
-142887.078    96.327    10.97   21.58
-142510.041   108.330    31.84   21.97
-142133.047   115.244    18.34   22.08
-141756.096   120.733    14.56   20.34
-141379.188   122.816     5.52   17.86
-141002.323   116.099   -17.82   22.57
-140625.501   104.688   -30.29   27.82
-140248.722    90.954   -36.46   24.82
-139871.986    86.828   -10.95   22.50
-139495.293    93.055    16.53   25.89
-139118.644   109.242    42.98   22.79
-138742.037   114.683    14.45   18.52
-138365.473   121.903    19.18   18.94
-137988.951   120.360    -4.10   18.00
-137612.473   106.128   -37.81   25.05
-137236.038    96.998   -24.26   24.55
-136859.645    85.594   -30.30   23.73
-136483.296    72.411   -35.03   29.71
-136106.989    64.494   -21.04   34.25
-135730.725    55.855   -22.96   34.54
-135354.504    48.988   -18.26   34.25
-134978.325    41.211   -20.68   30.25
-134602.190    38.412    -7.44   26.31
-134226.097    36.040    -6.31   24.84
-133850.047    32.170   -10.29   18.27
-133474.039    30.328    -4.90   14.17
-133098.074    30.198    -0.35   12.76
-132722.152    30.828     1.68   13.80
-132346.273    32.015     3.16   16.30
-131970.436    38.359    16.88   26.03
-131594.642    47.198    23.52   36.42
-131218.891    50.698     9.32   37.15
-130843.182    57.523    18.17   41.41
-130467.516    66.801    24.70   43.22
-130091.892    75.598    23.42   43.43
-129716.311    86.611    29.33   41.50
-129340.773    91.312    12.52   37.49
-128965.277   101.165    26.24   31.84
-128589.823   105.954    12.76   27.50
-128214.412   108.608     7.07   24.33
-127839.044   105.787    -7.51   23.29
-127463.717   107.140     3.61   24.67
-127088.434   100.259   -18.34   24.76
-126713.193    84.633   -41.65   30.04
-126337.994    68.050   -44.20   32.54
-125962.838    51.716   -43.54   26.27
-125587.724    38.572   -35.05   12.64
-125212.652    36.498    -5.53    9.78
-124837.623    39.094     6.92   13.57
-124462.636    43.136    10.78   15.06
-124087.691    43.476     0.91   14.24
-123712.789    42.547    -2.48   11.85
-123337.929    42.547     0.00    9.52
-122963.111    41.263    -3.43    8.28
-122588.336    40.835    -1.14    8.37
-122213.603    38.428    -6.42    9.10
-121838.912    34.530   -10.41    7.80
-121464.263    30.739   -10.12    4.15
-121089.656    29.308    -3.82    2.56
-120715.092    28.428    -2.35    1.76
-120340.570    27.930    -1.33    1.54
-119966.090    27.476    -1.21    1.51
-119591.652    27.015    -1.23    1.20
-119217.256    26.628    -1.03    1.09
-118842.902    26.782     0.41    1.28
-118468.590    25.825    -2.55    2.11
-118094.321    24.478    -3.60    2.29
-117720.093    23.430    -2.80    1.97
-117345.908    23.361    -0.19    1.99
-116971.764    24.502     3.05    2.56
-116597.663    25.782     3.42    2.46
-116223.603    26.903     3.00    1.65
-115849.586    27.140     0.63    1.24
-115475.610    27.099    -0.11    1.32
-115101.677    27.181     0.22    1.24
-114727.785    27.140    -0.11    1.24
-114353.935    26.963    -0.47    1.30
-113980.127    26.935    -0.07    1.40
-113606.361    26.921    -0.04    1.30
-113232.637    26.852    -0.18    1.15
-112858.955    26.946     0.25    1.23
-112485.315    26.604    -0.92    1.40
-112111.716    25.994    -1.63    1.60
-111738.159    25.428    -1.52    1.54
-111364.644    24.673    -2.02    1.65
-110991.171    23.961    -1.91    1.49
-110617.739    23.530    -1.15    1.61
-110244.350    23.242    -0.77    1.52
-109871.002    23.493     0.67    1.58
-109497.695    23.739     0.66    1.56
-109124.431    24.394     1.76    1.52
-108751.208    24.722     0.88    1.44
-108378.027    25.144     1.13    1.56
-108004.887    25.462     0.85    1.52
-107631.789    25.556     0.25    1.68
-107258.733    25.228    -0.88    1.85
-106885.718    24.688    -1.45    1.81
-106512.745    24.361    -0.88    1.62
-106139.813    24.222    -0.37    1.66
-105766.923    24.394     0.46    1.52
-105394.075    24.860     1.25    1.67
-105021.268    25.378     1.39    1.50
-104648.502    25.722     0.92    1.25
-104275.778    25.428    -0.79    1.38
-103903.096    24.971    -1.23    1.62
-103530.455    24.556    -1.11    1.64
-103157.855    24.140    -1.12    1.35
-102785.297    23.978    -0.44    1.09
-102412.780    23.887    -0.25    1.19
-102040.305    23.818    -0.18    1.16
-101667.871    23.784    -0.09    1.08
-101295.478    23.376    -1.10    1.31
-100923.127    23.067    -0.83    1.33
-100550.817    22.769    -0.80    1.53
-100178.549    22.312    -1.23    1.74
 -99806.321    21.877    -1.17    1.92
 -99434.135    21.412    -1.25    1.94
 -99061.991    21.178    -0.63    1.92
 -98689.887    20.886    -0.78    1.88
 -98317.825    20.649    -0.64    1.81
 -97945.804    20.446    -0.54    1.79
 -97573.825    20.153    -0.79    1.60
 -97201.886    19.912    -0.65    1.38
 -96829.989    19.598    -0.84    0.91
 -96458.133    19.745     0.40    1.06
 -96086.318    20.050     0.82    1.35
 -95714.544    20.274     0.60    1.48
 -95342.811    20.225    -0.13    1.50
 -94971.120    20.242     0.05    1.53
 -94599.469    19.944    -0.80    1.41
 -94227.860    19.446    -1.34    1.26
 -93856.291    19.044    -1.08    1.15
 -93484.764    18.755    -0.78    1.16
 -93113.278    18.954     0.53    1.70
 -92741.833    19.310     0.96    1.96
 -92370.428    19.948     1.72    2.43
 -91999.065    20.461     1.38    2.54
 -91627.743    21.257     2.14    2.57
 -91256.462    21.886     1.70    2.31
 -90885.221    22.482     1.61    1.82
 -90514.022    22.688     0.55    1.15
 -90142.863    22.666    -0.06    0.96
 -89771.746    22.604    -0.17    1.01
 -89400.669    22.649     0.12    1.01
 -89029.633    22.581    -0.18    0.96
 -88658.638    22.493    -0.24    0.93
 -88287.684    22.444    -0.13    1.03
 -87916.771    22.242    -0.55    1.03
 -87545.898    22.055    -0.50    1.08
 -87175.067    21.821    -0.63    1.15
 -86804.276    21.555    -0.72    1.07
 -86433.526    21.494    -0.16    1.02
 -86062.816    21.469    -0.07    0.87
 -85692.148    21.511     0.11    1.03
 -85321.520    21.739     0.62    1.13
 -84950.932    21.911     0.46    1.24
 -84580.386    22.411     1.35    1.24
 -84209.880    22.598     0.50    1.08
 -83839.415    22.378    -0.59    1.11
 -83468.990    22.228    -0.40    1.09
 -83098.606    21.912    -0.85    1.19
 -82728.263    21.733    -0.48    1.20
 -82357.960    21.490    -0.66    1.29
 -81987.698    21.257    -0.63    1.30
 -81617.477    21.061    -0.53    1.27
 -81247.296    20.904    -0.43    1.20
 -80877.155    21.028     0.34    1.26
 -80507.055    21.555     1.43    1.41
 -80133.986    21.903     0.93    1.46
 -79755.659    21.843    -0.16    2.00
 -79377.374    21.308    -1.41    2.39
 -78999.131    20.711    -1.58    2.32
 -78620.931    20.462    -0.66    2.09
 -78242.773    20.205    -0.68    1.83
 -77864.658    20.377     0.46    1.69
 -77486.585    20.345    -0.08    1.67
 -77108.555    20.259    -0.23    1.90
 -76730.567    20.225    -0.09    2.09
 -76352.621    19.903    -0.85    2.38
 -75974.718    19.666    -0.63    2.54
 -75596.857    19.377    -0.76    2.54
 -75219.038    19.170    -0.55    2.52
 -74841.262    18.870    -0.80    2.24
 -74463.528    18.998     0.34    2.09
 -74085.836    19.015     0.05    1.80
 -73708.186    19.181     0.44    1.53
 -73330.579    19.494     0.83    1.10
 -72953.014    19.801     0.81    1.35
 -72575.491    20.050     0.66    1.48
 -72198.010    20.261     0.56    1.44
 -71820.571    20.287     0.07    1.30
 -71443.175    19.952    -0.89    1.15
 -71065.821    19.818    -0.35    0.99
 -70688.509    19.903     0.22    1.10
 -70311.239    19.825    -0.21    1.17
 -69934.011    19.411    -1.10    1.22
 -69556.825    19.278    -0.35    1.11
 -69179.681    19.180    -0.26    1.06
 -68802.579    19.165    -0.04    1.16
 -68425.519    19.513     0.92    1.18
 -68048.502    19.619     0.28    1.31
 -67671.526    19.496    -0.32    1.37
 -67294.592    19.479    -0.04    1.30
 -66917.700    19.191    -0.76    1.23
 -66540.851    19.022    -0.45    1.14
 -66164.043    18.493    -1.40    1.77
 -65787.277    17.843    -1.73    2.09
 -65410.553    17.411    -1.15    2.29
 -65033.870    16.937    -1.26    2.42
 -64657.230    16.615    -0.86    2.30
 -64280.632    16.101    -1.36    2.22
 -63904.075    15.903    -0.53    2.06
 -63527.560    15.491    -1.09    1.84
 -63151.087    15.287    -0.54    1.68
 -62774.656    15.445     0.42    1.83
 -62398.267    15.323    -0.32    1.76
 -62021.919    15.446     0.33    1.86
 -61645.613    15.683     0.63    2.13
 -61269.349    15.640    -0.11    2.31
 -60893.127    15.688     0.13    2.73
 -60516.946    15.587    -0.27    2.82
 -60140.807    15.853     0.71    2.68
 -59764.710    16.109     0.68    2.61
 -59388.654    16.841     1.95    2.48
 -59012.640    17.825     2.62    2.18
 -58636.668    18.001     0.47    1.91
 -58260.737    18.055     0.14    1.41
 -57884.848    17.878    -0.47    1.24
 -57509.000    17.887     0.02    1.27
 -57133.194    18.089     0.54    1.07
 -56757.430    18.128     0.10    0.97
 -56381.707    18.098    -0.08    1.18
 -56006.025    17.994    -0.28    1.20
 -55630.385    17.921    -0.20    1.15
 -55254.787    17.690    -0.62    1.10
 -54879.230    17.494    -0.52    1.15
 -54503.714    17.166    -0.87    1.24
 -54128.240    16.771    -1.05    1.21
 -53752.808    16.537    -0.62    1.29
 -53377.416    16.493    -0.12    1.27
 -53002.066    16.517     0.07    1.17
 -52626.758    16.526     0.02    1.19
 -52251.491    16.594     0.18    1.12
 -51876.265    16.445    -0.40    1.04
 -51501.081    16.411    -0.09    0.97
 -51125.938    16.327    -0.23    1.01
 -50750.836    16.257    -0.19    0.96
 -50375.775    16.044    -0.57    1.04
 -50000.756    15.181    -2.30    1.84
 -49625.778    14.287    -2.38    2.24
 -49250.841    13.161    -3.00    2.25
 -48875.946    11.988    -3.13    1.44
 -48501.092    12.619     1.68    2.29
 -48126.279    13.705     2.90    2.70
 -47751.507    14.852     3.06    2.72
 -47376.776    15.636     2.09    2.15
 -47002.087    15.886     0.67    1.30
 -46627.438    16.263     1.01    2.67
 -46252.831    22.073    15.51   15.00
 -45878.265    36.252    37.86   31.80
 -45503.740    59.894    63.13   44.60
 -45129.255    74.844    39.92   41.14
 -44754.813    91.101    43.42   30.01
 -44380.411    99.903    23.51   23.07
 -44006.050   108.696    23.49   23.05
 -43631.730   113.636    13.20   20.71
 -43257.451   111.293    -6.26   21.43
 -42883.213    95.598   -41.94   27.29
 -42509.016    84.778   -28.92   26.75
 -42134.860    82.816    -5.24   25.47
 -41760.745    89.249    17.20   27.98
 -41386.671   106.462    46.02   24.75
 -41012.638   116.032    25.59   21.86
 -40638.646   119.461     9.17   20.79
 -40264.695   120.767     3.49   18.84
 -39890.784   119.728    -2.78   18.80
 -39516.914   115.808   -10.48   19.89
 -39143.086   111.673   -11.06   20.79
 -38769.298   105.787   -15.75   23.16
 -38395.550    97.462   -22.28   23.32
 -38021.844    89.307   -21.82   23.73
 -37648.178    79.067   -27.40   26.36
 -37274.554    64.101   -40.06   30.96
 -36900.970    53.666   -27.94   35.22
 -36527.426    40.225   -35.98   31.59
 -36153.924    28.044   -32.62   22.33
 -35780.462    20.017   -21.49   12.23
 -35407.040    16.231   -10.14    7.10
 -35033.660    14.394    -4.92    5.16
 -34660.320    12.791    -4.30    2.25
 -34287.021    12.169    -1.67    1.34
 -33913.762    11.640    -1.42    1.18
 -33540.544    11.601    -0.10    0.99
 -33167.367    11.640     0.10    0.91
 -32794.230    11.513    -0.34    1.27
 -32421.133    10.894    -1.66    1.91
 -32048.078     9.728    -3.13    2.10
 -31675.063     8.511    -3.26    1.58
 -31302.088     7.823    -1.84    0.95
 -30929.154     7.919     0.26    0.96
 -30556.260     7.763    -0.42    1.06
 -30183.407     7.481    -0.76    1.16
 -29810.594     7.445    -0.09    1.72
 -29437.822     7.755     0.83    2.34
 -29065.090     8.808     2.83    2.75
 -28692.399     9.666     2.30    2.78
 -28319.748    10.188     1.40    2.52
 -27947.137    10.601     1.11    2.10
 -27574.567    10.784     0.49    1.96
 -27202.037    10.894     0.30    1.62
 -26829.548    10.778    -0.31    1.70
 -26457.099    10.394    -1.03    1.66
 -26084.690     9.749    -1.73    2.10
 -25712.321     8.784    -2.59    2.59
 -25339.993     7.946    -2.25    2.93
 -24967.705     6.937    -2.71    3.08
 -24595.458     6.039    -2.41    2.86
 -24223.250     5.377    -1.78    2.51
 -23851.083     4.670    -1.90    1.28
 -23478.956     5.362     1.86    3.02
 -23106.869     6.234     2.34    4.24
 -22734.823     7.344     2.98    5.43
 -22362.816     8.376     2.78    6.05
 -21990.850     8.496     0.32    5.87
 -21618.924     7.860    -1.71    5.54
 -21247.038     7.029    -2.23    5.00
 -20875.192     6.550    -1.29    3.96
 -20503.386     6.429    -0.32    2.93
 -20131.620     7.591     3.13    2.80
 -19759.895     8.920     3.57    2.62
 -19388.209     9.963     2.81    2.56
 -19016.564    10.912     2.55    2.20
 -18644.958    11.144     0.63    1.93
 -18273.393    11.234     0.24    1.53
 -17901.867    10.869    -0.98    1.43
 -17530.382    10.358    -1.38    1.33
 -17158.936    10.114    -0.66    1.24
 -16787.531    10.039    -0.20    1.26
 -16416.165    10.077     0.10    1.16
 -16044.839    10.050    -0.07    1.28
 -15673.554    10.257     0.56    1.36
 -15302.308    10.083    -0.47    1.40
 -14931.102    10.239     0.42    1.52
 -14559.936    10.114    -0.34    1.49
 -14188.809    10.013    -0.27    1.47
 -13817.723     9.844    -0.45    1.49
 -13446.676     9.627    -0.59    1.57
 -13075.670     9.214    -1.11    1.60
 -12704.703     9.067    -0.40    1.82
 -12333.775     8.966    -0.27    2.06
 -11962.888     9.239     0.74    2.13
 -11592.040     9.853     1.66    2.43
 -11221.232    10.973     3.02    2.20
 -10850.464    11.412     1.18    2.12
 -10479.736    11.411    -0.00    2.36
 -10109.047    11.816     1.09    2.89
  -9738.398    12.377     1.52    3.20
  -9367.788    12.868     1.32    3.09
  -8997.219    13.971     2.98    3.18
  -8626.688    15.576     4.33    4.81
  -8256.198    20.935    14.47    9.14
  -7885.747    28.269    19.80   10.15
  -7515.336    35.050    18.30    7.73
  -7144.964    38.805    10.14    3.29
  -6774.632    37.794    -2.73    4.47
  -6404.339    35.162    -7.11    6.12
  -6034.086    30.835   -11.69    7.16
  -5663.873    26.072   -12.86    7.58
  -5291.408    22.584    -9.37    6.94
  -4913.167    19.327    -8.61    4.74
  -4534.966    18.484    -2.23    4.04
  -4156.807    17.429    -2.79    5.58
  -3778.690    16.535    -2.36    7.34
  -3400.614    15.542    -2.63    8.17
  -3022.579    13.584    -5.18    8.53
  -2644.585    12.981    -1.60    9.13
  -2266.633    11.125    -4.91    9.72
  -1888.722     9.791    -3.53    9.41
  -1510.853     8.191    -4.23    9.05
  -1133.024     7.283    -2.40    8.70
   -755.237     6.598    -1.81    8.42
   -377.491     5.956    -1.70    8.09
      0.214     5.244    -1.88    7.09
    377.877     4.293    -2.52    6.22
    755.500     4.269    -0.06    5.92
   1133.081     3.878    -1.04    5.35
   1510.621     3.805    -0.19    5.01
   1888.120     3.823     0.05    4.92
   2265.578     4.360     1.42    5.35
   2642.995     5.194     2.21    5.89
   3020.370     5.981     2.08    6.30
   3397.705     6.615     1.68    6.41
   3774.999     7.509     2.37    6.47
   4152.251     7.662     0.41    6.32
   4529.463     8.530     2.30    6.57
   4906.633     9.849     3.50    6.87
   5283.763    10.808     2.54    6.89
   5660.851    11.693     2.35    6.56
   6037.899    12.700     2.67    6.78
   6414.905    13.136     1.16    6.03
   6791.871    13.447     0.83    5.21
   7168.796    13.427    -0.05    4.51
   7545.679    13.728     0.80    3.39
   7922.522    16.307     6.84    4.15
   8299.324    19.683     8.96    4.75
   8676.086    22.055     6.30    4.26
   9052.806    24.343     6.07    2.32
   9429.486    23.903    -1.17    2.92
   9806.124    22.078    -4.85    3.96
  10182.722    21.216    -2.29    4.26
  10559.279    21.089    -0.34    4.85
  10935.796    22.079     2.63    5.85
  11312.271    23.552     3.91    5.62
  11688.706    24.225     1.79    5.61
  12065.100    25.327     2.93    4.61
  12441.454    27.044     4.56    3.81
  12817.766    28.239     3.18    3.14
  13194.039    29.985     4.64    3.01
  13570.270    31.576     4.23    2.09
  13946.461    32.428     2.26    1.41
  14322.611    32.675     0.66    1.40
  14698.720    32.498    -0.47    1.76
  15074.789    31.412    -2.89    2.50
  15450.817    29.552    -4.95    3.42
  15826.805    28.310    -3.30    3.24
  16202.752    27.716    -1.58    2.80
  16578.659    26.608    -2.95    4.16
  16954.525    25.946    -1.76    5.45
  17330.350    23.184    -7.35    6.35
  17706.135    20.022    -8.42    5.64
  18081.880    17.462    -6.81    3.67
  18457.584    15.481    -5.27    2.79
  18833.248    14.412    -2.85    2.31
  19208.871    13.496    -2.44    1.46
  19584.453    13.305    -0.51    1.24
  19959.996    14.123     2.18    1.78
  20335.498    15.149     2.73    2.17
  20710.959    16.307     3.08    2.06
  21086.380    17.225     2.45    1.49
  21461.761    17.666     1.17    1.45
  21837.102    18.482     2.18    2.18
  22212.402    20.757     6.06    3.85
  22587.661    24.640    10.35    5.48
  22962.881    28.894    11.34    6.12
  23338.060    36.496    20.26   10.31
  23713.199    47.412    29.10   17.08
  24088.298    61.587    37.79   21.09
  24463.356    79.254    47.10   20.81
  24838.374    88.136    23.68   16.07
  25213.353    95.394    19.36   14.03
  25588.290   100.324    13.15   12.14
  25963.188    97.460    -7.64   14.30
  26338.045    91.894   -14.85   18.42
  26712.863    88.394    -9.34   16.74
  27087.640    90.289     5.06   17.93
  27462.377    96.394    16.29   16.54
  27837.074   100.446    10.81   12.87
  28211.731    97.801    -7.06   16.32
  28586.348    90.205   -20.28   17.60
  28960.924    84.166   -16.12   14.43
  29335.461    85.581     3.78   15.32
  29709.957    91.024    14.53   15.51
  30084.414    97.787    18.06   16.13
  30458.831   102.963    13.82   15.30
  30833.207   108.544    14.91   19.14
  31207.544   119.601    29.54   20.55
  31581.840   127.259    20.46   20.50
  31956.097   135.211    21.25   17.38
  32330.314   137.254     5.46   15.56
  32704.491   132.578   -12.50   16.41
  33078.628   121.691   -29.10   17.42
  33452.725   111.816   -26.40   15.50
  33826.782   104.289   -20.12   12.98
  34200.799    99.657   -12.39    8.22
  34574.776    97.377    -6.10    2.88
  34948.714    98.360     2.63    2.93
  35322.612   100.578     5.93    3.87
  35696.470   102.552     5.28    4.47
  36070.288   104.894     6.27    5.48
  36444.066   107.249     6.30    6.64
  36817.805   109.937     7.19    8.20
  37191.504   112.013     5.55    9.29
  37565.163   113.886     5.01    9.33
  37938.782   117.166     8.78   10.02
  38312.362   119.447     6.10   10.31
  38685.902   124.750    14.20   12.45
  39059.402   129.291    12.16   13.02
  39432.863   134.079    12.82   12.66
  39806.284   139.609    14.81   11.29
  40179.665   141.078     3.93    8.09
  40553.007   143.037     5.25   10.02
  40926.309   149.211    16.54   12.95
  41299.572   159.131    26.58   13.01
  41672.795   168.658    25.52   13.65
  42045.978   176.072    19.87   15.48
  42419.122   181.981    15.83   15.62
  42792.226   188.343    17.05   15.50
  43165.291   194.750    17.17   14.21
  43538.317   193.511    -3.32   14.79
  43911.302   187.394   -16.40   19.72
  44284.249   176.716   -28.63   25.78
  44657.156   168.876   -21.02   25.18
  45030.023   161.627   -19.44   24.29
  45402.851   157.325   -11.54   24.31
  45775.639   151.017   -16.92   24.10
  46148.389   141.131   -26.52   18.31
  46521.098   142.308     3.16   16.85
  46893.769   150.578    22.19   23.62
  47266.400   167.091    44.31   30.24
  47638.991   185.615    49.71   23.84
  48011.544   195.158    25.61   15.99
  48384.056   188.780   -17.12   17.65
  48756.530   178.769   -26.88   14.03
  49128.965   174.261   -12.10   12.34
  49501.360   169.658   -12.36   15.04
  49873.715   163.170   -17.42   19.38
  50246.032   154.688   -22.78   19.53
  50618.309   144.833   -26.47   13.49
  50990.547   137.257   -20.35    3.50
  51362.746   135.798    -3.92    1.97
  51734.906   137.131     3.58    4.36
  52107.026   141.359    11.36    9.29
  52479.108   145.722    11.73   12.13
  52851.150   147.162     3.87   12.23
  53223.153   145.757    -3.78   11.36
  53595.117   142.558    -8.60   10.16
  53967.041   139.237    -8.93    7.15
  54338.927   136.833    -6.46    2.31
  54710.774   136.767    -0.18    1.59
  55082.581   137.289     1.40    1.35
  55454.350   138.073     2.11    1.54
  55826.079   140.444     6.38    3.89
  56197.769   143.109     7.17    5.73
  56569.421   148.015    13.20    8.78
  56941.033   153.913    15.87   10.39
  57312.606   159.700    15.57   12.41
  57684.141   165.922    16.75   13.08
  58055.636   171.311    14.51   13.51
  58427.093   178.149    18.41   13.19
  58798.510   185.044    18.56   13.72
  59169.889   194.067    24.30   10.83
  59541.228   201.257    19.36    9.26
  59912.529   208.517    19.55    8.55
  60283.791   212.636    11.09    8.12
  60655.014   214.550     5.16    9.86
  61026.198   213.640    -2.45   12.96
  61397.344   215.811     5.85   12.86
  61768.450   219.631    10.29   12.40
  62139.518   218.653    -2.63   12.60
  62510.547   215.340    -8.93   15.78
  62881.537   209.494   -15.76   19.61
  63252.488   202.930   -17.69   19.45
  63623.401   197.478   -14.70   17.53
  63994.275   190.636   -18.45   17.73
  64365.110   183.843   -18.32   20.47
  64735.907   172.835   -29.68   18.95
  65106.664   165.954   -18.56   13.76
  65477.383   167.716     4.75   16.55
  65848.064   174.752    18.98   17.71
  66218.705   178.039     8.87   13.81
  66589.309   173.644   -11.86   15.75
  66959.873   161.852   -31.82   17.50
  67330.399   149.709   -32.77   11.35
  67700.886   139.252   -28.22   12.40
  68071.335   130.605   -23.34   10.24
  68441.745   124.670   -16.02    8.32
  68812.116   120.073   -12.41    2.19
  69182.449   123.084     8.13    7.95
  69554.415   129.394    16.96   12.16
  69932.571   139.162    25.83   15.13
  70310.687   150.994    31.29   13.56
  70688.763   161.524    27.85    9.45
  71066.798   169.877    22.09   11.48
  71444.793   176.550    17.65   12.13
  71822.748   181.547    13.22   12.66
  72200.663   190.101    22.63   13.09
  72578.537   194.310    11.14   12.36
  72956.371   193.861    -1.19   13.78
  73334.165   187.430   -17.02   18.18
  73711.919   177.886   -25.26   16.21
  74089.633   169.787   -21.44   16.27
  74467.306   158.482   -29.93   17.15
  74844.940   147.274   -29.68   16.41
  75222.533   139.496   -20.60   14.00
  75600.086   133.859   -14.93   10.51
  75977.599   132.940    -2.43   10.82
  76355.072   136.293     8.88   13.56
  76732.505   138.184     5.01   14.17
  77109.898   136.894    -3.42   12.44
  77487.250   136.276    -1.64   13.82
  77864.563   145.705    24.99   27.95
  78241.836   154.446    23.17   33.07
  78619.069   160.667    16.49   33.13
  78996.261   164.205     9.38   30.88
  79373.414   164.485     0.74   29.88
  79750.527   175.828    30.07   35.90
  80127.600   184.734    23.62   34.82
  80504.633   192.447    20.46   31.96
  80881.626   209.208    44.46   35.54
  81258.579   230.412    56.25   38.59
  81635.492   256.937    70.37   27.58
  82012.366   271.357    38.26   13.20
  82389.199   273.037     4.46   11.20
  82765.993   271.026    -5.34   13.43
  83142.747   270.411    -1.63   16.56
  83519.461   267.184    -8.57   17.34
  83896.136   261.757   -14.41   20.65
  84272.770   246.123   -41.50   27.56
  84649.365   229.073   -45.27   22.69
  85025.920   216.462   -33.49   17.72
  85402.435   206.722   -25.87   18.33
  85778.911   199.921   -18.06   23.06
  86155.346   193.774   -16.33   23.14
  86531.743   197.581    10.11   25.22
  86908.099   201.131     9.43   26.42
  87284.416   209.984    23.52   32.48
  87660.693   226.479    43.83   35.79
  88036.930   237.002    27.96   32.94
  88413.128   243.801    18.07   26.59
  88789.286   248.343    12.07   23.44
  89165.405   254.114    15.34   22.55
  89541.484   266.877    33.94   21.27
  89917.524   273.276    17.01   16.29
  90293.524   277.734    11.86   12.18
  90669.484   279.654     5.11   14.06
  91045.405   279.157    -1.32   14.49
  91421.286   280.675     4.04   14.39
  91797.128   284.360     9.80   11.59
  92172.931   285.157     2.12    8.08
  92548.693   285.860     1.87    6.95
  92924.417   282.360    -9.31    8.11
  93300.101   277.269   -13.55    7.63
  93675.745   276.519    -2.00    7.98
  94051.351   277.006     1.29    8.45
  94426.916   276.564    -1.18    9.24
  94802.443   270.948   -14.95   13.80
  95177.930   265.205   -15.29   13.11
  95553.378   265.774     1.52   12.34
  95928.786   268.067     6.11   11.67
  96304.155   268.818     2.00   11.31
  96679.484   262.649   -16.44   14.65
  97054.775   248.929   -36.55   20.49
  97430.026   238.117   -28.81   19.75
  97805.238   231.228   -18.36   16.19
  98180.410   215.627   -41.58   18.54
  98555.544   205.825   -26.12   20.24
  98930.638   196.739   -24.22   16.51
  99305.693   191.805   -13.15    8.00
  99680.708   197.211    14.41   13.74
 100055.685   203.776    17.51   18.11
 100430.622   209.170    14.39   19.50
 100805.520   215.940    18.06   20.94
 101180.379   221.445    14.69   19.02
 101555.199   229.680    21.97   19.40
 101929.980   242.683    34.69   19.48
 102304.721   255.860    35.16   14.83
 102679.424   264.984    24.35   14.21
 103054.087   264.072    -2.43   19.38
 103428.712   260.753    -8.86   21.38
 103803.297   261.619     2.31   18.62
 104177.843   264.285     7.12   17.83
 104552.351   276.547    32.74   19.53
 104926.819   285.716    24.48   15.72
 105301.248   287.123     3.76   14.14
 105675.638   278.325   -23.50   18.75
 106049.990   266.162   -32.49   18.20
 106424.302   256.728   -25.20   13.31
 106798.575   254.394    -6.23   11.17
 107172.810   258.342    10.55   12.24
 107547.006   264.080    15.33   12.71
 107921.162   271.222    19.09   12.65
 108295.280   276.180    13.25   10.27
 108669.359   279.157     7.96    8.12
 109043.399   281.307     5.75    7.34
 109417.400   282.323     2.72    7.70
 109791.363   282.310    -0.04    8.07
 110165.286   281.448    -2.30    9.09
 110539.171   279.605    -4.93   11.54
 110913.017   278.561    -2.79   12.77
 111286.824   277.429    -3.03   11.16
 111660.593   276.466    -2.58    9.59
 112034.322   276.788     0.86    9.37
 112408.013   277.886     2.94   10.71
 112781.666   282.716    12.93   11.34
 113155.279   285.811     8.28    8.00
 113528.854   285.552    -0.69    8.11
 113902.390   280.791   -12.75   10.72
 114275.888   274.450   -16.98   10.62
 114649.347   270.675   -10.11    9.40
 115022.767   272.504     4.90   10.60
 115396.149   277.861    14.35   13.04
 115769.491   288.859    29.45   11.56
 116142.796   294.394    14.83    9.98
 116516.062   295.462     2.86    9.64
 116889.289   292.109    -8.98   12.55
 117262.478   281.632   -28.07   16.95
 117635.628   272.594   -24.22   15.30
 118008.739   268.535   -10.88   11.67
 118381.812   269.010     1.27   11.55
 118754.847   273.327    11.57   12.71
 119127.843   277.252    10.52   12.49
 119500.801   277.308     0.15   11.38
 119873.720   276.257    -2.82   10.08
 120246.601   274.705    -4.16    7.92
 120619.443   275.257     1.48    7.68
 120992.247   277.359     5.64    8.81
 121365.012   280.573     8.62    8.47
 121737.739   284.413    10.30    8.56
 122110.428   289.513    13.68   10.44
 122483.078   295.537    16.16    9.53
 122855.690   298.462     7.85    7.81
 123228.264   297.532    -2.50    8.99
 123600.799   294.816    -7.29    8.92
 123973.296   292.912    -5.11    7.99
 124345.755   293.257     0.93    8.25
 124718.175   293.096    -0.43    8.25
 125090.557   288.109   -13.39    9.03
 125462.901   284.481    -9.74    6.96
 125835.207   283.794    -1.84    7.90
 126207.474   284.089     0.79    8.51
 126579.703   285.450     3.65    8.32
 126951.894   282.991    -6.61    8.99
 127324.047   279.166   -10.28    8.92
 127696.162   275.868    -8.86    8.58
 128068.238   272.324    -9.52    7.65
 128440.276   270.044    -6.13    5.59
 128812.276   271.061     2.73    5.95
 129184.238   272.787     4.64    6.72
 129556.162   274.078     3.47    6.70
 129928.048   273.631    -1.20    6.98
 130299.896   271.841    -4.81    5.43
 130671.705   272.672     2.24    6.00
 131043.477   276.341     9.87    6.92
 131415.210   281.644    14.27    6.15
 131786.906   284.089     6.58    5.29
 132158.563   284.061    -0.08    6.62
 132530.183   280.519    -9.53    9.24
 132901.764   274.963   -14.95   11.43
 133273.308   270.216   -12.78   11.05
 133644.813   264.022   -16.67   11.44
 134016.281   254.776   -24.89   13.32
 134387.711   247.465   -19.68   12.28
 134759.102   242.172   -14.25    8.58
 135130.456   242.039    -0.36    9.54
 135501.772   244.948     7.83   13.47
 135873.050   247.327     6.41   14.41
 136244.290   249.153     4.92   13.33
 136615.492   246.675    -6.67   11.70
 136986.657   242.446   -11.39   10.46
 137357.784   238.763    -9.92    7.06
 137728.872   237.201    -4.21    4.38
 138099.923   237.555     0.95    4.05
 138470.936   238.601     2.82    3.68
 138841.912   238.813     0.57    4.50
 139212.849   238.344    -1.26    5.94
 139583.749   238.130    -0.58    6.59
 139954.611   236.198    -5.21    5.98
 140325.436   235.502    -1.88    4.81
 140696.223   236.640     3.07    4.90
 141066.972   239.127     6.71    5.58
 141437.683   240.894     4.77    6.08
 141808.356   238.956    -5.23    7.47
 142178.992   233.841   -13.80    9.02
 142549.591   227.022   -18.40    9.60
 142920.151   221.903   -13.81    9.27
 143290.674   217.912   -10.77    7.98
 143661.160   214.876    -8.19    7.45
 144031.608   211.343    -9.54    7.40
 144403.165   209.568    -4.78    6.95
 144781.234   213.344     9.99    9.48
 145159.264   220.591    19.17   12.69
 145537.254   227.008    16.98   10.93
 145915.206   230.963    10.46    7.05
 146293.118   229.448    -4.01    7.27
 146670.991   223.615   -15.43    8.56
 147048.825   217.356   -16.56    7.60
 147426.619   212.091   -13.93    6.62
 147804.375   209.324    -7.32    5.35
 148182.091   207.894    -3.78    5.82
 148559.768   207.745    -0.39    6.38
 148937.406   210.216     6.54    8.77
 149315.005   216.394    16.36   11.85
 149692.565   223.231    18.10   11.31
 150070.085   228.661    14.38    9.39
 150447.567   231.763     8.22    7.14
 150825.009   232.114     0.93    7.54
 151202.413   231.157    -2.53    8.39
 151579.777   230.644    -1.36    7.48
 151957.103   229.325    -3.50    8.01
 152334.389   227.728    -4.23    8.80
 152711.637   224.894    -7.51   10.55
 153088.845   223.662    -3.27   11.55
 153466.015   221.550    -5.60   12.08
 153843.145   218.061    -9.25   11.97
 154220.237   212.535   -14.65   11.60
 154597.289   205.886   -17.63   10.68
 154974.303   201.573   -11.44    9.07
 155351.278   199.293    -6.05    9.41
 155728.214   197.794    -3.97    9.97
 156105.111   195.680    -5.61    9.59
 156481.969   193.535    -5.69    7.84
 156858.789   191.550    -5.27    6.04
 157235.569   190.091    -3.87    4.16
 157612.311   189.024    -2.83    2.38
 157989.014   188.482    -1.44    2.08
 158365.678   188.710     0.61    3.05
 158742.304   188.705    -0.01    2.98
 159118.890   189.627     2.45    3.51
 159495.438   190.144     1.38    3.33
 159871.947   191.954     4.80    3.48
 160248.418   192.716     2.02    3.77
 160624.850   193.591     2.32    5.11
 161001.243   193.487    -0.28    5.89
 161377.597   192.787    -1.86    5.05
 161753.913   193.061     0.73    4.08
 162130.190   194.498     3.82    4.44
 162506.428   198.114     9.61    5.09
 162882.628   201.644     9.38    4.26
 163258.789   204.445     7.44    3.27
 163634.912   205.162     1.91    3.53
 164010.996   202.513    -7.04    6.12
 164387.041   197.813   -12.50    7.45
 164763.048   195.269    -6.76    5.94
 165139.017   196.465     3.18    7.52
 165514.946   200.938    11.90    8.11
 165890.838   206.573    14.99    6.24
 166266.690   210.194     9.63    5.31
 166642.505   210.570     1.00    5.14
 167018.281   208.758    -4.82    5.08
 167394.018   203.894   -12.94    6.83
 167769.717   201.096    -7.45    5.36
 168145.378   201.254     0.42    5.74
 168521.000   203.361     5.61    6.57
 168896.583   206.085     7.25    7.05
 169272.129   207.274     3.16    7.60
 169647.635   205.265    -5.35    9.60
 170023.104   202.640    -6.99    7.38
 170398.534   202.794     0.41    5.64
 170773.926   205.208     6.43    6.43
 171149.280   209.307    10.92    6.54
 171524.595   211.948     7.04    6.08
 171899.872   211.343    -1.61    8.44
 172275.110   208.930    -6.43    9.59
 172650.311   205.869    -8.16   10.39
 173025.473   205.164    -1.88   12.80
 173400.597   209.787    12.32   19.56
 173775.682   219.484    25.85   24.21
 174150.730   227.938    22.54   23.63
 174525.739   233.710    15.39   20.86
 174900.710   235.026     3.51   21.77
 175275.643   226.535   -22.64   20.76
 175650.537   225.037    -3.99   23.42
 176025.394   221.532    -9.35   23.79
 176400.212   218.691    -7.58   27.98
 176774.992   207.481   -29.91   30.30
 177149.735   192.166   -40.86   25.02
 177524.439   187.868   -11.47   18.89
 177899.105   197.745    26.36   25.39
 178273.732   212.002    38.05   26.05
 178648.322   224.752    34.03   19.07
 179022.874   232.432    20.50   14.40
 179397.388   227.276   -13.77   19.80
 179771.863   215.867   -30.46   26.09
 180146.301   205.050   -28.88   25.51
 180520.701   197.184   -21.01   20.53
 180895.063   193.430   -10.03   17.22
 181269.386   200.342    18.46   18.98
 181643.672   207.114    18.09   18.25
 182017.920   212.752    15.06   14.12
 182392.130   216.831    10.90   12.06
 182766.302   218.609     4.75   10.69
 183140.436   217.225    -3.70   10.45
 183514.532   216.532    -1.85    9.71
 183888.591   213.958    -6.88    9.73
 184262.611   208.640   -14.22   10.96
 184636.594   202.658   -15.99    9.43
 185010.539   197.413   -14.02    5.30
 185384.446   195.412    -5.35    3.85
 185758.315   196.580     3.12    4.51
 186132.146   196.555    -0.07    4.12
 186505.940   196.847     0.78    3.67
 186879.696   197.482     1.70    3.82
 187253.414   198.287     2.15    3.97
 187627.094   198.903     1.65    3.92
 188000.737   198.805    -0.26    3.66
 188374.342   198.912     0.29    3.32
 188747.909   200.564     4.42    5.16
 189121.439   202.984     6.48    7.44
 189494.931   209.430    17.25   11.50
 189868.385   217.098    20.53   10.95
 190241.801   221.061    10.61    8.13
 190615.180   221.013    -0.13    6.38
 190988.521   216.015   -13.38    8.59
 191361.825   210.930   -13.62    6.38
 191735.091   209.966    -2.58    5.82
 192108.320   214.119    11.12    9.44
 192481.511   219.609    14.71    9.97
 192854.664   224.101    12.04    9.11
 193227.780   225.048     2.54    9.17
 193600.858   222.377    -7.16   10.17
 193973.899   218.994    -9.07   10.55
 194346.902   214.412   -12.28    9.56
 194719.868   210.413   -10.72   10.93
 195092.796   204.552   -15.71   12.52
 195465.687   195.745   -23.61   13.11
 195838.540   190.180   -14.92   14.93
 196211.356   181.481   -23.33   12.97
 196584.135   177.535   -10.58   10.85
 196956.876   177.956     1.13   13.03
 197329.579   182.672    12.65   15.49
 197702.245   187.519    13.00   13.27
 198074.874   189.357     4.93   11.09
 198447.466   187.219    -5.74   11.64
 198820.020   182.231   -13.39   13.71
 199192.537   175.096   -19.15   14.51
 199565.016   170.394   -12.62   15.40
 199937.458   165.176   -14.01   13.62
 200309.863   159.963   -13.99   10.10
 200682.231   157.561    -6.45    9.18
 201054.561   156.787    -2.08   10.21
 201426.854   154.302    -6.67    8.96
 201799.110   150.948    -9.01    4.54
 202171.329   150.144    -2.16    3.64
 202543.510   152.008     5.01    5.97
 202915.654   153.877     5.02    6.70
 203287.761   155.662     4.80    6.30
 203659.831   159.377     9.98    6.28
 204031.863   162.680     8.88    7.25
 204403.859   169.119    17.30    8.55
 204775.817   175.545    17.27    7.67
 205147.738   180.552    13.46    7.69
 205519.622   183.024     6.65    7.58
 205891.469   183.868     2.27    7.44
 206263.279   181.466    -6.46    7.99
 206635.052   177.615   -10.36    8.03
 207006.787   174.055    -9.57    8.44
 207378.486   170.359    -9.94    8.40
 207750.148   169.966    -1.06    7.97
 208121.772   173.794    10.30    8.33
 208493.360   178.201    11.86    7.57
 208864.910   180.244     5.49    5.84
 209236.424   179.787    -1.23    5.47
 209607.900   176.933    -7.68    7.83
 209979.340   171.570   -14.44    9.85
 210350.742   167.430   -11.14    8.47
 210722.108   166.430    -2.69    7.24
 211093.437   167.127     1.88    6.17
 211464.729   169.587     6.63    5.23
 211835.983   170.114     1.42    5.73
 212207.201   169.037    -2.90    6.32
 212578.383   165.640    -9.15    6.70
 212949.527   160.234   -14.56    7.11
 213320.634   155.073   -13.90    8.84
 213691.705   149.241   -15.71   10.10
 214062.739   142.784   -17.40    9.22
 214433.736   137.302   -14.77    5.62
 214804.696   135.170    -5.74    1.76
 215175.619   134.413    -2.04    1.35
 215546.506   134.037    -1.01    1.31
 215917.355   134.166     0.35    1.25
 216288.168   134.037    -0.35    1.33
 216658.945   134.201     0.44    1.41
 217029.684   134.605     1.09    1.16
 217400.387   135.216     1.65    1.29
 217771.053   136.036     2.21    1.56
 218141.683   137.327     3.48    2.14
 218512.275   139.234     5.14    3.29
 218882.832   141.868     7.11    4.66
 219254.050   144.432     6.91    5.16
 219632.034   146.698     5.99    4.61
 220009.981   148.716     5.34    4.26
 220387.889   150.859     5.67    4.39
 220765.759   154.412     9.40    4.24
 221143.591   157.140     7.22    3.63
 221521.384   159.305     5.73    2.82
 221899.140   161.252     5.15    3.07
 222276.857   162.482     3.26    3.62
 222654.536   164.465     5.25    3.53
 223032.177   164.823     0.95    3.96
 223409.780   161.705    -8.26    8.99
 223787.344   156.469   -13.87   11.87
 224164.871   150.191   -16.62   11.79
 224542.359   144.640   -14.70    7.64
 224919.810   142.734    -5.05    2.83
 225297.222   144.127     3.69    3.46
 225674.596   145.680     4.12    3.67
 226051.933   147.305     4.31    3.51
 226429.231   148.176     2.31    3.36
 226806.491   149.698     4.03    3.55
 227183.713   151.130     3.80    4.25
 227560.898   153.324     5.82    5.16
 227938.044   156.698     8.94    5.85
 228315.152   159.613     7.73    6.09
 228692.222   163.114     9.28    5.12
 229069.255   165.752     6.99    4.57
 229446.249   168.547     7.41    3.81
 229823.206   170.971     6.43    3.51
 230200.124   173.109     5.67    3.62
 230577.005   174.394     3.41    3.78
 230953.848   175.272     2.33    4.63
 231330.653   174.763    -1.35    5.91
 231707.420   171.484    -8.70    7.82
 232084.150   167.430   -10.76    7.77
 232460.841   165.587    -4.89    5.57
 232837.495   166.688     2.92    6.12
 233214.111   169.716     8.04    6.74
 233590.689   173.537    10.15    7.56
 233967.230   177.745    11.17    9.11
 234343.733   182.849    13.55    7.76
 234720.198   183.257     1.08    7.99
 235096.625   178.952   -11.43   10.88
 235473.014   174.991   -10.52    9.27
 235849.366   173.413    -4.19    8.13
 236225.680   175.073     4.41    8.53
 236601.957   176.680     4.27    9.01
 236978.196   173.680    -7.97    9.90
 237354.397   170.183    -9.29    7.84
 237730.560   167.584    -6.91    5.58
