-329291.923    93.293     0.00   22.18
-328917.673   103.145    26.32   24.52
-328543.388   112.683    25.48   21.29
-328169.069   117.045    11.65   21.35
-327794.716   115.319    -4.61   23.72
-327420.328   115.026    -0.78   23.80
-327045.905   116.123     2.93   25.36
-326671.449   118.944     7.53   26.46
-326296.958   119.016     0.19   25.21
-325922.432   121.533     6.72   28.47
-325547.872   112.138   -25.08   24.55
-325173.277   108.898    -8.65   20.07
-324798.648   111.535     7.04   17.84
-324423.985   119.212    20.48   22.06
-324049.287   130.730    30.73   20.16
-323674.555   140.875    27.06   18.90
-323299.788   148.176    19.48   24.12
-322924.986   152.819    12.38   27.76
-322550.150   155.405     6.90   26.91
-322175.279   157.596     5.84   30.60
-321800.374   161.385    10.10   28.11
-321425.434   173.856    33.25   38.07
-321050.460   198.843    66.61   44.60
-320675.451   226.280    73.14   48.26
-320300.408   247.664    57.00   39.11
-319925.329   270.352    60.47   40.33
-319550.217   294.748    65.01   52.47
-319175.069   320.061    67.45   53.05
-318799.887   337.739    47.10   43.54
-318424.670   331.319   -17.10   49.10
-318049.419   311.045   -54.01   43.71
-317674.133   308.350    -7.18   46.93
-317298.812   331.134    60.69   65.00
-316923.456   371.328   107.05   58.15
-316548.066   405.407    90.75   51.57
-316172.641   425.478    53.45   44.23
-315797.181   424.016    -3.89   43.41
-315421.686   405.701   -48.76   45.69
-315046.157   381.837   -63.53   38.58
-314670.593   358.016   -63.41   41.33
-314294.994   337.252   -55.26   42.82
-313919.360   307.680   -78.70   38.98
-313543.692   279.652   -74.58   24.42
-313167.989   268.952   -28.47   18.03
-312792.250   260.479   -22.54   17.86
-312416.477   254.026   -17.17   21.74
-312040.669   255.934     5.08   29.66
-311664.827   249.668   -16.67   33.91
-311288.949   250.698     2.74   38.65
-310913.036   256.355    15.04   38.65
-310537.089   259.261     7.73   31.33
-310161.107   273.102    36.80   37.43
-309785.089   282.498    24.98   43.41
-309409.037   287.215    12.54   45.03
-309032.950   296.720    25.27   46.24
-308656.828   298.152     3.81   33.08
-308280.670   302.594    11.80   27.03
-307904.478   317.194    38.80   31.50
-307528.251   340.748    62.59   35.09
-307151.989   361.623    55.46   36.32
-306775.692   370.053    22.40   30.06
-306399.360   366.424    -9.64   33.20
-306022.992   350.998   -40.97   37.25
-305646.590   338.613   -32.89   32.37
-305270.153   333.716   -13.01   30.43
-304893.680   331.649    -5.49   29.29
-304517.173   328.352    -8.75   29.96
-304140.630   315.239   -34.82   33.36
-303764.052   298.498   -44.44   37.40
-303387.439   282.623   -42.14   37.51
-303010.791   266.215   -43.55   37.90
-302634.108   256.970   -24.53   40.23
-302257.390   247.517   -25.09   40.84
-301880.636   233.387   -37.50   37.75
-301503.847   216.998   -43.48   36.41
-301127.023   204.164   -34.05   36.44
-300750.164   193.605   -28.01   34.77
-300373.270   184.422   -24.36   27.23
-299996.340   181.280    -8.34   29.09
-299619.375   178.008    -8.68   32.81
-299242.375   176.461    -4.10   29.48
-298865.340   186.516    26.66   34.46
-298488.269   195.605    24.10   35.61
-298111.163   207.671    31.99   35.63
-297734.022   221.196    35.85   31.39
-297356.845   235.926    39.04   29.35
-296979.634   237.479     4.11   27.82
-296602.386   251.283    36.58   34.13
-296225.104   262.035    28.49   34.34
-295847.786   264.794     7.31   36.10
-295470.432   258.898   -15.62   38.61
-295093.044   246.441   -33.00   36.09
-294715.620   243.170    -8.66   38.83
-294338.160   235.252   -20.97   38.88
-293960.665   229.051   -16.42   35.31
-293583.135   230.025     2.58   31.67
-293205.569   241.762    31.08   37.83
-292827.968   265.730    63.46   46.64
-292450.331   284.894    50.73   41.72
-292072.659   298.301    35.49   33.68
-291694.951   310.385    31.98   33.60
-291317.208   323.196    33.91   36.01
-290939.429   337.801    38.65   32.36
-290566.815   328.239   -25.66   34.32
-290195.942   302.789   -68.60   54.14
-289825.036   265.683  -100.01   61.56
-289454.095   220.734  -121.14   49.31
-289083.120   192.988   -74.77   36.69
-288712.111   203.553    28.47   50.53
-288341.068   216.613    35.19   54.44
-287969.990   220.283     9.89   46.16
-287598.878   217.120    -8.52   43.08
-287227.732   197.230   -53.58   45.69
-286856.552   166.405   -83.02   43.03
-286485.338   138.609   -74.86   33.21
-286114.089   117.391   -57.14   25.94
-285742.806   107.646   -26.24   20.52
-285371.489   103.587   -10.93   21.81
-285000.137    94.422   -24.67   23.41
-284628.752    86.035   -22.58   24.42
-284257.331    76.713   -25.09   23.16
-283885.877    69.352   -19.81   18.01
-283514.388    66.309    -8.19   15.50
-283142.865    65.589    -1.94   17.78
-282771.307    63.664    -5.18   17.47
-282399.715    58.623   -13.56    9.07
-282028.089    60.215     4.28   10.50
-281656.428    67.630    19.95   18.64
-281284.733    77.658    26.97   21.59
-280913.004    86.402    23.51   20.27
-280541.240    96.739    27.80   19.59
-280169.441   110.075    35.86   26.08
-279797.608   126.098    43.08   27.55
-279425.741   132.127    16.21   20.70
-279053.839   125.171   -18.70   24.30
-278681.903   113.373   -31.71   22.50
-278309.932   105.516   -21.12   15.23
-277937.927    99.962   -14.93   10.78
-277565.887    97.979    -5.33   12.11
-277193.813    94.726    -8.74   18.55
-276821.704    88.267   -17.35   21.96
-276449.560    77.207   -29.71   28.06
-276077.382    63.800   -36.01   27.44
-275705.170    51.230   -33.76   14.32
-275332.923    45.516   -15.34    3.11
-274960.641    46.141     1.68    4.35
-274588.325    47.748     4.32    7.66
-274215.974    49.370     4.36    9.08
-273843.588    54.426    13.57   14.40
-273471.168    64.517    27.09   28.21
-273098.713    78.426    37.34   33.54
-272726.223    87.286    23.78   31.59
-272353.699    87.298     0.03   28.40
-271981.140    82.220   -13.63   23.71
-271608.546    80.605    -4.33   22.11
-271235.918    83.807     8.59   23.96
-270863.254    90.807    18.78   28.64
-270490.557    95.969    13.85   29.26
-270117.824    93.280    -7.21   27.92
-269745.057    86.646   -17.79   19.01
-269372.254    85.421    -3.29   17.58
-268999.417    85.825     1.08   17.12
-268626.546    85.615    -0.56   17.77
-268253.639    89.462    10.31   18.33
-267880.698    95.035    14.94   18.57
-267507.722   105.905    29.14   27.21
-267134.711   122.087    43.37   31.93
-266761.665   144.479    60.01   35.26
-266388.584   168.498    64.36   35.22
-266015.468   181.786    35.61   34.92
-265642.318   172.350   -25.28   42.10
-265269.132   151.109   -56.90   42.65
-264895.912   134.924   -43.35   32.93
-264522.657   130.589   -11.61   30.20
-264149.367   130.944     0.95   32.48
-263776.042   142.403    30.69   36.43
-263402.682   148.164    15.43   35.85
-263029.286   162.123    37.37   38.31
-262655.856   169.536    19.85   38.91
-262282.391   171.658     5.68   39.13
-261908.891   173.635     5.29   34.16
-261535.356   173.462    -0.46   30.82
-261161.786   183.331    26.41   31.11
-260788.181   191.680    22.34   28.51
-260414.541   199.462    20.82   21.34
-260040.866   190.646   -23.59   28.11
-259667.156   180.051   -28.34   30.10
-259293.410   166.344   -36.67   28.57
-258919.630   156.887   -25.29   25.29
-258545.814   142.762   -37.78   29.79
-258171.964   129.389   -35.76   34.39
-257798.078   110.661   -50.08   28.54
-257424.157    99.801   -29.04   20.64
-257050.201    89.819   -26.69   14.24
-256676.209    88.739    -2.89   17.65
-256302.183    87.051    -4.51   21.19
-255928.121    85.632    -3.79   24.64
-255554.025    84.194    -3.84   24.61
-255179.892    82.027    -5.79   24.87
-254805.725    84.301     6.08   26.29
-254431.523    81.739    -6.85   24.06
-254057.285    83.683     5.19   27.12
-253683.012    84.176     1.32   23.67
-253308.704    81.403    -7.41   19.65
-252934.360    76.061   -14.27   17.34
-252559.981    65.498   -28.21   16.56
-252185.567    55.316   -27.19   13.35
-251811.118    50.405   -13.11   11.58
-251436.633    49.164    -3.31   12.79
-251062.113    47.734    -3.82   14.38
-250687.557    44.801    -7.83   13.95
-250312.966    41.705    -8.26   12.06
-249938.340    37.861   -10.26   11.81
-249563.678    35.316    -6.79   11.26
-249188.981    32.536    -7.42   10.83
-248814.249    28.141   -11.73    9.41
-248439.481    24.146   -10.66    8.75
-248064.678    20.355   -10.11    6.52
-247689.839    16.607   -10.00    3.57
-247314.965    14.570    -5.43    2.17
-246940.055    13.783    -2.10    2.12
-246565.110    13.248    -1.43    2.04
-246190.129    12.783    -1.24    2.26
-245815.113    12.913     0.34    2.93
-245440.061    13.189     0.74    3.94
-245064.974    13.220     0.08    4.54
-244689.851    12.535    -1.83    4.37
-244314.693    11.194    -3.57    4.16
-243939.499     9.776    -3.78    3.70
-243564.270     8.498    -3.40    4.11
-243189.005     8.402    -0.26    4.72
-242813.704     8.243    -0.42    6.01
-242438.368     8.109    -0.36    7.04
-242062.996     8.141     0.08    7.92
-241687.588     7.932    -0.56    8.83
-241312.145     7.480    -1.20    9.13
-240936.666     7.069    -1.09    8.87
-240561.152     5.113    -5.21    7.53
-240185.602     4.926    -0.50    5.87
-239810.016     5.328     1.07    5.61
-239434.394     5.587     0.69    6.87
-239058.737     7.891     6.13    9.10
-238683.044     8.701     2.16   10.35
-238307.315     9.926     3.26   13.97
-237931.550    12.201     6.05   18.51
-237555.750    10.207    -5.31   18.22
-237179.914     7.851    -6.27   15.78
-236804.042     6.261    -4.23   11.69
-236428.134     2.942    -8.83    7.60
-236052.191     0.944    -5.31    5.00
-235676.211    -0.965    -5.08    2.68
-235300.196    -1.576    -1.62    1.54
-234924.145    -1.539     0.10    1.17
-234548.058    -1.098     1.17    1.47
-234171.936    -0.448     1.73    1.57
-233795.777    -0.049     1.06    1.41
-233419.582    -0.288    -0.63    1.53
-233043.352    -0.757    -1.25    1.46
-232667.085    -1.095    -0.90    1.45
-232290.783    -1.252    -0.42    1.31
-231914.445    -1.329    -0.20    1.42
-231538.071    -1.592    -0.70    1.49
-231161.660    -1.743    -0.40    1.33
-230785.214    -1.920    -0.47    1.24
-230408.732    -2.324    -1.07    1.16
-230032.214    -2.884    -1.49    1.25
-229655.659    -3.252    -0.98    1.25
-229279.069    -3.540    -0.76    1.11
-228902.443    -3.590    -0.13    1.14
-228525.780    -3.650    -0.16    1.07
-228149.082    -3.842    -0.51    1.10
-227772.347    -3.761     0.21    1.23
-227395.577    -3.866    -0.28    1.32
-227018.770    -3.793     0.19    1.44
-226641.927    -3.650     0.38    1.38
-226265.048    -3.877    -0.60    1.23
-225888.133    -4.163    -0.76    1.25
-225511.182    -4.377    -0.57    1.24
-225134.194    -4.502    -0.33    1.19
-224757.171    -4.502     0.00    1.20
-224380.111    -4.467     0.09    1.13
-224003.015    -4.540    -0.19    1.02
-223625.883    -4.699    -0.42    1.02
-223248.714    -4.791    -0.24    0.87
-222871.509    -4.811    -0.05    0.90
-222494.269    -4.817    -0.02    1.23
-222116.991    -4.650     0.44    1.39
-221739.678    -4.574     0.20    1.26
-221362.328    -4.817    -0.64    1.43
-220984.942    -5.109    -0.77    1.26
-220607.519    -5.276    -0.44    0.95
-220230.061    -5.413    -0.36    1.00
-219852.566    -5.502    -0.24    1.01
-219475.034    -5.467     0.09    1.09
-219097.466    -5.520    -0.14    1.24
-218719.862    -5.483     0.10    1.29
-218342.222    -5.484    -0.00    1.41
-217964.545    -5.464     0.05    1.40
-217586.831    -5.520    -0.15    1.30
-217209.082    -5.611    -0.24    1.12
-216831.295    -5.575     0.10    1.05
-216453.473    -5.395     0.48    1.02
-216075.614    -5.408    -0.03    1.15
-215702.473    -5.539    -0.35    1.26
-215331.708    -5.791    -0.68    1.26
-214960.908    -6.092    -0.81    1.16
-214590.073    -6.102    -0.03    0.97
-214219.203    -6.048     0.15    0.90
-213848.298    -5.806     0.65    1.08
-213477.358    -5.931    -0.34    1.22
-213106.383    -6.169    -0.64    1.27
-212735.373    -6.299    -0.35    1.28
-212364.327    -6.302    -0.01    1.37
-211993.247    -6.521    -0.59    1.50
-211622.131    -6.811    -0.78    1.63
-211250.981    -7.002    -0.51    1.58
-210879.795    -7.011    -0.02    1.55
-210508.574    -7.049    -0.10    1.50
-210137.317    -6.957     0.25    1.40
-209766.026    -7.095    -0.37    1.38
-209394.699    -7.280    -0.50    1.09
-209023.338    -7.292    -0.03    1.15
-208651.941    -7.557    -0.71    1.11
-208280.508    -7.836    -0.75    1.08
-207909.041    -7.775     0.16    1.18
-207537.538    -7.967    -0.52    1.06
-207166.000    -8.098    -0.35    0.89
-206794.427    -8.217    -0.32    0.76
-206422.818    -8.314    -0.26    0.79
-206051.174    -8.431    -0.32    0.83
-205679.495    -8.539    -0.29    0.85
-205307.781    -8.502     0.10    0.89
-204936.031    -8.234     0.72    0.92
-204564.246    -8.357    -0.33    0.99
-204192.425    -8.222     0.36    0.96
-203820.569    -8.243    -0.06    0.97
-203448.678    -8.169     0.20    1.06
-203076.751    -8.021     0.40    1.00
-202704.789    -8.092    -0.19    1.01
-202332.791    -8.163    -0.19    1.18
-201960.758    -8.342    -0.48    1.14
-201588.690    -8.284     0.15    1.15
-201216.586    -8.151     0.36    1.04
-200844.447    -8.081     0.19    0.86
-200472.272    -8.120    -0.11    0.87
-200100.062    -8.413    -0.79    1.15
-199727.816    -8.597    -0.49    1.08
-199355.535    -8.699    -0.27    1.20
-198983.218    -8.710    -0.03    1.17
-198610.865    -8.607     0.27    1.08
-198238.477    -8.521     0.23    1.07
-197866.054    -8.413     0.29    1.13
-197493.595    -8.466    -0.14    1.22
-197121.100    -8.395     0.19    1.12
-196748.570    -9.002    -1.63    1.40
-196376.004    -9.687    -1.84    1.72
-196003.403    -9.967    -0.75    1.73
-195630.766   -10.314    -0.93    1.54
-195258.093   -10.342    -0.08    1.40
-194885.384   -10.031     0.83    1.26
-194512.640    -9.984     0.12    1.36
-194139.861    -9.910     0.20    1.52
-193767.045    -9.902     0.02    1.49
-193394.194   -10.217    -0.84    1.53
-193021.307   -10.702    -1.30    1.68
-192648.385   -11.030    -0.88    1.80
-192275.426   -11.578    -1.47    1.79
-191902.432   -12.217    -1.71    1.73
-191529.402   -12.945    -1.95    1.35
-191156.337   -13.145    -0.54    0.92
-190783.235   -12.836     0.83    1.26
-190410.098   -12.222     1.65    1.76
-190036.925   -11.270     2.55    2.24
-189663.716   -10.284     2.64    2.17
-189290.472    -9.734     1.47    2.07
-188917.191    -9.150     1.56    1.82
-188543.875    -8.574     1.54    1.20
-188170.522    -8.447     0.34    1.22
-187797.134    -8.284     0.44    1.08
-187423.710    -8.113     0.46    1.20
-187050.250    -8.109     0.01    1.26
-186676.754    -8.092     0.05    1.29
-186303.222    -8.074     0.05    1.46
-185929.655    -8.234    -0.43    1.74
-185556.051    -8.465    -0.62    1.68
-185182.411    -8.270     0.52    1.73
-184808.736    -8.329    -0.16    1.97
-184435.024    -7.967     0.97    2.09
-184061.276    -8.058    -0.24    1.97
-183687.493    -8.557    -1.33    1.58
-183313.673    -8.920    -0.97    1.27
-182939.817    -9.048    -0.34    1.18
-182565.925    -9.252    -0.55    1.16
-182191.997    -9.393    -0.38    0.99
-181818.034    -9.713    -0.85    1.00
-181444.033    -9.945    -0.62    1.02
-181069.997   -10.109    -0.44    0.97
-180695.925   -10.163    -0.14    0.90
-180321.817    -9.967     0.52    0.85
-179947.672    -9.965     0.00    0.88
-179573.491    -9.630     0.90    0.98
-179199.275    -9.699    -0.18    0.98
-178825.022    -9.666     0.09    1.03
-178450.732    -9.717    -0.14    0.89
-178076.407    -9.868    -0.40    0.84
-177702.045    -9.941    -0.20    0.98
-177327.647    -9.993    -0.14    1.03
-176953.213   -10.199    -0.55    1.04
-176578.743   -10.375    -0.47    0.96
-176204.236   -10.320     0.15    0.94
-175829.694   -10.270     0.13    0.93
-175455.114   -10.484    -0.57    0.98
-175080.499   -10.484    -0.00    1.04
-174705.847   -10.483     0.00    1.11
-174331.159   -10.574    -0.24    1.13
-173956.435   -10.761    -0.50    1.12
-173581.674   -10.663     0.26    1.09
-173206.877   -10.359     0.81    1.20
-172832.043   -10.181     0.48    1.16
-172457.173   -10.074     0.29    1.02
-172082.267    -9.955     0.32    0.97
-171707.324    -9.941     0.04    0.91
-171332.345    -9.898     0.11    0.99
-170957.330    -9.757     0.38    1.14
-170582.278    -9.720     0.10    1.03
-170207.189    -9.734    -0.04    1.03
-169832.064    -9.739    -0.01    1.09
-169456.903    -9.720     0.05    1.01
-169081.705    -9.660     0.16    1.00
-168706.471    -9.598     0.16    0.93
-168331.200    -9.484     0.30    0.98
-167955.892    -9.558    -0.20    1.11
-167580.548    -9.556     0.01    1.26
-167205.168    -9.681    -0.33    1.40
-166829.750    -9.627     0.14    1.38
-166454.297    -9.824    -0.52    1.24
-166078.806    -9.880    -0.15    1.29
-165703.279    -9.853     0.07    1.22
-165327.716    -9.632     0.59    1.43
-164952.116    -9.590     0.11    1.53
-164576.479    -9.575     0.04    1.41
-164200.805    -9.484     0.24    1.21
-163825.095    -9.066     1.11    1.71
-163449.348    -8.910     0.42    1.37
-163073.565    -8.592     0.85    1.20
-162697.745    -8.521     0.19    1.15
-162321.888    -8.609    -0.23    1.12
-161945.994    -8.761    -0.40    1.26
-161570.063    -8.913    -0.40    1.47
-161194.096    -9.199    -0.76    1.51
-160818.092    -9.084     0.30    1.60
-160442.052    -8.681     1.07    1.63
-160065.974    -8.031     1.73    1.56
-159689.860    -7.660     0.98    1.39
-159313.708    -7.095     1.50    1.38
-158937.520    -6.678     1.11    1.17
-158561.296    -7.139    -1.22    1.41
-158185.034    -7.699    -1.49    1.52
-157808.735    -8.252    -1.47    1.19
-157432.400    -8.558    -0.81    0.98
-157056.027    -8.627    -0.18    0.92
-156679.618    -8.576     0.14    1.27
-156303.172    -8.395     0.48    1.27
-155926.689    -8.357     0.10    1.24
-155550.169    -8.520    -0.43    1.31
-155173.612    -8.002     1.38    1.60
-154797.018    -7.836     0.44    1.68
-154420.387    -7.877    -0.11    1.72
-154043.719    -7.945    -0.18    1.69
-153667.014    -8.222    -0.74    1.45
-153290.272    -8.193     0.08    1.20
-152913.493    -7.765     1.14    1.30
-152536.677    -7.357     1.08    1.24
-152159.823    -7.193     0.43    1.18
-151782.933    -6.941     0.67    1.17
-151406.006    -6.906     0.09    1.16
-151029.041    -7.145    -0.63    1.29
-150652.040    -7.230    -0.22    1.22
-150275.001    -6.976     0.67    1.32
-149897.926    -6.379     1.58    1.55
-149520.813    -5.449     2.47    1.91
-149143.663    -4.949     1.33    2.17
-148766.475    -4.733     0.57    2.11
-148389.251    -4.836    -0.27    2.06
-148011.989    -5.266    -1.14    1.51
-147634.690    -5.344    -0.21    1.37
-147257.354    -5.252     0.24    1.47
-146879.981    -5.538    -0.76    1.25
-146502.570    -6.064    -1.39    1.28
-146125.122    -6.314    -0.66    1.30
-145747.637    -6.217     0.26    1.37
-145370.115    -5.993     0.59    1.53
-144992.555    -5.770     0.59    1.46
-144614.958    -5.391     1.00    1.40
-144237.324    -5.357     0.09    1.42
-143859.652    -5.252     0.28    1.35
-143481.943    -4.891     0.96    1.72
-143104.197    -4.359     1.41    1.93
-142726.413    -4.039     0.85    1.95
-142348.592    -4.239    -0.53    2.01
-141970.733    -4.484    -0.65    2.07
-141592.837    -5.048    -1.49    1.79
-141214.903    -5.364    -0.84    1.92
-140841.146    -5.410    -0.12    2.01
-140470.491    -5.678    -0.72    1.85
-140099.799    -5.771    -0.25    1.63
-139729.071    -5.537     0.63    1.65
-139358.308    -5.761    -0.60    1.63
-138987.509    -5.681     0.22    1.50
-138616.673    -6.411    -1.97    2.07
-138245.802    -6.848    -1.18    2.45
-137874.895    -7.556    -1.91    2.48
-137503.951    -7.574    -0.05    2.36
-137132.972    -7.239     0.90    2.78
-136761.957    -7.842    -1.62    3.50
-136390.905   -10.520    -7.22    5.71
-136019.818   -13.502    -8.04    6.84
-135648.694   -17.217   -10.01    5.90
-135277.535   -18.181    -2.60    5.40
-134906.339   -15.824     6.35    7.24
-134535.107   -12.320     9.44    6.93
-134163.840    -9.169     8.49    4.60
-133792.536    -7.678     4.02    1.80
-133421.195    -8.252    -1.55    1.54
-133049.819    -8.344    -0.25    1.61
-132678.407    -8.163     0.49    1.74
-132306.958    -7.606     1.50    1.96
-131935.474    -6.920     1.84    1.96
-131563.953    -6.342     1.56    1.84
-131192.396    -5.829     1.38    1.72
-130820.802    -5.609     0.59    1.60
-130449.173    -5.630    -0.05    1.64
-130077.507    -5.415     0.58    1.43
-129705.805    -5.538    -0.33    1.44
-129334.067    -5.800    -0.71    1.45
-128962.292    -5.859    -0.16    1.39
-128590.481    -5.891    -0.09    1.61
-128218.634    -5.976    -0.23    1.63
-127846.750    -5.854     0.33    1.62
-127474.831    -5.313     1.46    1.68
-127102.874    -5.579    -0.72    2.00
-126730.882    -5.788    -0.56    2.13
-126358.853    -5.806    -0.05    2.18
-125986.788    -5.923    -0.32    2.11
-125614.686    -5.467     1.23    1.78
-125242.548    -4.609     2.30    1.51
-124870.374    -3.877     1.97    1.70
-124498.163    -1.836     5.48    6.48
-124125.915     1.778     9.71   10.13
-123753.632     4.664     7.75   11.58
-123381.311     7.549     7.75   12.93
-123008.955     8.932     3.71   12.40
-122636.561     9.676     2.00   11.78
-122264.132    13.796    11.06   16.25
-121891.665    18.849    13.56   19.71
-121519.163    21.726     7.72   20.45
-121146.623    20.944    -2.10   17.71
-120774.048    18.516    -6.52   12.01
-120401.435    17.609    -2.43    8.97
-120028.786    20.252     7.09    8.48
-119656.101    25.855    15.03   10.32
-119283.379    35.429    25.68   12.99
-118910.620    46.979    30.98   16.24
-118537.824    55.355    22.46   19.58
-118164.992    58.077     7.30   21.17
-117792.124    55.743    -6.26   26.13
-117419.218    49.357   -17.12   26.06
-117046.276    44.998   -11.69   21.61
-116673.298    42.998    -5.36   15.77
-116300.282    45.921     7.84   11.76
-115927.230    51.587    15.19   13.03
-115554.141    55.261     9.85   13.39
-115181.016    52.129    -8.39   16.29
-114807.854    51.266    -2.31   16.50
-114434.654    54.498     8.66   19.22
-114061.419    68.445    37.36   24.55
-113688.146    87.033    49.79   23.92
-113314.837   104.796    47.58   23.05
-112941.490   120.498    42.05   24.59
-112568.107   130.587    27.02   20.01
-112194.687   135.132    12.17   19.65
-111821.231   131.971    -8.46   23.04
-111447.737   116.807   -40.60   28.15
-111074.206   100.954   -42.44   26.80
-110700.639    96.516   -11.88   26.40
-110327.035    99.337     7.55   31.76
-109953.394   110.480    29.82   29.10
-109579.715   117.789    19.56   24.19
-109206.000   116.730    -2.83   21.12
-108832.248   110.421   -16.88   24.23
-108458.459    97.551   -34.43   24.65
-108084.633    90.627   -18.52   26.29
-107710.770    90.708     0.22   29.24
-107336.870    73.908   -44.93   35.76
-106962.934    68.480   -14.52   37.45
-106588.960    68.182    -0.80   42.81
-106214.948    68.225     0.12   48.79
-105840.900    67.603    -1.66   47.71
-105466.815    53.035   -38.94   44.40
-105092.693    42.801   -27.35   30.57
-104718.534    43.479     1.81   27.80
-104344.337    49.355    15.70   32.24
-103970.104    61.605    32.73   39.91
-103595.833    78.261    44.50   54.84
-103221.525   103.873    68.42   63.02
-102847.180   123.770    53.15   60.37
-102472.798   133.837    26.89   55.06
-102098.379   145.382    30.83   49.46
-101723.922   164.410    50.81   49.35
-101349.429   182.283    47.72   56.34
-100974.898   199.164    45.07   56.30
-100600.330   215.998    44.94   50.18
-100225.724   221.301    14.16   44.99
 -99851.082   232.778    30.63   32.32
 -99476.402   240.887    21.64   32.89
 -99101.684   251.855    29.27   37.32
 -98726.930   255.664    10.16   42.30
 -98352.138   239.783   -42.37   52.39
 -97977.309   203.752   -96.12   58.78
 -97602.442   181.570   -59.17   43.44
 -97227.539   187.866    16.79   40.17
 -96852.597   218.819    82.55   54.86
 -96477.619   260.077   110.02   59.89
 -96102.603   290.230    80.40   59.14
 -95727.550   306.147    42.44   49.94
 -95352.459   297.113   -24.08   60.67
 -94977.331   284.766   -32.91   69.72
 -94602.165   281.783    -7.95   75.32
 -94226.962   299.217    46.46   79.00
 -93851.722   325.287    69.47   62.00
 -93476.444   328.585     8.79   43.73
 -93101.128   322.658   -15.79   37.03
 -92725.775   311.613   -29.42   23.13
 -92350.385   309.274    -6.23   18.06
 -91974.957   309.042    -0.62   21.23
 -91599.491   303.217   -15.51   26.79
 -91223.988   286.926   -43.38   32.78
 -90848.447   274.105   -34.14   32.87
 -90472.869   261.498   -33.56   27.34
 -90097.253   255.942   -14.79   28.11
 -89721.600   246.105   -26.18   29.67
 -89345.909   247.479     3.66   32.23
 -88970.180   259.112    30.96   42.43
 -88594.414   281.443    59.42   44.15
 -88218.610   298.570    45.57   27.17
 -87842.768   296.656    -5.09   29.76
 -87466.888   294.410    -5.97   26.38
 -87090.971   286.954   -19.83   22.09
 -86715.017   283.952    -7.98   19.46
 -86339.024   284.584     1.68   19.94
 -85962.994   279.196   -14.33   20.34
 -85586.926   275.748    -9.17   20.78
 -85210.820   278.301     6.79   20.05
 -84834.677   283.462    13.72   18.79
 -84458.495   288.337    12.96   17.70
 -84082.276   290.880     6.76   18.13
 -83706.019   288.641    -5.95   19.60
 -83329.725   280.825   -20.77   20.08
 -82953.392   271.532   -24.69   21.67
 -82577.022   264.807   -17.87   22.18
 -82200.613   263.077    -4.60   24.30
 -81824.167   261.638    -3.82   28.55
 -81447.683   259.623    -5.35   35.29
 -81071.161   250.670   -23.78   40.48
 -80694.601   244.421   -16.59   37.52
 -80318.003   238.962   -14.49   34.06
 -79941.367   233.123   -15.50   29.33
 -79564.694   221.550   -30.72   31.71
 -79187.982   204.515   -45.22   32.27
 -78811.232   194.077   -27.70   25.72
 -78434.445   193.248    -2.20   26.90
 -78057.619   197.786    12.04   31.44
 -77680.755   205.684    20.96   33.20
 -77303.853   211.373    15.09   31.49
 -76926.913   218.270    18.30   28.74
 -76549.936   226.355    21.45   21.75
 -76172.920   226.638     0.75   20.92
 -75795.865   225.430    -3.20   20.23
 -75418.773   219.422   -15.93   19.09
 -75041.643   201.194   -48.33   30.72
 -74664.475   184.334   -44.70   24.19
 -74287.268   185.621     3.41   24.05
 -73910.023   193.230    20.17   30.56
 -73532.740   210.042    44.56   30.56
 -73155.419   216.498    17.11   25.19
 -72778.060   221.109    12.22   22.18
 -72400.663   226.684    14.77   18.37
 -72023.227   228.989     6.11   16.20
 -71645.753   233.653    12.36   14.74
 -71268.241   233.712     0.16   17.93
 -70890.690   230.730    -7.90   25.07
 -70513.101   205.621   -66.49   50.69
 -70135.474   167.609  -100.65   71.43
 -69757.809   111.849  -147.63   91.40
 -69380.105    47.609  -170.07   67.16
 -69002.363    19.708   -73.86   39.40
 -68624.583    34.730    39.76   56.76
 -68246.764    81.656   124.19   78.00
 -67868.907   139.585   153.30   73.25
 -67491.012   186.625   124.47   45.57
 -67113.078   204.989    48.59   35.52
 -66735.106   201.280    -9.81   44.68
 -66357.095   203.360     5.50   42.61
 -65982.620   200.116    -8.66   40.79
 -65612.078   207.908    21.03   35.97
 -65241.500   215.042    19.25   25.51
 -64870.884   214.355    -1.85   24.15
 -64500.231   196.605   -47.89   34.57
 -64129.542   168.936   -74.64   45.87
 -63758.816   135.024   -91.47   53.73
 -63388.053    93.831  -111.10   49.44
 -63017.253    58.814   -94.43   35.78
 -62646.416    36.720   -59.57   17.53
 -62275.542    38.270     4.18   20.99
 -61904.631    57.043    50.61   37.66
 -61533.683    92.819    96.44   51.22
 -61162.698   143.463   136.50   58.68
 -60791.677   170.248    72.19   51.62
 -60420.618   174.158    10.54   52.81
 -60049.522   156.147   -48.53   72.23
 -59678.390   112.866  -116.61   89.08
 -59307.220    68.248  -120.20   69.10
 -58936.013    56.684   -31.15   69.02
 -58564.769    59.786     8.36   78.42
 -58193.489    56.908    -7.75   76.53
 -57822.171    37.370   -52.61   62.80
 -57450.816    18.801   -50.00   35.51
 -57079.423    14.069   -12.74   28.89
 -56707.994    11.691    -6.40   27.13
 -56336.528    10.042    -4.44   24.68
 -55965.024    10.176     0.36   20.88
 -55593.484    13.042     7.71   32.08
 -55221.906    18.748    15.36   36.40
 -54850.291    23.222    12.04   39.50
 -54478.638    30.139    18.61   50.98
 -54106.949    39.849    26.12   65.43
 -53735.222    51.831    32.23   72.89
 -53363.459    62.515    28.74   76.11
 -52991.657    72.643    27.24   81.14
 -52619.819    74.722     5.59   79.01
 -52247.943    69.748   -13.38   77.34
 -51876.031    68.024    -4.63   73.15
 -51504.080    55.998   -32.33   71.45
 -51132.093    63.589    20.41   76.87
 -50760.068    57.393   -16.65   72.57
 -50388.006    60.461     8.25   78.42
 -50015.906    56.235   -11.36   81.90
 -49643.769    50.805   -14.59   82.79
 -49271.595    49.938    -2.33   83.83
 -48899.384    38.248   -31.41   72.61
 -48527.134    35.205    -8.17   58.75
 -48154.848    23.989   -30.12   43.79
 -47782.524    22.428    -4.19   29.64
 -47410.163    31.989    25.68   28.30
 -47037.764    43.550    31.04   32.82
 -46665.328    63.891    54.61   39.46
 -46292.854    82.080    48.83   51.36
 -45920.343    86.319    11.38   47.82
 -45547.794    96.609    27.62   49.76
 -45175.208   109.294    34.05   47.53
 -44802.584   133.426    64.76   53.35
 -44429.923   177.866   119.24   56.77
 -44057.224   215.761   101.67   53.01
 -43684.488   244.778    77.85   37.88
 -43311.714   258.778    37.55   24.45
 -42938.902   240.861   -48.06   42.78
 -42566.053   217.980   -61.37   52.17
 -42193.166   190.921   -72.56   47.27
 -41820.242   143.159  -128.07   66.08
 -41447.280    89.908  -142.77   78.35
 -41074.280    46.015  -117.67   72.95
 -40701.243     7.621  -102.92   29.16
 -40328.168     7.129    -1.32   14.67
 -39955.055    21.549    38.65   21.03
 -39581.905    40.533    50.87   26.57
 -39208.716    67.621    72.58   44.41
 -38835.490    91.207    63.19   47.80
 -38462.227   117.194    69.62   47.54
 -38088.925   144.573    73.34   50.13
 -37715.586   167.601    61.68   57.16
 -37342.209   180.061    33.37   54.23
 -36968.794   195.129    40.35   46.28
 -36595.342   212.164    45.61   35.13
 -36221.851   224.340    32.60   30.89
 -35848.323   244.866    54.95   34.58
 -35474.757   267.807    61.41   32.13
 -35101.153   276.944    24.46   27.78
 -34727.511   276.196    -2.00   33.95
 -34353.831   244.159   -85.73   56.98
 -33980.113   209.301   -93.27   57.96
 -33606.358   193.803   -41.47   54.39
 -33232.564   182.200   -31.04   59.31
 -32858.733   173.042   -24.50   61.16
 -32484.863   168.205   -12.94   55.15
 -32110.956   168.248     0.12   51.33
 -31737.010   206.391   102.00   59.24
 -31363.027   239.313    88.03   40.36
 -30989.006   234.462   -12.97   39.74
 -30614.946   225.109   -25.00   45.61
 -30240.849   203.567   -57.58   47.09
 -29866.713   179.861   -63.36   48.10
 -29492.539   151.393   -76.08   50.49
 -29118.328   126.212   -67.29   37.68
 -28744.078   115.212   -29.39   30.34
 -28369.790   123.566    22.32   32.16
 -27995.464   141.776    48.65   21.19
 -27621.100   140.118    -4.43   17.49
 -27246.698   133.572   -17.49   17.82
 -26872.257   123.464   -26.99   17.59
 -26497.778   115.480   -21.32   17.97
 -26123.262   108.998   -17.31   18.98
 -25748.707    98.778   -27.28   24.52
 -25374.113    87.043   -31.33   23.09
 -24999.482    77.187   -26.31   16.55
 -24624.812    74.743    -6.52   14.26
 -24250.104    79.623    13.02   16.55
 -23875.358    83.880    11.36   15.82
 -23500.574    83.410    -1.25   17.51
 -23125.751    77.837   -14.87   17.19
 -22750.890    80.739     7.74   19.66
 -22375.990    87.936    19.20   18.93
 -22001.053    92.087    11.07   17.62
 -21626.076    95.667     9.55   14.73
 -21251.062    94.643    -2.73   10.72
 -20876.009    88.946   -15.19    9.58
 -20500.918    81.698   -19.32   11.29
 -20125.788    71.319   -27.67   13.39
 -19750.620    59.877   -30.50   12.77
 -19375.414    51.603   -22.05   10.84
 -19000.169    45.212   -17.03   12.07
 -18624.886    41.807    -9.07   13.65
 -18249.564    44.670     7.63   18.23
 -17874.204    47.230     6.82   19.99
 -17498.805    52.888    15.07   21.03
 -17123.367    61.569    23.12   18.00
 -16747.892    61.164    -1.08   16.80
 -16372.377    56.743   -11.77   20.86
 -15996.824    50.408   -16.87   23.54
 -15621.233    40.989   -25.08   22.81
 -15245.603    36.098   -13.02   21.60
 -14869.934    32.676    -9.11   19.63
 -14494.227    28.385   -11.42   19.36
 -14118.481    21.464   -18.42   18.39
 -13742.697    15.207   -16.65   16.70
 -13366.873     8.919   -16.73   13.70
 -12991.012     6.998    -5.11   13.73
 -12615.111    20.819    36.77   45.30
 -12239.172    44.825    63.86   68.58
 -11863.194    83.794   103.65   91.54
 -11487.178   128.410   118.65   99.68
 -11111.122   172.794   118.02   95.18
 -10735.028   205.946    88.15   75.67
 -10358.896   193.101   -34.15   78.17
  -9982.724   165.153   -74.30   76.48
  -9606.514   149.981   -40.33   62.41
  -9230.265   146.033   -10.49   48.83
  -8853.977   148.277     5.96   37.02
  -8477.650   148.344     0.18   31.41
  -8101.284   119.051   -77.83   38.18
  -7724.880    96.919   -58.80   28.22
  -7348.437    89.796   -18.92   21.38
  -6971.954    93.200     9.04   21.39
  -6595.433   100.761    20.08   16.63
  -6218.873    96.756   -10.63   19.06
  -5842.274    89.276   -19.86   20.21
  -5465.637    77.091   -32.35   19.29
  -5088.960    67.498   -25.47   16.55
  -4712.244    60.533   -18.49   17.88
  -4335.489    55.656   -12.95   20.43
  -3958.696    53.212    -6.49   21.47
  -3581.863    50.393    -7.48   20.11
  -3204.991    52.352     5.20   25.73
  -2828.081    50.375    -5.25   27.98
  -2451.131    42.701   -20.36   25.87
  -2074.142    33.748   -23.75   22.07
  -1697.114    22.357   -30.21   13.74
  -1320.047    15.884   -17.17   10.67
   -942.941     8.739   -18.95    7.75
   -565.796     4.480   -11.29    6.34
   -188.612     2.583    -5.03    4.99
    188.612     3.590     2.67    5.07
    565.874     6.301     7.19    4.83
    943.176     8.322     5.36    3.52
   1320.517     9.673     3.58    1.56
   1697.897     9.712     0.10    1.38
   2075.317     9.658    -0.14    1.45
   2452.775     9.820     0.43    1.47
   2830.273     9.498    -0.85    1.39
   3207.810     9.803     0.81    1.55
   3585.386    10.305     1.33    1.49
   3963.002    10.410     0.28    1.44
   4340.657    10.998     1.56    1.10
   4718.351    10.998     0.00    1.29
   5096.084    10.936    -0.16    1.39
   5473.857    10.831    -0.28    1.44
   5851.670    10.446    -1.02    1.39
   6229.521    10.569     0.33    1.48
   6607.412    11.413     2.23    2.16
   6985.342    12.322     2.41    2.18
   7363.312    13.408     2.87    1.93
   7741.321    13.964     1.47    1.56
   8119.370    14.164     0.53    1.32
   8497.458    14.101    -0.17    1.30
   8872.758    14.182     0.22    1.35
   9243.188    14.357     0.47    1.30
   9613.656    14.355    -0.01    1.33
   9984.162    14.377     0.06    1.34
  10354.705    14.305    -0.20    1.32
  10725.286    14.445     0.38    1.49
  11095.905    14.748     0.82    1.59
  11466.562    14.855     0.29    1.57
  11837.257    15.377     1.41    1.39
  12207.989    15.387     0.03    1.25
  12578.759    15.498     0.30    1.06
  12949.568    15.757     0.70    1.01
  13320.414    15.921     0.44    1.05
  13691.298    16.212     0.78    1.00
  14062.220    16.498     0.77    0.96
  14433.180    16.946     1.21    1.03
  14804.177    17.305     0.97    1.06
  15175.213    17.722     1.12    1.06
  15546.287    18.412     1.86    1.30
  15917.399    19.283     2.35    1.58
  16288.548    21.170     5.08    3.39
  16659.736    26.429    14.17    8.35
  17030.962    30.051     9.76    8.17
  17402.226    32.277     6.00    7.57
  17773.527    33.720     3.89    7.08
  18144.867    33.891     0.46    8.22
  18516.245    33.708    -0.49    8.39
  18887.661    33.340    -0.99    8.18
  19259.115    33.708     0.99    8.29
  19630.608    34.621     2.46    8.42
  20002.138    36.375     4.72    9.18
  20373.707    37.516     3.07    9.59
  20745.313    38.414     2.42    9.17
  21116.958    38.391    -0.06    8.05
  21488.641    36.926    -3.94    5.70
  21860.362    35.942    -2.65    3.41
  22232.122    35.636    -0.82    2.50
  22603.920    37.176     4.14    4.09
  22975.755    39.277     5.65    5.04
  23347.630    43.462    11.25    7.06
  23719.542    48.024    12.27    9.84
  24091.493    53.670    15.18   12.54
  24463.482    61.807    21.87   16.27
  24835.509    71.901    27.13   19.13
  25207.575    81.607    26.09   22.69
  25579.678    87.129    14.84   21.40
  25951.821    96.127    24.18   23.16
  26324.001   106.667    28.32   29.77
  26696.220   115.726    24.34   32.82
  27068.478   128.481    34.26   29.70
  27440.774   139.673    30.06   29.15
  27813.108   148.112    22.66   28.59
  28185.480   163.929    42.48   28.20
  28557.891   176.463    33.66   21.59
  28930.341   175.837    -1.68   21.00
  29302.829   171.898   -10.58   23.34
  29675.355   155.464   -44.12   28.90
  30047.920   139.408   -43.10   24.69
  30420.524   133.074   -17.00   23.33
  30793.166   134.625     4.16   27.02
  31165.846   151.498    45.28   27.74
  31538.565   160.808    24.98   19.76
  31911.323   162.112     3.50   19.21
  32284.119   155.463   -17.83   20.65
  32656.954   141.515   -37.41   25.53
  33029.827   124.854   -44.68   29.93
  33402.739   107.187   -47.38   32.21
  33775.690    87.294   -53.34   29.25
  34148.679    69.813   -46.87   15.97
  34521.707    62.658   -19.18    9.83
  34894.774    59.105    -9.53    9.48
  35267.879    56.808    -6.16    9.80
  35641.023    53.032   -10.12    7.81
  36014.205    50.566    -6.61    5.96
  36387.427    49.084    -3.97    4.30
  36760.687    47.998    -2.91    2.89
  37133.986    47.955    -0.11    2.65
  37507.323    47.724    -0.62    2.08
  37880.700    47.825     0.27    1.74
  38254.115    48.152     0.88    1.59
  38627.569    48.362     0.56    1.44
  39001.062    48.873     1.37    1.45
  39374.594    50.064     3.19    2.75
  39748.164    53.325     8.73    6.20
  40121.774    58.919    14.97   11.43
  40495.422    66.678    20.77   14.62
  40869.109    72.661    16.01   13.39
  41242.835    80.971    22.24   12.45
  41616.600    87.183    16.62   14.34
  41990.404    96.125    23.92   15.11
  42364.247   109.656    36.20   16.66
  42738.128   114.948    14.16   16.86
  43112.049   112.694    -6.03   16.89
  43486.009   110.550    -5.73   19.49
  43860.008   108.170    -6.37   23.08
  44234.045   111.498     8.90   25.35
  44608.122   115.129     9.71   24.10
  44982.238   118.924    10.14   23.49
  45356.393   124.357    14.52   21.33
  45730.587   133.094    23.35   24.82
  46104.820   145.531    33.23   23.32
  46479.092   156.551    29.45   15.60
  46853.403   157.814     3.37   13.14
  47227.754   153.014   -12.82   14.89
  47602.143   146.516   -17.36   14.51
  47976.572   143.252    -8.72   15.55
  48351.040   139.553    -9.88   15.77
  48725.547   135.287   -11.39   16.77
  49100.093   132.322    -7.92   16.30
  49474.678   130.764    -4.16   15.94
  49849.303   127.393    -9.00   15.07
  50223.967   128.428     2.76   17.73
  50598.670   131.718     8.78   21.39
  50973.412   134.105     6.37   22.09
  51348.194   135.515     3.76   21.92
  51723.015   129.442   -16.20   21.97
  52097.875   118.007   -30.51   21.63
  52472.774   104.743   -35.38   16.25
  52847.713    97.714   -18.75   12.04
  53222.692    95.551    -5.77   13.30
  53597.709    96.778     3.27   17.88
  53972.766    98.764     5.30   18.94
  54347.862    99.373     1.62   17.50
  54722.998    98.549    -2.19   14.84
  55098.173   102.609    10.82   16.00
  55473.388   113.015    27.74   20.93
  55848.642   123.796    28.73   19.77
  56223.936   133.214    25.10   14.42
  56599.269   137.623    11.75   12.54
  56974.641   135.340    -6.08   14.78
  57350.053   129.940   -14.38   15.41
  57725.505   128.426    -4.03   15.35
  58100.996   129.394     2.58   15.19
  58476.526   131.664     6.05   13.70
  58852.096   133.256     4.24   11.82
  59227.706   129.761    -9.31   11.59
  59603.355   123.449   -16.80   12.80
  59979.044   116.322   -18.97   13.01
  60354.773   109.908   -17.07   12.95
  60730.541    99.381   -28.02   11.13
  61106.348    92.194   -19.13    9.64
  61482.196    84.200   -21.27   10.01
  61858.083    75.942   -21.97    8.44
  62234.010    69.239   -17.83    8.21
  62609.976    63.355   -15.65    6.11
  62985.982    59.701    -9.72    4.40
  63362.028    56.603    -8.24    3.24
  63738.114    55.094    -4.01    2.83
  64114.239    52.814    -6.06    4.42
  64490.405    50.534    -6.06    5.30
  64866.610    47.621    -7.75    4.98
  65242.854    45.461    -5.74    2.94
  65619.139    44.761    -1.86    2.04
  65995.463    44.980     0.58    2.26
  66371.828    44.877    -0.27    2.39
  66748.232    44.343    -1.42    2.27
  67124.676    44.235    -0.29    2.11
  67501.160    44.563     0.87    1.80
  67877.684    45.183     1.65    1.31
  68254.247    45.638     1.21    1.17
  68630.851    46.182     1.44    1.34
  69007.494    46.929     1.98    1.38
  69384.178    47.585     1.74    1.14
  69760.901    48.112     1.40    1.16
  70137.665    48.396     0.75    1.09
  70514.468    48.837     1.17    1.13
  70891.312    48.864     0.07    1.10
  71268.195    48.743    -0.32    1.01
  71645.119    49.480     1.96    2.08
  72022.083    54.888    14.35   10.42
  72399.086    68.067    34.96   22.36
  72776.130    90.533    59.59   32.03
  73153.214   110.989    54.25   24.50
  73530.338   118.244    19.24   15.17
  73907.502   113.516   -12.54   18.83
  74284.706   104.334   -24.34   17.65
  74661.951    97.343   -18.53    8.82
  75039.235    98.739     3.70    8.94
  75416.560   106.214    19.81   12.20
  75793.925   114.325    21.50   18.05
  76171.331   128.129    36.58   23.62
  76548.776   141.813    36.25   24.55
  76926.262   148.379    17.40   23.57
  77303.788   152.748    11.57   20.34
  77681.354   154.074     3.51   16.97
  78058.960   156.601     6.69   14.85
  78436.607   165.641    23.94   20.06
  78814.294   185.599    52.85   26.04
  79192.022   206.294    54.79   24.21
  79569.790   221.694    40.77   22.20
  79947.598   229.633    21.02   16.69
  80325.446   235.929    16.66   15.44
  80703.335   247.722    31.21   21.26
  81081.265   254.735    18.56   30.01
  81459.235   258.142     9.01   36.14
  81837.245   252.605   -14.65   41.22
  82215.295   235.684   -44.76   38.46
  82593.387   214.447   -56.17   30.42
  82971.518   198.877   -41.18   23.07
  83349.690   183.929   -39.53   15.89
  83725.909   173.362   -28.09   12.26
  84096.218   167.375   -16.17    9.00
  84466.565   167.532     0.42   11.04
  84836.951   173.031    14.85   13.91
  85207.376   180.587    20.40   10.03
  85577.839   181.379     2.14    8.46
  85948.342   177.664   -10.03    9.56
  86318.883   174.641    -8.16    8.76
  86689.463   174.252    -1.05   10.17
  87060.081   177.350     8.36   11.49
  87430.739   184.568    19.47    9.69
  87801.435   188.739    11.25    7.13
  88172.171   189.142     1.09    7.04
  88542.945   186.182    -7.98    7.94
  88913.758   179.136   -19.00    8.61
  89284.609   172.105   -18.96    7.42
  89655.500   170.343    -4.75    6.66
  90026.430   171.643     3.51    8.75
  90397.398   180.383    23.56   13.72
  90768.406   190.134    26.29   11.14
  91139.452   193.481     9.02    8.83
  91510.538   191.298    -5.88   11.85
  91881.662   181.235   -27.12   13.80
  92252.826   173.891   -19.79    8.86
  92624.028   173.752    -0.37    9.66
  92995.270   175.067     3.54   10.78
  93366.550   175.533     1.26   10.35
  93737.870   171.383   -11.18   12.33
  94109.229   165.200   -16.65   12.66
  94480.627   160.446   -12.80   10.88
  94852.063   157.572    -7.74    9.01
  95223.539   158.277     1.90    8.05
  95595.055   161.801     9.49    7.84
  95966.609   167.131    14.35    8.01
  96338.202   172.393    14.16    6.03
  96709.835   173.901     4.06    5.62
  97081.507   172.921    -2.64    8.14
  97453.218   174.394     3.96    8.80
  97824.968   177.291     7.79    9.38
  98196.757   180.718     9.22    8.58
  98568.586   183.786     8.25    6.57
  98940.454   184.825     2.80    5.19
  99312.361   182.650    -5.85    7.81
  99684.307   180.831    -4.89    8.39
 100056.293   180.015    -2.19    7.66
 100428.318   182.837     7.59    9.32
 100800.383   187.858    13.50    9.07
 101172.486   191.569     9.97    9.09
 101544.630   196.481    13.20    9.45
 101916.812   203.820    19.72   11.84
 102289.034   216.094    32.98   19.98
 102661.295   235.808    52.96   31.90
 103033.596   253.926    48.67   37.50
 103405.936   260.808    18.48   34.23
 103778.315   249.158   -31.29   40.04
 104150.734   221.203   -75.07   49.54
 104523.193   182.641  -103.54   45.06
 104895.690   148.481   -91.71   39.98
 105268.228   125.428   -61.89   26.62
 105640.805   123.814    -4.33   28.55
 106013.421   132.187    22.48   33.08
 106386.077   143.636    30.72   30.36
 106758.773   159.618    42.89   19.67
 107131.508   165.129    14.79   16.30
 107504.282   172.039    18.54   12.55
 107877.096   177.825    15.52   10.40
 108249.950   181.954    11.07    7.51
 108622.844   183.061     2.97    7.06
 108995.777   181.328    -4.65    8.66
 109368.750   178.200    -8.39    8.32
 109741.762   175.596    -6.98    7.40
 110114.814   176.101     1.35    6.84
 110487.906   176.239     0.37    7.31
 110861.037   170.842   -14.47   11.81
 111234.209   164.084   -18.11   15.61
 111607.419   157.033   -18.89   16.02
 111980.670   146.313   -28.73   13.94
 112353.961   139.311   -18.76   12.86
 112727.291   140.118     2.16   14.04
 113100.661   139.481    -1.71   15.04
 113474.071   141.260     4.77   15.41
 113847.520   142.791     4.10   13.69
 114221.010   144.532     4.66   13.25
 114594.539   148.006     9.30   11.32
 114968.108   155.147    19.12   10.08
 115341.717   154.412    -1.97   17.28
 115715.366   145.744   -23.20   25.13
 116089.055   138.266   -20.01   28.30
 116462.784   130.650   -20.38   28.66
 116836.553   134.007     8.98   31.75
 117210.361   147.884    37.13   26.30
 117584.210   148.550     1.78   26.92
 117958.099   148.108    -1.18   32.66
 118332.027   145.377    -7.30   34.88
 118705.996   130.568   -39.60   40.34
 119080.005   122.973   -20.31   37.78
 119454.053   114.989   -21.35   39.77
 119828.142   119.101    10.99   42.38
 120202.271   123.643    12.14   47.16
 120576.440   128.825    13.85   50.23
 120950.649   131.322     6.67   56.23
 121324.898   127.532   -10.13   56.75
 121699.187   129.325     4.79   55.83
 122073.516   125.551   -10.08   54.47
 122447.886   126.645     2.92   50.16
 122822.295   126.898     0.67   45.11
 123196.745   130.136     8.65   39.90
 123571.235   132.080     5.19   34.67
 123945.766   129.317    -7.38   29.75
 124320.336   125.944    -9.01   23.75
 124694.947   119.136   -18.18   21.49
 125069.598   111.599   -20.12   21.81
 125444.289   110.515    -2.89   23.70
 125819.020   106.718   -10.13   25.71
 126193.792   101.389   -14.22   25.62
 126568.604    94.825   -17.51   27.03
 126943.457    81.444   -35.70   27.37
 127318.350    69.072   -33.01   26.17
 127693.283    57.708   -30.31   18.65
 128068.256    52.049   -15.09   11.47
 128443.270    50.331    -4.58    7.47
 128818.325    49.325    -2.68    4.35
 129193.419    50.340     2.71    5.07
 129568.555    50.389     0.13    4.80
 129943.730    50.921     1.42    5.35
 130318.946    53.587     7.10    8.50
 130694.203    57.645    10.82   12.24
 131069.500    66.244    22.91   19.58
 131444.837    75.929    25.81   27.05
 131820.215    84.498    22.83   29.76
