# NaN NaN NaN ;Mean Elev.(m), Avg Gradient(m/km), RMS Gradient(m/km) - SRTM1     
#  108.798   0.611   6.795 ;Mean Elev.(m), Avg Gradient(m/km), RMS Gradient(m/km) - ASTER GDEM
#  112.606   0.265   5.767 ;Mean Elev.(m), Avg Gradient(m/km), RMS Gradient(m/km) - GMTED2010 
  7   130.886 52468.09112854 18.44 127.509399  50.079312 14.492
  7   131.017 52468.09112918 17.97 127.507969  50.076082 14.492
  7   130.454 52468.09112983 16.98 127.506549  50.072842 14.492
  7   125.183 52468.09113047 16.50 127.505119  50.069612 14.492
  7   124.025 52468.09113112 18.00 127.503699  50.066372 14.492
  7   118.109 52468.09113176 20.04 127.502269  50.063142 14.492
  7   118.316 52468.09113305 20.99 127.499419  50.056672 14.492
  7   125.169 52468.09113370 17.04 127.497999  50.053432 14.492
  7   127.076 52468.09113434 13.95 127.496569  50.050202 14.492
  7   126.368 52468.09113499 15.17 127.495149  50.046962 14.492
  7   123.879 52468.09113563 16.68 127.493729  50.043732 14.492
  7   118.595 52468.09113628 23.28 127.492299  50.040492 14.492
  7   118.268 52468.09113692 27.43 127.490879  50.037262 14.492
  8   114.312 52503.09111851 19.91 127.505773  50.076683 13.090
  8   114.155 52503.09111915 19.78 127.504343  50.073453 13.090
  8   113.931 52503.09111980 17.66 127.502923  50.070213 13.090
  8   113.730 52503.09112044 18.83 127.501493  50.066983 13.090
  8   113.633 52503.09112109 18.81 127.500073  50.063743 13.090
  8   113.767 52503.09112173 20.90 127.498643  50.060513 13.090
  8   113.746 52503.09112238 21.25 127.497223  50.057273 13.090
  8   113.868 52503.09112302 19.69 127.495793  50.054043 13.090
  8   116.009 52503.09112366 15.11 127.494373  50.050803 13.090
  8   116.316 52503.09112431 17.16 127.492953  50.047573 13.090
  8   115.707 52503.09112495 19.51 127.491523  50.044333 13.090
  8   114.514 52503.09112560 25.76 127.490103  50.041103 13.090
 10   117.383 52573.09114287 47.40 127.509080  50.078228 21.292
 10   117.170 52573.09114352 43.23 127.507649  50.074995 47.529
 10   117.145 52573.09114416 45.43 127.506229  50.071765 47.529
 10   117.165 52573.09114481 45.60 127.504799  50.068525 47.529
 10   117.199 52573.09114545 44.61 127.503379  50.065295 47.529
 10   117.217 52573.09114609 45.88 127.501959  50.062055 47.529
 10   117.151 52573.09114674 47.04 127.500529  50.058825 47.529
 10   117.079 52573.09114738 47.47 127.499099  50.055585 47.529
 10   116.960 52573.09114803 47.74 127.497679  50.052355 47.529
 10   116.947 52573.09114867 46.12 127.496259  50.049115 47.529
 10   116.956 52573.09114932 48.01 127.494829  50.045885 47.529
 10   116.939 52573.09114996 48.06 127.493409  50.042645 47.529
 10   116.938 52573.09115061 49.00 127.491979  50.039415 47.529
 10   116.901 52573.09115125 46.89 127.490559  50.036175 47.529
 11   117.388 52608.09110055 24.74 127.510887  50.080253 20.066
 11   117.347 52608.09110120 25.43 127.509457  50.077023 20.066
 11   117.374 52608.09110184 23.06 127.508037  50.073783 20.066
 11   117.332 52608.09110249 24.28 127.506607  50.070553 20.066
 11   117.295 52608.09110313 23.92 127.505187  50.067313 20.066
 11   117.193 52608.09110378 26.97 127.503757  50.064083 20.066
 11   117.183 52608.09110442 26.20 127.502337  50.060843 20.066
 11   117.179 52608.09110506 27.17 127.500907  50.057613 20.066
 11   117.123 52608.09110571 30.03 127.499487  50.054383 20.066
 11   116.941 52608.09110635 27.80 127.498067  50.051143 20.066
 11   116.852 52608.09110700 26.44 127.496642  50.047907 16.868
 11   116.819 52608.09110764 24.75 127.495212  50.044677 16.868
 11   116.800 52608.09110829 24.14 127.493792  50.041437 16.868
 11   116.818 52608.09110893 25.39 127.492372  50.038207 16.868
 11   116.806 52608.09110958 24.67 127.490942  50.034967 16.868
 12   117.212 52643.09109724 13.17 127.513502  50.076824  8.514
 12   117.174 52643.09109788 13.40 127.512072  50.073594  8.514
 12   116.817 52643.09110239 16.67 127.502102  50.050944  8.514
 12   116.778 52643.09110304 16.63 127.500672  50.047714  8.514
 12   116.684 52643.09110368 17.15 127.499252  50.044474  8.514
 12   116.603 52643.09110433 17.01 127.497822  50.041244  8.514
 12   116.716 52643.09110497 16.09 127.496401  50.038008 10.519
 12   116.719 52643.09110562 16.34 127.494981  50.034778 10.519
 12   116.689 52643.09110626 14.72 127.493551  50.031538 10.519
 12   116.673 52643.09110691 16.18 127.492131  50.028308 10.519
 12   116.609 52643.09110755 15.31 127.490711  50.025068 10.519
 12   116.501 52643.09110819 16.43 127.489281  50.021838 10.519
 13   117.349 52678.09108020 11.50 127.510582  50.078273  8.649
 13   117.311 52678.09108085 11.06 127.509152  50.075043  8.649
 13   117.242 52678.09108149 13.31 127.507732  50.071803  8.649
 13   117.459 52678.09108214 13.11 127.506302  50.068573  8.649
 13   117.268 52678.09108278 14.43 127.504882  50.065333  8.649
 13   117.312 52678.09108343 13.46 127.503452  50.062103  8.649
 13   117.107 52678.09108407 15.16 127.502032  50.058863  8.649
 13   117.078 52678.09108471 16.15 127.500602  50.055633  8.649
 13   116.968 52678.09108536 16.28 127.499182  50.052393  8.649
 13   116.946 52678.09108600 15.67 127.497762  50.049163  8.649
 13   116.803 52678.09108665 15.39 127.496332  50.045923  8.649
 13   116.722 52678.09108729 15.41 127.494912  50.042693  8.649
 13   116.761 52678.09108794 15.08 127.493492  50.039453  8.649
 13   116.804 52678.09108858 12.76 127.492062  50.036223  8.649
 13   116.831 52678.09108923 13.01 127.490643  50.032985  8.415
 14   117.325 52713.09111722 11.83 127.512979  50.076227 10.242
 14   117.318 52713.09111787 12.55 127.511549  50.072997 10.242
 14   117.009 52713.09112174 17.24 127.502999  50.053587 10.242
 14   116.932 52713.09112238 15.04 127.501569  50.050347 10.242
 14   116.732 52713.09112303 15.60 127.500149  50.047117 10.242
 14   116.826 52713.09112367 14.13 127.498721  50.043883 10.801
 14   116.689 52713.09112432 13.64 127.497301  50.040653 10.801
 14   116.718 52713.09112496 13.19 127.495881  50.037413 10.801
 14   120.516 52713.09112560 13.34 127.494451  50.034183 10.801
 14   117.152 52713.09112625 12.97 127.493031  50.030943 10.801
 14   116.839 52713.09112689 14.73 127.491601  50.027713 10.801
 14   116.568 52713.09112754 18.29 127.490181  50.024473 10.801
 16   116.584 52783.09109077 26.22 127.500929  50.040199 31.001
 16   116.577 52783.09109142 29.35 127.499509  50.036959 31.001
 16   116.603 52783.09109206 30.19 127.498079  50.033729 31.001
 16   116.581 52783.09109271 31.60 127.496659  50.030489 31.001
 16   117.477 52783.09109335 28.62 127.495239  50.027259 31.001
 16   116.520 52783.09109400 30.98 127.493809  50.024019 31.001
 16   116.458 52783.09109464 34.93 127.492389  50.020789 31.001
 17   118.521 52818.09116136 24.01 127.516014  50.077656 17.152
 17   118.099 52818.09116652 19.60 127.504614  50.051776 17.152
 17   118.529 52818.09116716 16.20 127.503184  50.048546 17.152
 17   119.107 52818.09116781 15.39 127.501764  50.045306 17.152
 17   118.747 52818.09116909 18.41 127.498910  50.038841 10.326
 17   118.127 52818.09116974 22.41 127.497490  50.035601 10.326
 17   118.084 52818.09117038 23.49 127.496060  50.032371 10.326
 17   118.386 52818.09117103 24.61 127.494640  50.029131 10.326
 17   118.223 52818.09117167 24.86 127.493220  50.025901 10.326
 17   118.113 52818.09117232 22.70 127.491790  50.022661 10.326
 18   120.792 52853.09121668 51.04 127.503853  50.050036 45.982
 18   120.758 52853.09121733 52.17 127.502433  50.046796 45.982
 18   120.739 52853.09121797 50.25 127.501003  50.043566 45.982
 18   120.716 52853.09121862 51.41 127.499580  50.040329 35.857
 18   120.702 52853.09121926 51.81 127.498160  50.037099 35.857
 18   120.656 52853.09121991 51.57 127.496730  50.033859 35.857
 18   120.525 52853.09122055 53.66 127.495310  50.030629 35.857
 18   120.489 52853.09122120 54.14 127.493890  50.027389 35.857
 18   120.464 52853.09122184 52.58 127.492460  50.024159 35.857
 18   120.427 52853.09122248 51.55 127.491040  50.020919 35.857
 20   130.915 52923.09120090 17.33 127.502407  50.072922 12.413
 20   130.352 52923.09120155 16.69 127.500977  50.069692 12.413
 20   129.853 52923.09120219 14.84 127.499557  50.066452 12.413
 20   129.665 52923.09120284 15.05 127.498137  50.063222 12.413
 20   128.286 52923.09120348 19.25 127.496707  50.059982 12.413
 20   127.891 52923.09120413 19.36 127.495287  50.056752 12.413
 20   119.226 52923.09120477 27.68 127.493857  50.053512 12.413
 20   119.173 52923.09120542 23.84 127.492437  50.050282 12.413
 20   120.399 52923.09120606 20.56 127.491017  50.047042 12.413
 22   119.330 52993.09119108 20.85 127.516098  50.077695 12.844
 22   118.498 52993.09119623 21.34 127.504697  50.051820 12.342
 22   118.436 52993.09119688 19.76 127.503267  50.048590 12.342
 22   118.243 52993.09119752 18.84 127.501847  50.045350 12.342
 22   118.238 52993.09119817 17.97 127.500417  50.042120 12.342
 22   118.249 52993.09119881 19.16 127.498997  50.038880 12.342
 22   118.227 52993.09119946 19.08 127.497577  50.035650 12.342
 22   118.361 52993.09120010 19.95 127.496147  50.032410 12.342
 22   118.531 52993.09120075 19.36 127.494727  50.029180 12.342
 22   118.793 52993.09120139 18.65 127.493307  50.025940 12.342
 22   118.583 52993.09120204 19.00 127.491877  50.022710 12.342
 23   118.253 53028.09115571 19.03 127.510507  50.079605  8.197
 23   118.063 53028.09115635 18.50 127.509077  50.076375  8.197
 23   117.905 53028.09115700 18.84 127.507657  50.073135  8.197
 23   117.936 53028.09115764 18.01 127.506227  50.069905  8.197
 23   117.947 53028.09115829 18.33 127.504807  50.066665  8.197
 23   117.932 53028.09115893 16.98 127.503377  50.063435  8.197
 23   117.893 53028.09115958 15.69 127.501957  50.060195  8.197
 23   117.794 53028.09116022 15.28 127.500537  50.056965  8.197
 23   118.483 53028.09116087 12.38 127.499107  50.053725  8.197
 23   118.376 53028.09116151 12.07 127.497687  50.050495  8.197
 23   117.594 53028.09116215 13.04 127.496258  50.047257  5.436
 23   118.651 53028.09116280 13.17 127.494838  50.044027  5.436
 23   118.654 53028.09116344 13.74 127.493418  50.040787  5.436
 23   118.753 53028.09116409 14.03 127.491988  50.037557  5.436
 23   118.930 53028.09116473 14.28 127.490568  50.034317  5.436
 24   126.473 53063.09117224  9.31 127.501164  50.037293  3.521
 24   126.884 53063.09117289  9.50 127.499744  50.034053  3.521
 24   127.797 53063.09117353  9.63 127.498314  50.030823  3.521
 24   127.623 53063.09117418  9.98 127.496894  50.027583  3.521
 24   128.250 53063.09117482 10.18 127.495474  50.024353  3.521
 24   127.983 53063.09117547 10.74 127.494044  50.021113  3.521
 28   117.860 53203.09123713 51.32 127.511031  50.079140 39.229
 28   117.965 53203.09123777 52.71 127.509611  50.075900 39.229
 28   117.868 53203.09123842 52.46 127.508181  50.072670 39.229
 28   117.754 53203.09123906 53.27 127.506761  50.069430 39.229
 28   117.889 53203.09123971 51.94 127.505331  50.066200 39.229
 28   117.796 53203.09124035 51.82 127.503911  50.062960 39.229
 28   117.689 53203.09124099 52.69 127.502481  50.059730 39.229
 28   117.590 53203.09124164 55.09 127.501061  50.056490 39.229
 28   117.506 53203.09124228 52.77 127.499631  50.053260 39.229
 28   117.525 53203.09124293 50.97 127.498211  50.050020 39.229
 28   117.600 53203.09124357 48.67 127.496791  50.046790 39.229
 28   117.534 53203.09124422 49.07 127.495362  50.043553 23.239
 28   117.518 53203.09124486 45.92 127.493942  50.040323 23.239
 28   117.501 53203.09124551 47.48 127.492512  50.037083 23.239
 28   117.504 53203.09124615 38.41 127.491092  50.033853 23.239
 29   119.466 53238.09120600 23.14 127.513114  50.078113 16.111
 29   119.506 53238.09120665 23.54 127.511694  50.074873 16.111
 29   119.437 53238.09120729 23.22 127.510264  50.071643 16.111
 29   119.155 53238.09120794 20.82 127.508844  50.068403 16.111
 29   118.616 53238.09120858 21.01 127.507414  50.065173 16.111
 29   118.456 53238.09120923 21.67 127.505994  50.061933 16.111
 29   118.391 53238.09121116 16.80 127.501724  50.052233 16.111
 29   118.421 53238.09121181 17.76 127.500294  50.048993 16.111
 29   119.352 53238.09121245 16.87 127.498874  50.045763 16.111
 29   118.470 53238.09121310 19.98 127.497446  50.042524 21.245
 29   118.458 53238.09121374 23.23 127.496026  50.039294 21.245
 29   118.432 53238.09121439 25.42 127.494606  50.036054 21.245
 29   118.418 53238.09121503 27.63 127.493176  50.032824 21.245
 29   118.385 53238.09121567 30.05 127.491756  50.029584 21.245
 29   118.309 53238.09121632 26.91 127.490336  50.026354 21.245
 31   117.784 53308.09122480 51.88 127.509854  50.080864 47.319
 31   117.712 53308.09122545 50.51 127.508434  50.077624 47.319
 31   117.646 53308.09122609 50.37 127.507004  50.074394 47.319
 31   117.633 53308.09122674 50.82 127.505584  50.071154 47.319
 31   117.685 53308.09122738 51.35 127.504154  50.067924 47.319
 31   117.706 53308.09122803 51.13 127.502734  50.064684 47.319
 31   117.682 53308.09122867 51.78 127.501304  50.061454 47.319
 31   117.576 53308.09122932 54.34 127.499884  50.058214 47.319
 31   117.432 53308.09122996 53.26 127.498454  50.054984 47.319
 31   117.347 53308.09123061 53.57 127.497034  50.051744 47.319
 31   117.333 53308.09123125 52.56 127.495604  50.048514 47.319
 31   117.320 53308.09123190 49.96 127.494184  50.045284 47.319
 31   117.308 53308.09123254 52.29 127.492754  50.042044 47.319
 31   117.300 53308.09123319 52.45 127.491335  50.038808 32.220
 31   117.322 53308.09123383 49.16 127.489915  50.035578 32.220
 34   118.831 53413.09116818 10.61 127.514877  50.076726  5.949
 34   118.212 53413.09117334 12.13 127.503477  50.050846  5.949
 34   117.575 53413.09117398 12.13 127.502047  50.047616  5.949
 34   117.571 53413.09117463 11.72 127.500627  50.044376  5.949
 34   117.411 53413.09117527 12.94 127.499207  50.041146  5.949
 34   117.924 53413.09117591 11.50 127.497785  50.037909  4.782
 34   118.140 53413.09117656 11.37 127.496355  50.034679  4.782
 34   118.355 53413.09117720 11.38 127.494935  50.031439  4.782
 34   118.634 53413.09117785 11.25 127.493515  50.028209  4.782
 34   118.646 53413.09117849 10.59 127.492085  50.024969  4.782
 34   118.610 53413.09117914 11.23 127.490665  50.021739  4.782
 36   119.937 53483.09124023 46.88 127.508752  50.080905 32.144
 36   120.029 53483.09124088 52.47 127.507332  50.077665 32.144
 36   119.995 53483.09124152 52.59 127.505902  50.074435 32.144
 36   120.150 53483.09124217 51.05 127.504482  50.071195 32.144
 36   120.155 53483.09124281 50.61 127.503052  50.067965 32.144
 36   120.072 53483.09124346 51.68 127.501622  50.064725 32.144
 36   119.826 53483.09124410 48.38 127.500202  50.061495 32.144
 36   119.779 53483.09124475 35.78 127.498772  50.058255 32.144
 36   119.752 53483.09124539 33.07 127.497352  50.055025 32.144
 36   119.767 53483.09124603 32.52 127.495922  50.051785 32.144
 36   119.762 53483.09124668 33.09 127.494502  50.048555 32.144
 36   119.662 53483.09124732 34.63 127.493074  50.045318 28.646
 36   119.534 53483.09124797 34.94 127.491654  50.042088 28.646
 36   119.598 53483.09124861 36.69 127.490234  50.038848 28.646
 37   120.036 53518.09124014 23.09 127.511818  50.079719 10.308
 37   120.073 53518.09124078 25.46 127.510398  50.076479 10.308
 37   120.143 53518.09124143 24.01 127.508968  50.073249 10.308
 37   119.995 53518.09124207 25.21 127.507548  50.070009 10.308
 37   119.849 53518.09124272 25.83 127.506118  50.066779 10.308
 37   119.951 53518.09124336 28.33 127.504698  50.063539 10.308
 37   119.954 53518.09124400 26.16 127.503268  50.060309 10.308
 37   119.841 53518.09124465 23.65 127.501848  50.057069 10.308
 37   119.785 53518.09124529 23.75 127.500418  50.053839 10.308
 37   119.803 53518.09124594 23.21 127.498998  50.050599 10.308
 37   119.819 53518.09124658 23.78 127.497578  50.047369 10.308
 37   119.697 53518.09124723 24.76 127.496148  50.044129 10.308
 37   119.660 53518.09124787 26.24 127.494728  50.040899 10.308
 37   119.642 53518.09124852 30.19 127.493298  50.037660 22.195
 37   119.555 53518.09124916 33.70 127.491878  50.034430 22.195
 37   119.568 53518.09124981 34.44 127.490458  50.031190 22.195
 38   119.806 53553.09126448 29.82 127.499159  50.067637 13.136
 38   119.829 53553.09126513 30.65 127.497729  50.064407 13.136
 38   119.869 53553.09126577 30.00 127.496309  50.061167 13.136
 38   119.854 53553.09126642 33.24 127.494879  50.057937 13.136
 38   119.858 53553.09126706 30.48 127.493459  50.054697 13.136
 39   118.113 53588.09121240 51.01 127.512585  50.079476 49.474
 39   118.052 53588.09121304 52.72 127.511155  50.076246 49.474
 39   117.984 53588.09121369 52.93 127.509735  50.073006 49.474
 39   117.931 53588.09121433 54.62 127.508305  50.069776 49.474
 39   117.885 53588.09121498 54.07 127.506885  50.066536 49.474
 39   117.857 53588.09121562 53.50 127.505455  50.063306 49.474
 39   117.879 53588.09121627 52.89 127.504035  50.060066 49.474
 39   117.808 53588.09121691 51.54 127.502605  50.056836 49.474
 39   117.737 53588.09121755 53.70 127.501185  50.053596 49.474
 39   117.748 53588.09121820 50.50 127.499765  50.050366 49.474
 39   117.765 53588.09121884 47.06 127.498335  50.047126 49.474
 39   117.735 53588.09121949 46.38 127.496915  50.043896 49.474
 39   117.692 53588.09122013 48.12 127.495495  50.040656 49.474
 39   117.687 53588.09122078 49.76 127.494065  50.037426 49.474
 39   117.649 53588.09122142 54.71 127.492645  50.034187 28.698
 39   117.479 53588.09122207 52.68 127.491225  50.030957 28.698
 40   119.201 53623.09118365 24.60 127.512607  50.076480 19.008
 40   119.119 53623.09118429 24.57 127.511177  50.073250 19.008
 40   118.894 53623.09118494 14.91 127.509747  50.070010 19.008
 40   118.578 53623.09118558 16.00 127.508327  50.066780 19.008
 40   117.820 53623.09118623 17.12 127.506897  50.063540 19.008
 40   117.692 53623.09118816 22.33 127.502617  50.053840 19.008
 40   117.594 53623.09118881 19.79 127.501197  50.050600 19.008
 40   118.134 53623.09118945 15.43 127.499767  50.047370 19.008
 40   119.299 53623.09119010 13.96 127.498349  50.044135 20.701
 40   118.364 53623.09119074 18.01 127.496919  50.040905 20.701
 40   118.042 53623.09119139 21.16 127.495499  50.037665 20.701
 40   117.796 53623.09119203 24.84 127.494079  50.034435 20.701
 40   117.900 53623.09119267 23.01 127.492649  50.031195 20.701
 40   117.664 53623.09119332 23.18 127.491229  50.027965 20.701
 40   117.644 53623.09119396 22.36 127.489799  50.024725 20.701
 41   119.213 53658.09121118 22.24 127.512814  50.076573 24.677
 41   119.028 53658.09121182 22.03 127.511384  50.073343 24.677
 41   117.434 53658.09121311 27.57 127.508534  50.066873 24.677
 41   117.155 53658.09121569 27.83 127.502834  50.053933 24.677
 41   117.058 53658.09121634 30.51 127.501414  50.050693 24.677
 41   117.045 53658.09121698 18.40 127.499984  50.047463 24.677
 41   119.139 53658.09121763 14.31 127.498556  50.044228 25.091
 41   118.069 53658.09121827 19.50 127.497136  50.040998 25.091
 41   117.784 53658.09121892 24.07 127.495716  50.037758 25.091
 41   117.212 53658.09121956 26.85 127.494286  50.034528 25.091
 41   117.272 53658.09122020 27.83 127.492866  50.031288 25.091
 41   117.811 53658.09122085 22.85 127.491446  50.028058 25.091
 41   117.822 53658.09122149 22.35 127.490016  50.024818 25.091
 42   116.013 53693.09119297 34.62 127.506625  50.077982 40.659
 42   116.080 53693.09119362 37.52 127.505205  50.074742 40.659
 42   116.152 53693.09119426 39.21 127.503775  50.071512 40.659
 42   116.156 53693.09119491 42.51 127.502355  50.068272 40.659
 42   116.157 53693.09119555 47.17 127.500925  50.065042 40.659
 42   115.970 53693.09119620 49.99 127.499505  50.061802 40.659
 42   115.958 53693.09119684 44.19 127.498075  50.058572 40.659
 42   115.980 53693.09119748 43.34 127.496655  50.055332 40.659
 42   115.908 53693.09119813 50.78 127.495235  50.052102 40.659
 42   115.850 53693.09119877 47.80 127.493805  50.048862 40.659
 42   115.748 53693.09119942 47.34 127.492385  50.045632 40.659
 42   115.733 53693.09120006 39.20 127.490965  50.042392 40.659
 42   115.683 53693.09120071 36.01 127.489535  50.039162 40.659
 43   117.743 53728.09111682 16.53 127.504563  50.075007  8.763
 43   117.829 53728.09111747 16.43 127.503133  50.071777  8.763
 43   117.614 53728.09111811 16.55 127.501713  50.068537  8.763
 43   117.645 53728.09111876 17.64 127.500283  50.065307  8.763
 43   117.604 53728.09111940 17.88 127.498863  50.062067  8.763
 43   117.627 53728.09112005 17.56 127.497443  50.058837  8.763
 43   117.511 53728.09112069 17.18 127.496013  50.055597  8.763
 43   117.511 53728.09112133 16.69 127.494593  50.052367  8.763
 43   117.447 53728.09112198 17.76 127.493173  50.049127  8.763
 43   117.402 53728.09112262 17.24 127.491743  50.045897  8.763
 43   117.423 53728.09112327 16.94 127.490323  50.042657  8.763
 45   117.936 53798.09108374  8.73 127.509887  50.078542  4.966
 45   118.138 53798.09108439  8.70 127.508457  50.075312  4.966
 45   117.847 53798.09108503  9.12 127.507037  50.072072  4.966
 45   117.916 53798.09108568 10.01 127.505607  50.068842  4.966
 45   117.914 53798.09108632  9.88 127.504187  50.065602  4.966
 45   117.841 53798.09108697  9.76 127.502757  50.062372  4.966
 45   117.838 53798.09108761 10.40 127.501337  50.059132  4.966
 45   117.770 53798.09108825 10.15 127.499917  50.055902  4.966
 45   117.833 53798.09108890 10.71 127.498487  50.052662  4.966
 45   117.671 53798.09108954 10.88 127.497067  50.049432  4.966
 45   117.315 53798.09109019 11.73 127.495647  50.046192  4.966
 45   117.204 53798.09109083 11.98 127.494217  50.042962  4.966
 45   117.438 53798.09109148 10.27 127.492795  50.039724  4.382
 45   117.457 53798.09109212  9.58 127.491375  50.036494  4.382
 45   117.560 53798.09109277  9.00 127.489955  50.033254  4.382
 47   119.429 53868.09114347 40.43 127.512301  50.076939 24.557
 47   119.291 53868.09114411 41.29 127.510871  50.073709 24.557
 47   119.417 53868.09114476 40.99 127.509451  50.070469 24.557
 47   119.304 53868.09114540 40.05 127.508021  50.067239 24.557
 47   119.172 53868.09114605 39.41 127.506601  50.063999 24.557
 47   118.978 53868.09114669 37.38 127.505171  50.060769 24.557
 47   118.775 53868.09114734 29.61 127.503751  50.057529 24.557
 47   118.470 53868.09114798 24.56 127.502321  50.054299 24.557
 47   118.043 53868.09114862 24.34 127.500901  50.051059 24.557
 47   117.872 53868.09114927 22.10 127.499471  50.047829 24.557
 47   117.882 53868.09114991 19.14 127.498051  50.044589 24.557
 47   118.064 53868.09115056 17.44 127.496621  50.041359 24.557
 47   118.655 53868.09115120 16.41 127.495201  50.038119 24.557
 47   118.722 53868.09115185 15.33 127.493781  50.034889 24.557
 47   118.598 53868.09115249 16.31 127.492351  50.031649 24.557
 47   118.462 53868.09115314 18.24 127.490931  50.028419 24.557
 48   121.384 53903.09117466 27.12 127.510844  50.079009 16.304
 48   121.509 53903.09117530 27.09 127.509424  50.075769 16.304
 48   121.497 53903.09117594 27.15 127.507994  50.072539 16.304
 48   121.439 53903.09117659 24.45 127.506574  50.069299 16.304
 48   121.310 53903.09117723 24.45 127.505144  50.066069 16.304
 48   121.332 53903.09117788 26.13 127.503724  50.062829 16.304
 48   121.352 53903.09117852 24.53 127.502294  50.059599 16.304
 48   121.182 53903.09117917 22.70 127.500874  50.056359 16.304
 48   121.176 53903.09117981 19.26 127.499444  50.053129 16.304
 48   120.821 53903.09118046 19.28 127.498024  50.049889 16.304
 48   121.069 53903.09118110 18.13 127.496594  50.046659 16.304
 48   123.497 53903.09118175 17.62 127.495175  50.043421 11.935
 48   124.233 53903.09118239 17.73 127.493755  50.040191 11.935
 48   124.255 53903.09118304 17.29 127.492325  50.036951 11.935
 48   121.246 53903.09118368 19.58 127.490905  50.033721 11.935
 50   129.328 53973.09117636 15.52 127.498525  50.067408 17.872
 50   129.436 53973.09117701 11.65 127.497105  50.064178 17.872
 50   128.838 53973.09117765 13.25 127.495685  50.060938 17.872
 50   128.253 53973.09117830 15.51 127.494255  50.057708 17.872
 52   116.160 54043.09119500 46.61 127.498772  50.029679 32.233
 52   116.170 54043.09119564 47.51 127.497342  50.026439 32.233
 52   116.138 54043.09119629 51.57 127.495917  50.023202 37.772
 52   116.112 54043.09119693 50.26 127.494497  50.019972 37.772
 53   118.284 54078.09117923 24.19 127.508738  50.079976 23.203
 53   118.369 54078.09117987 24.00 127.507318  50.076736 23.203
 53   118.379 54078.09118052 25.90 127.505888  50.073506 23.203
 53   118.467 54078.09118116 29.31 127.504468  50.070266 23.203
 53   118.409 54078.09118181 28.83 127.503038  50.067036 23.203
 53   118.302 54078.09118245 27.51 127.501618  50.063796 23.203
 53   118.312 54078.09118310 27.07 127.500188  50.060566 23.203
 53   118.234 54078.09118374 27.81 127.498768  50.057326 23.203
 53   118.130 54078.09118439 28.11 127.497338  50.054096 23.203
 53   118.030 54078.09118503 25.57 127.495918  50.050856 23.203
 53   117.990 54078.09118567 23.64 127.494498  50.047626 23.203
 53   118.124 54078.09118632 24.35 127.493068  50.044386 23.203
 53   118.109 54078.09118696 24.19 127.491648  50.041156 23.203
 53   118.112 54078.09118761 25.17 127.490228  50.037916 23.203
 56   117.405 54183.09110888 31.74 127.498815  50.067639 22.598
 56   117.524 54183.09110953 32.93 127.497395  50.064409 22.598
 56   117.390 54183.09111017 33.66 127.495965  50.061169 22.598
 56   117.319 54183.09111081 33.05 127.494545  50.057939 22.598
 56   117.270 54183.09111146 32.94 127.493115  50.054699 22.598
 57   119.355 54218.09113208 27.72 127.513717  50.077714 26.572
 57   118.398 54218.09113273 31.04 127.512297  50.074484 26.572
 57   117.825 54218.09113724 36.80 127.502322  50.051837 33.581
 57   117.845 54218.09113789 27.24 127.500892  50.048607 33.581
 57   117.660 54218.09113853 20.86 127.499472  50.045367 33.581
 57   118.170 54218.09113918 20.48 127.498042  50.042137 33.581
 57   117.933 54218.09113982 24.79 127.496622  50.038897 33.581
 57   117.940 54218.09114047 26.39 127.495202  50.035667 33.581
 57   117.860 54218.09114111 26.45 127.493772  50.032427 33.581
 57   117.840 54218.09114175 26.99 127.492352  50.029197 33.581
 57   117.818 54218.09114240 31.89 127.490932  50.025957 33.581
 57   117.678 54218.09114304 36.75 127.489502  50.022727 33.581
 58   120.392 54253.09115684 22.34 127.512272  50.079972 13.711
 58   120.463 54253.09115749 23.11 127.510852  50.076732 13.711
 58   120.396 54253.09115813 24.18 127.509422  50.073502 13.711
 58   120.356 54253.09115878 23.53 127.507992  50.070262 13.711
 58   120.182 54253.09115942 24.40 127.506572  50.067032 13.711
 58   120.159 54253.09116007 27.31 127.505142  50.063792 13.711
 58   120.221 54253.09116071 29.46 127.503722  50.060562 13.711
 58   120.168 54253.09116136 31.24 127.502302  50.057322 13.711
 58   120.117 54253.09116200 27.26 127.500872  50.054092 13.711
 58   120.108 54253.09116265 26.48 127.499444  50.050854 28.197
 58   119.989 54253.09116329 27.06 127.498024  50.047624 28.197
 58   119.978 54253.09116393 27.55 127.496594  50.044384 28.197
 58   119.989 54253.09116458 29.18 127.495174  50.041154 28.197
 58   120.042 54253.09116522 31.10 127.493754  50.037914 28.197
 58   119.925 54253.09116587 34.13 127.492324  50.034684 28.197
 58   119.985 54253.09116651 33.30 127.490904  50.031444 28.197
 59   119.307 54288.09116172 31.47 127.511707  50.077685 21.850
 59   119.381 54288.09116237 32.56 127.510287  50.074445 21.850
 59   119.304 54288.09116301 37.08 127.508857  50.071215 21.850
 59   119.307 54288.09116366 39.78 127.507437  50.067975 21.850
 59   119.245 54288.09116430 41.52 127.506007  50.064745 21.850
 59   119.227 54288.09116495 43.32 127.504587  50.061505 21.850
 59   119.115 54288.09116559 46.30 127.503157  50.058275 21.850
 59   119.026 54288.09116624 46.51 127.501737  50.055035 21.850
 59   118.984 54288.09116688 44.37 127.500307  50.051805 21.850
 59   118.968 54288.09116753 39.84 127.498887  50.048569 26.799
 59   118.951 54288.09116817 37.19 127.497467  50.045339 26.799
 59   118.963 54288.09116881 38.73 127.496037  50.042099 26.799
 59   118.994 54288.09116946 43.13 127.494617  50.038869 26.799
 59   118.973 54288.09117010 49.30 127.493197  50.035629 26.799
 59   118.894 54288.09117075 49.62 127.491767  50.032399 26.799
 59   118.777 54288.09117139 50.79 127.490347  50.029159 26.799
 60   120.140 54323.09115886 25.76 127.512604  50.078412 17.147
 60   120.200 54323.09115950 27.45 127.511184  50.075172 17.147
 60   120.257 54323.09116015 26.14 127.509754  50.071942 17.147
 60   120.107 54323.09116079 25.79 127.508334  50.068702 17.147
 60   120.041 54323.09116144 26.18 127.506904  50.065472 17.147
 60   120.062 54323.09116208 29.29 127.505484  50.062232 17.147
 60   120.065 54323.09116273 23.07 127.504054  50.059002 17.147
 60   119.815 54323.09116337 21.86 127.502634  50.055762 17.147
 60   119.831 54323.09116402 22.10 127.501204  50.052532 17.147
 60   119.832 54323.09116466 23.39 127.499782  50.049295 18.266
 60   119.747 54323.09116531 22.62 127.498362  50.046065 18.266
 60   119.782 54323.09116595 21.95 127.496932  50.042825 18.266
 60   119.794 54323.09116659 21.63 127.495512  50.039595 18.266
 60   119.809 54323.09116724 22.34 127.494092  50.036355 18.266
 60   119.704 54323.09116788 25.58 127.492662  50.033125 18.266
 60   119.653 54323.09116853 24.95 127.491242  50.029885 18.266
 60   119.606 54323.09116917 27.50 127.489822  50.026655 18.266
 61   119.849 54358.09111740 17.90 127.502632  50.072933 13.364
 61   119.280 54358.09111805 15.54 127.501202  50.069703 13.364
 61   119.372 54358.09111869 14.50 127.499782  50.066463 13.364
 61   119.540 54358.09111934 13.45 127.498362  50.063233 13.364
 61   128.031 54358.09111998 13.61 127.496932  50.059993 13.364
 61   119.908 54358.09112063 19.77 127.495512  50.056763 13.364
 61   119.917 54358.09112127 21.31 127.494082  50.053523 13.364
 61   120.149 54358.09112192 21.19 127.492662  50.050293 13.364
 61   120.143 54358.09112256 22.67 127.491238  50.047053 24.191
 61   119.697 54358.09112321 23.78 127.489818  50.043823 24.191
 62   119.248 54393.09109939 20.44 127.512997  50.077840 21.908
 62   119.364 54393.09110004 21.78 127.511577  50.074600 21.908
 62   119.208 54393.09110068 19.82 127.510147  50.071370 21.908
 62   117.607 54393.09110132 26.01 127.508727  50.068130 21.908
 62   117.639 54393.09110197 21.97 127.507297  50.064900 21.908
 62   117.698 54393.09110261 20.59 127.505877  50.061660 21.908
 62   117.258 54393.09110455 24.60 127.501597  50.051960 21.908
 62   117.305 54393.09110519 17.96 127.500177  50.048720 21.908
 62   119.310 54393.09110584 15.46 127.498747  50.045490 21.908
 62   119.185 54393.09110648 15.99 127.497329  50.042254 16.020
 62   118.193 54393.09110713 22.10 127.495909  50.039024 16.020
 62   118.274 54393.09110777 21.65 127.494479  50.035784 16.020
 62   117.826 54393.09110842 23.11 127.493059  50.032554 16.020
 62   117.757 54393.09110906 22.61 127.491629  50.029314 16.020
 62   117.849 54393.09110971 21.31 127.490209  50.026084 16.020
 63   116.338 54428.09106648 35.39 127.509625  50.078671 36.906
 63   116.307 54428.09106713 34.83 127.508195  50.075441 36.906
 63   116.281 54428.09106777 38.13 127.506775  50.072201 36.906
 63   116.330 54428.09106842 33.73 127.505345  50.068971 36.906
 63   116.333 54428.09106906 33.45 127.503925  50.065731 36.906
 63   116.117 54428.09106971 31.93 127.502495  50.062501 36.906
 63   116.008 54428.09107035 30.82 127.501075  50.059261 36.906
 63   115.950 54428.09107100 31.53 127.499655  50.056031 36.906
 63   115.992 54428.09107164 39.25 127.498225  50.052791 36.906
 63   116.075 54428.09107229 37.01 127.496805  50.049561 36.906
 63   116.040 54428.09107293 36.87 127.495375  50.046321 36.906
 63   116.019 54428.09107358 36.99 127.493955  50.043091 36.906
 63   115.815 54428.09107422 36.88 127.492529  50.039853 24.939
 63   115.759 54428.09107486 31.60 127.491109  50.036623 24.939
 65   117.322 54498.09107544 20.09 127.510276  50.079163  8.553
 65   117.347 54498.09107608 20.17 127.508846  50.075933  8.553
 65   117.281 54498.09107673 19.61 127.507426  50.072693  8.553
 65   117.302 54498.09107737 18.87 127.505996  50.069463  8.553
 65   117.386 54498.09107802 18.47 127.504576  50.066223  8.553
 65   117.431 54498.09107866 17.57 127.503146  50.062993  8.553
 65   117.445 54498.09107931 17.63 127.501726  50.059753  8.553
 65   117.393 54498.09107995 18.70 127.500296  50.056523  8.553
 65   117.360 54498.09108060 18.53 127.498876  50.053283  8.553
 65   117.184 54498.09108124 18.15 127.497456  50.050053  8.553
 65   117.165 54498.09108189 18.25 127.496026  50.046813  8.553
 65   117.038 54498.09108253 18.75 127.494606  50.043583  8.553
 65   116.968 54498.09108317 18.60 127.493179  50.040346  6.903
 65   117.085 54498.09108382 17.47 127.491759  50.037116  6.903
 65   117.392 54498.09108446 17.72 127.490339  50.033876  6.903
 66   117.542 54533.09109134 23.78 127.514514  50.077569 18.560
 66   117.570 54533.09109199 24.82 127.513094  50.074329 18.560
 66   117.172 54533.09109650 25.95 127.503114  50.051689 18.560
 66   117.143 54533.09109714 25.89 127.501688  50.048453 20.535
 66   117.049 54533.09109779 27.43 127.500268  50.045223 20.535
 66   117.018 54533.09109843 28.92 127.498838  50.041983 20.535
 66   117.008 54533.09109908 27.68 127.497418  50.038753 20.535
 66   117.048 54533.09109972 27.91 127.495998  50.035513 20.535
 66   117.077 54533.09110037 27.24 127.494568  50.032283 20.535
 66   117.135 54533.09110101 26.72 127.493148  50.029043 20.535
 66   116.997 54533.09110166 25.58 127.491728  50.025813 20.535
 66   116.956 54533.09110230 24.21 127.490298  50.022573 20.535
 67   118.485 54568.09108028 31.66 127.504670  50.076483 21.929
 67   118.273 54568.09108092 28.22 127.503240  50.073253 21.929
 67   118.108 54568.09108157 23.96 127.501820  50.070013 21.929
 67   118.111 54568.09108221 22.29 127.500390  50.066783 21.929
 67   118.129 54568.09108286 23.20 127.498970  50.063543 21.929
 67   118.215 54568.09108350 27.35 127.497550  50.060313 21.929
 67   118.186 54568.09108415 31.62 127.496120  50.057073 21.929
 67   118.193 54568.09108479 28.20 127.494700  50.053843 21.929
 67   117.964 54568.09108544 26.19 127.493280  50.050603 21.929
 67   119.642 54568.09108608 21.43 127.491850  50.047373 21.929
 67   118.862 54568.09108673 26.33 127.490426  50.044132 25.913
 68   119.088 54603.09108597 20.18 127.512868  50.078568 21.179
 68   119.182 54603.09108661 22.77 127.511438  50.075338 21.179
 68   118.537 54603.09108725 22.61 127.510018  50.072098 21.179
 68   117.715 54603.09108790 28.75 127.508588  50.068868 21.179
 68   117.723 54603.09108854 22.28 127.507168  50.065628 21.179
 68   117.661 54603.09108919 23.88 127.505738  50.062398 21.179
 68   117.556 54603.09108983 28.08 127.504318  50.059158 21.179
 68   117.613 54603.09109048 30.39 127.502888  50.055928 21.179
 68   117.547 54603.09109112 30.48 127.501468  50.052688 21.179
 68   117.367 54603.09109177 22.97 127.500038  50.049458 21.179
 68   118.262 54603.09109241 17.43 127.498614  50.046221 17.524
 68   119.247 54603.09109306 15.14 127.497194  50.042991 17.524
 68   118.324 54603.09109370 20.16 127.495764  50.039751 17.524
 68   117.725 54603.09109435 26.27 127.494344  50.036521 17.524
 68   117.689 54603.09109499 27.49 127.492924  50.033281 17.524
 68   117.494 54603.09109564 26.75 127.491494  50.030051 17.524
 68   117.447 54603.09109628 25.99 127.490074  50.026811 17.524
 69   118.165 54638.09109690 18.85 127.510435  50.080320 15.532
 69   118.192 54638.09109755 16.77 127.509005  50.077090 15.532
 69   118.098 54638.09109819 16.10 127.507585  50.073850 15.532
 69   117.635 54638.09109884 19.74 127.506155  50.070620 15.532
 69   117.398 54638.09109948 21.61 127.504735  50.067380 15.532
 69   117.368 54638.09110012 18.60 127.503305  50.064150 15.532
 69   117.237 54638.09110077 20.17 127.501885  50.060910 15.532
 69   117.292 54638.09110141 24.63 127.500455  50.057680 15.532
 69   117.381 54638.09110206 25.42 127.499035  50.054450 15.532
 69   117.253 54638.09110270 23.56 127.497605  50.051210 15.532
 69   119.922 54638.09110335 17.44 127.496185  50.047974 28.996
 69   120.044 54638.09110399 16.14 127.494765  50.044744 28.996
 69   119.091 54638.09110464 19.01 127.493335  50.041504 28.996
 69   118.026 54638.09110528 27.35 127.491915  50.038274 28.996
 69   117.892 54638.09110593 27.95 127.490495  50.035034 28.996
 70   118.580 54673.09110017 37.74 127.509291  50.078583 25.068
 70   118.459 54673.09110081 32.94 127.507871  50.075353 25.068
 70   118.366 54673.09110146 30.43 127.506441  50.072113 25.068
 70   118.532 54673.09110210 32.26 127.505021  50.068883 25.068
 70   118.519 54673.09110275 34.61 127.503591  50.065643 25.068
 70   118.458 54673.09110339 40.13 127.502171  50.062413 25.068
 70   118.434 54673.09110404 42.01 127.500750  50.059176 32.081
 70   118.366 54673.09110468 42.07 127.499320  50.055946 32.081
 70   118.321 54673.09110533 40.82 127.497900  50.052706 32.081
 70   118.289 54673.09110597 39.21 127.496470  50.049476 32.081
 70   118.258 54673.09110662 36.16 127.495050  50.046236 32.081
 70   118.210 54673.09110726 34.25 127.493630  50.043006 32.081
 70   118.170 54673.09110791 33.12 127.492200  50.039766 32.081
 70   118.123 54673.09110855 35.55 127.490780  50.036536 32.081
 71   118.130 54708.09105840 50.49 127.510082  50.081257 37.795
 71   118.112 54708.09105904 52.82 127.508652  50.078027 37.795
 71   118.137 54708.09105968 50.89 127.507232  50.074787 37.795
 71   118.203 54708.09106033 48.37 127.505802  50.071557 37.795
 71   118.024 54708.09106097 51.82 127.504382  50.068317 37.795
 71   118.160 54708.09106162 50.06 127.502952  50.065087 37.795
 71   118.066 54708.09106226 50.15 127.501532  50.061847 37.795
 71   118.019 54708.09106291 53.57 127.500112  50.058617 37.795
 71   117.952 54708.09106355 52.41 127.498682  50.055377 37.795
 71   117.889 54708.09106420 45.14 127.497262  50.052147 37.795
 71   117.759 54708.09106484 36.01 127.495832  50.048907 37.795
 71   117.684 54708.09106549 33.03 127.494412  50.045677 37.795
 71   117.826 54708.09106613 38.70 127.492986  50.042438 21.722
 71   117.799 54708.09106678 45.88 127.491566  50.039208 21.722
 71   117.645 54708.09106742 49.66 127.490146  50.035968 21.722
 72 14565.581 54743.09106611 44.91 127.512924  50.077123 35.345
 72 14565.518 54743.09106675 48.78 127.511504  50.073883 35.345
 72 14565.475 54743.09106740 51.18 127.510074  50.070653 35.345
 72 14565.380 54743.09106804 52.20 127.508644  50.067413 35.345
 72 14565.242 54743.09106869 50.26 127.507224  50.064183 35.345
 72 14565.129 54743.09107126 52.48 127.501524  50.051243 35.345
 72 14565.099 54743.09107191 51.08 127.500098  50.048009 35.074
 72 14565.098 54743.09107255 50.31 127.498678  50.044779 35.074
 72 14565.057 54743.09107320 49.95 127.497258  50.041539 35.074
 72 14565.030 54743.09107384 50.34 127.495828  50.038309 35.074
 72 14564.984 54743.09107449 50.59 127.494408  50.035069 35.074
 72 14564.896 54743.09107513 51.35 127.492978  50.031839 35.074
 72 14564.849 54743.09107578 49.34 127.491558  50.028599 35.074
 72 14564.812 54743.09107642 49.48 127.490138  50.025369 35.074
 73   118.038 54778.09104154 38.47 127.510320  50.077763 36.617
 73   117.993 54778.09104218 39.26 127.508900  50.074523 36.617
 73   117.974 54778.09104283 39.52 127.507470  50.071293 36.617
 73   117.955 54778.09104347 42.50 127.506050  50.068053 36.617
 73   117.990 54778.09104412 43.77 127.504620  50.064823 36.617
 73   117.933 54778.09104476 44.59 127.503200  50.061583 36.617
 73   117.787 54778.09104541 44.73 127.501770  50.058353 36.617
 73   117.694 54778.09104605 47.94 127.500350  50.055123 36.617
 73   117.717 54778.09104670 45.09 127.498930  50.051883 36.617
 73   117.734 54778.09104734 45.18 127.497503  50.048647 35.579
 73   117.707 54778.09104799 44.32 127.496083  50.045417 35.579
 73   117.679 54778.09104863 45.78 127.494653  50.042177 35.579
 73   117.651 54778.09104928 47.41 127.493233  50.038947 35.579
 73   117.643 54778.09104992 49.05 127.491803  50.035707 35.579
 73   117.566 54778.09105057 45.93 127.490383  50.032477 35.579
 74   118.732 54813.09106460 22.74 127.504156  50.050911 13.222
 74   118.566 54813.09106524 23.37 127.502734  50.047675 16.151
 74   118.486 54813.09106589 22.50 127.501304  50.044445 16.151
 74   118.577 54813.09106653 21.50 127.499884  50.041205 16.151
 74   118.557 54813.09106718 23.09 127.498454  50.037975 16.151
 74   118.586 54813.09106782 23.59 127.497034  50.034735 16.151
 74   118.635 54813.09106847 24.42 127.495604  50.031505 16.151
 74   118.598 54813.09106911 24.27 127.494184  50.028265 16.151
 74   118.480 54813.09106975 24.34 127.492764  50.025035 16.151
 74   118.437 54813.09107040 24.21 127.491334  50.021795 16.151
 75   118.404 54848.09104056 12.50 127.509268  50.080764  6.841
 75   118.520 54848.09104121 12.65 127.507848  50.077524  6.841
 75   118.505 54848.09104185 13.65 127.506418  50.074294  6.841
 75   118.480 54848.09104250 13.74 127.504998  50.071054  6.841
 75   118.349 54848.09104314 14.97 127.503568  50.067824  6.841
 75   118.281 54848.09104379 15.93 127.502148  50.064584  6.841
 75   118.345 54848.09104443 15.26 127.500718  50.061354  6.841
 75   118.300 54848.09104508 15.43 127.499298  50.058114  6.841
 75   118.052 54848.09104572 16.09 127.497878  50.054884  6.841
 75   117.924 54848.09104637 15.42 127.496448  50.051644  6.841
 75   117.994 54848.09104701 15.06 127.495028  50.048414  6.841
 75   117.841 54848.09104766 16.13 127.493597  50.045177  6.262
 75   117.861 54848.09104830 15.21 127.492177  50.041947  6.262
 75   118.046 54848.09104894 14.65 127.490757  50.038707  6.262
 76   130.284 54883.09106265  8.04 127.513083  50.079231  3.717
 76   121.835 54883.09106329  8.98 127.511663  50.075991  3.717
 76   118.650 54883.09106394  9.73 127.510233  50.072761  3.717
 76   118.777 54883.09106458 10.21 127.508803  50.069521  3.717
 76   125.463 54883.09106523  9.57 127.507383  50.066291  3.717
 76   129.233 54883.09106587  9.61 127.505963  50.063051  3.717
 76   129.331 54883.09106652  9.19 127.504533  50.059821  3.717
 76   128.502 54883.09106716  9.43 127.503113  50.056591  3.717
 76   128.046 54883.09106781  9.80 127.501683  50.053351  3.717
 76   127.730 54883.09106845  9.43 127.500255  50.050117  3.558
 76   127.123 54883.09106909  9.83 127.498835  50.046887  3.558
 76   126.780 54883.09106974 10.68 127.497415  50.043647  3.558
 76   126.986 54883.09107038 10.93 127.495985  50.040417  3.558
 76   128.518 54883.09107103  9.66 127.494565  50.037177  3.558
 76   129.508 54883.09107167  9.57 127.493135  50.033947  3.558
 76   129.345 54883.09107232  9.57 127.491715  50.030707  3.558
 76   129.612 54883.09107296 10.19 127.490295  50.027477  3.558
 78   120.408 54953.09105647 24.75 127.512841  50.078920 18.594
 78   120.365 54953.09105712 25.10 127.511411  50.075690 18.594
 78   120.423 54953.09105776 25.55 127.509991  50.072450 18.594
 78   120.422 54953.09105840 22.88 127.508561  50.069220 18.594
 78   120.133 54953.09105905 23.85 127.507131  50.065980 18.594
 78   120.383 54953.09105969 22.15 127.505711  50.062750 18.594
 78   126.990 54953.09106034 16.39 127.504291  50.059510 18.594
 78   120.191 54953.09106098 13.20 127.502861  50.056280 18.594
 78   120.127 54953.09106163 13.03 127.501441  50.053040 18.594
 78   120.090 54953.09106227 14.78 127.500011  50.049810 18.594
 78   120.010 54953.09106292 17.27 127.498585  50.046572 14.586
 78   120.033 54953.09106356 18.97 127.497165  50.043342 14.586
 78   120.678 54953.09106421 17.68 127.495735  50.040102 14.586
 78   120.068 54953.09106485 18.64 127.494315  50.036872 14.586
 78   120.009 54953.09106550 19.58 127.492895  50.033632 14.586
 78   120.152 54953.09106614 18.10 127.491465  50.030402 14.586
 78   119.668 54953.09106679 21.04 127.490045  50.027162 14.586
 79   119.459 54988.09108070 47.24 127.510972  50.080101 35.246
 79   119.468 54988.09108135 45.84 127.509542  50.076871 35.246
 79   119.348 54988.09108199 45.95 127.508122  50.073631 35.246
 79   119.408 54988.09108264 44.28 127.506692  50.070401 35.246
 79   119.246 54988.09108328 47.10 127.505262  50.067161 35.246
 79   119.389 54988.09108393 46.59 127.503842  50.063931 35.246
 79   119.228 54988.09108457 43.11 127.502422  50.060691 35.246
 79   119.056 54988.09108522 37.33 127.500992  50.057461 35.246
 79   118.921 54988.09108586 30.99 127.499572  50.054231 35.246
 79   119.103 54988.09108651 34.63 127.498142  50.050991 35.246
 79   119.058 54988.09108715 41.08 127.496717  50.047755 33.097
 79   119.095 54988.09108780 40.53 127.495297  50.044525 33.097
 79   119.050 54988.09108844 42.75 127.493867  50.041285 33.097
 79   119.024 54988.09108909 36.03 127.492447  50.038055 33.097
 79   118.935 54988.09108973 35.60 127.491027  50.034815 33.097
 80   119.472 55023.09107344 48.04 127.510676  50.077498 37.921
 80   119.603 55023.09107409 49.20 127.509256  50.074258 37.921
 80   119.464 55023.09107473 50.14 127.507826  50.071028 37.921
 80   119.426 55023.09107538 50.93 127.506406  50.067788 37.921
 80   119.484 55023.09107602 52.61 127.504976  50.064558 37.921
 80   119.385 55023.09107667 52.13 127.503556  50.061318 37.921
 80   119.278 55023.09107731 52.29 127.502126  50.058088 37.921
 80   119.196 55023.09107795 53.43 127.500706  50.054848 37.921
 80   119.270 55023.09107860 52.77 127.499276  50.051618 37.921
 80   119.312 55023.09107924 51.21 127.497858  50.048381 40.297
 80   119.294 55023.09107989 49.86 127.496438  50.045151 40.297
 80   119.268 55023.09108053 52.52 127.495008  50.041911 40.297
 80   119.249 55023.09108118 51.79 127.493588  50.038681 40.297
 80   119.197 55023.09108182 53.27 127.492158  50.035441 40.297
 80   119.068 55023.09108247 54.23 127.490738  50.032211 40.297
 81   120.362 55058.09106825 45.10 127.511414  50.080141 33.928
 81   120.260 55058.09106889 45.47 127.509994  50.076901 33.928
 81   120.384 55058.09106954 44.78 127.508564  50.073671 33.928
 81   120.220 55058.09107018 47.92 127.507144  50.070431 33.928
 81   120.247 55058.09107083 48.94 127.505714  50.067201 33.928
 81   120.301 55058.09107147 49.62 127.504294  50.063961 33.928
 81   120.246 55058.09107212 49.04 127.502864  50.060731 33.928
 81   120.186 55058.09107276 49.67 127.501444  50.057491 33.928
 81   120.127 55058.09107341 50.89 127.500014  50.054261 33.928
 81   120.063 55058.09107405 49.25 127.498594  50.051021 33.928
 81   120.004 55058.09107470 53.04 127.497174  50.047791 33.928
 81   119.957 55058.09107534 51.61 127.495748  50.044552 41.741
 81   119.909 55058.09107599 52.55 127.494318  50.041322 41.741
 81   119.895 55058.09107663 52.08 127.492898  50.038082 41.741
 81   119.907 55058.09107728 53.28 127.491478  50.034852 41.741
 82   120.873 55093.09102527 46.75 127.501762  50.071983 28.883
 82   120.828 55093.09102591 49.39 127.500342  50.068743 28.883
 82   120.764 55093.09102656 49.86 127.498912  50.065513 28.883
 82   120.657 55093.09102720 50.74 127.497492  50.062273 28.883
 82   120.602 55093.09102785 49.01 127.496072  50.059043 28.883
 82   120.635 55093.09102849 50.41 127.494642  50.055803 28.883
 82   120.699 55093.09102914 51.78 127.493222  50.052573 28.883
 82   120.667 55093.09102978 51.23 127.491802  50.049333 28.883
 83   119.243 55128.09100927 53.06 127.512954  50.079061 46.573
 83   119.266 55128.09100992 54.22 127.511534  50.075821 46.573
 83   119.278 55128.09101056 53.18 127.510104  50.072591 46.573
 83   119.257 55128.09101120 52.85 127.508684  50.069351 46.573
 83   119.259 55128.09101185 53.35 127.507254  50.066121 46.573
 83   119.169 55128.09101249 52.25 127.505834  50.062881 46.573
 83   119.108 55128.09101314 52.49 127.504404  50.059651 46.573
 83   118.999 55128.09101378 52.58 127.502984  50.056411 46.573
 83   118.981 55128.09101443 52.62 127.501554  50.053181 46.573
 83   119.007 55128.09101507 51.27 127.500129  50.049946 45.635
 83   118.999 55128.09101572 49.62 127.498709  50.046716 45.635
 83   119.008 55128.09101636 51.23 127.497279  50.043476 45.635
 83   118.992 55128.09101701 51.61 127.495859  50.040246 45.635
 83   118.905 55128.09101765 52.68 127.494439  50.037006 45.635
 83   118.835 55128.09101830 53.28 127.493009  50.033776 45.635
 83   118.752 55128.09101894 51.54 127.491589  50.030536 45.635
 83   118.694 55128.09101959 53.73 127.490169  50.027306 45.635
 84 14562.401 55163.09098514 22.81 127.509820  50.080015 24.349
 84 14562.446 55163.09098578 28.93 127.508400  50.076775 24.349
 84 14562.313 55163.09098643 24.83 127.506970  50.073545 24.349
 84 14562.283 55163.09098707 28.15 127.505550  50.070305 24.349
 84 14562.341 55163.09098772 32.07 127.504120  50.067075 24.349
 84 14562.362 55163.09098836 31.52 127.502700  50.063835 24.349
 84 14562.147 55163.09098901 27.86 127.501270  50.060605 24.349
 84 14561.887 55163.09098965 30.08 127.499850  50.057365 24.349
 84 14561.834 55163.09099030 29.55 127.498430  50.054135 24.349
 84 14561.758 55163.09099094 25.49 127.497000  50.050895 24.349
 84 14561.726 55163.09099159 25.66 127.495580  50.047665 24.349
 84 14561.914 55163.09099223 28.57 127.494158  50.044427 31.940
 84 14561.776 55163.09099288 28.91 127.492728  50.041197 31.940
 84 14561.745 55163.09099352 32.96 127.491308  50.037957 31.940
 84 14561.679 55163.09099417 32.79 127.489888  50.034727 31.940
 85   119.644 55198.09100075 11.46 127.513595  50.076504  5.283
 85   122.302 55198.09100140 10.70 127.512175  50.073264  5.283
 85   125.445 55198.09100591 12.23 127.502195  50.050624  5.283
 85   126.777 55198.09100655 11.21 127.500767  50.047389  6.320
 85   126.222 55198.09100720 12.27 127.499347  50.044159  6.320
 85   125.854 55198.09100784 12.16 127.497917  50.040919  6.320
 85   125.615 55198.09100849 12.32 127.496497  50.037689  6.320
 85   118.741 55198.09100913 14.46 127.495077  50.034449  6.320
 85   118.797 55198.09100978 14.31 127.493647  50.031219  6.320
 85   118.753 55198.09101042 14.08 127.492227  50.027979  6.320
 85   118.472 55198.09101107 14.91 127.490807  50.024749  6.320
 85   118.627 55198.09101171 14.22 127.489377  50.021509  6.320
 86   131.784 55233.09099037  7.10 127.504806  50.076631  3.874
 86   124.519 55233.09099101  8.64 127.503386  50.073391  3.874
 86   130.644 55233.09099166  8.64 127.501956  50.070161  3.874
 86   130.309 55233.09099230  8.76 127.500536  50.066921  3.874
 86   128.024 55233.09099295  8.96 127.499106  50.063691  3.874
 86   133.225 55233.09099359  7.42 127.497686  50.060451  3.874
 86   133.690 55233.09099424  7.74 127.496266  50.057221  3.874
 86   134.084 55233.09099488  7.47 127.494836  50.053981  3.874
 86   128.997 55233.09099552  8.41 127.493416  50.050751  3.874
 86   135.678 55233.09099617  7.97 127.491987  50.047515  2.899
 86   136.158 55233.09099681  7.74 127.490567  50.044285  2.899
 86   137.429 55233.09099746  8.29 127.489147  50.041045  2.899
 87   131.127 55268.09099519  5.43 127.512930  50.078732  3.716
 87   130.511 55268.09099584  5.89 127.511510  50.075492  3.716
 87   130.703 55268.09099648  6.44 127.510080  50.072262  3.716
 87   129.298 55268.09099713  6.89 127.508650  50.069022  3.716
 87   129.224 55268.09099777  7.80 127.507230  50.065792  3.716
 87   129.208 55268.09099841  7.93 127.505810  50.062552  3.716
 87   129.735 55268.09099906  6.81 127.504380  50.059322  3.716
 87   128.949 55268.09099970  6.36 127.502960  50.056082  3.716
 87   128.344 55268.09100035  6.63 127.501530  50.052852  3.716
 87   131.206 55268.09100099  6.11 127.500104  50.049616  3.062
 87   129.574 55268.09100164  6.75 127.498684  50.046386  3.062
 87   127.264 55268.09100228  7.19 127.497264  50.043146  3.062
 87   129.882 55268.09100293  7.10 127.495834  50.039916  3.062
 87   130.251 55268.09100357  6.52 127.494414  50.036676  3.062
 87   135.467 55268.09100422  7.00 127.492984  50.033446  3.062
 87   129.717 55268.09100486  6.84 127.491564  50.030206  3.062
 87   129.692 55268.09100551  7.14 127.490144  50.026976  3.062
 88   131.665 55303.09096959 18.30 127.505756  50.076896 15.356
 88   132.090 55303.09097023 16.68 127.504326  50.073666 15.356
 88   130.298 55303.09097088 24.58 127.502906  50.070426 15.356
 88   130.087 55303.09097152 19.26 127.501476  50.067196 15.356
 88   117.275 55303.09097217 24.06 127.500056  50.063956 15.356
 88   117.119 55303.09097281 24.60 127.498636  50.060726 15.356
 88   129.160 55303.09097346 17.38 127.497209  50.057485 13.041
 88   143.935 55303.09097410 15.79 127.495789  50.054255 13.041
 88   128.273 55303.09097475 15.70 127.494359  50.051015 13.041
 88   127.483 55303.09097539 17.55 127.492939  50.047785 13.041
 88   126.478 55303.09097604 20.84 127.491509  50.044545 13.041
 88   119.254 55303.09097668 23.77 127.490089  50.041315 13.041
 89   120.072 55338.09096843 21.18 127.511432  50.079484 15.602
 89   120.213 55338.09096907 23.01 127.510012  50.076244 15.602
 89   120.119 55338.09096972 25.47 127.508582  50.073014 15.602
 89   120.086 55338.09097036 25.24 127.507162  50.069774 15.602
 89   119.916 55338.09097101 26.60 127.505732  50.066544 15.602
 89   119.933 55338.09097165 29.53 127.504312  50.063304 15.602
 89   120.028 55338.09097230 26.74 127.502882  50.060074 15.602
 89   119.908 55338.09097294 28.66 127.501462  50.056834 15.602
 89   119.849 55338.09097358 28.29 127.500032  50.053604 15.602
 89   119.893 55338.09097423 27.69 127.498612  50.050364 15.602
 89   119.833 55338.09097487 27.74 127.497192  50.047134 15.602
 89   119.912 55338.09097552 29.93 127.495766  50.043897 31.096
 89   119.981 55338.09097616 37.31 127.494346  50.040667 31.096
 89   120.053 55338.09097681 38.61 127.492916  50.037427 31.096
 89   119.881 55338.09097745 42.14 127.491496  50.034197 31.096
 90   120.488 55373.09095950 51.33 127.510863  50.078025 39.657
 90   120.354 55373.09096015 50.28 127.509443  50.074785 39.657
 90   120.433 55373.09096079 51.36 127.508013  50.071555 39.657
 90   120.276 55373.09096144 52.77 127.506593  50.068315 39.657
 90   120.376 55373.09096208 52.10 127.505163  50.065085 39.657
 90   120.230 55373.09096273 52.74 127.503743  50.061845 39.657
 90   120.290 55373.09096337 50.95 127.502313  50.058615 39.657
 90   120.241 55373.09096402 51.26 127.500893  50.055385 39.657
 90   120.135 55373.09096466 52.63 127.499463  50.052145 39.657
 90   120.068 55373.09096531 51.67 127.498043  50.048909 32.597
 90   120.165 55373.09096595 51.77 127.496623  50.045679 32.597
 90   120.183 55373.09096660 52.06 127.495193  50.042439 32.597
 90   120.158 55373.09096724 50.29 127.493773  50.039209 32.597
 90   120.132 55373.09096789 47.84 127.492353  50.035969 32.597
 90   120.052 55373.09096853 46.70 127.490923  50.032739 32.597
 91   120.522 55408.09098004 31.06 127.514609  50.076758 18.759
 91   120.252 55408.09098520 25.28 127.503209  50.050878 18.759
 91   120.285 55408.09098584 25.59 127.501783  50.047641 21.397
 91   120.340 55408.09098649 29.36 127.500363  50.044411 21.397
 91   120.354 55408.09098713 33.06 127.498943  50.041171 21.397
 91   120.294 55408.09098778 37.68 127.497513  50.037941 21.397
 91   120.280 55408.09098842 36.46 127.496093  50.034701 21.397
 91   120.211 55408.09098907 38.26 127.494663  50.031471 21.397
 91   120.154 55408.09098971 39.17 127.493243  50.028231 21.397
 91   120.104 55408.09099036 35.24 127.491823  50.025001 21.397
 91   120.082 55408.09099100 34.34 127.490393  50.021761 21.397
 92   120.459 55443.09097731 51.86 127.511052  50.079487 39.816
 92   120.536 55443.09097796 49.92 127.509632  50.076247 39.816
 92   120.418 55443.09097860 50.45 127.508202  50.073017 39.816
 92   120.366 55443.09097925 52.19 127.506782  50.069777 39.816
 92   120.334 55443.09097989 52.71 127.505352  50.066547 39.816
 92   120.285 55443.09098054 52.79 127.503932  50.063307 39.816
 92   120.347 55443.09098118 51.06 127.502502  50.060077 39.816
 92   120.232 55443.09098183 53.03 127.501082  50.056837 39.816
 92   120.262 55443.09098247 51.74 127.499652  50.053607 39.816
 92   120.140 55443.09098311 52.06 127.498232  50.050367 39.816
 92   120.238 55443.09098376 52.20 127.496812  50.047137 39.816
 92   120.206 55443.09098440 51.88 127.495387  50.043899 35.475
 92   120.156 55443.09098505 51.97 127.493957  50.040669 35.475
 92   120.126 55443.09098569 53.24 127.492537  50.037429 35.475
 92   120.105 55443.09098634 51.56 127.491117  50.034199 35.475
 93   118.112 55478.09091842 52.10 127.502286  50.072262 34.388
 93   118.068 55478.09091907 50.51 127.500866  50.069022 34.388
 93   118.023 55478.09091971 53.45 127.499436  50.065792 34.388
 93   118.016 55478.09092036 53.06 127.498016  50.062552 34.388
 93   117.903 55478.09092100 52.66 127.496596  50.059322 34.388
 93   117.762 55478.09092165 49.72 127.495166  50.056082 34.388
 93   117.853 55478.09092229 51.90 127.493746  50.052852 34.388
 93   117.659 55478.09092294 53.51 127.492326  50.049612 34.388
 93   117.733 55478.09092358 49.05 127.490896  50.046382 34.388
