# NaN NaN NaN ;Mean Elev.(m), Avg Gradient(m/km), RMS Gradient(m/km) - SRTM1     
#   23.107  -0.716   6.412 ;Mean Elev.(m), Avg Gradient(m/km), RMS Gradient(m/km) - ASTER GDEM
#   27.170  -0.314   5.651 ;Mean Elev.(m), Avg Gradient(m/km), RMS Gradient(m/km) - GMTED2010 
  8 134.991254  48.526097    33.078    33.078  2 52483.51471428 24.956
  9 134.996778  48.530583    33.302    33.344  3 52518.51467379 48.661
 11 134.994590  48.527054    30.308    30.308  2 52588.51470506 41.746
 12 134.997231  48.529983    30.337    30.361  3 52623.51465685 22.821
 13 134.993045  48.526295    30.364    30.364  2 52658.51467502 16.122
 17 134.990788  48.525625    32.217    32.217  2 52798.51468123 50.191
 19 134.995606  48.528565    35.169    35.169  2 52868.51479416 47.691
 20 134.992749  48.528619    34.329    34.329  2 52903.51480735 44.390
 21 134.997528  48.532333    32.496    32.495  4 52938.51474460 50.093
 23 134.988054  48.525206    31.577    31.577  2 53008.51478758 21.901
 28 134.995545  48.530187    33.782    33.782  2 53183.51479285 26.005
 30 134.993949  48.527483    31.666    31.666  2 53253.51479436 37.364
 32 134.996935  48.530407    30.921    30.915  3 53323.51477302 48.652
 33 135.000091  48.531265    30.840    30.849  3 53358.51473673 33.197
 35 134.996948  48.532896    30.754    30.774  3 53428.51474758 12.980
 36 134.988707  48.525957    33.457    33.457  2 53463.51476696 24.802
 38 134.995665  48.529120    35.365    35.334  3 53533.51482005 42.500
 40 134.996994  48.532511    32.879    32.878  3 53603.51478341 46.485
 43 135.000721  48.532206    30.211    30.130  3 53708.51473306 26.266
 44 135.001943  48.535335    31.267    31.258  4 53743.51464428 22.328
 45 134.995591  48.527397    30.907    30.907  2 53778.51467074 15.899
 46 135.001826  48.531449    31.002    31.001  3 53813.51464566 10.882
 53 134.996873  48.530176    30.339    30.339  2 54058.51475939 35.042
 54 134.996904  48.529969    31.510    31.510  2 54093.51473898 21.827
 56 134.993006  48.526235    30.808    30.808  2 54163.51470833 13.923
 57 134.988331  48.524658    34.959    34.959  2 54198.51467934 30.435
 59 134.992500  48.528486    32.612    32.612  2 54268.51474182 20.051
 60 134.992762  48.527764    31.618    31.618  2 54303.51474513 47.639
 61 134.995094  48.528182    33.058    33.058  2 54338.51473018 35.519
 62 134.990409  48.525818    32.205    32.205  2 54373.51467827 35.781
 65 134.993411  48.526860    30.504    30.504  2 54478.51466508 20.250
 67 134.994693  48.527755    30.949    30.949  2 54548.51467890 29.437
 68 134.992022  48.527170    31.009    31.009  2 54583.51465047 38.427
 69 134.992127  48.526953    31.214    31.214  2 54618.51467060 35.182
 71 134.994401  48.527395    32.264    32.264  2 54688.51467107 31.054
 73 134.992518  48.526886    31.487    31.487  2 54758.51464663 45.109
 75 134.991238  48.527027    31.305    31.305  2 54828.51464542 20.098
 76 134.988595  48.524739    30.638    30.638  2 54863.51461752 16.056
 77 134.992242  48.528079    30.709    30.709  2 54898.51464513 11.742
 79 134.991626  48.527426    33.298    33.298  2 54968.51464666 51.194
 81 134.993776  48.526461    36.109    36.109  2 55038.51465291 47.654
 82 134.994196  48.529616    34.856    34.856  2 55073.51463866 28.908
 83 134.988017  48.524265    34.549    34.549  2 55108.51458495 27.794
 86 134.992815  48.526102    31.822    31.822  2 55213.51458409 17.462
 87 134.989719  48.525762    31.045    31.045  2 55248.51455802 14.675
 89 134.991509  48.525912    33.770    33.770  2 55318.51454856 50.658
 90 134.993200  48.527512    35.339    35.339  2 55353.51455104 48.290
 91 134.986875  48.524783    32.954    32.954  2 55388.51454832 47.017
 92 134.992684  48.528628    35.255    35.255  2 55423.51456886 33.807
 93 134.995725  48.529773    34.006    34.006  2 55458.51454057 28.694
