# NaN NaN NaN ;Mean Elev.(m), Avg Gradient(m/km), RMS Gradient(m/km) - SRTM1     
#    7.094  -4.058  32.767 ;Mean Elev.(m), Avg Gradient(m/km), RMS Gradient(m/km) - ASTER GDEM
#    0.043  -4.284  31.907 ;Mean Elev.(m), Avg Gradient(m/km), RMS Gradient(m/km) - GMTED2010 
  7 140.043850  53.213014     1.056     1.064  6 52468.49568749 18.102
  8 140.045756  53.213717    -1.105    -1.048  7 52503.49567584 22.421
  9 140.035385  53.213587     1.184     1.118  6 52538.49566030 20.222
 10 140.039942  53.213417     0.088     0.092  6 52573.49570117 23.846
 11 140.049623  53.212138     0.559     0.548  7 52608.49565918 24.206
 12 140.039064  53.212982     0.757     0.737  7 52643.49565457 18.072
 13 140.052757  53.212804     0.706     0.747  6 52678.49563593 12.772
 15 140.040078  53.213092     0.768     0.847  6 52748.49570153 20.664
 16 140.032421  53.214255     0.450     0.417  7 52783.49564295 23.981
 17 140.033858  53.212824    -0.241    -0.253  7 52818.49571998 21.816
 18 140.041069  53.214260     0.223     0.209  7 52853.49576951 27.813
 20 140.050334  53.213080     2.566     2.325  7 52923.49575695 19.651
 21 140.044277  53.212640     0.799     0.834  7 52958.49572323 43.403
 22 140.044483  53.212835     0.507     0.512  7 52993.49575035 20.397
 23 140.058143  53.207295     0.770     0.724  3 53028.49571369 17.538
 24 140.048010  53.213328     0.886     0.854  7 53063.49572313 18.038
 25 140.045221  53.214101     0.948     0.956  7 53098.49573904 10.765
 26 140.048815  53.213295     4.878     4.781  7 53133.49572163 28.434
 28 140.042231  53.213672     1.961     1.286  7 53203.49579575 24.617
 29 140.058205  53.207849     2.541     2.482  3 53238.49576270 19.402
 30 140.034973  53.214242     1.415     1.374  7 53273.49572519 24.422
 31 140.036929  53.212554     1.883     2.316  6 53308.49578243 49.211
 33 140.037186  53.213499     0.382     0.391  6 53378.49569124 19.345
 34 140.049362  53.213087     0.453     0.456  7 53413.49572495 15.766
 35 140.032975  53.214388     0.020     0.124  7 53448.49571439 13.836
 36 140.033349  53.213167     2.391     2.480  7 53483.49579955  3.731
 37 140.046865  53.213628     6.088     4.796  7 53518.49579853 22.640
 38 140.038613  53.213450     1.663     1.678  7 53553.49582049 22.474
 39 140.056701  53.207767     1.142     1.149  4 53588.49576778 16.405
 41 140.037940  53.213190     0.799     1.002  7 53658.49576933 23.870
 42 140.046531  53.214386     0.661     0.588  7 53693.49574951 48.190
 43 140.060119  53.206497     0.280     0.303  3 53728.49567084 17.581
 44 140.045158  53.214012     0.844     0.911  7 53763.49563223 12.099
 45 140.057618  53.207556     0.662     0.669  3 53798.49563960  9.901
 47 140.039414  53.212585     7.552     7.216  7 53868.49570123 28.576
 48 140.042022  53.213183     0.941     0.932  7 53903.49573369 24.313
 49 140.033137  53.213668     1.003     0.929  7 53938.49576959 22.485
 50 140.046219  53.214183     2.096     1.887  6 53973.49573097 21.586
 51 140.034146  53.219736     1.487     1.487  2 54008.49572259 33.640
 52 140.045453  53.214257     1.247     1.184  7 54043.49574304 47.576
 53 140.049099  53.212746     0.553     0.553  7 54078.49573627 14.006
 54 140.057386  53.207104     0.867     0.854  3 54113.49567272 12.357
 56 140.056026  53.208219     1.450     1.383  3 54183.49566212 11.614
 57 140.039162  53.213440     1.369     1.315  6 54218.49569064 26.491
 58 140.038910  53.221741     1.866     1.866  2 54253.49571735 29.581
 59 140.048002  53.212906     1.170     0.941  7 54288.49571912 21.485
 60 140.046907  53.213359     2.174     2.130  6 54323.49571655 20.605
 61 140.056862  53.209240     1.225     1.270  3 54358.49567212 23.052
 62 140.045177  53.212075     1.407     1.815  7 54393.49565660 21.898
 63 140.051879  53.210579     0.581     0.609  6 54428.49562254 28.401
 64 140.041890  53.213935     0.491     0.475  7 54463.49563565 17.614
 65 140.051275  53.210386     0.706     0.714  6 54498.49563209 16.466
 66 140.045246  53.213601     0.683     0.682  7 54533.49564933 14.764
 68 140.042488  53.214249     2.228     2.108  7 54603.49564460 25.063
 69 140.045331  53.213162     1.075     1.229  7 54638.49565489 28.867
 70 140.045107  53.213140     0.616     0.600  6 54673.49565784 23.487
 71 140.053455  53.211433     1.236     1.219  5 54708.49561574 20.940
 72 140.042952  53.213066     0.415     0.508  6 54743.49562377 21.970
 73 140.049672  53.212514     0.118     0.133  7 54778.49559824 21.675
 74 140.040138  53.213997     0.810     0.808  7 54813.49561743 14.071
 75 140.051061  53.210305     0.498     0.483  6 54848.49559759 11.709
 76 140.041496  53.213609     1.007     0.941  7 54883.49562064 12.410
 77 140.052324  53.211591     1.483     1.512  6 54918.49560008  9.920
 78 140.042154  53.212046     1.923     1.921  7 54953.49561511 35.384
 79 140.041052  53.213180     1.319     1.312  7 54988.49563934 22.190
 80 140.049300  53.212364     1.512     1.477  7 55023.49563079 20.192
 81 140.047349  53.212418     1.867     1.905  7 55058.49562624 20.969
 82 140.053169  53.211993     2.662     2.688  6 55093.49558036 28.702
 83 140.044022  53.212915     1.703     1.542  6 55128.49556694 24.844
 84 140.048353  53.213270     0.751     0.725  6 55163.49554216 28.018
 85 140.040729  53.213794     0.682     0.763  7 55198.49555874 16.007
 86 140.051821  53.210665     0.752     0.723  6 55233.49554610 13.178
 87 140.044110  53.213773     0.292     0.240  7 55268.49555318 10.881
 88 140.057224  53.208092     1.761     1.955  3 55303.49552565 10.593
 89 140.045889  53.213048     2.442     2.389  7 55338.49552642 26.694
 90 140.048654  53.212041     2.044     2.052  7 55373.49551685 21.647
 91 140.044792  53.212390     1.514     1.332  7 55408.49553803 20.081
 92 140.047210  53.213902     2.270     2.208  7 55443.49553531 26.278
 93 140.059299  53.206845     2.129     2.196  3 55478.49547190 17.199
