# NaN NaN NaN ;Mean Elev.(m), Avg Gradient(m/km), RMS Gradient(m/km) - SRTM1     
#   -2.986 -10.380  53.849 ;Mean Elev.(m), Avg Gradient(m/km), RMS Gradient(m/km) - ASTER GDEM
#    3.841 -10.543  54.238 ;Mean Elev.(m), Avg Gradient(m/km), RMS Gradient(m/km) - GMTED2010 
 10    12.712 52568.06095150 16.20 138.824657  51.252571 20.900
 10     7.462 52568.06095215 15.10 138.823177  51.249341 20.900
 10     8.018 52568.06095279 14.75 138.821687  51.246111 20.900
 10     8.627 52568.06095344 16.08 138.820197  51.242881 20.900
 10     9.023 52568.06095408 17.40 138.818717  51.239651 20.900
 11     5.581 52603.06094824 24.26 138.810477  51.252064  8.829
 11     5.513 52603.06094888 25.73 138.808987  51.248834  8.829
 11     5.406 52603.06094953 25.98 138.807507  51.245604  8.829
 11     5.709 52603.06095017 27.40 138.806017  51.242374  8.829
 11     5.829 52603.06095082 33.90 138.804537  51.239144  8.829
 11     5.781 52603.06095146 24.58 138.803047  51.235914  8.829
 12    10.341 52638.06092117 10.72 138.821935  51.251875  4.951
 12     5.663 52638.06092182 10.61 138.820455  51.248650  3.304
 12     5.648 52638.06092246 10.79 138.818965  51.245420  3.304
 12     5.839 52638.06092311 10.53 138.817475  51.242190  3.304
 12     5.772 52638.06092375 11.16 138.815995  51.238960  3.304
 13    11.927 52673.06092130  7.22 138.815515  51.253502  4.629
 13    11.322 52673.06092194  6.94 138.814025  51.250272  4.629
 13    12.273 52673.06092258  6.93 138.812545  51.247042  4.629
 13    15.018 52673.06092323  6.82 138.811059  51.243813  2.948
 13    17.534 52673.06092387  7.46 138.809569  51.240583  2.948
 13    20.513 52673.06092452  6.60 138.808079  51.237353  2.948
 14    11.606 52708.06092816  7.53 138.823892  51.253847  4.771
 14    10.780 52708.06092880  7.07 138.822403  51.250622  2.694
 14    11.259 52708.06092945  6.56 138.820913  51.247392  2.694
 14    13.730 52708.06093009  5.58 138.819423  51.244162  2.694
 14    16.079 52708.06093074  6.41 138.817943  51.240932  2.694
 14    18.808 52708.06093138  5.57 138.816453  51.237702  2.694
 15     5.869 52743.06095958 34.62 138.810462  51.251549 17.131
 15     5.796 52743.06096023 32.99 138.808972  51.248319 17.131
 15     5.848 52743.06096087 28.38 138.807482  51.245089 17.131
 15     5.852 52743.06096152 28.10 138.806002  51.241859 17.131
 15     6.017 52743.06096216 29.79 138.804512  51.238629 17.131
 15     6.815 52743.06096281 27.62 138.803032  51.235399 17.131
 17     6.693 52813.06097911 49.46 138.822567  51.252529 19.302
 17     6.727 52813.06097976 51.92 138.821083  51.249304 19.371
 17     6.581 52813.06098040 50.89 138.819593  51.246074 19.371
 17     6.636 52813.06098105 51.35 138.818113  51.242844 19.371
 17     6.748 52813.06098169 47.69 138.816623  51.239614 19.371
 18    12.620 52848.06103279 14.21 138.824275  51.253420 32.101
 18     9.398 52848.06103343 13.71 138.822795  51.250190 32.101
 18     9.358 52848.06103408 14.42 138.821306  51.246964 16.650
 18     9.587 52848.06103472 13.35 138.819816  51.243734 16.650
 18     9.823 52848.06103537 14.51 138.818326  51.240504 16.650
 18     9.922 52848.06103601 24.59 138.816846  51.237274 16.650
 19    12.044 52883.06106961 13.58 138.814758  51.251496 30.551
 19    11.031 52883.06107025 14.53 138.813271  51.248268 21.915
 19    10.733 52883.06107090 14.64 138.811781  51.245038 21.915
 19    10.814 52883.06107154 14.77 138.810301  51.241808 21.915
 19    11.060 52883.06107219 17.68 138.808811  51.238578 21.915
 19    11.310 52883.06107283 26.80 138.807331  51.235348 21.915
 20    11.353 52918.06102587 37.77 138.815855  51.254063 30.612
 20    10.841 52918.06102651 17.86 138.814375  51.250833 30.612
 20    10.503 52918.06102716 15.00 138.812890  51.247604 23.498
 20    10.335 52918.06102780 15.21 138.811400  51.244374 23.498
 20    10.791 52918.06102844 14.34 138.809910  51.241144 23.498
 20    10.905 52918.06102909 18.30 138.808430  51.237914 23.498
 21     8.078 52953.06098824 33.74 138.830697  51.251023 16.618
 21     8.026 52953.06098888 32.90 138.829207  51.247793 16.618
 21     8.014 52953.06098953 32.14 138.827717  51.244563 16.618
 21     8.135 52953.06099017 35.61 138.826237  51.241333 16.618
 21     8.037 52953.06099082 34.69 138.824747  51.238103 16.618
 22     7.121 52988.06099890 14.51 138.828696  51.253396  4.493
 22     7.069 52988.06099955 14.45 138.827206  51.250166  4.493
 22     7.794 52988.06100019 13.92 138.825716  51.246936  4.493
 22     7.267 52988.06100083 14.09 138.824236  51.243706  4.493
 22     7.261 52988.06100148 13.64 138.822746  51.240476  4.493
 22     7.245 52988.06100212 13.04 138.821266  51.237246  4.493
 23     6.673 53023.06098727 14.91 138.819966  51.251224  4.775
 23     6.967 53023.06098791 14.92 138.818476  51.247994  4.775
 23     7.353 53023.06098856 13.63 138.816996  51.244764  4.775
 23     7.507 53023.06098920 13.73 138.815506  51.241534  4.775
 23     7.786 53023.06098985 13.80 138.814026  51.238304  4.775
 24     6.668 53058.06098086  9.73 138.828567  51.251786  3.522
 24     6.919 53058.06098151  9.70 138.827087  51.248556  3.522
 24     8.454 53058.06098215  8.19 138.825597  51.245326  3.522
 24     8.159 53058.06098280  8.12 138.824107  51.242096  3.522
 24     8.436 53058.06098344  7.69 138.822625  51.238870  2.843
 25     7.038 53093.06101927 11.99 138.805012  51.252634 14.869
 25     6.708 53093.06101991 11.67 138.803532  51.249404 14.869
 25     7.215 53093.06102056 10.01 138.802042  51.246174 14.869
 25     7.766 53093.06102120  8.40 138.800555  51.242944  3.144
 25     8.793 53093.06102185  6.88 138.799075  51.239714  3.144
 25     8.451 53093.06102249  8.27 138.797585  51.236484  3.144
 26    15.308 53128.06098963 30.90 138.827864  51.252377 33.982
 26    13.455 53128.06099028 34.21 138.826374  51.249147 33.982
 26    13.467 53128.06099092 30.51 138.824884  51.245917 33.982
 26    13.315 53128.06099157 30.68 138.823404  51.242687 33.982
 26    13.299 53128.06099221 36.76 138.821914  51.239457 33.982
 28    10.980 53198.06105529 29.95 138.820527  51.253266 28.591
 28    10.689 53198.06105593 22.03 138.819047  51.250036 28.591
 28     9.193 53198.06105658 23.08 138.817557  51.246806 28.591
 28     9.425 53198.06105722 22.28 138.816074  51.243579 17.542
 28     9.274 53198.06105787 23.08 138.814584  51.240349 17.542
 28    11.254 53198.06105851 23.64 138.813104  51.237119 17.542
 29    10.782 53233.06103055 18.36 138.823416  51.251490 29.439
 29    10.407 53233.06103119 14.10 138.821926  51.248260 29.439
 29    10.072 53233.06103184 15.24 138.820436  51.245030 29.439
 29    10.411 53233.06103248 15.57 138.818956  51.241800 29.439
 29    10.477 53233.06103312 15.93 138.817465  51.238570 20.192
 30    10.175 53268.06099916 15.13 138.807062  51.251084 14.874
 30     9.043 53268.06099980 12.94 138.805572  51.247854 14.874
 30     8.814 53268.06100045 12.52 138.804092  51.244624 14.874
 30     8.800 53268.06100109 13.69 138.802602  51.241394 14.874
 30     8.808 53268.06100174 15.83 138.801122  51.238164 14.874
 30     8.879 53268.06100238 16.08 138.799632  51.234934 14.874
 31     7.773 53303.06105573 22.10 138.814829  51.252139 20.669
 31     7.682 53303.06105637 19.04 138.813339  51.248909 20.669
 31     7.160 53303.06105702 18.97 138.811849  51.245679 20.669
 31     7.186 53303.06105766 19.36 138.810369  51.242449 20.669
 31     7.641 53303.06105830 20.90 138.808879  51.239219 20.669
 31     7.634 53303.06105895 24.27 138.807389  51.235989 20.669
 32    11.961 53338.06102496 18.04 138.816308  51.254035  8.861
 32     9.275 53338.06102560 18.48 138.814818  51.250805  8.861
 32     8.373 53338.06102625 18.95 138.813338  51.247575  8.861
 32     8.100 53338.06102689 19.25 138.811848  51.244345  8.861
 32     8.052 53338.06102754 20.38 138.810358  51.241115  8.861
 32     8.369 53338.06102818 19.96 138.808878  51.237885  8.861
 35    12.442 53443.06098328  7.84 138.810125  51.252324  2.917
 35    11.893 53443.06098393  7.61 138.808635  51.249094  2.917
 35    14.483 53443.06098457  6.78 138.807155  51.245864  2.917
 35    17.422 53443.06098522  6.91 138.805665  51.242634  2.917
 35    20.548 53443.06098586  6.89 138.804185  51.239404  2.917
 35    23.082 53443.06098651  6.30 138.802705  51.236174  2.917
 36     7.043 53478.06105663  9.12 138.816603  51.252419  6.156
 36     7.274 53478.06105727  9.34 138.815113  51.249189  6.156
 36     7.148 53478.06105792  9.93 138.813623  51.245959  6.156
 36     7.272 53478.06105856  9.88 138.812143  51.242729  6.156
 36     7.053 53478.06105920 12.92 138.810653  51.239499  6.156
 36     7.731 53478.06105985 11.41 138.809163  51.236269  6.156
 37    11.470 53513.06106680 32.27 138.818378  51.252071 12.303
 37    11.048 53513.06106745 32.53 138.816898  51.248841 12.303
 37    11.001 53513.06106809 33.07 138.815408  51.245611 12.303
 37    11.114 53513.06106873 33.55 138.813918  51.242381 12.303
 37    10.994 53513.06106938 35.34 138.812438  51.239151 12.303
 37    11.078 53513.06107002 36.81 138.810948  51.235921 12.303
 38    11.759 53548.06108505 32.40 138.811247  51.252809 18.822
 38    11.704 53548.06108569 33.35 138.809757  51.249579 18.822
 38    11.648 53548.06108634 33.02 138.808267  51.246349 18.822
 38    11.696 53548.06108698 32.59 138.806787  51.243119 18.822
 38    11.754 53548.06108763 31.68 138.805297  51.239889 18.822
 38    11.829 53548.06108827 32.50 138.803817  51.236659 18.822
 39     9.494 53583.06105234 35.06 138.816219  51.252831 23.295
 39     9.571 53583.06105299 28.28 138.814729  51.249601 23.295
 39     9.522 53583.06105363 26.57 138.813249  51.246371 23.295
 39     9.523 53583.06105428 31.04 138.811759  51.243141 23.295
 39     9.533 53583.06105492 30.57 138.810279  51.239911 23.295
 39     9.538 53583.06105557 33.16 138.808789  51.236681 23.295
 40     8.031 53618.06100890 15.74 138.806108  51.250877 15.279
 40     8.075 53618.06100954 15.87 138.804618  51.247647 15.279
 40     7.957 53618.06101019 17.46 138.803138  51.244417 15.279
 40     8.316 53618.06101083 15.84 138.801648  51.241187 15.279
 40     8.611 53618.06101148 15.33 138.800168  51.237957 15.279
 40     8.562 53618.06101212 16.50 138.798678  51.234727 15.279
 41    12.298 53653.06102871 18.71 138.822172  51.253695 17.590
 41     6.595 53653.06102935 15.97 138.820682  51.250465 17.590
 41     6.533 53653.06103000 15.03 138.819202  51.247235 17.590
 41     8.959 53653.06103064 16.91 138.817712  51.244005 17.590
 41     6.300 53653.06103129 19.60 138.816232  51.240775 17.590
 41     6.610 53653.06103193 21.85 138.814742  51.237545 17.590
 43    12.736 53723.06095447  8.25 138.813402  51.253534  4.598
 43    10.443 53723.06095511  8.65 138.811922  51.250304  4.598
 43     9.242 53723.06095576 10.54 138.810432  51.247074  4.598
 43     7.988 53723.06095640 10.45 138.808949  51.243844  5.608
 43     6.397 53723.06095705 11.24 138.807459  51.240614  5.608
 43     6.229 53723.06095769 12.25 138.805979  51.237384  5.608
 44    11.277 53758.06089040  7.03 138.832171  51.252617  2.762
 44    10.674 53758.06089104  7.11 138.830681  51.249387  2.762
 44    11.674 53758.06089169  6.05 138.829201  51.246157  2.762
 44    12.351 53758.06089233  6.36 138.827711  51.242927  2.762
 44    15.392 53758.06089298  6.20 138.826221  51.239697  2.762
 45    12.699 53793.06091330  6.21 138.820138  51.252950  2.919
 45    11.980 53793.06091394  6.13 138.818648  51.249720  2.919
 45    16.764 53793.06091459  6.21 138.817168  51.246490  2.919
 45    16.537 53793.06091523  6.05 138.815678  51.243260  2.919
 45    17.840 53793.06091588  6.18 138.814188  51.240030  2.919
 45    20.976 53793.06091652  6.03 138.812708  51.236800  2.919
 46    13.501 53828.06088223 10.26 138.830547  51.251448  3.194
 46    11.989 53828.06088287 11.82 138.829057  51.248218  3.194
 46    12.837 53828.06088352 11.10 138.827577  51.244988  3.194
 46    15.915 53828.06088416 10.30 138.826087  51.241758  3.194
 46    20.232 53828.06088481 10.28 138.824597  51.238528  3.194
 47    14.159 53863.06096652 40.93 138.819978  51.253819 20.499
 47    13.729 53863.06096717 46.70 138.818488  51.250589 20.499
 48    13.487 53898.06098945 18.31 138.821431  51.253699 18.684
 48     9.218 53898.06099009 15.59 138.819941  51.250469 18.684
 48     9.291 53898.06099074 16.53 138.818461  51.247239 18.684
 48    10.075 53898.06099138 16.19 138.816971  51.244009 18.684
 48     9.251 53898.06099203 17.55 138.815491  51.240779 18.684
 48     9.883 53898.06099267 19.39 138.814001  51.237549 18.684
 49    11.538 53933.06103723 51.32 138.807061  51.250509 27.812
 49    11.427 53933.06103788 51.81 138.805576  51.247280 26.305
 49    11.409 53933.06103852 51.66 138.804096  51.244050 26.305
 49    11.432 53933.06103917 51.42 138.802606  51.240820 26.305
 49    11.486 53933.06103981 50.66 138.801116  51.237590 26.305
 49    11.627 53933.06104045 51.49 138.799636  51.234360 26.305
 50    13.101 53968.06100985 17.26 138.809810  51.252598 21.195
 50    11.511 53968.06101050 15.72 138.808330  51.249368 21.195
 50    11.222 53968.06101114 15.81 138.806842  51.246139 20.321
 50    11.354 53968.06101179 15.50 138.805352  51.242909 20.321
 50    11.732 53968.06101243 16.16 138.803872  51.239679 20.321
 50    11.810 53968.06101308 15.74 138.802382  51.236449 20.321
 51    10.707 54003.06097710 24.63 138.831263  51.253411 21.646
 51    10.728 54003.06097774 18.19 138.829773  51.250181 21.646
 51    10.069 54003.06097839 18.71 138.828286  51.246956  7.461
 51     9.308 54003.06097903 19.30 138.826796  51.243726  7.461
 51    10.423 54003.06097967 19.91 138.825316  51.240496  7.461
 51    10.922 54003.06098032 27.60 138.823826  51.237266  7.461
 52    12.492 54038.06101378 23.47 138.824359  51.252198 18.484
 52    12.078 54038.06101442 18.95 138.822869  51.248968 18.484
 52    11.160 54038.06101507 18.08 138.821379  51.245742 13.054
 52     9.907 54038.06101571 22.90 138.819899  51.242512 13.054
 52    10.120 54038.06101636 25.29 138.818409  51.239282 13.054
 53    11.228 54073.06100851 17.32 138.818618  51.252257  6.286
 53     5.599 54073.06100916 17.23 138.817134  51.249030  4.748
 53     7.770 54073.06100980 17.33 138.815644  51.245800  4.748
 53     5.654 54073.06101045 18.00 138.814164  51.242570  4.748
 53     5.995 54073.06101109 17.36 138.812674  51.239340  4.748
 53     5.976 54073.06101174 17.32 138.811194  51.236110  4.748
 54     9.414 54108.06095647 17.19 138.808578  51.253446  5.264
 54     6.298 54108.06095712 18.59 138.807088  51.250216  5.264
 54     6.330 54108.06095776 18.38 138.805604  51.246984  4.754
 54     6.162 54108.06095841 17.93 138.804114  51.243754  4.754
 54     6.418 54108.06095905 16.77 138.802634  51.240524  4.754
 54     6.519 54108.06095970 19.49 138.801154  51.237294  4.754
 54     6.673 54108.06096034 16.67 138.799664  51.234064  4.754
 55     9.981 54143.06094421 13.12 138.821758  51.251004  5.145
 55     5.810 54143.06094485 13.88 138.820273  51.247778  3.712
 55     5.676 54143.06094550 13.86 138.818783  51.244548  3.712
 55     5.923 54143.06094614 12.47 138.817293  51.241318  3.712
 55     6.065 54143.06094679 11.88 138.815813  51.238088  3.712
 56    10.742 54178.06093980  9.23 138.812174  51.252827  3.732
 56    10.089 54178.06094044  8.95 138.810694  51.249597  3.732
 56     7.777 54178.06094109  9.34 138.809204  51.246367  3.732
 56     6.846 54178.06094173  9.77 138.807724  51.243137  3.732
 56     6.772 54178.06094238  9.33 138.806234  51.239907  3.732
 56     7.083 54178.06094302  8.23 138.804754  51.236677  3.732
 57     7.986 54213.06095106 37.64 138.821178  51.254045 23.845
 57     7.847 54213.06095171 30.41 138.819688  51.250815 23.845
 57     7.855 54213.06095235 27.86 138.818208  51.247585 23.845
 57     7.870 54213.06095300 28.05 138.816718  51.244355 23.845
 57     7.918 54213.06095364 29.44 138.815238  51.241125 23.845
 57     7.984 54213.06095428 39.12 138.813748  51.237895 23.845
 58    15.647 54248.06097963 13.32 138.820059  51.253434 14.721
 58    11.867 54248.06098028 12.24 138.818569  51.250204 14.721
 58    10.986 54248.06098092 12.58 138.817079  51.246974 14.721
 58    11.072 54248.06098157 12.08 138.815599  51.243744 14.721
 58    10.629 54248.06098221 13.48 138.814109  51.240514 14.721
 58    11.854 54248.06098286 15.10 138.812629  51.237284 14.721
 60     8.770 54318.06098715 33.50 138.818167  51.251294 15.120
 60     8.590 54318.06098780 35.49 138.816677  51.248064 15.120
 60     8.922 54318.06098844 34.96 138.815197  51.244834 15.120
 60     8.886 54318.06098908 40.70 138.813707  51.241604 15.120
 60     8.935 54318.06098973 36.71 138.812217  51.238374 15.120
 61     9.559 54353.06095182 22.71 138.814127  51.253538 22.539
 61     9.211 54353.06095246 24.12 138.812637  51.250308 22.539
 61     9.249 54353.06095311 25.25 138.811157  51.247078 22.539
 61     9.206 54353.06095375 25.28 138.809667  51.243848 22.539
 61     9.443 54353.06095440 26.04 138.808187  51.240618 22.539
 61     9.709 54353.06095504 27.03 138.806697  51.237388 22.539
 62    12.441 54388.06092652 19.70 138.821308  51.253512 19.111
 62    11.288 54388.06092717 18.14 138.819818  51.250282 19.111
 62    11.018 54388.06092781 15.99 138.818331  51.247055 13.346
 62    10.603 54388.06092846 15.03 138.816851  51.243825 13.346
 62     9.455 54388.06092910 15.05 138.815361  51.240595 13.346
 62     9.105 54388.06092975 16.12 138.813871  51.237365 13.346
 63     5.972 54423.06090186 27.33 138.814833  51.253071  9.522
 63     6.132 54423.06090251 34.50 138.813353  51.249841  9.522
 63     6.116 54423.06090315 39.24 138.811867  51.246612 10.616
 63     6.114 54423.06090380 33.61 138.810377  51.243382 10.616
 63     6.147 54423.06090444 33.11 138.808887  51.240152 10.616
 63     6.096 54423.06090509 29.89 138.807407  51.236922 10.616
 64     4.794 54458.06090127 24.13 138.824761  51.250572  4.878
 64     5.052 54458.06090192 24.44 138.823272  51.247347  5.365
 64     4.999 54458.06090256 23.53 138.821782  51.244117  5.365
 64     4.963 54458.06090320 24.23 138.820292  51.240887  5.365
 64     4.809 54458.06090385 23.63 138.818812  51.237657  5.365
 65     5.172 54493.06090518 18.60 138.816369  51.252902  4.648
 65     5.133 54493.06090582 19.12 138.814879  51.249672  4.648
 65     5.181 54493.06090647 19.96 138.813389  51.246442  4.648
 65     5.332 54493.06090711 19.16 138.811909  51.243212  4.648
 65     5.382 54493.06090776 19.14 138.810419  51.239982  4.648
 65     5.169 54493.06090840 18.47 138.808939  51.236752  4.648
 66     5.208 54528.06091358 13.31 138.824282  51.253242  3.684
 66     5.132 54528.06091422 13.26 138.822792  51.250012  3.684
 66     5.517 54528.06091487 12.67 138.821312  51.246782  3.684
 66     5.936 54528.06091551 12.38 138.819822  51.243552  3.684
 66     6.636 54528.06091616 11.76 138.818342  51.240322  3.684
 66     7.104 54528.06091680 11.25 138.816852  51.237092  3.684
 67     5.986 54563.06091311 41.03 138.811834  51.250926 23.644
 67     5.914 54563.06091375 34.06 138.810354  51.247696 23.644
 67     5.710 54563.06091440 29.94 138.808864  51.244466 23.644
 67     5.986 54563.06091504 27.34 138.807384  51.241236 23.644
 67     5.998 54563.06091568 36.92 138.805894  51.238006 23.644
 67     6.745 54563.06091633 27.92 138.804414  51.234776 23.644
 68     7.175 54598.06090905 41.05 138.819512  51.253609 20.326
 68     7.116 54598.06090970 45.53 138.818022  51.250379 20.326
 68     7.158 54598.06091034 44.76 138.816532  51.247149 20.326
 68     7.272 54598.06091099 45.44 138.815052  51.243919 20.326
 68     7.345 54598.06091163 49.71 138.813562  51.240689 20.326
 68     7.358 54598.06091228 50.14 138.812072  51.237459 20.326
 69     7.129 54633.06092258 27.87 138.817682  51.252766 17.102
 69     7.305 54633.06092323 29.13 138.816192  51.249536 17.102
 69     7.464 54633.06092387 28.26 138.814712  51.246306 17.102
 69     7.565 54633.06092451 27.06 138.813222  51.243076 17.102
 69     7.599 54633.06092516 26.31 138.811732  51.239846 17.102
 69     7.543 54633.06092580 25.43 138.810252  51.236616 17.102
 70     7.785 54668.06092804 43.25 138.816178  51.252094 18.747
 70     7.825 54668.06092868 43.72 138.814688  51.248864 18.747
 70     7.691 54668.06092933 43.26 138.813198  51.245634 18.747
 70     7.434 54668.06092997 43.58 138.811718  51.242404 18.747
 70     6.511 54668.06093062 43.30 138.810228  51.239174 18.747
 70     6.460 54668.06093126 37.70 138.808748  51.235944 18.747
 71     7.728 54703.06089359 24.47 138.814608  51.252328 16.974
 71     7.775 54703.06089423 25.43 138.813118  51.249098 16.974
 71     7.920 54703.06089487 25.74 138.811638  51.245868 16.974
 71     7.935 54703.06089552 27.27 138.810148  51.242638 16.974
 71     7.989 54703.06089616 28.22 138.808668  51.239408 16.974
 71     8.201 54703.06089681 31.45 138.807178  51.236178 16.974
 72     6.995 54738.06088924 16.86 138.823075  51.252027 14.205
 72     7.269 54738.06088988 15.13 138.821585  51.248797 14.205
 72     7.394 54738.06089053 13.99 138.820095  51.245567 14.205
 72     7.608 54738.06089117 14.36 138.818615  51.242337 14.205
 72     7.666 54738.06089182 16.48 138.817125  51.239107 14.205
 73    12.835 54773.06087467 20.20 138.816935  51.253513 19.409
 73    11.744 54773.06087531 21.56 138.815445  51.250283 19.409
 73     4.556 54773.06087596 23.61 138.813955  51.247053 19.409
 73     5.422 54773.06087660 23.20 138.812475  51.243823 19.409
 73     5.915 54773.06087725 27.01 138.810985  51.240593 19.409
 73     6.458 54773.06087789 28.42 138.809505  51.237363 19.409
 74     6.569 54808.06088259 19.61 138.823606  51.253069  8.190
 74     6.769 54808.06088323 21.28 138.822126  51.249839  8.190
 74     6.822 54808.06088387 32.55 138.820636  51.246609  8.190
 74     6.823 54808.06088452 30.13 138.819146  51.243379  8.190
 74     6.274 54808.06088516 21.79 138.817666  51.240149  8.190
 74     5.948 54808.06088581 20.86 138.816176  51.236919  8.190
 75     5.609 54843.06087209 12.45 138.816347  51.251324  4.104
 75     6.656 54843.06087273 12.44 138.814857  51.248094  4.104
 75     6.558 54843.06087338 12.62 138.813367  51.244864  4.104
 75     6.226 54843.06087402 13.16 138.811887  51.241634  4.104
 75     6.243 54843.06087467 12.38 138.810397  51.238404  4.104
 76    11.222 54878.06088555  9.24 138.819266  51.252205  3.203
 76    10.382 54878.06088620  9.72 138.817786  51.248975  3.203
 76     9.277 54878.06088684  9.77 138.816296  51.245745  3.203
 76     6.741 54878.06088749  9.67 138.814816  51.242515  3.203
 76    17.497 54878.06088813  9.84 138.813326  51.239285  3.203
 77    11.500 54913.06087696  8.56 138.810308  51.250661  4.206
 77    13.274 54913.06087761  8.26 138.808818  51.247431  4.206
 77    15.545 54913.06087825  9.06 138.807338  51.244201  4.206
 77    18.360 54913.06087890  8.93 138.805848  51.240971  4.206
 77    21.616 54913.06087954  8.18 138.804368  51.237741  4.206
 77    24.428 54913.06088019  7.67 138.802878  51.234511  4.206
 78     9.155 54948.06087736 23.70 138.819858  51.253352 22.264
 78     9.229 54948.06087800 23.64 138.818368  51.250122 22.264
 78     9.022 54948.06087865 24.61 138.816888  51.246892 22.264
 78     8.913 54948.06087929 25.89 138.815398  51.243662 22.264
 78     9.145 54948.06087994 27.46 138.813908  51.240432 22.264
 78     9.213 54948.06088058 35.56 138.812428  51.237202 22.264
 79    12.566 54983.06090335 13.90 138.816976  51.251696 14.152
 79     9.069 54983.06090399 14.25 138.815486  51.248466 14.152
 79     9.617 54983.06090464 13.84 138.814006  51.245236 14.152
 79     9.193 54983.06090528 13.68 138.812516  51.242006 14.152
 79    10.276 54983.06090593 13.89 138.811026  51.238776 14.152
 80    12.306 55018.06090161 12.60 138.818368  51.251749 18.949
 80     9.994 55018.06090225 13.46 138.816878  51.248519 18.949
 80     9.960 55018.06090290 14.00 138.815398  51.245289 18.949
 80    10.087 55018.06090354 13.49 138.813908  51.242059 18.949
 80    10.277 55018.06090419 19.24 138.812418  51.238829 18.949
 81    12.648 55053.06089670 34.30 138.818323  51.253062 27.147
 81    12.369 55053.06089735 23.40 138.816843  51.249832 27.147
 81    11.972 55053.06089799 20.85 138.815353  51.246602 27.147
 81    12.391 55053.06089864 18.85 138.813863  51.243372 27.147
 81    12.629 55053.06089928 22.17 138.812383  51.240142 27.147
 81    12.784 55053.06089993 26.74 138.810893  51.236912 27.147
 82    12.766 55088.06085926 33.26 138.811922  51.253527 21.448
 82    12.568 55088.06085990 31.37 138.810432  51.250297 21.448
 82    12.314 55088.06086055 33.19 138.808952  51.247067 21.448
 82    12.307 55088.06086119 32.43 138.807462  51.243837 21.448
 82    12.406 55088.06086184 32.21 138.805982  51.240607 21.448
 82    12.450 55088.06086248 36.00 138.804492  51.237377 21.448
 83    10.561 55123.06083316 46.16 138.822260  51.251131 23.790
 83    10.700 55123.06083381 46.06 138.820770  51.247901 23.790
 83    10.609 55123.06083445 45.72 138.819280  51.244671 23.790
 83    10.609 55123.06083510 47.97 138.817800  51.241441 23.790
 83    10.663 55123.06083574 47.39 138.816310  51.238211 23.790
 84     7.167 55158.06082021 28.08 138.813777  51.252692 11.365
 84     7.345 55158.06082086 30.42 138.812287  51.249462 11.365
 84     7.190 55158.06082150 29.29 138.810797  51.246232 11.365
 84     7.209 55158.06082215 28.87 138.809317  51.243002 11.365
 84     7.255 55158.06082279 28.69 138.807827  51.239772 11.365
 84     7.270 55158.06082344 28.84 138.806347  51.236542 11.365
 85    10.665 55193.06082248 15.29 138.823579  51.252247  3.912
 85     9.852 55193.06082313 14.52 138.822099  51.249017  3.912
 85     6.962 55193.06082377 14.87 138.820609  51.245787  3.912
 85     7.018 55193.06082442 15.85 138.819119  51.242557  3.912
 85     6.837 55193.06082506 15.27 138.817639  51.239327  3.912
 86     9.873 55228.06082165 13.51 138.813684  51.253617  3.440
 86     6.784 55228.06082229 12.82 138.812204  51.250387  3.440
 86     8.754 55228.06082294 11.13 138.810714  51.247157  3.440
 86     7.353 55228.06082358 10.20 138.809234  51.243927  3.440
 86     7.203 55228.06082423  9.87 138.807744  51.240697  3.440
 86     7.150 55228.06082487  9.97 138.806264  51.237467  3.440
 87    10.387 55263.06081826  9.50 138.819933  51.251802  2.765
 87     9.656 55263.06081891  9.15 138.818453  51.248572  2.765
 87    10.109 55263.06081955  8.26 138.816963  51.245342  2.765
 87     8.004 55263.06082020  7.86 138.815483  51.242112  2.765
 87    18.026 55263.06082084  7.23 138.813993  51.238882  2.765
 88    11.464 55298.06080525  8.84 138.813835  51.252853  2.833
 88    11.963 55298.06080589  8.71 138.812345  51.249623  2.833
 88    18.661 55298.06080654  7.29 138.810865  51.246393  2.833
 88    16.467 55298.06080718  7.82 138.809375  51.243163  2.833
 88    18.912 55298.06080783  7.79 138.807895  51.239933  2.833
 88    21.700 55298.06080847  7.37 138.806405  51.236703  2.833
 89    11.207 55333.06079659 36.56 138.816418  51.253353 19.744
 89    11.212 55333.06079724 31.40 138.814938  51.250123 19.744
 89    11.174 55333.06079788 33.02 138.813448  51.246893 19.744
 89    11.166 55333.06079853 35.11 138.811968  51.243663 19.744
 89    11.181 55333.06079917 36.83 138.810478  51.240433 19.744
 89    11.209 55333.06079982 33.82 138.808988  51.237203 19.744
 90    13.817 55368.06078854 24.97 138.817798  51.253829 22.830
 90    24.881 55368.06078918 16.99 138.816318  51.250599 22.830
 90    11.567 55368.06078983 16.02 138.814828  51.247369 22.830
 90    11.220 55368.06079047 15.55 138.813338  51.244139 22.830
 90    11.802 55368.06079112 16.46 138.811858  51.240909 22.830
 90    12.159 55368.06079176 18.23 138.810368  51.237679 22.830
 91    10.526 55403.06080404 16.01 138.822741  51.251453 15.292
 91     9.820 55403.06080469 12.60 138.821251  51.248223 15.292
 91     9.767 55403.06080533 13.67 138.819771  51.244993 15.292
 91    10.342 55403.06080598 16.74 138.818281  51.241763 15.292
 91     9.342 55403.06080662 24.63 138.816801  51.238533 15.292
 92    12.436 55438.06080643 25.71 138.817824  51.252869 21.507
 92    12.082 55438.06080707 23.89 138.816344  51.249639 21.507
 92    11.473 55438.06080772 23.32 138.814854  51.246409 21.507
 92    11.875 55438.06080836 21.05 138.813364  51.243179 21.507
 92    12.266 55438.06080901 22.38 138.811884  51.239949 21.507
 92    12.479 55438.06080965 23.54 138.810394  51.236719 21.507
 93    11.234 55473.06075510 29.00 138.812990  51.253948 22.640
 93    11.855 55473.06075574 16.94 138.811500  51.250718 22.640
 93    11.328 55473.06075639 15.95 138.810010  51.247488 22.640
 93     9.538 55473.06075703 18.79 138.808530  51.244258 22.640
 93     9.836 55473.06075768 19.24 138.807040  51.241028 22.640
 93     9.880 55473.06075832 19.33 138.805560  51.237798 22.640
