# NaN NaN NaN ;Mean Elev.(m), Avg Gradient(m/km), RMS Gradient(m/km) - SRTM1     
#   10.193   0.103   1.857 ;Mean Elev.(m), Avg Gradient(m/km), RMS Gradient(m/km) - ASTER GDEM
#    0.298   0.206   2.400 ;Mean Elev.(m), Avg Gradient(m/km), RMS Gradient(m/km) - GMTED2010 
  7     9.211 52452.49739222 18.04 140.041850  51.716965 23.771
  7     8.271 52452.49739287 18.86 140.040340  51.720195 23.771
  7     8.469 52452.49739351 16.93 140.038830  51.723425 23.771
  8     5.878 52487.49737404 16.75 140.049532  51.722989 20.970
  8     4.971 52487.49737468 13.47 140.048012  51.726219 20.970
  8     4.631 52487.49737533 19.38 140.046502  51.729439 20.970
  8     4.557 52487.49737597 20.16 140.044992  51.732669 20.970
  8     4.451 52487.49737662 20.85 140.043482  51.735899 20.970
  8     4.513 52487.49737726 28.07 140.041962  51.739119 20.970
  8     4.464 52487.49737790 26.22 140.040452  51.742349 20.970
  9     5.287 52522.49734551 18.81 140.049941  51.724214 29.452
  9     5.256 52522.49734616 19.72 140.048431  51.727434 29.452
  9     5.617 52522.49734680 20.12 140.046921  51.730664 29.452
  9     5.699 52522.49734745 23.72 140.045411  51.733894 29.452
  9     5.483 52522.49734809 26.24 140.043891  51.737114 29.452
  9     5.505 52522.49734874 33.48 140.042381  51.740344 29.452
  9     5.648 52522.49734938 44.69 140.040871  51.743574 29.452
 10     3.783 52557.49739471 50.37 140.040990  51.715028 41.374
 10     3.753 52557.49739536 53.27 140.039480  51.718258 41.374
 10     3.723 52557.49739600 50.76 140.037970  51.721478 41.374
 10     3.694 52557.49739665 50.91 140.036450  51.724708 41.374
 11     3.242 52592.49739138 31.78 140.044269  51.717408 13.854
 11     3.426 52592.49739202 34.34 140.042759  51.720638 13.854
 11     3.437 52592.49739266 37.61 140.041239  51.723858 13.854
 11     3.478 52592.49739331 37.73 140.039729  51.727088 13.854
 12     2.607 52627.49731088 16.03 140.046611  51.722068  3.541
 12     2.847 52627.49731153 16.03 140.045101  51.725298  3.541
 12     2.712 52627.49731217 15.88 140.043581  51.728518  3.541
 12     2.658 52627.49731282 16.13 140.042071  51.731748  3.541
 12     2.798 52627.49731346 15.51 140.040561  51.734978  3.541
 13     2.138 52662.49735495 12.54 140.046221  51.720924  2.707
 13     2.270 52662.49735559 12.43 140.044711  51.724154  2.707
 13     2.344 52662.49735624 12.14 140.043191  51.727374  2.707
 13     2.433 52662.49735688 12.09 140.041681  51.730604  2.707
 13     3.074 52662.49735753 11.51 140.040171  51.733834  2.707
 14     2.420 52697.49733162 11.85 140.042134  51.719489  2.760
 14     2.251 52697.49733226 11.61 140.040624  51.722719  2.760
 14     2.592 52697.49733291 10.98 140.039104  51.725939  2.760
 15     1.771 52732.49735473 24.09 140.053283  51.727283  8.151
 15     1.584 52732.49735538 26.29 140.051773  51.730513  8.151
 15     1.702 52732.49735602 24.92 140.050263  51.733743  8.151
 15     3.478 52732.49735667 22.15 140.048743  51.736963  8.151
 15     3.461 52732.49735731 22.48 140.047233  51.740193  8.151
 15     2.902 52732.49735796 22.57 140.045723  51.743423  8.151
 16     3.318 52767.49736340 24.64 140.048679  51.725319 19.869
 16     3.848 52767.49736404 26.74 140.047169  51.728539 19.869
 16     3.799 52767.49736469 29.15 140.045659  51.731769 19.869
 16     3.780 52767.49736533 30.31 140.044139  51.734999 19.869
 16     3.679 52767.49736598 34.07 140.042629  51.738219 19.869
 16     3.844 52767.49736662 36.37 140.041119  51.741449 19.869
 17     3.952 52802.49737391 50.08 140.040588  51.717150 26.204
 17     3.916 52802.49737455 49.52 140.039068  51.720370 26.204
 17     3.845 52802.49737520 47.89 140.037558  51.723600 26.204
 18     4.732 52837.49743930 23.19 140.044025  51.720551 14.113
 18     3.846 52837.49743995 21.97 140.042515  51.723781 14.113
 18     4.111 52837.49744059 24.87 140.040995  51.727001 14.113
 18     4.158 52837.49744124 28.03 140.039485  51.730231 14.113
 19     5.346 52872.49747935 18.06 140.046688  51.720208 25.847
 19     5.836 52872.49747999 16.04 140.045178  51.723438 25.847
 19     5.857 52872.49748064 16.47 140.043668  51.726668 25.847
 19     5.984 52872.49748128 20.41 140.042148  51.729888 25.847
 19     6.046 52872.49748192 24.30 140.040638  51.733118 25.847
 20     6.700 52907.49746833 18.43 140.050625  51.724830 18.751
 20     6.663 52907.49746897 18.28 140.049115  51.728050 18.751
 20     6.662 52907.49746962 18.46 140.047605  51.731280 18.751
 20     6.961 52907.49747026 18.41 140.046095  51.734510 18.751
 20     6.875 52907.49747091 20.22 140.044575  51.737730 18.751
 20     6.647 52907.49747155 24.97 140.043065  51.740960 18.751
 20     6.755 52907.49747220 28.28 140.041555  51.744190 18.751
 21     5.050 52942.49739522 24.00 140.044751  51.720822 32.343
 21     5.121 52942.49739587 45.63 140.043241  51.724052 32.343
 21     5.026 52942.49739651 49.23 140.041721  51.727282 32.343
 21     5.189 52942.49739715 50.68 140.040211  51.730502 32.343
 21     5.124 52942.49739780 50.64 140.038701  51.733732 32.343
 23     3.201 53012.49745227 21.39 140.045297  51.722378  4.086
 23     3.176 53012.49745292 22.27 140.043787  51.725608  4.086
 23     3.279 53012.49745356 22.42 140.042277  51.728838  4.086
 23     3.260 53012.49745421 21.58 140.040757  51.732058  4.086
 23     3.223 53012.49745485 21.55 140.039247  51.735288  4.086
 24     2.630 53047.49741943 16.82 140.041437  51.718197  3.828
 24     2.724 53047.49742008 17.36 140.039917  51.721417  3.828
 24     2.581 53047.49742072 17.47 140.038407  51.724647  3.828
 25     2.796 53082.49745432 13.10 140.043527  51.719045  3.489
 25     2.563 53082.49745496 14.12 140.042017  51.722275  3.489
 25     2.469 53082.49745561 14.58 140.040507  51.725505  3.489
 26     4.781 53117.49742420 34.01 140.039804  51.715291 26.347
 26     4.644 53117.49742485 29.41 140.038284  51.718511 26.347
 26     4.571 53117.49742549 27.43 140.036774  51.721741 26.347
 27     7.526 53152.49747374 36.12 140.042129  51.715667 29.199
 27     7.279 53152.49747438 35.95 140.040619  51.718897 29.199
 27     7.198 53152.49747503 34.97 140.039109  51.722127 29.199
 27     7.343 53152.49747567 37.63 140.037589  51.725347 29.199
 28     7.310 53187.49746260 25.77 140.050614  51.725363 36.315
 28     6.826 53187.49746324 23.11 140.049104  51.728593 36.315
 28     6.897 53187.49746389 23.44 140.047584  51.731813 36.315
 28     7.276 53187.49746453 28.70 140.046074  51.735043 36.315
 28     7.054 53187.49746518 27.53 140.044564  51.738273 36.315
 28     7.052 53187.49746582 28.56 140.043044  51.741493 36.315
 29     6.558 53222.49748362 17.91 140.050008  51.723590 30.234
 29     6.037 53222.49748426 16.47 140.048498  51.726820 30.234
 29     5.817 53222.49748491 18.74 140.046978  51.730040 30.234
 29     5.706 53222.49748555 20.31 140.045468  51.733270 30.234
 29     5.519 53222.49748620 24.42 140.043958  51.736500 30.234
 29     5.588 53222.49748684 24.83 140.042438  51.739720 30.234
 29     5.674 53222.49748748 31.58 140.040928  51.742950 30.234
 30     6.223 53257.49745924 30.59 140.048605  51.721916 46.208
 30     5.278 53257.49745989 47.89 140.047095  51.725146 46.208
 30     5.350 53257.49746053 48.04 140.045575  51.728366 46.208
 30     5.213 53257.49746118 39.78 140.044065  51.731596 46.208
 30     5.367 53257.49746182 49.17 140.042555  51.734826 46.208
 30     5.326 53257.49746247 48.60 140.041045  51.738056 46.208
 30     5.266 53257.49746311 49.08 140.039525  51.741276 46.208
 32     3.826 53327.49745208 43.52 140.048853  51.724491 17.995
 32     3.891 53327.49745272 43.98 140.047343  51.727711 17.995
 32     3.780 53327.49745337 40.08 140.045823  51.730941 17.995
 32     3.887 53327.49745401 41.13 140.044313  51.734171 17.995
 32     3.899 53327.49745466 39.91 140.042803  51.737391 17.995
 32     3.828 53327.49745530 36.49 140.041283  51.740621 17.995
 33     2.204 53362.49740722 15.94 140.053684  51.725917  4.065
 33     2.326 53362.49740786 15.87 140.052176  51.729146  3.153
 33     2.228 53362.49740851 17.33 140.050656  51.732366  3.153
 33     2.483 53362.49740915 16.35 140.049146  51.735596  3.153
 33     2.157 53362.49740980 16.77 140.047636  51.738826  3.153
 33     2.192 53362.49741044 16.02 140.046126  51.742046  3.153
 33     2.150 53362.49741109 15.49 140.044606  51.745276  3.153
 34     2.395 53397.49742738 13.67 140.042944  51.717153  5.262
 34     2.449 53397.49742803 14.42 140.041424  51.720373  5.262
 34     2.650 53397.49742867 13.90 140.039911  51.723609  2.860
 35     2.666 53432.49742031  9.97 140.051850  51.727133  2.384
 35     2.436 53432.49742095 11.05 140.050330  51.730363  2.384
 35     2.769 53432.49742160 10.92 140.048820  51.733593  2.384
 35     3.395 53432.49742224 10.66 140.047310  51.736823  2.384
 35     3.448 53432.49742289 10.77 140.045800  51.740043  2.384
 35     4.456 53432.49742353  9.78 140.044280  51.743273  2.384
 36     3.923 53467.49745446 16.32 140.042150  51.715764  6.140
 36     3.870 53467.49745511 15.41 140.040628  51.718990  5.656
 36     3.618 53467.49745575 13.42 140.039118  51.722210  5.656
 36     3.482 53467.49745640 12.72 140.037608  51.725440  5.656
 37     8.038 53502.49750644 32.39 140.043179  51.716999 31.963
 37     7.681 53502.49750709 25.46 140.041669  51.720229 31.963
 37     7.526 53502.49750773 22.85 140.040156  51.723458 18.295
 37     7.634 53502.49750838 24.76 140.038646  51.726678 18.295
 38     7.534 53537.49750091 24.25 140.046814  51.723496 24.675
 38     7.365 53537.49750155 20.96 140.045304  51.726726 24.675
 38     7.408 53537.49750220 21.24 140.043794  51.729956 24.675
 38     7.582 53537.49750284 22.94 140.042284  51.733176 24.675
 38     7.548 53537.49750349 24.41 140.040764  51.736406 24.675
 39     5.134 53572.49750373 39.59 140.044620  51.720758 29.576
 39     4.990 53572.49750437 23.10 140.043110  51.723988 29.576
 39     5.188 53572.49750501 27.18 140.041598  51.727207 19.682
 39     5.138 53572.49750566 30.03 140.040088  51.730437 19.682
 39     5.227 53572.49750630 26.45 140.038568  51.733667 19.682
 40     6.289 53607.49745372 19.94 140.051556  51.727396 27.401
 40     6.225 53607.49745437 20.29 140.050044  51.730616 15.276
 40     5.355 53607.49745501 21.66 140.048534  51.733846 15.276
 40     5.344 53607.49745566 25.85 140.047024  51.737076 15.276
 40     5.341 53607.49745630 29.70 140.045514  51.740306 15.276
 40     5.355 53607.49745694 34.60 140.043994  51.743526 15.276
 41     3.898 53642.49745249 22.70 140.041344  51.714196 20.365
 41     3.838 53642.49745314 23.28 140.039824  51.717426 20.365
 41     3.539 53642.49745378 23.13 140.038314  51.720656 20.365
 41     3.707 53642.49745443 24.40 140.036805  51.723882 20.032
 42     3.023 53677.49747221 52.98 140.042666  51.719740 41.330
 42     2.796 53677.49747285 55.37 140.041156  51.722970 41.330
 42     2.835 53677.49747350 51.43 140.039641  51.726188 27.007
 43     1.686 53712.49740256 22.79 140.053225  51.728973  5.313
 43     1.657 53712.49740321 22.86 140.051705  51.732203  5.313
 43     1.459 53712.49740385 23.53 140.050195  51.735433  5.313
 43     1.346 53712.49740450 24.51 140.048685  51.738663  5.313
 43     1.541 53712.49740514 21.68 140.047165  51.741883  5.313
 43     1.642 53712.49740579 21.37 140.045655  51.745113  5.313
 44     2.101 53747.49731345 11.64 140.042436  51.718758  3.473
 44     1.956 53747.49731410 12.03 140.040926  51.721978  3.473
 44     2.251 53747.49731474 11.76 140.039410  51.725212  2.579
 45     2.108 53782.49734562  8.20 140.049590  51.726327  3.931
 45     1.760 53782.49734627  9.34 140.048073  51.729554  2.588
 45     2.274 53782.49734691  8.62 140.046563  51.732774  2.588
 45     2.907 53782.49734755  8.70 140.045043  51.736004  2.588
 45     4.117 53782.49734820  7.81 140.043533  51.739234  2.588
 45     4.593 53782.49734884  6.87 140.042023  51.742454  2.588
 46     2.398 53817.49731076  6.49 140.057096  51.727993  3.100
 46     2.376 53817.49731141  6.88 140.055586  51.731223  3.100
 46     2.822 53817.49731205  6.99 140.054066  51.734453  3.100
 46     3.426 53817.49731270  7.55 140.052556  51.737673  3.100
 46     0.467 53817.49731334 12.37 140.051046  51.740903  3.100
 46     0.966 53817.49731399 10.87 140.049536  51.744133  3.100
 46     4.564 53817.49731463  6.04 140.048019  51.747362  2.667
 47     3.501 53852.49738273 41.21 140.039485  51.716515 35.922
 47     3.199 53852.49738337 31.39 140.037975  51.719735 35.922
 47     3.379 53852.49738401 35.71 140.036465  51.722965 35.922
 48     6.586 53887.49739055 22.14 140.051548  51.726879 19.495
 48     6.826 53887.49739120 18.95 140.050038  51.730109 19.495
 48     6.273 53887.49739184 36.18 140.048528  51.733329 19.495
 48     6.282 53887.49739249 29.82 140.047008  51.736559 19.495
 48     6.050 53887.49739313 22.46 140.045498  51.739789 19.495
 48     5.962 53887.49739378 24.99 140.043978  51.743009 19.495
 50     6.466 53957.49745436 20.70 140.042705  51.717904 24.167
 50     6.323 53957.49745501 19.85 140.041195  51.721134 24.167
 50     6.664 53957.49745565 17.98 140.039675  51.724364 24.167
 51     6.283 53992.49737875 15.48 140.040616  51.717395 20.233
 51     6.172 53992.49737940 15.12 140.039106  51.720625 20.233
 51     6.771 53992.49738004 18.23 140.037586  51.723855 20.233
 52     3.822 54027.49744181 32.75 140.043010  51.718917 24.138
 52     3.591 54027.49744245 31.89 140.041500  51.722137 24.138
 52     3.921 54027.49744310 32.55 140.039980  51.725367 24.138
 53     2.865 54062.49743635 21.32 140.050406  51.726280  6.004
 53     2.676 54062.49743699 24.05 140.048896  51.729510  6.004
 53     2.862 54062.49743764 25.67 140.047376  51.732740  6.004
 53     2.833 54062.49743828 26.87 140.045866  51.735970  6.004
 53     2.719 54062.49743893 22.53 140.044358  51.739196  3.913
 53     2.355 54062.49743957 21.63 140.042838  51.742416  3.913
 54     2.628 54097.49740625 12.59 140.051299  51.724848  3.284
 54     2.966 54097.49740689 11.98 140.049779  51.728068  3.284
 54     2.892 54097.49740754 12.52 140.048269  51.731298  3.284
 54     2.737 54097.49740818 13.42 140.046759  51.734528  3.284
 54     2.513 54097.49740882 15.19 140.045249  51.737758  3.284
 54     2.237 54097.49740947 15.17 140.043731  51.740976  4.050
 54     2.244 54097.49741011 14.83 140.042221  51.744206  4.050
 55     2.549 54132.49735731 10.91 140.042673  51.716177  4.347
 55     2.716 54132.49735795 10.48 140.041163  51.719397  4.347
 55     2.767 54132.49735860 10.87 140.039643  51.722627  4.347
 55     2.891 54132.49735924 10.53 140.038133  51.725857  4.347
 56     2.951 54167.49737946  8.34 140.048654  51.723622  2.720
 56     2.940 54167.49738011  8.48 140.047144  51.726842  2.720
 56     3.124 54167.49738075  8.81 140.045634  51.730072  2.720
 56     3.663 54167.49738140  8.41 140.044114  51.733302  2.720
 56     2.758 54167.49738204  9.69 140.042604  51.736522  2.720
 56     3.754 54167.49738269  9.26 140.041094  51.739752  2.720
 57     5.175 54202.49736104  4.07 140.042246  51.718098  9.325
 57     4.505 54202.49736169  4.78 140.040726  51.721318  9.325
 57     3.230 54202.49736233  5.69 140.039216  51.724548  9.325
 58     5.421 54237.49739714 34.68 140.046670  51.720465 22.923
 58     5.385 54237.49739778 25.87 140.045160  51.723685 22.923
 58     5.287 54237.49739843 24.53 140.043640  51.726915 22.923
 58     5.084 54237.49739907 23.86 140.042130  51.730145 22.923
 58     6.211 54237.49739972 23.33 140.040620  51.733365 22.923
 59     2.053 54272.49741662 21.94 140.047942  51.722307 27.508
 59     3.629 54272.49741727 18.29 140.046432  51.725527 27.508
 59     4.945 54272.49741791 18.95 140.044912  51.728757 27.508
 59     5.026 54272.49741856 18.47 140.043402  51.731987 27.508
 59     5.213 54272.49741920 19.27 140.041892  51.735207 27.508
 59     5.241 54272.49741985 22.17 140.040372  51.738437 27.508
 59     5.178 54272.49742049 24.43 140.038862  51.741667 27.508
 60     3.579 54307.49741867 25.03 140.046069  51.722176 24.428
 60     3.386 54307.49741931 23.78 140.044559  51.725396 24.428
 60     3.490 54307.49741996 31.79 140.043039  51.728626 24.428
 60     3.420 54307.49742060 38.22 140.041529  51.731856 24.428
 60     3.445 54307.49742125 30.12 140.040019  51.735076 24.428
 61     6.004 54342.49739876 38.58 140.051606  51.725113 36.658
 61     6.046 54342.49739941 39.88 140.050096  51.728333 36.658
 61     6.018 54342.49740005 43.19 140.048576  51.731563 36.658
 61     6.088 54342.49740070 43.87 140.047066  51.734793 36.658
 61     6.068 54342.49740134 49.00 140.045556  51.738013 36.658
 61     6.015 54342.49740199 52.09 140.044046  51.741243 36.658
 61     5.989 54342.49740263 51.04 140.042526  51.744473 36.658
 62     4.511 54377.49735372 54.74 140.043434  51.721299 35.863
 62     4.501 54377.49735436 54.01 140.041924  51.724529 35.863
 62     4.418 54377.49735501 47.19 140.040404  51.727749 35.863
 63     3.354 54412.49734584 50.80 140.046831  51.723933 35.323
 63     3.044 54412.49734649 55.79 140.045321  51.727163 35.323
 63     3.069 54412.49734713 49.43 140.043811  51.730383 35.323
 63     3.146 54412.49734778 50.19 140.042291  51.733613 35.323
 63     3.079 54412.49734842 48.97 140.040781  51.736843 35.323
 63     2.991 54412.49734907 56.31 140.039271  51.740063 35.323
 66     2.132 54517.49733261 15.87 140.043402  51.719285  4.042
 66     2.113 54517.49733326 16.98 140.041892  51.722515  4.042
 66     2.106 54517.49733390 17.85 140.040382  51.725745  4.042
 67     2.070 54552.49735103 18.28 140.050104  51.724116  8.662
 67     2.071 54552.49735168 21.40 140.048584  51.727336  8.662
 67     2.019 54552.49735232 21.61 140.047074  51.730566  8.662
 67     2.755 54552.49735297 19.64 140.045564  51.733796  8.662
 67     3.347 54552.49735361 19.51 140.044054  51.737016  8.662
 67     3.443 54552.49735426 19.44 140.042534  51.740246  8.662
 67     1.958 54552.49735490 22.12 140.041024  51.743476  8.662
 68     7.596 54587.49732862 21.64 140.045787  51.719675 28.441
 68     4.394 54587.49732927 27.57 140.044277  51.722905 28.441
 68     4.314 54587.49732991 42.16 140.042767  51.726135 28.441
 68     4.342 54587.49733056 44.33 140.041247  51.729355 28.441
 68     4.314 54587.49733120 48.97 140.039737  51.732585 28.441
 69     3.257 54622.49734730 24.55 140.046730  51.722668 19.460
 69     3.844 54622.49734794 25.16 140.045220  51.725898 19.460
 69     3.900 54622.49734858 27.85 140.043710  51.729128 19.460
 69     3.881 54622.49734923 30.34 140.042200  51.732348 19.460
 69     3.652 54622.49734987 23.23 140.040680  51.735578 19.460
 70     5.401 54657.49735632 21.84 140.045662  51.720745 31.444
 70     2.812 54657.49735696 23.06 140.044142  51.723965 31.444
 70     2.940 54657.49735761 36.64 140.042632  51.727195 31.444
 70     2.933 54657.49735825 40.57 140.041122  51.730425 31.444
 70     2.845 54657.49735890 47.32 140.039602  51.733645 31.444
 71     3.920 54692.49733995 20.56 140.047898  51.724930 22.483
 71     4.286 54692.49734060 21.15 140.046388  51.728160 22.483
 71     4.672 54692.49734124 25.39 140.044868  51.731380 22.483
 71     4.581 54692.49734189 20.08 140.043358  51.734610 22.483
 71     4.309 54692.49734253 19.91 140.041848  51.737840 22.483
 71     4.374 54692.49734318 22.12 140.040328  51.741060 22.483
 72     3.760 54727.49730899 47.40 140.043947  51.719069 39.613
 72     3.708 54727.49730964 54.67 140.042437  51.722299 39.613
 72     3.393 54727.49731028 52.81 140.040927  51.725529 39.613
 73     3.389 54762.49731666 19.36 140.045879  51.722735 15.072
 73     3.638 54762.49731731 22.66 140.044369  51.725965 15.072
 73     3.711 54762.49731795 25.77 140.042849  51.729185 15.072
 73     3.757 54762.49731860 28.98 140.041339  51.732415 15.072
 73     3.755 54762.49731924 21.79 140.039829  51.735645 15.072
 74     2.537 54797.49730183 22.21 140.040477  51.717723  5.447
 74     2.526 54797.49730247 22.32 140.038967  51.720953  5.447
 74     2.671 54797.49730312 22.27 140.037457  51.724183  5.447
 75     2.593 54832.49730655 12.75 140.046602  51.722596  2.950
 75     2.930 54832.49730719 12.76 140.045092  51.725826  2.950
 75     3.319 54832.49730784 12.38 140.043582  51.729046  2.950
 75     3.145 54832.49730848 13.17 140.042062  51.732276  2.950
 75     3.361 54832.49730913 12.40 140.040552  51.735506  2.950
 76     2.792 54867.49729809 10.08 140.042099  51.719769  2.789
 76     2.826 54867.49729874 10.51 140.040589  51.722999  2.789
 76     2.871 54867.49729938 10.39 140.039069  51.726219  2.789
 77     2.660 54902.49731666  9.04 140.047910  51.724300  2.572
 77     3.096 54902.49731730  8.84 140.046390  51.727520  2.572
 77     3.338 54902.49731794  8.55 140.044880  51.730750  2.572
 77     3.330 54902.49731859  8.69 140.043370  51.733980  2.572
 77     3.477 54902.49731923  9.46 140.041860  51.737200  2.572
 77     3.664 54902.49731988  8.71 140.040340  51.740430  2.572
 78     5.674 54937.49728813 12.85 140.045169  51.719085  8.899
 78     5.346 54937.49728877 12.46 140.043659  51.722315  8.899
 78     4.425 54937.49728942 11.70 140.042149  51.725535  8.899
 78     3.874 54937.49729006 13.54 140.040629  51.728765  8.899
 78     3.078 54937.49729071 14.60 140.039119  51.731995  8.899
 79     6.065 54972.49732135 21.30 140.044947  51.722267 21.608
 79     5.814 54972.49732200 21.68 140.043437  51.725497 21.608
 79     6.037 54972.49732264 22.24 140.041917  51.728717 21.608
 79     6.621 54972.49732329 23.41 140.040407  51.731947 21.608
 79     6.199 54972.49732393 29.00 140.038897  51.735177 21.608
 80     5.909 55007.49733769 20.99 140.046973  51.720602 20.590
 80     5.281 55007.49733833 16.28 140.045463  51.723832 20.590
 80     4.450 55007.49733898 16.80 140.043943  51.727052 20.590
 80     4.626 55007.49733962 18.10 140.042433  51.730282 20.590
 80     4.762 55007.49734027 19.24 140.040923  51.733512 20.590
 81     7.526 55042.49732681 48.56 140.047092  51.721576 40.009
 81     7.529 55042.49732746 50.49 140.045572  51.724796 40.009
 81     7.509 55042.49732810 51.57 140.044062  51.728026 40.009
 81     7.510 55042.49732875 47.64 140.042552  51.731256 40.009
 81     7.513 55042.49732939 51.62 140.041032  51.734476 40.009
 82     7.928 55077.49730677 26.99 140.049202  51.725280 31.471
 82     7.516 55077.49730741 23.98 140.047692  51.728510 31.471
 82     7.551 55077.49730806 20.62 140.046172  51.731730 31.471
 82     7.832 55077.49730870 22.63 140.044662  51.734960 31.471
 82     7.783 55077.49730935 24.91 140.043152  51.738190 31.471
 82     7.799 55077.49730999 27.13 140.041632  51.741410 31.471
 83     7.575 55112.49725868 49.97 140.045133  51.718549 47.403
 83     7.572 55112.49725932 45.31 140.043623  51.721779 47.403
 83     7.510 55112.49725997 27.64 140.042103  51.724999 47.403
 83     7.517 55112.49726061 33.66 140.040593  51.728229 47.403
 83     7.491 55112.49726126 44.92 140.039083  51.731459 47.403
 84     4.767 55147.49726025 41.72 140.046295  51.720698 23.404
 84     4.797 55147.49726089 46.85 140.044785  51.723928 23.404
 84     4.720 55147.49726154 49.79 140.043275  51.727158 23.404
 84     4.673 55147.49726218 44.01 140.041755  51.730378 23.404
 84     4.657 55147.49726283 50.54 140.040245  51.733608 23.404
 85     3.238 55182.49723860 20.04 140.042604  51.715957  3.103
 85     3.127 55182.49723924 20.35 140.041084  51.719187  3.103
 85     3.279 55182.49723988 19.99 140.039574  51.722417  3.103
 85     3.219 55182.49724053 19.41 140.038064  51.725637  3.103
 86     3.270 55217.49725695 16.17 140.047953  51.721880  2.971
 86     3.390 55217.49725759 16.14 140.046443  51.725110  2.971
 86     3.479 55217.49725824 15.99 140.044933  51.728330  2.971
 86     3.421 55217.49725888 15.90 140.043413  51.731560  2.971
 86     3.296 55217.49725953 15.93 140.041903  51.734790  2.971
 86     3.528 55217.49726081 14.69 140.038873  51.741240  2.971
 87     3.087 55252.49723564 14.95 140.043611  51.721462  3.042
 87     3.174 55252.49723629 14.90 140.042101  51.724692  3.042
 87     3.039 55252.49723693 14.66 140.040581  51.727912  3.042
 87     3.013 55252.49723758 14.77 140.039071  51.731142  3.042
 88     3.164 55287.49724926 12.71 140.048794  51.725525  2.814
 88     3.485 55287.49724991 12.06 140.047274  51.728745  2.814
 88     3.647 55287.49725055 12.06 140.045764  51.731975  2.814
 88     3.502 55287.49725120 11.40 140.044254  51.735205  2.814
 88     4.305 55287.49725184 11.10 140.042744  51.738435  2.814
 88     4.597 55287.49725249 11.25 140.041224  51.741655  2.814
 89     6.784 55322.49722431 34.48 140.046261  51.719617 27.810
 89     6.613 55322.49722495 35.30 140.044741  51.722837 27.810
 89     6.512 55322.49722560 34.99 140.043231  51.726067 27.810
 89     6.524 55322.49722624 36.05 140.041721  51.729297 27.810
 89     6.651 55322.49722688 36.81 140.040201  51.732517 27.810
 90     7.621 55357.49722394 28.64 140.046493  51.722624 43.018
 90     7.282 55357.49722458 28.45 140.044973  51.725844 43.018
 90     7.752 55357.49722523 31.27 140.043463  51.729074 43.018
 90     7.710 55357.49722587 37.66 140.041953  51.732304 43.018
 90     7.772 55357.49722652 46.55 140.040433  51.735534 43.018
 91     4.107 55392.49722587 22.39 140.043347  51.720306 32.493
 91     5.707 55392.49722652 20.46 140.041837  51.723536 32.493
 91     5.876 55392.49722716 20.14 140.040327  51.726766 32.493
 92     7.427 55427.49724025 47.51 140.046689  51.722444 44.489
 92     7.456 55427.49724090 48.28 140.045179  51.725674 44.489
 92     7.376 55427.49724154 37.98 140.043659  51.728894 44.489
 92     7.368 55427.49724219 41.12 140.042149  51.732124 44.489
 92     7.331 55427.49724283 46.64 140.040639  51.735354 44.489
 93     7.613 55462.49720581 24.73 140.051796  51.726610 33.011
 93     7.352 55462.49720645 23.43 140.050286  51.729840 33.011
 93     7.552 55462.49720710 20.35 140.048776  51.733070 33.011
 93     7.860 55462.49720774 25.16 140.047256  51.736290 33.011
 93     7.587 55462.49720839 22.73 140.045746  51.739520 33.011
 93     7.477 55462.49720903 25.99 140.044236  51.742750 33.011
