# NaN NaN NaN ;Mean Elev.(m), Avg Gradient(m/km), RMS Gradient(m/km) - SRTM1     
#    0.435  -0.838  11.503 ;Mean Elev.(m), Avg Gradient(m/km), RMS Gradient(m/km) - ASTER GDEM
#    9.022  -0.993  12.559 ;Mean Elev.(m), Avg Gradient(m/km), RMS Gradient(m/km) - GMTED2010 
  7 137.036271  50.492844    15.153    14.175 14 52466.06509302 15.007
  9 137.049465  50.504953    15.999    15.192 26 52536.06507099 25.092
 11 137.037233  50.501602    12.199    12.171 17 52606.06507361 34.885
 12 137.045811  50.505933    12.095    12.079 25 52641.06506399 21.854
 13 137.036775  50.499634    12.022    12.031 17 52676.06505553 21.059
 14 137.044408  50.503473    12.240    12.036 23 52711.06507956 18.102
 15 137.032740  50.511074    13.081    13.060  7 52746.06510616 32.272
 16 137.048120  50.505175    12.465    12.458 26 52781.06504446 36.293
 17 137.046851  50.505800    17.162    16.999 25 52816.06512545 16.967
 18 137.046936  50.505260    18.121    17.777 26 52851.06517702 21.412
 19 137.036386  50.501763    16.788    16.489 17 52886.06521266 28.365
 20 137.035443  50.501930    15.634    15.742 16 52921.06516835 26.099
 21 137.061120  50.522171    13.617    13.704 17 52956.06512841 42.119
 22 137.049766  50.505595    13.412    13.448 26 52991.06514827 16.921
 23 137.045666  50.504126    13.702    13.795 25 53026.06511479 12.830
 24 137.054284  50.511490    14.707    14.407 23 53061.06512325 10.165
 25 137.032564  50.511167    13.408    13.424  6 53096.06515325 13.171
 26 137.061246  50.523045    17.106    16.286 16 53131.06512268 22.505
 28 137.039640  50.499203    14.757    14.768 18 53201.06520274 28.185
 29 137.045945  50.505613    17.452    16.231 25 53236.06517091 20.197
 30 137.061352  50.523849    14.548    14.276 16 53271.06512708 31.597
 31 137.036865  50.499927    13.466    13.284 17 53306.06519583 33.655
 32 137.036571  50.501998    12.451    12.477 17 53341.06516327 32.033
 33 137.036271  50.502109    13.164    13.144 17 53376.06509306 21.824
 34 137.046171  50.504611    12.913    12.552 25 53411.06513734 14.987
 35 137.034563  50.507188    14.244    13.121 12 53446.06511928 16.526
 36 137.037695  50.501786    14.235    14.273 17 53481.06520472 36.099
 37 137.038959  50.499630    16.296    16.216 18 53516.06520908 22.198
 38 137.034515  50.505275    16.465    16.462 13 53551.06522830 26.470
 39 137.039454  50.500560    16.383    15.242 18 53586.06518650 17.844
 40 137.043100  50.501799    15.679    15.207 22 53621.06514698 18.104
 41 137.043117  50.502308    14.662    13.905 22 53656.06517549 19.926
 42 137.036132  50.501887    12.190    12.211 17 53691.06516533 33.192
 43 137.034507  50.502044    12.999    12.387 16 53726.06508920 14.246
 44 137.067413  50.531302    14.721    14.214 13 53761.06503185 11.094
 45 137.038051  50.498487    14.616    14.370 18 53796.06505391  9.442
 47 137.040222  50.498044    17.259    17.120 19 53866.06511097 19.513
 49 137.033700  50.508785    16.396    16.437 10 53936.06517756 44.753
 50 137.034233  50.506041    17.481    17.469 12 53971.06514522 30.729
 52 137.049337  50.504026    15.732    15.822 26 54041.06515376 23.443
 53 137.037445  50.499871    12.703    12.705 18 54076.06514932 25.181
 54 137.033691  50.509145    13.579    13.533 10 54111.06508946 18.193
 55 137.045455  50.504838    12.582    12.635 25 54146.06508849 16.547
 56 137.034400  50.506018    12.922    13.028 13 54181.06507674 20.888
 57 137.042670  50.501252    16.464    16.506 22 54216.06509733 33.122
 58 137.039771  50.498780    15.454    15.472 19 54251.06512436 47.007
 59 137.039712  50.499911    15.494    14.742 19 54286.06513050 16.590
 60 137.040462  50.499482    15.721    15.156 19 54321.06512757 17.268
 61 137.034846  50.501737    16.093    15.425 16 54356.06508820 19.530
 62 137.041563  50.500951    14.943    14.632 20 54391.06506799 18.108
 63 137.037932  50.500888    12.144    12.181 17 54426.06503847 35.005
 64 137.047614  50.506295    12.468    12.518 25 54461.06504354 21.705
 65 137.038344  50.501300    12.860    12.388 18 54496.06504501 16.926
 66 137.046621  50.504853    12.218    12.093 25 54531.06505688 18.257
 67 137.034858  50.503853    13.120    13.065 15 54566.06505024 34.193
 68 137.041124  50.500529    15.423    15.055 20 54601.06505303 19.414
 69 137.037784  50.499067    14.919    14.600 18 54636.06506554 17.419
 70 137.037492  50.500796    14.388    13.495 18 54671.06506903 19.270
 71 137.037676  50.501598    13.831    13.821 17 54706.06503002 19.411
 72 137.044197  50.503187    13.636    13.729 23 54741.06503246 25.811
 73 137.038601  50.501075    13.138    12.983 18 54776.06501163 31.962
 74 137.047843  50.505619    12.543    12.527 26 54811.06502532 21.431
 75 137.037058  50.501625    12.616    12.634 17 54846.06501096 15.318
 76 137.040951  50.500188    12.399    12.033 19 54881.06502997 12.498
 77 137.034387  50.506683    15.787    15.926 13 54916.06501351 11.398
 78 137.040208  50.499930    15.688    15.612 19 54951.06502285 22.186
 79 137.038720  50.499992    14.711    14.267 19 54986.06504771 18.212
 80 137.039432  50.498454    17.482    16.925 19 55021.06504111 20.317
 81 137.038085  50.498767    17.957    17.795 18 55056.06503796 26.792
 82 137.034570  50.502869    18.053    18.042 16 55091.06499547 33.337
 83 137.042855  50.502391    18.861    17.390 21 55126.06497629 19.403
 85 137.046642  50.505365    14.042    13.607 26 55196.06496604 32.172
 86 137.034963  50.503591    13.936    13.309 15 55231.06495992 21.744
 87 137.042721  50.502810    15.443    15.712 21 55266.06496175 11.197
 88 137.035316  50.501421    16.409    16.631 17 55301.06494144 14.168
 89 137.037526  50.499037    17.408    16.588 18 55336.06493803 24.282
 90 137.039633  50.500452    16.790    16.458 18 55371.06492818 20.808
 91 137.046153  50.504871    19.044    18.224 25 55406.06494589 21.518
 92 137.037856  50.498826    18.645    18.525 18 55441.06494722 26.038
 93 137.034841  50.501880    16.206    15.302 16 55476.06489013 22.004
