-194700.568   116.961     0.00   21.10
-194322.694   110.368   -17.45   19.33
-193944.865   105.092   -13.96   15.31
-193567.080   114.299    24.37   22.44
-193189.340   133.063    49.68   24.22
-192811.644   150.079    45.06   24.42
-192433.993   161.267    29.63   17.78
-192056.386   163.763     6.61   14.70
-191678.824   160.106    -9.69   15.02
-191301.306   154.368   -15.20   11.56
-190923.833   153.518    -2.25    9.70
-190546.403   155.340     4.83    8.90
-190169.019   158.313     7.88    7.54
-189791.678   159.958     4.36    6.77
-189414.382   163.401     9.13    7.06
-189037.130   169.002    14.85    7.69
-188659.923   176.170    19.01    8.83
-188282.759   184.122    21.09   11.08
-187905.641   191.425    19.37   11.44
-187528.566   194.051     6.97   11.99
-187151.535   191.363    -7.13   15.13
-186774.549   185.486   -15.59   18.03
-186397.607   173.583   -31.58   19.79
-186020.709   159.979   -36.10   19.04
-185643.855   147.106   -34.17   17.63
-185267.046   136.292   -28.70   11.64
-184890.280   129.180   -18.88    9.05
-184513.559   125.860    -8.81    6.40
-184136.882   128.115     5.99    8.75
-183760.249   135.647    20.00   11.87
-183383.659   142.811    19.03   10.90
-183007.114   147.696    12.98    6.94
-182630.613   150.204     6.66    6.24
-182254.156   152.664     6.53    6.66
-181877.743   153.523     2.28    5.69
-181501.374   152.876    -1.72    6.18
-181125.049   147.346   -14.70   10.59
-180748.768   141.712   -14.98   11.17
-180372.531   138.796    -7.75   10.62
-179996.337   137.179    -4.30    9.82
-179620.188   135.664    -4.03    9.92
-179244.082   135.984     0.85   10.60
-178868.020   138.537     6.79   10.94
-178492.002   143.906    14.28    8.86
-178116.028   145.357     3.86    5.21
-177740.098   141.374   -10.60    9.12
-177364.212   133.996   -19.63   12.61
-176988.369   125.138   -23.57   12.25
-176612.570   121.196   -10.49    8.35
-176236.815   122.796     4.26    8.88
-175861.103   128.492    15.16    9.71
-175485.436   134.581    16.21    7.39
-175109.812   137.851     8.71    5.53
-174734.231   139.617     4.70    4.16
-174358.694   140.255     1.70    4.64
-173983.201   140.601     0.92    5.17
-173607.752   140.138    -1.23    4.91
-173232.346   139.434    -1.88    4.21
-172856.984   136.188    -8.65    5.72
-172481.665   133.459    -7.27    5.88
-172106.390   130.061    -9.06    7.21
-171731.158   126.041   -10.72    7.19
-171355.970   125.696    -0.92    7.30
-170980.825   128.374     7.14    7.36
-170605.724   131.596     8.59    6.37
-170230.667   133.979     6.36    3.90
-169855.652   133.204    -2.07    5.25
-169480.682   132.163    -2.78    5.99
-169105.754   130.035    -5.68    6.54
-168730.870   128.180    -4.95    5.73
-168356.030   124.433   -10.00    6.89
-167981.233   117.825   -17.63   10.68
-167606.479   112.425   -14.41   10.15
-167231.768   109.490    -7.83    8.86
-166857.101   109.346    -0.38    8.98
-166482.477   112.679     8.90    9.13
-166107.897   116.793    10.98    7.43
-165733.360   120.138     8.93    5.66
-165358.866   121.996     4.96    5.67
-164984.415   122.863     2.31    8.70
-164610.007   124.089     3.28    9.54
-164235.643   123.903    -0.50    9.80
-163861.322   123.109    -2.12   10.15
-163487.044   122.103    -2.69   11.45
-163112.809   119.394    -7.24   13.80
-162738.617   114.696   -12.56   15.81
-162364.469   109.425   -14.09   16.62
-161990.363   100.889   -22.82   14.86
-161616.301    94.629   -16.74   12.58
-161242.282    89.729   -13.10    8.48
-160868.306    89.730     0.00    8.52
-160494.373    90.089     0.96    7.68
-160120.482    88.994    -2.93    6.12
-159746.635    88.647    -0.93    6.38
-159372.831    88.306    -0.91    6.81
-158999.070    88.743     1.17    7.11
-158625.352    90.089     3.60    7.49
-158251.677    92.179     5.59    8.00
-157878.044    94.777     6.95    8.05
-157504.455    96.129     3.62    8.24
-157130.908    96.831     1.88    7.76
-156757.405    98.817     5.32    8.10
-156383.944   102.138     8.90    8.20
-156010.526   105.765     9.71    7.90
-155637.151   110.171    11.80    7.24
-155263.819   112.611     6.54    7.04
-154890.529   114.474     4.99    7.06
-154517.283   116.925     6.57    6.15
-154144.079   117.796     2.33    5.23
-153770.918   117.099    -1.87    6.09
-153397.799   114.696    -6.44    7.95
-153024.724   110.196   -12.06   10.06
-152651.691   101.937   -22.14   14.54
-152278.700    90.827   -29.79   16.10
-151905.753    82.386   -22.64   13.31
-151532.848    78.253   -11.08    7.59
-151159.986    79.391     3.05    6.32
-150787.166    83.406    10.77    7.12
-150414.389    87.779    11.73    5.90
-150041.654    90.846     8.23    5.47
-149668.962    92.876     5.45    5.18
-149296.313    93.696     2.20    4.83
-148923.706    94.746     2.82    4.81
-148551.142    95.255     1.37    5.37
-148178.620    94.454    -2.15    5.52
-147806.141    91.110    -8.98    7.44
-147433.704    84.598   -17.49   10.28
-147061.310    79.446   -13.84    9.18
-146688.958    79.664     0.58   10.48
-146316.648    83.662    10.74   12.31
-145944.381    89.346    15.27   10.32
-145572.156    93.138    10.19    6.41
-145199.974    93.024    -0.31    6.42
-144827.834    92.408    -1.66    6.73
-144455.737    91.170    -3.33    7.66
-144083.681    92.825     4.45    8.01
-143711.669    95.613     7.49    7.63
-143339.698    95.843     0.62    7.05
-142967.770    92.350    -9.39   10.45
-142595.884    86.147   -16.68   11.96
-142224.040    83.437    -7.29   10.14
-141852.238    82.664    -2.08    9.05
-141480.479    84.781     5.70    8.63
-141108.762    83.459    -3.56    9.51
-140737.087    81.513    -5.24    9.30
-140365.454    77.614   -10.49   10.46
-139993.863    72.270   -14.38   10.54
-139622.315    69.248    -8.13   11.16
-139250.809    67.518    -4.66   12.58
-138879.344    63.747   -10.16   13.85
-138507.922    58.279   -14.72   14.34
-138136.542    52.489   -15.59   12.72
-137765.204    46.155   -17.06    8.38
-137393.908    42.573    -9.65    3.12
-137022.655    41.876    -1.88    4.23
-136651.443    42.442     1.52    5.81
-136280.273    43.204     2.05    6.55
-135909.145    43.646     1.19    6.92
-135538.059    44.069     1.14    6.95
-135167.015    43.876    -0.52    6.64
-134796.013    42.950    -2.50    5.83
-134425.053    41.611    -3.61    4.95
-134054.135    40.713    -2.42    3.56
-133683.259    41.347     1.71    3.91
-133312.424    43.989     7.13    5.24
-132941.632    47.954    10.69    4.91
-132570.881    51.892    10.62    5.30
-132200.172    55.286     9.16    4.82
-131829.505    58.075     7.53    4.55
-131458.880    60.991     7.87    6.40
-131088.296    65.529    12.25    9.16
-130717.755    68.909     9.12    9.64
-130347.255    72.611     9.99    9.75
-129976.796    77.450    13.06   11.05
-129606.380    84.286    18.46   14.16
-129236.005    93.368    24.52   15.85
-128865.672   102.596    24.92   14.51
-128495.381   107.565    13.42   12.15
-128125.131   108.417     2.30   12.35
-127754.923   102.492   -16.01   16.83
-127384.756    86.889   -42.16   25.39
-127014.631    68.589   -49.45   24.28
-126644.548    61.401   -19.42   19.19
-126274.506    55.799   -15.14    9.73
-125904.506    62.286    17.53   11.35
-125534.548    71.368    24.55    8.13
-125160.812    77.079    15.28    8.68
-124782.399    81.396    11.41   10.43
-124404.029    85.040     9.63   14.73
-124025.702    87.446     6.36   17.18
-123647.419    89.594     5.68   17.66
-123269.180    94.024    11.71   16.58
-122890.984    96.731     7.16   15.08
-122512.832   102.645    15.64   15.63
-122134.723   105.779     8.29   13.50
-121756.658    99.712   -16.05   18.60
-121378.636    85.096   -38.67   21.81
-121000.658    73.984   -29.40   16.77
-120622.723    73.551    -1.15   17.60
-120244.832    84.035    27.75   23.81
-119866.984    96.466    32.90   18.33
-119489.179    97.933     3.88   17.14
-119111.418    89.458   -22.44   21.69
-118733.700    72.579   -44.69   18.60
-118356.026    66.313   -16.59   16.32
-117978.395    74.373    21.35   23.33
-117600.807    84.345    26.41   24.41
-117223.262    94.270    26.29   19.18
-116845.761   104.799    27.90   15.14
-116468.303   108.712    10.37   13.36
-116090.889   108.246    -1.23   13.57
-115713.517   106.967    -3.39   14.71
-115336.189   103.553    -9.05   15.88
-114958.904   103.289    -0.70   15.74
-114581.662   100.565    -7.22   16.74
-114204.464    93.782   -17.98   18.94
-113827.308    88.778   -13.27   19.38
-113450.196    85.492    -8.71   18.69
-113073.127    89.628    10.97   21.58
-112696.101   101.631    31.84   21.97
-112319.118   108.546    18.34   22.08
-111942.178   114.035    14.56   20.34
-111565.281   116.117     5.52   17.86
-111188.427   109.401   -17.82   22.57
-110811.616    97.989   -30.29   27.82
-110434.848    84.255   -36.46   24.82
-110058.124    80.129   -10.95   22.50
-109681.442    86.357    16.53   25.89
-109304.803   102.543    42.98   22.79
-108928.207   107.984    14.45   18.52
-108551.654   115.204    19.18   18.94
-108175.144   113.661    -4.10   18.00
-107798.677    99.429   -37.81   25.05
-107422.253    90.299   -24.26   24.55
-107045.871    78.896   -30.30   23.73
-106669.533    65.713   -35.03   29.71
-106293.237    57.796   -21.04   34.25
-105916.984    49.156   -22.96   34.54
-105540.774    42.289   -18.26   34.25
-105164.607    34.513   -20.68   30.25
-104788.482    31.714    -7.44   26.31
-104412.400    29.341    -6.31   24.84
-104036.361    25.472   -10.29   18.27
-103660.365    23.629    -4.90   14.17
-103284.411    23.499    -0.35   12.76
-102908.500    24.129     1.68   13.80
-102532.632    25.317     3.16   16.30
-102156.807    31.660    16.88   26.03
-101781.024    40.499    23.52   36.42
-101405.283    43.999     9.32   37.15
-101029.585    50.825    18.17   41.41
-100653.930    60.103    24.70   43.22
-100278.318    68.899    23.42   43.43
 -99902.748    79.913    29.33   41.50
 -99527.220    84.614    12.52   37.49
 -99151.735    94.466    26.24   31.84
 -98776.293    99.255    12.76   27.50
 -98400.893   101.909     7.07   24.33
 -98025.535    99.089    -7.51   23.29
 -97650.220   100.442     3.61   24.67
 -97274.948    93.560   -18.34   24.76
 -96899.718    77.934   -41.65   30.04
 -96524.530    61.352   -44.20   32.54
 -96149.385    45.018   -43.54   26.27
 -95774.282    31.873   -35.05   12.64
 -95399.221    29.799    -5.53    9.78
 -95024.203    32.396     6.92   13.57
 -94649.227    36.437    10.78   15.06
 -94274.294    36.778     0.91   14.24
 -93899.403    35.848    -2.48   11.85
 -93524.554    35.848     0.00    9.52
 -93149.747    34.565    -3.43    8.28
 -92774.983    34.137    -1.14    8.37
 -92400.260    31.730    -6.42    9.10
 -92025.580    27.831   -10.41    7.80
 -91650.943    24.040   -10.12    4.15
 -91276.347    22.610    -3.82    2.56
 -90901.794    21.729    -2.35    1.76
 -90527.283    21.232    -1.33    1.54
 -90152.814    20.778    -1.21    1.51
 -89778.387    20.317    -1.23    1.20
 -89404.002    19.929    -1.03    1.09
 -89029.659    20.083     0.41    1.28
 -88655.359    19.127    -2.55    2.11
 -88281.100    17.779    -3.60    2.29
 -87906.883    16.732    -2.80    1.97
 -87532.709    16.662    -0.19    1.99
 -87158.577    17.803     3.05    2.56
 -86784.486    19.083     3.42    2.46
 -86410.438    20.204     3.00    1.65
 -86036.431    20.442     0.63    1.24
 -85662.467    20.401    -0.11    1.32
 -85288.544    20.483     0.22    1.24
 -84914.664    20.442    -0.11    1.24
 -84540.825    20.265    -0.47    1.30
 -84167.028    20.237    -0.07    1.40
 -83793.273    20.222    -0.04    1.30
 -83419.560    20.153    -0.18    1.15
 -83045.889    20.248     0.25    1.23
 -82672.259    19.906    -0.92    1.40
 -82298.672    19.296    -1.63    1.60
 -81925.126    18.730    -1.52    1.54
 -81551.622    17.975    -2.02    1.65
 -81178.160    17.263    -1.91    1.49
 -80804.739    16.831    -1.15    1.61
 -80431.361    16.543    -0.77    1.52
 -80058.024    16.794     0.67    1.58
 -79684.728    17.041     0.66    1.56
 -79311.475    17.696     1.76    1.52
 -78938.263    18.023     0.88    1.44
 -78565.093    18.446     1.13    1.56
 -78191.964    18.764     0.85    1.52
 -77818.877    18.857     0.25    1.68
 -77445.832    18.529    -0.88    1.85
 -77072.828    17.989    -1.45    1.81
 -76699.866    17.663    -0.88    1.62
 -76326.945    17.523    -0.37    1.66
 -75954.066    17.696     0.46    1.52
 -75581.229    18.161     1.25    1.67
 -75208.433    18.679     1.39    1.50
 -74835.678    19.023     0.92    1.25
 -74462.965    18.730    -0.79    1.38
 -74090.294    18.272    -1.23    1.62
 -73717.664    17.857    -1.11    1.64
 -73345.075    17.442    -1.12    1.35
 -72972.528    17.279    -0.44    1.09
 -72600.022    17.188    -0.25    1.19
 -72227.558    17.120    -0.18    1.16
 -71855.135    17.086    -0.09    1.08
 -71482.753    16.678    -1.10    1.31
 -71110.413    16.368    -0.83    1.33
 -70738.114    16.071    -0.80    1.53
 -70365.857    15.614    -1.23    1.74
 -69993.640    15.179    -1.17    1.92
 -69621.465    14.713    -1.25    1.94
 -69249.332    14.479    -0.63    1.92
 -68877.239    14.188    -0.78    1.88
 -68505.188    13.950    -0.64    1.81
 -68133.178    13.748    -0.54    1.79
 -67761.210    13.454    -0.79    1.60
 -67389.282    13.213    -0.65    1.38
 -67017.396    12.899    -0.84    0.91
 -66645.551    13.047     0.40    1.06
 -66273.747    13.352     0.82    1.35
 -65901.984    13.575     0.60    1.48
 -65530.262    13.526    -0.13    1.50
 -65158.581    13.543     0.05    1.53
 -64786.942    13.246    -0.80    1.41
 -64415.343    12.748    -1.34    1.26
 -64043.786    12.346    -1.08    1.15
 -63672.270    12.057    -0.78    1.16
 -63300.794    12.255     0.53    1.70
 -62929.360    12.611     0.96    1.96
 -62557.967    13.249     1.72    2.43
 -62186.615    13.763     1.38    2.54
 -61815.303    14.558     2.14    2.57
 -61444.033    15.188     1.70    2.31
 -61072.804    15.784     1.61    1.82
 -60701.615    15.989     0.55    1.15
 -60330.468    15.967    -0.06    0.96
 -59959.361    15.906    -0.17    1.01
 -59588.295    15.950     0.12    1.01
 -59217.271    15.882    -0.18    0.96
 -58846.286    15.794    -0.24    0.93
 -58475.343    15.746    -0.13    1.03
 -58104.441    15.543    -0.55    1.03
 -57733.579    15.357    -0.50    1.08
 -57362.759    15.122    -0.63    1.15
 -56991.979    14.857    -0.72    1.07
 -56621.240    14.796    -0.16    1.02
 -56250.541    14.770    -0.07    0.87
 -55879.883    14.813     0.11    1.03
 -55509.266    15.041     0.62    1.13
 -55138.690    15.212     0.46    1.24
 -54768.154    15.713     1.35    1.24
 -54397.660    15.899     0.50    1.08
 -54027.205    15.679    -0.59    1.11
 -53656.792    15.529    -0.40    1.09
 -53286.419    15.213    -0.85    1.19
 -52916.086    15.035    -0.48    1.20
 -52545.795    14.791    -0.66    1.29
 -52175.543    14.558    -0.63    1.30
 -51805.333    14.363    -0.53    1.27
 -51435.163    14.205    -0.43    1.20
 -51065.033    14.329     0.34    1.26
 -50694.944    14.857     1.43    1.41
 -50321.886    15.204     0.93    1.46
 -49943.570    15.144    -0.16    2.00
 -49565.296    14.610    -1.41    2.39
 -49187.065    14.013    -1.58    2.32
 -48808.876    13.764    -0.66    2.09
 -48430.729    13.506    -0.68    1.83
 -48052.625    13.679     0.46    1.69
 -47674.564    13.647    -0.08    1.67
 -47296.545    13.560    -0.23    1.90
 -46918.568    13.526    -0.09    2.09
 -46540.633    13.204    -0.85    2.38
 -46162.741    12.967    -0.63    2.54
 -45784.891    12.679    -0.76    2.54
 -45407.084    12.472    -0.55    2.52
 -45029.319    12.171    -0.80    2.24
 -44651.596    12.299     0.34    2.09
 -44273.915    12.317     0.05    1.80
 -43896.277    12.483     0.44    1.53
 -43518.680    12.796     0.83    1.10
 -43141.126    13.103     0.81    1.35
 -42763.615    13.351     0.66    1.48
 -42386.145    13.563     0.56    1.44
 -42008.718    13.589     0.07    1.30
 -41631.332    13.253    -0.89    1.15
 -41253.989    13.120    -0.35    0.99
 -40876.688    13.204     0.22    1.10
 -40499.429    13.127    -0.21    1.17
 -40122.213    12.713    -1.10    1.22
 -39745.038    12.579    -0.35    1.11
 -39367.905    12.482    -0.26    1.06
 -38990.815    12.466    -0.04    1.16
 -38613.766    12.815     0.92    1.18
 -38236.760    12.920     0.28    1.31
 -37859.795    12.798    -0.32    1.37
 -37482.872    12.781    -0.04    1.30
 -37105.992    12.492    -0.76    1.23
 -36729.153    12.323    -0.45    1.14
 -36352.356    11.794    -1.40    1.77
 -35975.602    11.144    -1.73    2.09
 -35598.889    10.713    -1.15    2.29
 -35222.218    10.238    -1.26    2.42
 -34845.589     9.916    -0.86    2.30
 -34469.001     9.403    -1.36    2.22
 -34092.456     9.204    -0.53    2.06
 -33715.952     8.793    -1.09    1.84
 -33339.490     8.589    -0.54    1.68
 -32963.070     8.747     0.42    1.83
 -32586.692     8.624    -0.32    1.76
 -32210.356     8.748     0.33    1.86
 -31834.061     8.984     0.63    2.13
 -31457.808     8.942    -0.11    2.31
 -31081.597     8.989     0.13    2.73
 -30705.427     8.889    -0.27    2.82
 -30329.299     9.155     0.71    2.68
 -29953.213     9.410     0.68    2.61
 -29577.169    10.142     1.95    2.48
 -29201.166    11.127     2.62    2.18
 -28825.205    11.302     0.47    1.91
 -28449.285    11.357     0.14    1.41
 -28073.407    11.179    -0.47    1.24
 -27697.570    11.188     0.02    1.27
 -27321.775    11.391     0.54    1.07
 -26946.022    11.429     0.10    0.97
 -26570.310    11.400    -0.08    1.18
 -26194.640    11.296    -0.28    1.20
 -25819.011    11.222    -0.20    1.15
 -25443.424    10.991    -0.62    1.10
 -25067.878    10.796    -0.52    1.15
 -24692.374    10.468    -0.87    1.24
 -24316.911    10.073    -1.05    1.21
 -23941.489     9.839    -0.62    1.29
 -23566.109     9.794    -0.12    1.27
 -23190.770     9.819     0.07    1.17
 -22815.473     9.827     0.02    1.19
 -22440.217     9.896     0.18    1.12
 -22065.002     9.747    -0.40    1.04
 -21689.829     9.713    -0.09    0.97
 -21314.697     9.628    -0.23    1.01
 -20939.606     9.558    -0.19    0.96
 -20564.557     9.345    -0.57    1.04
 -20189.549     8.483    -2.30    1.84
 -19814.582     7.589    -2.38    2.24
 -19439.657     6.463    -3.00    2.25
 -19064.772     5.289    -3.13    1.44
 -18689.929     5.920     1.68    2.29
 -18315.127     7.006     2.90    2.70
 -17940.366     8.153     3.06    2.72
 -17565.647     8.937     2.09    2.15
 -17190.968     9.187     0.67    1.30
 -16816.331     9.565     1.01    2.67
 -16441.735    15.374    15.51   15.00
 -16067.180    29.553    37.86   31.80
 -15692.666    53.196    63.13   44.60
 -15318.193    68.146    39.92   41.14
 -14943.761    84.403    43.42   30.01
 -14569.370    93.204    23.51   23.07
 -14195.020   101.997    23.49   23.05
 -13820.712   106.937    13.20   20.71
 -13446.444   104.594    -6.26   21.43
 -13072.217    88.900   -41.94   27.29
 -12698.031    78.079   -28.92   26.75
 -12323.886    76.117    -5.24   25.47
 -11949.783    82.551    17.20   27.98
 -11575.720    99.764    46.02   24.75
 -11201.698   109.334    25.59   21.86
 -10827.716   112.763     9.17   20.79
 -10453.776   114.069     3.49   18.84
 -10079.877   113.029    -2.78   18.80
  -9706.018   109.110   -10.48   19.89
  -9332.200   104.975   -11.06   20.79
  -8958.424    99.089   -15.75   23.16
  -8584.687    90.764   -22.28   23.32
  -8210.992    82.608   -21.82   23.73
  -7837.338    72.368   -27.40   26.36
  -7463.724    57.403   -40.06   30.96
  -7090.151    46.967   -27.94   35.22
  -6716.619    33.526   -35.98   31.59
  -6343.127    21.345   -32.62   22.33
  -5969.676    13.319   -21.49   12.23
  -5596.266     9.532   -10.14    7.10
  -5222.896     7.696    -4.92    5.16
  -4849.568     6.092    -4.30    2.25
  -4476.279     5.470    -1.67    1.34
  -4103.032     4.941    -1.42    1.18
  -3729.825     4.903    -0.10    0.99
  -3356.659     4.942     0.10    0.91
  -2983.533     4.815    -0.34    1.27
  -2610.448     4.196    -1.66    1.91
  -2237.403     3.029    -3.13    2.10
  -1864.399     1.813    -3.26    1.58
  -1491.435     1.124    -1.84    0.95
  -1118.512     1.220     0.26    0.96
   -745.630     1.064    -0.42    1.06
   -372.788     0.782    -0.76    1.16
      0.014     0.747    -0.09    1.72
    372.775     1.057     0.83    2.34
    745.496     2.110     2.83    2.75
   1118.176     2.967     2.30    2.78
   1490.816     3.490     1.40    2.52
   1863.416     3.903     1.11    2.10
   2235.975     4.086     0.49    1.96
   2608.494     4.196     0.30    1.62
   2980.972     4.079    -0.31    1.70
   3353.410     3.696    -1.03    1.66
   3725.808     3.051    -1.73    2.10
   4098.165     2.086    -2.59    2.59
   4470.482     1.248    -2.25    2.93
   4842.759     0.238    -2.71    3.08
   5214.996    -0.660    -2.41    2.86
   5587.192    -1.321    -1.78    2.51
   5959.349    -2.028    -1.90    1.28
   6331.465    -1.337     1.86    3.02
   6703.540    -0.465     2.34    4.24
   7075.576     0.645     2.98    5.43
   7447.571     1.677     2.78    6.05
   7819.526     1.798     0.32    5.87
   8191.442     1.161    -1.71    5.54
   8563.316     0.331    -2.23    5.00
   8935.151    -0.149    -1.29    3.96
   9306.946    -0.270    -0.32    2.93
   9678.701     0.893     3.13    2.80
  10050.415     2.221     3.57    2.62
  10422.090     3.265     2.81    2.56
  10793.724     4.213     2.55    2.20
  11165.319     4.446     0.63    1.93
  11536.873     4.535     0.24    1.53
  11908.388     4.170    -0.98    1.43
  12279.862     3.660    -1.38    1.33
  12651.297     3.415    -0.66    1.24
  13022.691     3.340    -0.20    1.26
  13394.046     3.378     0.10    1.16
  13765.360     3.351    -0.07    1.28
  14136.635     3.558     0.56    1.36
  14507.870     3.384    -0.47    1.40
  14879.065     3.541     0.42    1.52
  15250.220     3.415    -0.34    1.49
  15621.335     3.314    -0.27    1.47
  15992.411     3.146    -0.45    1.49
  16363.446     2.928    -0.59    1.57
  16734.442     2.516    -1.11    1.60
  17105.398     2.369    -0.40    1.82
  17476.314     2.267    -0.27    2.06
  17847.191     2.541     0.74    2.13
  18218.027     3.155     1.66    2.43
  18588.824     4.275     3.02    2.20
  18959.581     4.713     1.18    2.12
  19330.299     4.713    -0.00    2.36
  19700.977     5.117     1.09    2.89
  20071.615     5.679     1.52    3.20
  20442.213     6.170     1.32    3.09
  20812.772     7.272     2.98    3.18
  21183.291     8.878     4.33    4.81
  21553.771    14.237    14.47    9.14
  21924.210    21.571    19.80   10.15
  22294.611    28.351    18.30    7.73
  22664.972    32.107    10.14    3.29
  23035.293    31.096    -2.73    4.47
  23405.574    28.464    -7.11    6.12
  23775.816    24.137   -11.69    7.16
  24146.019    19.374   -12.86    7.58
  24518.472    15.886    -9.37    6.94
  24896.703    12.628    -8.61    4.74
  25274.892    11.785    -2.23    4.04
  25653.039    10.730    -2.79    5.58
  26031.145     9.836    -2.36    7.34
  26409.210     8.843    -2.63    8.17
  26787.234     6.886    -5.18    8.53
  27165.216     6.282    -1.60    9.13
  27543.157     4.426    -4.91    9.72
  27921.057     3.092    -3.53    9.41
  28298.915     1.492    -4.23    9.05
  28676.733     0.585    -2.40    8.70
  29054.509    -0.101    -1.81    8.42
  29432.243    -0.743    -1.70    8.09
  29809.937    -1.454    -1.88    7.09
  30187.589    -2.406    -2.52    6.22
  30565.200    -2.429    -0.06    5.92
  30942.770    -2.821    -1.04    5.35
  31320.299    -2.893    -0.19    5.01
  31697.787    -2.876     0.05    4.92
  32075.234    -2.339     1.42    5.35
  32452.639    -1.504     2.21    5.89
  32830.004    -0.718     2.08    6.30
  33207.327    -0.084     1.68    6.41
  33584.609     0.811     2.37    6.47
  33961.850     0.964     0.41    6.32
  34339.051     1.831     2.30    6.57
  34716.210     3.150     3.50    6.87
  35093.328     4.110     2.54    6.89
  35470.406     4.994     2.35    6.56
  35847.442     6.001     2.67    6.78
  36224.437     6.437     1.16    6.03
  36601.392     6.749     0.83    5.21
  36978.305     6.729    -0.05    4.51
  37355.178     7.029     0.80    3.39
  37732.010     9.608     6.84    4.15
  38108.800    12.984     8.96    4.75
  38485.550    15.357     6.30    4.26
  38862.259    17.644     6.07    2.32
  39238.928    17.204    -1.17    2.92
  39615.555    15.379    -4.85    3.96
  39992.142    14.517    -2.29    4.26
  40368.688    14.391    -0.34    4.85
  40745.193    15.380     2.63    5.85
  41121.657    16.854     3.91    5.62
  41498.081    17.526     1.79    5.61
  41874.464    18.628     2.93    4.61
  42250.806    20.345     4.56    3.81
  42627.108    21.541     3.18    3.14
  43003.369    23.286     4.64    3.01
  43379.589    24.878     4.23    2.09
  43755.768    25.730     2.26    1.41
  44131.907    25.977     0.66    1.40
  44508.006    25.799    -0.47    1.76
  44884.063    24.713    -2.89    2.50
  45260.080    22.854    -4.95    3.42
  45636.057    21.611    -3.30    3.24
  46011.993    21.017    -1.58    2.80
  46387.888    19.909    -2.95    4.16
  46763.743    19.248    -1.76    5.45
  47139.557    16.485    -7.35    6.35
  47515.331    13.323    -8.42    5.64
  47891.064    10.764    -6.81    3.67
  48266.757     8.782    -5.27    2.79
  48642.410     7.713    -2.85    2.31
  49018.022     6.798    -2.44    1.46
  49393.593     6.607    -0.51    1.24
  49769.124     7.425     2.18    1.78
  50144.615     8.450     2.73    2.17
  50520.065     9.608     3.08    2.06
  50895.475    10.526     2.45    1.49
  51270.845    10.967     1.17    1.45
  51646.174    11.784     2.18    2.18
  52021.463    14.058     6.06    3.85
  52396.712    17.942    10.35    5.48
  52771.920    22.196    11.34    6.12
  53147.088    29.798    20.26   10.31
  53522.216    40.713    29.10   17.08
  53897.303    54.889    37.79   21.09
  54272.351    72.556    47.10   20.81
  54647.358    81.437    23.68   16.07
  55022.325    88.696    19.36   14.03
  55397.251    93.626    13.15   12.14
  55772.138    90.761    -7.64   14.30
  56146.984    85.196   -14.85   18.42
  56521.790    81.696    -9.34   16.74
  56896.556    83.591     5.06   17.93
  57271.282    89.696    16.29   16.54
  57645.968    93.748    10.81   12.87
  58020.614    91.103    -7.06   16.32
  58395.219    83.506   -20.28   17.60
  58769.785    77.468   -16.12   14.43
  59144.310    78.882     3.78   15.32
  59518.796    84.326    14.53   15.51
  59893.241    91.089    18.06   16.13
  60267.646    96.265    13.82   15.30
  60642.012   101.846    14.91   19.14
  61016.337   112.903    29.54   20.55
  61390.623   120.560    20.46   20.50
  61764.868   128.513    21.25   17.38
  62139.074   130.556     5.46   15.56
  62513.240   125.879   -12.50   16.41
  62887.365   114.992   -29.10   17.42
  63261.451   105.117   -26.40   15.50
  63635.497    97.591   -20.12   12.98
  64009.503    92.958   -12.39    8.22
  64383.470    90.678    -6.10    2.88
  64757.396    91.661     2.63    2.93
  65131.283    93.879     5.93    3.87
  65505.130    95.854     5.28    4.47
  65878.937    98.196     6.27    5.48
  66252.704   100.550     6.30    6.64
  66626.431   103.238     7.19    8.20
  67000.119   105.314     5.55    9.29
  67373.767   107.188     5.01    9.33
  67747.375   110.468     8.78   10.02
  68120.944   112.749     6.10   10.31
  68494.473   118.052    14.20   12.45
  68867.962   122.592    12.16   13.02
  69241.411   127.380    12.82   12.66
  69614.821   132.910    14.81   11.29
  69988.192   134.379     3.93    8.09
  70361.522   136.339     5.25   10.02
  70734.813   142.513    16.54   12.95
  71108.065   152.433    26.58   13.01
  71481.277   161.959    25.52   13.65
  71854.449   169.374    19.87   15.48
  72227.582   175.282    15.83   15.62
  72600.675   181.644    17.05   15.50
  72973.728   188.052    17.17   14.21
  73346.743   186.813    -3.32   14.79
  73719.717   180.696   -16.40   19.72
  74092.653   170.018   -28.63   25.78
  74465.548   162.177   -21.02   25.18
  74838.405   154.928   -19.44   24.29
  75211.221   150.627   -11.54   24.31
  75583.999   144.319   -16.92   24.10
  75956.737   134.433   -26.52   18.31
  76329.435   135.610     3.16   16.85
  76702.095   143.879    22.19   23.62
  77074.715   160.392    44.31   30.24
  77447.295   178.916    49.71   23.84
  77819.836   188.460    25.61   15.99
  78192.338   182.082   -17.12   17.65
  78564.801   172.071   -26.88   14.03
  78937.224   167.563   -12.10   12.34
  79309.608   162.959   -12.36   15.04
  79681.953   156.472   -17.42   19.38
  80054.258   147.989   -22.78   19.53
  80426.524   138.134   -26.47   13.49
  80798.751   130.558   -20.35    3.50
  81170.939   129.099    -3.92    1.97
  81543.087   130.433     3.58    4.36
  81915.197   134.661    11.36    9.29
  82287.267   139.024    11.73   12.13
  82659.298   140.464     3.87   12.23
  83031.290   139.058    -3.78   11.36
  83403.243   135.860    -8.60   10.16
  83775.156   132.538    -8.93    7.15
  84147.031   130.134    -6.46    2.31
  84518.867   130.069    -0.18    1.59
  84890.663   130.591     1.40    1.35
  85262.420   131.374     2.11    1.54
  85634.139   133.745     6.38    3.89
  86005.818   136.410     7.17    5.73
  86377.458   141.317    13.20    8.78
  86749.059   147.214    15.87   10.39
  87120.622   153.001    15.57   12.41
  87492.145   159.223    16.75   13.08
  87863.629   164.613    14.51   13.51
  88235.075   171.450    18.41   13.19
  88606.481   178.345    18.56   13.72
  88977.849   187.368    24.30   10.83
  89349.177   194.558    19.36    9.26
  89720.467   201.819    19.55    8.55
  90091.718   205.937    11.09    8.12
  90462.930   207.851     5.16    9.86
  90834.103   206.941    -2.45   12.96
  91205.237   209.113     5.85   12.86
  91576.333   212.932    10.29   12.40
  91947.389   211.954    -2.63   12.60
  92318.407   208.641    -8.93   15.78
  92689.386   202.796   -15.76   19.61
  93060.327   196.232   -17.69   19.45
  93431.228   190.779   -14.70   17.53
  93802.091   183.937   -18.45   17.73
  94172.915   177.144   -18.32   20.47
  94543.700   166.137   -29.68   18.95
  94914.447   159.255   -18.56   13.76
  95285.155   161.017     4.75   16.55
  95655.824   168.053    18.98   17.71
  96026.455   171.340     8.87   13.81
  96397.047   166.946   -11.86   15.75
  96767.600   155.153   -31.82   17.50
  97138.115   143.011   -32.77   11.35
  97508.591   132.553   -28.22   12.40
  97879.029   123.906   -23.34   10.24
  98249.428   117.972   -16.02    8.32
  98619.788   113.374   -12.41    2.19
  98990.110   116.386     8.13    7.95
  99362.065   122.696    16.96   12.16
  99740.210   132.464    25.83   15.13
 100118.314   144.296    31.29   13.56
 100496.379   154.826    27.85    9.45
 100874.403   163.178    22.09   11.48
 101252.387   169.851    17.65   12.13
 101630.330   174.848    13.22   12.66
 102008.234   183.403    22.63   13.09
 102386.097   187.611    11.14   12.36
 102763.920   187.163    -1.19   13.78
 103141.702   180.732   -17.02   18.18
 103519.445   171.187   -25.26   16.21
 103897.147   163.089   -21.44   16.27
 104274.810   151.784   -29.93   17.15
 104652.432   140.575   -29.68   16.41
 105030.014   132.798   -20.60   14.00
 105407.555   127.160   -14.93   10.51
 105785.057   126.241    -2.43   10.82
 106162.519   129.594     8.88   13.56
 106539.940   131.485     5.01   14.17
 106917.322   130.196    -3.42   12.44
 107294.663   129.577    -1.64   13.82
 107671.965   139.006    24.99   27.95
 108049.226   147.748    23.17   33.07
 108426.448   153.969    16.49   33.13
 108803.629   157.506     9.38   30.88
 109180.771   157.787     0.74   29.88
 109557.872   169.129    30.07   35.90
 109934.934   178.035    23.62   34.82
 110311.956   185.749    20.46   31.96
 110688.938   202.509    44.46   35.54
 111065.879   223.714    56.25   38.59
 111442.781   250.238    70.37   27.58
 111819.644   264.659    38.26   13.20
 112196.466   266.339     4.46   11.20
 112573.248   264.327    -5.34   13.43
 112949.991   263.713    -1.63   16.56
 113326.694   260.485    -8.57   17.34
 113703.357   255.058   -14.41   20.65
 114079.980   239.425   -41.50   27.56
 114456.564   222.374   -45.27   22.69
 114833.107   209.764   -33.49   17.72
 115209.611   200.023   -25.87   18.33
 115586.076   193.222   -18.06   23.06
 115962.500   187.075   -16.33   23.14
 116338.885   190.882    10.11   25.22
 116715.230   194.433     9.43   26.42
 117091.536   203.285    23.52   32.48
 117467.802   219.781    43.83   35.79
 117844.028   230.303    27.96   32.94
 118220.214   237.103    18.07   26.59
 118596.361   241.644    12.07   23.44
 118972.469   247.415    15.34   22.55
 119348.537   260.179    33.94   21.27
 119724.565   266.577    17.01   16.29
 120100.554   271.035    11.86   12.18
 120476.503   272.955     5.11   14.06
 120852.412   272.459    -1.32   14.49
 121228.283   273.977     4.04   14.39
 121604.113   277.661     9.80   11.59
 121979.904   278.459     2.12    8.08
 122355.656   279.161     1.87    6.95
 122731.368   275.661    -9.31    8.11
 123107.041   270.571   -13.55    7.63
 123482.674   269.821    -2.00    7.98
 123858.268   270.307     1.29    8.45
 124233.823   269.865    -1.18    9.24
 124609.338   264.249   -14.95   13.80
 124984.814   258.506   -15.29   13.11
 125360.250   259.075     1.52   12.34
 125735.647   261.368     6.11   11.67
 126111.005   262.120     2.00   11.31
 126486.323   255.950   -16.44   14.65
 126861.603   242.230   -36.55   20.49
 127236.842   231.418   -28.81   19.75
 127612.043   224.529   -18.36   16.19
 127987.204   208.928   -41.58   18.54
 128362.326   199.127   -26.12   20.24
 128737.409   190.041   -24.22   16.51
 129112.453   185.107   -13.15    8.00
 129487.457   190.513    14.41   13.74
 129862.423   197.078    17.51   18.11
 130237.349   202.472    14.39   19.50
 130612.236   209.241    18.06   20.94
 130987.083   214.747    14.69   19.02
 131361.892   222.982    21.97   19.40
 131736.662   235.984    34.69   19.48
 132111.392   249.161    35.16   14.83
 132486.083   258.285    24.35   14.21
 132860.736   257.374    -2.43   19.38
 133235.349   254.054    -8.86   21.38
 133609.923   254.920     2.31   18.62
 133984.458   257.587     7.12   17.83
 134358.954   269.848    32.74   19.53
 134733.411   279.017    24.48   15.72
 135107.829   280.425     3.76   14.14
 135482.208   271.627   -23.50   18.75
 135856.548   259.464   -32.49   18.20
 136230.849   250.029   -25.20   13.31
 136605.112   247.696    -6.23   11.17
 136979.335   251.643    10.55   12.24
 137353.519   257.381    15.33   12.71
 137727.665   264.523    19.09   12.65
 138101.771   269.482    13.25   10.27
 138475.839   272.459     7.96    8.12
 138849.868   274.608     5.75    7.34
 139223.858   275.624     2.72    7.70
 139597.809   275.611    -0.04    8.07
 139971.722   274.749    -2.30    9.09
 140345.595   272.906    -4.93   11.54
 140719.430   271.863    -2.79   12.77
 141093.226   270.730    -3.03   11.16
 141466.983   269.767    -2.58    9.59
 141840.702   270.089     0.86    9.37
 142214.382   271.187     2.94   10.71
 142588.023   276.017    12.93   11.34
 142961.625   279.113     8.28    8.00
 143335.189   278.854    -0.69    8.11
 143708.714   274.092   -12.75   10.72
 144082.200   267.751   -16.98   10.62
 144455.648   263.977   -10.11    9.40
 144829.057   265.805     4.90   10.60
 145202.427   271.163    14.35   13.04
 145575.759   282.160    29.45   11.56
 145949.052   287.696    14.83    9.98
 146322.307   288.764     2.86    9.64
 146695.523   285.410    -8.98   12.55
 147068.701   274.933   -28.07   16.95
 147441.840   265.896   -24.22   15.30
 147814.940   261.836   -10.88   11.67
 148188.002   262.311     1.27   11.55
 148561.025   266.628    11.57   12.71
 148934.010   270.553    10.52   12.49
 149306.957   270.610     0.15   11.38
 149679.865   269.558    -2.82   10.08
 150052.734   268.006    -4.16    7.92
 150425.565   268.558     1.48    7.68
 150798.358   270.660     5.64    8.81
 151171.112   273.874     8.62    8.47
 151543.828   277.714    10.30    8.56
 151916.506   282.815    13.68   10.44
 152289.145   288.839    16.16    9.53
 152661.746   291.764     7.85    7.81
 153034.308   290.834    -2.50    8.99
 153406.832   288.117    -7.29    8.92
 153779.318   286.213    -5.11    7.99
 154151.766   286.558     0.93    8.25
 154524.175   286.398    -0.43    8.25
 154896.546   281.410   -13.39    9.03
 155268.879   277.782    -9.74    6.96
 155641.173   277.096    -1.84    7.90
 156013.429   277.391     0.79    8.51
 156385.647   278.751     3.65    8.32
 156757.827   276.292    -6.61    8.99
 157129.969   272.468   -10.28    8.92
 157502.072   269.170    -8.86    8.58
 157874.137   265.626    -9.52    7.65
 158246.165   263.345    -6.13    5.59
 158618.154   264.363     2.73    5.95
 158990.104   266.089     4.64    6.72
 159362.017   267.379     3.47    6.70
 159733.892   266.932    -1.20    6.98
 160105.728   265.142    -4.81    5.43
 160477.527   265.974     2.24    6.00
 160849.287   269.642     9.87    6.92
 161221.010   274.946    14.27    6.15
 161592.694   277.391     6.58    5.29
 161964.340   277.363    -0.08    6.62
 162335.949   273.821    -9.53    9.24
 162707.519   268.265   -14.95   11.43
 163079.052   263.517   -12.78   11.05
 163450.546   257.323   -16.67   11.44
 163822.002   248.078   -24.89   13.32
 164193.421   240.766   -19.68   12.28
 164564.801   235.474   -14.25    8.58
 164936.144   235.340    -0.36    9.54
 165307.449   238.249     7.83   13.47
 165678.716   240.628     6.41   14.41
 166049.945   242.454     4.92   13.33
 166421.136   239.977    -6.67   11.70
 166792.289   235.748   -11.39   10.46
 167163.405   232.064    -9.92    7.06
 167534.482   230.503    -4.21    4.38
 167905.522   230.857     0.95    4.05
 168276.524   231.903     2.82    3.68
 168647.489   232.114     0.57    4.50
 169018.415   231.645    -1.26    5.94
 169389.304   231.432    -0.58    6.59
 169760.155   229.499    -5.21    5.98
 170130.968   228.803    -1.88    4.81
 170501.744   229.941     3.07    4.90
 170872.482   232.428     6.71    5.58
 171243.182   234.196     4.77    6.08
 171613.844   232.257    -5.23    7.47
 171984.469   227.142   -13.80    9.02
 172355.056   220.323   -18.40    9.60
 172725.606   215.205   -13.81    9.27
 173096.118   211.213   -10.77    7.98
 173466.592   208.177    -8.19    7.45
 173837.029   204.644    -9.54    7.40
 174208.575   202.869    -4.78    6.95
 174586.633   206.645     9.99    9.48
 174964.651   213.892    19.17   12.69
 175342.631   220.310    16.98   10.93
 175720.571   224.265    10.46    7.05
 176098.472   222.749    -4.01    7.27
 176476.333   216.916   -15.43    8.56
 176854.156   210.657   -16.56    7.60
 177231.939   205.392   -13.93    6.62
 177609.683   202.626    -7.32    5.35
 177987.388   201.196    -3.78    5.82
 178365.054   201.047    -0.39    6.38
 178742.680   203.517     6.54    8.77
 179120.268   209.696    16.36   11.85
 179497.816   216.532    18.10   11.31
 179875.326   221.963    14.38    9.39
 180252.796   225.064     8.22    7.14
 180630.227   225.415     0.93    7.54
 181007.619   224.459    -2.53    8.39
 181384.972   223.946    -1.36    7.48
 181762.286   222.627    -3.50    8.01
 182139.561   221.029    -4.23    8.80
 182516.798   218.196    -7.51   10.55
 182893.995   216.964    -3.27   11.55
 183271.153   214.851    -5.60   12.08
 183648.272   211.363    -9.25   11.97
 184025.352   205.836   -14.65   11.60
 184402.394   199.187   -17.63   10.68
 184779.396   194.874   -11.44    9.07
 185156.360   192.594    -6.05    9.41
 185533.284   191.096    -3.97    9.97
 185910.170   188.982    -5.61    9.59
 186287.017   186.836    -5.69    7.84
 186663.825   184.851    -5.27    6.04
 187040.594   183.392    -3.87    4.16
 187417.325   182.326    -2.83    2.38
 187794.017   181.784    -1.44    2.08
 188170.669   182.012     0.61    3.05
 188547.283   182.006    -0.01    2.98
 188923.859   182.928     2.45    3.51
 189300.395   183.446     1.38    3.33
 189676.893   185.255     4.80    3.48
 190053.352   186.017     2.02    3.77
 190429.773   186.892     2.32    5.11
 190806.155   186.788    -0.28    5.89
 191182.498   186.089    -1.86    5.05
 191558.802   186.363     0.73    4.08
 191935.068   187.799     3.82    4.44
 192311.295   191.415     9.61    5.09
 192687.484   194.946     9.38    4.26
 193063.633   197.747     7.44    3.27
 193439.745   198.464     1.91    3.53
 193815.818   195.815    -7.04    6.12
 194191.852   191.114   -12.50    7.45
 194567.847   188.571    -6.76    5.94
 194943.804   189.766     3.18    7.52
 195319.723   194.240    11.90    8.11
 195695.603   199.874    14.99    6.24
 196071.444   203.496     9.63    5.31
 196447.248   203.871     1.00    5.14
 196823.012   202.060    -4.82    5.08
 197198.738   197.196   -12.94    6.83
 197574.426   194.398    -7.45    5.36
 197950.075   194.556     0.42    5.74
 198325.686   196.662     5.61    6.57
 198701.258   199.387     7.25    7.05
 199076.792   200.575     3.16    7.60
 199452.288   198.566    -5.35    9.60
 199827.745   195.941    -6.99    7.38
 200203.164   196.096     0.41    5.64
 200578.545   198.509     6.43    6.43
 200953.887   202.608    10.92    6.54
 201329.191   205.249     7.04    6.08
 201704.457   204.644    -1.61    8.44
 202079.684   202.232    -6.43    9.59
 202454.873   199.170    -8.16   10.39
 202830.024   198.465    -1.88   12.80
 203205.136   203.089    12.32   19.56
 203580.211   212.785    25.85   24.21
 203955.247   221.240    22.54   23.63
 204330.245   227.012    15.39   20.86
 204705.205   228.327     3.51   21.77
 205080.126   219.836   -22.64   20.76
 205455.009   218.339    -3.99   23.42
 205829.855   214.834    -9.35   23.79
 206204.662   211.992    -7.58   27.98
 206579.431   200.782   -29.91   30.30
 206954.162   185.468   -40.86   25.02
 207328.854   181.170   -11.47   18.89
 207703.509   191.047    26.36   25.39
 208078.126   205.303    38.05   26.05
 208452.704   218.053    34.03   19.07
 208827.245   225.734    20.50   14.40
 209201.747   220.577   -13.77   19.80
 209576.212   209.169   -30.46   26.09
 209950.638   198.351   -28.88   25.51
 210325.027   190.485   -21.01   20.53
 210699.377   186.731   -10.03   17.22
 211073.690   193.643    18.46   18.98
 211447.964   200.415    18.09   18.25
 211822.201   206.053    15.06   14.12
 212196.400   210.132    10.90   12.06
 212570.561   211.910     4.75   10.69
 212944.683   210.526    -3.70   10.45
 213318.768   209.834    -1.85    9.71
 213692.816   207.260    -6.88    9.73
 214066.825   201.941   -14.22   10.96
 214440.796   195.959   -15.99    9.43
 214814.730   190.714   -14.02    5.30
 215188.626   188.713    -5.35    3.85
 215562.484   189.881     3.12    4.51
 215936.304   189.857    -0.07    4.12
 216310.086   190.149     0.78    3.67
 216683.831   190.784     1.70    3.82
 217057.538   191.589     2.15    3.97
 217431.207   192.205     1.65    3.92
 217804.838   192.107    -0.26    3.66
 218178.432   192.214     0.29    3.32
 218551.988   193.865     4.42    5.16
 218925.506   196.285     6.48    7.44
 219298.987   202.731    17.25   11.50
 219672.430   210.400    20.53   10.95
 220045.835   214.363    10.61    8.13
 220419.203   214.314    -0.13    6.38
 220792.533   209.317   -13.38    8.59
 221165.825   204.232   -13.62    6.38
 221539.080   203.267    -2.58    5.82
 221912.298   207.420    11.12    9.44
 222285.477   212.910    14.71    9.97
 222658.619   217.403    12.04    9.11
 223031.724   218.350     2.54    9.17
 223404.791   215.678    -7.16   10.17
 223777.821   212.296    -9.07   10.55
 224150.813   207.713   -12.28    9.56
 224523.767   203.714   -10.72   10.93
 224896.684   197.854   -15.71   12.52
 225269.564   189.047   -23.61   13.11
 225642.406   183.482   -14.92   14.93
 226015.211   174.782   -23.33   12.97
 226387.978   170.836   -10.58   10.85
 226760.708   171.257     1.13   13.03
 227133.400   175.974    12.65   15.49
 227506.055   180.821    13.00   13.27
 227878.673   182.658     4.93   11.09
 228251.253   180.520    -5.74   11.64
 228623.796   175.532   -13.39   13.71
 228996.302   168.398   -19.15   14.51
 229368.770   163.696   -12.62   15.40
 229741.201   158.478   -14.01   13.62
 230113.595   153.265   -13.99   10.10
 230485.951   150.863    -6.45    9.18
 230858.270   150.089    -2.08   10.21
 231230.552   147.603    -6.67    8.96
 231602.797   144.249    -9.01    4.54
 231975.004   143.446    -2.16    3.64
 232347.174   145.310     5.01    5.97
 232719.307   147.178     5.02    6.70
 233091.403   148.964     4.80    6.30
 233463.462   152.679     9.98    6.28
 233835.483   155.982     8.88    7.25
 234207.467   162.420    17.30    8.55
 234579.414   168.847    17.27    7.67
 234951.324   173.854    13.46    7.69
 235323.197   176.326     6.65    7.58
 235695.033   177.170     2.27    7.44
 236066.832   174.767    -6.46    7.99
 236438.593   170.916   -10.36    8.03
 236810.318   167.357    -9.57    8.44
 237182.005   163.661    -9.94    8.40
 237553.655   163.267    -1.06    7.97
 237925.269   167.096    10.30    8.33
 238296.845   171.503    11.86    7.57
 238668.384   173.545     5.49    5.84
 239039.887   173.089    -1.23    5.47
 239411.352   170.234    -7.68    7.83
 239782.781   164.871   -14.44    9.85
 240154.172   160.732   -11.14    8.47
 240525.526   159.731    -2.69    7.24
 240896.844   160.428     1.88    6.17
 241268.125   162.889     6.63    5.23
 241639.368   163.415     1.42    5.73
 242010.575   162.339    -2.90    6.32
 242381.745   158.941    -9.15    6.70
 242752.878   153.535   -14.56    7.11
 243123.975   148.374   -13.90    8.84
 243495.034   142.542   -15.71   10.10
 243866.057   136.086   -17.40    9.22
 244237.042   130.603   -14.77    5.62
 244607.991   128.472    -5.74    1.76
 244978.904   127.714    -2.04    1.35
 245349.779   127.339    -1.01    1.31
 245720.618   127.468     0.35    1.25
 246091.420   127.339    -0.35    1.33
 246462.185   127.503     0.44    1.41
 246832.913   127.906     1.09    1.16
 247203.605   128.517     1.65    1.29
 247574.260   129.337     2.21    1.56
 247944.878   130.628     3.48    2.14
 248315.460   132.535     5.14    3.29
 248686.005   135.170     7.11    4.66
 249057.212   137.734     6.91    5.16
 249435.185   139.999     5.99    4.61
 249813.120   142.017     5.34    4.26
 250191.017   144.160     5.67    4.39
 250568.875   147.714     9.40    4.24
 250946.696   150.441     7.22    3.63
 251324.478   152.607     5.73    2.82
 251702.222   154.553     5.15    3.07
 252079.928   155.784     3.26    3.62
 252457.596   157.766     5.25    3.53
 252835.225   158.124     0.95    3.96
 253212.817   155.006    -8.26    8.99
 253590.370   149.770   -13.87   11.87
 253967.885   143.492   -16.62   11.79
 254345.362   137.941   -14.70    7.64
 254722.801   136.035    -5.05    2.83
 255100.202   137.428     3.69    3.46
 255477.565   138.982     4.12    3.67
 255854.890   140.607     4.31    3.51
 256232.177   141.478     2.31    3.36
 256609.426   142.999     4.03    3.55
 256986.637   144.432     3.80    4.25
 257363.809   146.626     5.82    5.16
 257740.944   149.999     8.94    5.85
 258118.041   152.914     7.73    6.09
 258495.100   156.415     9.28    5.12
 258872.121   159.053     6.99    4.57
 259249.104   161.848     7.41    3.81
 259626.050   164.273     6.43    3.51
 260002.957   166.410     5.67    3.62
 260379.826   167.696     3.41    3.78
 260756.658   168.573     2.33    4.63
 261133.452   168.064    -1.35    5.91
 261510.207   164.785    -8.70    7.82
 261886.926   160.731   -10.76    7.77
 262263.606   158.888    -4.89    5.57
 262640.248   159.989     2.92    6.12
 263016.853   163.017     8.04    6.74
 263393.420   166.839    10.15    7.56
 263769.949   171.047    11.17    9.11
 264146.440   176.150    13.55    7.76
 264522.894   176.558     1.08    7.99
 264899.310   172.254   -11.43   10.88
 265275.688   168.292   -10.52    9.27
 265652.028   166.714    -4.19    8.13
 266028.331   168.374     4.41    8.53
 266404.596   169.982     4.27    9.01
 266780.824   166.982    -7.97    9.90
 267157.014   163.484    -9.29    7.84
 267533.166   160.885    -6.91    5.58
