# NaN NaN NaN ;Mean Elev.(m), Avg Gradient(m/km), RMS Gradient(m/km) - SRTM1     
#    7.210 -12.260  64.582 ;Mean Elev.(m), Avg Gradient(m/km), RMS Gradient(m/km) - ASTER GDEM
#    0.038 -13.292  67.308 ;Mean Elev.(m), Avg Gradient(m/km), RMS Gradient(m/km) - GMTED2010 
  7     8.111 52444.05859447 19.14 140.436587  53.155681 14.131
  7     8.505 52444.05859512 18.30 140.434987  53.152461 14.131
  7     8.852 52444.05859576 17.47 140.433387  53.149241 14.131
  7   -21.318 52444.05859641  4.10 140.431787  53.146021 14.131
  7     4.983 52444.05859705 18.61 140.430194  53.142805 11.887
  7     3.743 52444.05859770 18.20 140.428594  53.139585 11.887
  7     3.483 52444.05859834 19.47 140.426994  53.136365 11.887
  7     3.070 52444.05859899 19.38 140.425404  53.133145 11.887
  7     3.678 52444.05859963 19.25 140.423804  53.129925 11.887
  7     4.721 52444.05860027 19.11 140.422204  53.126705 11.887
  7     6.067 52444.05860092 26.33 140.420614  53.123485 11.887
  7     1.529 52444.05860156 40.80 140.419014  53.120265 11.887
  7     4.807 52444.05860221 38.20 140.417414  53.117045 11.887
  8   301.245 52479.05859101 14.54 140.433247  53.140688  7.839
  8   300.850 52479.05859166 15.48 140.431647  53.137468  7.839
  8   301.114 52479.05859230 16.30 140.430047  53.134248  7.839
  8   301.269 52479.05859295 16.89 140.428457  53.131028  7.839
  8   301.470 52479.05859359 16.06 140.426857  53.127808  7.839
  8   301.841 52479.05859423 20.21 140.425257  53.124588  7.839
  8   301.859 52479.05859488 29.26 140.423667  53.121368  7.839
  8   303.024 52479.05859552 25.54 140.422067  53.118148  7.839
  8   301.642 52479.05859617 22.11 140.420477  53.114928  7.839
  9     3.314 52514.05854099 23.60 140.427805  53.116997  6.647
  9     3.055 52514.05854163 21.25 140.426215  53.113777  6.647
 10     1.214 52549.05857918 14.25 140.445561  53.146223  8.351
 10     1.115 52549.05857982 15.62 140.443961  53.143003  8.351
 10     0.918 52549.05858047 16.44 140.442371  53.139783  8.351
 10     0.847 52549.05858111 16.73 140.440771  53.136563  8.351
 10     0.675 52549.05858176 16.54 140.439171  53.133343  8.351
 10     0.497 52549.05858240 17.79 140.437571  53.130123  8.351
 10     0.543 52549.05858305 16.61 140.435971  53.126903  8.351
 10     1.001 52549.05858369 16.71 140.434381  53.123683  8.351
 10     1.222 52549.05858434 18.90 140.432781  53.120463  8.351
 10     1.179 52549.05858498 25.08 140.431181  53.117243  8.351
 10     0.660 52549.05858563 32.26 140.429591  53.114023  8.351
 10     1.853 52549.05858627 19.26 140.427991  53.110803  8.351
 11     0.243 52584.05857006 23.32 140.446106  53.145920 15.226
 11     0.061 52584.05857070 20.60 140.444516  53.142700 15.226
 11    -0.671 52584.05857135 19.76 140.442916  53.139480 15.226
 11    -1.533 52584.05857199 21.15 140.441316  53.136260 15.226
 11    -1.182 52584.05857264 21.00 140.439726  53.133040 15.226
 11    -0.583 52584.05857328 22.10 140.438126  53.129820 15.226
 11    -0.207 52584.05857393 25.87 140.436526  53.126600 15.226
 11     0.194 52584.05857457 28.96 140.434936  53.123380 15.226
 11     0.515 52584.05857521 30.31 140.433336  53.120160 15.226
 11     0.559 52584.05857586 29.23 140.431736  53.116940 15.226
 11     0.579 52584.05857650 31.14 140.430146  53.113720 15.226
 11     0.707 52584.05857715 30.04 140.428546  53.110500 15.226
 12     2.070 52619.05854559 16.82 140.435690  53.155061 12.575
 12     2.398 52619.05854624 18.09 140.434090  53.151841 12.575
 12     1.945 52619.05854688 18.92 140.432500  53.148621 12.575
 12     1.614 52619.05854752 19.32 140.430900  53.145401 12.575
 12     1.516 52619.05854817 20.06 140.429310  53.142181 12.575
 12     2.346 52619.05854881 20.71 140.427710  53.138961 12.575
 12     1.554 52619.05854946 21.79 140.426110  53.135741 12.575
 12     1.761 52619.05855010 22.10 140.424520  53.132521 12.575
 12     2.096 52619.05855075 21.86 140.422920  53.129301 12.575
 12     2.226 52619.05855139 21.24 140.421320  53.126081 12.575
 12     2.030 52619.05855204 22.64 140.419730  53.122861 12.575
 12     2.789 52619.05855268 22.04 140.418130  53.119641 12.575
 13     1.059 52654.05852909 17.10 140.450495  53.141610  5.939
 13     1.307 52654.05852974 17.24 140.448895  53.138390  5.939
 13     0.339 52654.05853038 18.05 140.447305  53.135170  5.939
 13     0.272 52654.05853102 19.12 140.445705  53.131950  5.939
 13     0.361 52654.05853167 19.77 140.444105  53.128736  4.584
 13     0.400 52654.05853231 20.07 140.442505  53.125516  4.584
 13     0.473 52654.05853296 19.42 140.440915  53.122296  4.584
 13     0.610 52654.05853360 18.87 140.439315  53.119076  4.584
 13     0.670 52654.05853425 18.39 140.437725  53.115856  4.584
 13     0.606 52654.05853489 18.40 140.436125  53.112636  4.584
 14     0.484 52689.05852370 10.87 140.439194  53.155405  3.045
 14     0.263 52689.05852434 12.47 140.437594  53.152185  3.045
 14     0.328 52689.05852499 12.11 140.435994  53.148965  3.045
 14     0.341 52689.05852563 12.39 140.434394  53.145745  3.045
 14     0.383 52689.05852628 13.13 140.432804  53.142525  3.045
 14     0.437 52689.05852692 13.36 140.431204  53.139305  3.045
 14     0.505 52689.05852756 12.88 140.429614  53.136085  3.045
 14     0.430 52689.05852821 13.29 140.428014  53.132865  3.045
 14     0.498 52689.05852885 13.30 140.426414  53.129645  3.045
 14     0.687 52689.05852950 12.73 140.424824  53.126425  3.045
 14     0.847 52689.05853014 12.18 140.423224  53.123205  3.045
 14     1.019 52689.05853079 12.22 140.421634  53.119985  3.045
 14     1.126 52689.05853143 11.14 140.420034  53.116765  2.309
 14     1.035 52689.05853208 10.41 140.418444  53.113545  2.309
 15     0.875 52724.05856904 10.39 140.446389  53.152816  3.006
 15     0.447 52724.05857033 12.03 140.443189  53.146376  3.006
 15     0.428 52724.05857098 12.12 140.441589  53.143156  3.006
 15     0.384 52724.05857162 12.78 140.439999  53.139936  3.006
 15     0.442 52724.05857227 12.62 140.438399  53.136716  3.006
 15     0.487 52724.05857291 12.91 140.436799  53.133496  3.006
 15     0.440 52724.05857356 13.11 140.435209  53.130276  3.006
 15     0.473 52724.05857420 12.52 140.433609  53.127056  3.006
 15     0.616 52724.05857485 12.17 140.432009  53.123836  3.006
 15     0.811 52724.05857549 11.76 140.430419  53.120616  3.006
 15     0.936 52724.05857614 11.21 140.428819  53.117396  3.006
 15     1.024 52724.05857678 10.50 140.427223  53.114180  3.586
 15     0.975 52724.05857743  9.76 140.425623  53.110960  3.586
 16     1.269 52759.05858881 43.15 140.429177  53.156638 23.333
 16     1.732 52759.05858946 24.76 140.427577  53.153418 23.333
 18     0.982 52829.05861774 30.79 140.438898  53.114808 13.124
 18     0.900 52829.05861838 27.64 140.437308  53.111588 13.124
 20     5.057 52899.05868417 17.26 140.441195  53.155064 13.666
 20     2.008 52899.05868482 16.52 140.439595  53.151844 13.666
 20     1.495 52899.05868546 16.94 140.438005  53.148624 13.666
 20     0.564 52899.05868675 17.58 140.434805  53.142184 13.666
 20     0.700 52899.05868740 18.57 140.433215  53.138964 13.666
 20     1.097 52899.05868804 18.42 140.431615  53.135744 13.666
 20     1.012 52899.05868869 18.45 140.430015  53.132524 13.666
 20     1.288 52899.05868933 19.72 140.428415  53.129304 13.666
 20     1.727 52899.05868998 21.12 140.426825  53.126084 13.666
 20     1.793 52899.05869062 24.23 140.425225  53.122864 13.666
 20     1.821 52899.05869127 37.38 140.423635  53.119644 13.666
 20     2.569 52899.05869191 33.72 140.422035  53.116424 13.666
 20     2.481 52899.05869256 31.27 140.420445  53.113204 13.666
 21     3.105 52934.05862833 17.58 140.435918  53.156874  8.962
 21     2.866 52934.05862898 17.09 140.434318  53.153654  8.962
 21     2.395 52934.05862962 17.62 140.432728  53.150434  8.962
 21     1.594 52934.05863027 18.50 140.431128  53.147214  8.962
 21     1.099 52934.05863091 19.80 140.429528  53.143994  8.962
 21     0.454 52934.05863156 20.43 140.427938  53.140774  8.962
 21     0.555 52934.05863220 21.56 140.426338  53.137554  8.962
 21     1.225 52934.05863285 21.42 140.424738  53.134334  8.962
 21     2.270 52934.05863349 20.89 140.423148  53.131114  8.962
 21     2.567 52934.05863414 23.28 140.421548  53.127894  8.962
 21     2.579 52934.05863478 28.04 140.419958  53.124674  8.962
 21     2.928 52934.05863543 25.60 140.418358  53.121454  8.962
 21     3.504 52934.05863607 23.07 140.416768  53.118234  8.962
 22     1.737 52969.05864334 24.60 140.445887  53.144498  8.291
 22     1.492 52969.05864399 25.26 140.444287  53.141278  8.291
 22     1.838 52969.05864463 25.61 140.442687  53.138058  8.291
 23     0.802 53004.05866159 18.49 140.438440  53.155478  6.403
 23     1.501 53004.05866223 19.16 140.436850  53.152258  6.403
 23     0.760 53004.05866288 18.84 140.435250  53.149038  6.403
 23     0.757 53004.05866352 20.69 140.433650  53.145818  6.403
 23     0.913 53004.05866417 21.70 140.432050  53.142598  6.403
 23     0.798 53004.05866481 21.96 140.430460  53.139378  6.403
 23     0.744 53004.05866546 22.23 140.428860  53.136158  6.403
 23     0.774 53004.05866610 22.65 140.427260  53.132938  6.403
 23     0.854 53004.05866675 22.32 140.425660  53.129718  6.403
 23     0.828 53004.05866739 22.46 140.424070  53.126498  6.403
 23     0.827 53004.05866804 21.67 140.422470  53.123278  6.403
 23     1.001 53004.05866868 20.45 140.420880  53.120058  6.403
 23     0.832 53004.05866932 20.61 140.419280  53.116838  6.403
 23     0.958 53004.05866997 19.21 140.417690  53.113618  6.403
 24     0.658 53039.05861099 15.52 140.433268  53.154623  3.892
 24     0.745 53039.05861164 15.74 140.431668  53.151403  3.892
 24     0.604 53039.05861228 17.15 140.430068  53.148183  3.892
 24     0.685 53039.05861292 17.65 140.428478  53.144963  3.892
 24     0.676 53039.05861357 17.74 140.426878  53.141743  3.892
 24     0.643 53039.05861421 18.33 140.425278  53.138523  3.892
 24     0.712 53039.05861486 18.08 140.423688  53.135303  3.892
 24     0.658 53039.05861550 17.87 140.422088  53.132083  3.892
 24     0.656 53039.05861615 17.85 140.420498  53.128863  3.892
 24     0.854 53039.05861679 17.81 140.418898  53.125643  3.892
 24     1.104 53039.05861744 16.39 140.417308  53.122423  3.892
 24     1.109 53039.05861808 15.70 140.415708  53.119203  3.892
 25     0.596 53074.05864014 14.66 140.442043  53.156233  4.086
 25     0.750 53074.05864079 15.29 140.440443  53.153013  4.086
 25     0.836 53074.05864143 16.53 140.438843  53.149793  4.086
 25     0.892 53074.05864208 16.10 140.437243  53.146573  4.086
 25     0.987 53074.05864272 17.28 140.435653  53.143353  4.086
 25     0.824 53074.05864336 18.12 140.434053  53.140133  4.086
 25     0.775 53074.05864401 18.60 140.432453  53.136913  4.086
 25     0.711 53074.05864465 18.54 140.430853  53.133693  4.086
 25     0.755 53074.05864530 17.88 140.429263  53.130473  4.086
 25     0.703 53074.05864594 17.70 140.427663  53.127253  4.086
 25     0.845 53074.05864659 16.76 140.426073  53.124033  4.086
 25     0.962 53074.05864723 16.45 140.424473  53.120813  4.086
 25     1.078 53074.05864788 15.47 140.422873  53.117593  4.086
 25     1.038 53074.05864852 14.65 140.421283  53.114373  4.086
 26     0.757 53109.05861110  6.01 140.432122  53.154724  4.108
 26     0.745 53109.05861174  3.76 140.430522  53.151504  4.108
 26     0.445 53109.05861239  5.29 140.428922  53.148284  4.108
 26     0.373 53109.05861303  5.14 140.427332  53.145064  4.108
 26     0.528 53109.05861368  4.57 140.425732  53.141844  4.108
 26     0.663 53109.05861432  4.76 140.424132  53.138624  4.108
 26     0.860 53109.05861496  4.83 140.422542  53.135404  4.108
 26     1.042 53109.05861561  4.94 140.420942  53.132184  4.108
 26     1.063 53109.05861625  6.20 140.419352  53.128964  4.108
 26     1.320 53109.05861690  7.23 140.417752  53.125744  4.108
 26     1.264 53109.05861754  7.68 140.416162  53.122524  4.108
 27     1.929 53144.05865035 35.41 140.447941  53.155331 10.032
 27     0.811 53144.05865615 20.87 140.433561  53.126351 10.032
 27     0.938 53144.05865680 21.57 140.431961  53.123131 10.032
 27     1.206 53144.05865744 19.03 140.430371  53.119911 10.032
 27     1.567 53144.05865809 19.03 140.428771  53.116691 10.032
 27     0.908 53144.05865873 22.24 140.427181  53.113471 10.032
 28     8.504 53179.05866753 39.61 140.448363  53.154027 23.621
 28     3.803 53179.05866882 35.01 140.445163  53.147587 23.621
 28     3.417 53179.05866946 30.80 140.443573  53.144367 23.621
 28     3.441 53179.05867011 29.92 140.441973  53.141147 23.621
 28     3.684 53179.05867075 28.19 140.440373  53.137927 23.621
 28     3.053 53179.05867140 28.57 140.438773  53.134707 23.621
 28     2.814 53179.05867204 29.01 140.437183  53.131487 23.621
 28     2.776 53179.05867269 30.40 140.435583  53.128267 23.621
 28     2.778 53179.05867333 30.60 140.433983  53.125047 23.621
 28     3.621 53179.05867398 30.37 140.432393  53.121827 23.621
 30     1.233 53249.05865864 20.05 140.439948  53.154555 11.354
 30     1.247 53249.05865929 17.34 140.438348  53.151335 11.354
 30     1.217 53249.05865993 17.72 140.436748  53.148115 11.354
 30     0.473 53249.05866058 20.23 140.435158  53.144895 11.354
 30     0.151 53249.05866122 19.97 140.433558  53.141675 11.354
 30    -0.720 53249.05866187 21.81 140.431968  53.138455 11.354
 30    -0.127 53249.05866251 21.09 140.430368  53.135235 11.354
 30     0.018 53249.05866316 25.47 140.428768  53.132015 11.354
 30     0.711 53249.05866380 26.24 140.427178  53.128795 11.354
 30     1.329 53249.05866445 26.28 140.425578  53.125575 11.354
 30     1.660 53249.05866509 28.20 140.423988  53.122355 11.354
 30     1.748 53249.05866574 31.01 140.422388  53.119135 11.354
 30     1.613 53249.05866638 27.82 140.420788  53.115915 11.354
 31     2.584 53284.05865291 17.30 140.447637  53.153039 16.453
 31     1.395 53284.05865420 15.77 140.444447  53.146599 16.453
 31     1.615 53284.05865484 15.61 140.442847  53.143379 16.453
 31     0.841 53284.05865549 15.01 140.441247  53.140159 16.453
 31     0.820 53284.05865613 16.32 140.439647  53.136939 16.453
 31     0.692 53284.05865677 16.64 140.438047  53.133719 16.453
 31     0.830 53284.05865742 16.85 140.436457  53.130499 16.453
 31     0.797 53284.05865806 19.21 140.434857  53.127279 16.453
 31     0.979 53284.05865871 18.99 140.433257  53.124059 16.453
 31     1.106 53284.05865935 25.86 140.431657  53.120839 16.453
 31     1.088 53284.05866000 37.23 140.430067  53.117619 16.453
 31     1.889 53284.05866064 40.34 140.428467  53.114399 16.453
 31     1.466 53284.05866129 28.52 140.426867  53.111179 16.453
 33     0.797 53354.05861180 21.98 140.445256  53.154271  9.422
 33     1.261 53354.05861245 22.89 140.443656  53.151051  9.422
 33     1.216 53354.05861309 22.64 140.442066  53.147831  9.422
 33     1.133 53354.05861374 23.28 140.440466  53.144611  9.422
 33     1.073 53354.05861438 24.38 140.438866  53.141391  9.422
 33     1.134 53354.05861502 24.88 140.437276  53.138171  9.422
 33     1.042 53354.05861567 24.29 140.435676  53.134951  9.422
 33     1.330 53354.05861631 24.37 140.434076  53.131731  9.422
 33     1.268 53354.05861696 23.58 140.432486  53.128511  9.422
 33     0.360 53354.05861760 23.87 140.430886  53.125291  9.422
 33     0.552 53354.05861825 23.25 140.429296  53.122071  9.422
 33     0.679 53354.05861889 22.58 140.427696  53.118851  9.422
 33     0.516 53354.05861954 22.63 140.426106  53.115631  9.422
 33     0.343 53354.05862018 21.16 140.424506  53.112411  9.422
 34     0.168 53389.05861486 16.99 140.447207  53.144123  4.045
 34    -0.158 53389.05861551 17.74 140.445607  53.140903  4.045
 34    -0.079 53389.05861615 17.79 140.444007  53.137683  4.045
 34    -0.017 53389.05861680 18.39 140.442407  53.134463  4.045
 34    -0.246 53389.05861744 18.60 140.440807  53.131243  4.045
 34    -0.189 53389.05861808 18.95 140.439217  53.128023  4.045
 34    -0.101 53389.05861873 18.39 140.437617  53.124803  4.045
 34     0.036 53389.05861937 17.05 140.436017  53.121583  4.045
 34     0.218 53389.05862002 16.80 140.434417  53.118363  4.045
 34     0.217 53389.05862066 16.18 140.432827  53.115143  4.045
 34     0.413 53389.05862131 15.43 140.431227  53.111923  4.045
 35    -0.072 53424.05861369 15.38 140.445799  53.146086  3.961
 35     0.032 53424.05861434 15.81 140.444199  53.142866  3.961
 35     0.167 53424.05861498 15.86 140.442609  53.139646  3.961
 35     0.097 53424.05861563 16.38 140.441009  53.136426  3.961
 35     0.230 53424.05861627 16.82 140.439409  53.133206  3.961
 35     0.027 53424.05861692 17.12 140.437819  53.129986  3.961
 35     0.109 53424.05861756 16.92 140.436219  53.126766  3.961
 35     0.370 53424.05861821 15.85 140.434619  53.123546  3.961
 35     0.392 53424.05861885 15.90 140.433029  53.120326  3.961
 35     0.528 53424.05861950 14.34 140.431429  53.117106  3.961
 35     0.657 53424.05862014 13.96 140.429839  53.113886  3.961
 35     0.616 53424.05862079 13.31 140.428239  53.110666  3.961
 36     0.403 53459.05862010 16.32 140.450217  53.138024  4.439
 36     0.450 53459.05862075 16.41 140.448617  53.134804  4.439
 36     0.336 53459.05862139 17.67 140.447017  53.131584  4.439
 36     0.242 53459.05862204 17.42 140.445417  53.128364  4.439
 36     0.226 53459.05862268 17.34 140.443827  53.125144  4.439
 36     0.215 53459.05862333 17.31 140.442227  53.121924  4.439
 36     0.415 53459.05862397 16.28 140.440627  53.118704  4.439
 36     0.442 53459.05862462 16.38 140.439037  53.115484  4.439
 36     0.433 53459.05862526 14.59 140.437437  53.112264  4.439
 38     6.887 53529.05868029 20.84 140.446025  53.145165 11.198
 38     6.186 53529.05868093 19.08 140.444435  53.141945 11.198
 38     4.746 53529.05868157 19.18 140.442835  53.138725 11.198
 38     4.525 53529.05868222 18.36 140.441235  53.135505 11.198
 38     3.375 53529.05868286 18.69 140.439645  53.132285 11.198
 38     3.137 53529.05868351 19.07 140.438045  53.129065 11.198
 38     2.695 53529.05868415 19.69 140.436445  53.125845 11.198
 38     2.221 53529.05868480 20.99 140.434855  53.122625 11.198
 38     2.617 53529.05868544 21.58 140.433255  53.119405 11.198
 38     1.893 53529.05868609 23.02 140.431655  53.116185 11.198
 38     1.455 53529.05868673 23.28 140.430065  53.112965 11.198
 38     2.886 53529.05868738 21.47 140.428465  53.109745 11.198
 39     3.624 53564.05870914 30.49 140.436493  53.155494 21.536
 39     3.005 53564.05870979 33.02 140.434893  53.152274 21.536
 39     2.954 53564.05871043 33.81 140.433293  53.149054 21.536
 39     2.530 53564.05871107 34.16 140.431693  53.145834 21.536
 39     1.512 53564.05871301 36.06 140.426913  53.136174 21.536
 39     1.641 53564.05871365 34.70 140.425313  53.132954 21.536
 39     1.591 53564.05871430 34.66 140.423713  53.129734 21.536
 39     1.392 53564.05871494 39.01 140.422123  53.126514 21.536
 39     1.705 53564.05871559 42.88 140.420523  53.123294 21.536
 39     1.878 53564.05871623 50.93 140.418923  53.120074 21.536
 39     1.774 53564.05871688 51.07 140.417333  53.116854 21.536
 40    19.045 53599.05865409 16.72 140.434742  53.136107  9.003
 40     1.609 53599.05865474 18.29 140.433152  53.132887  9.003
 40     2.750 53599.05865538 19.13 140.431552  53.129667  9.003
 40     2.290 53599.05865603 24.48 140.429952  53.126447  9.003
 40     6.059 53599.05865667 23.76 140.428362  53.123227  9.003
 40     2.688 53599.05865731 30.60 140.426762  53.120007  9.003
 40     3.451 53599.05865796 41.16 140.425172  53.116787  9.003
 40     3.730 53599.05865860 34.95 140.423571  53.113567 11.581
 41     0.554 53634.05864788 14.40 140.445557  53.147032 10.381
 41     0.560 53634.05864852 15.73 140.443957  53.143812 10.381
 41     0.644 53634.05864917 13.71 140.442357  53.140592 10.381
 41     0.517 53634.05864981 15.02 140.440767  53.137372 10.381
 41     0.014 53634.05865046 16.07 140.439167  53.134152 10.381
 41     0.336 53634.05865110 16.86 140.437567  53.130932 10.381
 41     0.325 53634.05865175 16.81 140.435967  53.127712 10.381
 41     0.668 53634.05865239 20.98 140.434377  53.124492 10.381
 41     0.836 53634.05865304 24.94 140.432777  53.121272 10.381
 41     0.979 53634.05865368 32.49 140.431177  53.118052 10.381
 41     1.513 53634.05865433 31.38 140.429577  53.114832 10.381
 41     1.240 53634.05865497 24.16 140.427987  53.111612 10.381
 42    -0.023 53669.05867187 16.58 140.433258  53.137494  6.890
 42     0.020 53669.05867252 16.58 140.431658  53.134274  6.890
 42     0.628 53669.05867316 16.44 140.430058  53.131054  6.890
 42     1.097 53669.05867381 17.91 140.428468  53.127834  6.890
 42     1.374 53669.05867445 19.18 140.426868  53.124614  6.890
 42     1.379 53669.05867510 27.29 140.425278  53.121394  6.890
 42     2.535 53669.05867574 27.10 140.423678  53.118174  6.890
 42     1.346 53669.05867639 23.03 140.422078  53.114954  6.890
 43     6.362 53704.05860810 27.88 140.448097  53.155241 22.268
 43     2.494 53704.05860874 30.64 140.446507  53.152021 22.268
 43     2.100 53704.05861003 33.16 140.443307  53.145581 22.268
 43     2.081 53704.05861068 35.04 140.441707  53.142361 22.268
 43     2.108 53704.05861132 37.17 140.440117  53.139141 22.268
 43     1.830 53704.05861196 37.49 140.438517  53.135921 22.268
 43     2.318 53704.05861261 38.01 140.436917  53.132701 22.268
 43     1.598 53704.05861325 39.48 140.435327  53.129481 22.268
 43     1.924 53704.05861390 37.70 140.433727  53.126261 22.268
 43     1.674 53704.05861454 41.38 140.432137  53.123041 22.268
 43     1.595 53704.05861519 36.56 140.430537  53.119821 22.268
 43     1.526 53704.05861583 33.64 140.428947  53.116601 22.268
 43     1.694 53704.05861648 33.22 140.427347  53.113381 22.268
 44     0.501 53739.05851718 13.13 140.440041  53.156713  3.603
 44     0.532 53739.05851782 13.95 140.438451  53.153493  3.603
 44     0.487 53739.05851847 14.56 140.436851  53.150273  3.603
 44     0.108 53739.05851911 15.60 140.435251  53.147053  3.603
 44     0.145 53739.05851976 15.21 140.433661  53.143833  3.603
 44     0.059 53739.05852040 15.88 140.432062  53.140614  3.019
 44     0.075 53739.05852104 15.46 140.430462  53.137394  3.019
 44     0.150 53739.05852169 15.43 140.428872  53.134174  3.019
 44     0.115 53739.05852233 15.38 140.427282  53.130954  3.019
 44     0.390 53739.05852298 14.71 140.425682  53.127734  3.019
 44     0.574 53739.05852362 14.75 140.424082  53.124514  3.019
 44     0.874 53739.05852427 13.78 140.422492  53.121294  3.019
 44     0.928 53739.05852491 13.62 140.420902  53.118074  3.019
 44     0.861 53739.05852556 13.10 140.419302  53.114854  3.019
 45     0.622 53774.05853712 11.83 140.449032  53.143475  3.544
 45     0.440 53774.05853776 12.63 140.447432  53.140255  3.544
 45     0.084 53774.05853841 13.23 140.445832  53.137035  3.544
 45    -0.030 53774.05853905 13.45 140.444232  53.133815  3.544
 45    -0.103 53774.05853970 13.06 140.442642  53.130595  3.544
 45    -0.293 53774.05854034 12.88 140.441042  53.127375  3.544
 45    -0.098 53774.05854099 12.75 140.439452  53.124155  3.544
 45     0.078 53774.05854163 12.17 140.437852  53.120935  3.544
 45     0.305 53774.05854227 11.80 140.436252  53.117715  3.544
 45     0.459 53774.05854292 11.68 140.434662  53.114495  3.544
 45     0.526 53774.05854356 11.26 140.433062  53.111275  3.544
 46     1.189 53809.05852025  7.82 140.440596  53.153568  1.987
 46     0.556 53809.05852090  8.35 140.438996  53.150348  1.987
 46     0.312 53809.05852154  9.52 140.437399  53.147130  2.824
 46     0.114 53809.05852219  9.94 140.435799  53.143910  2.824
 46    -0.151 53809.05852283 10.49 140.434209  53.140690  2.824
 46    -0.193 53809.05852348 10.62 140.432609  53.137470  2.824
 46    -0.125 53809.05852412 10.49 140.431019  53.134250  2.824
 46     0.247 53809.05852477  9.80 140.429419  53.131030  2.824
 46     0.395 53809.05852541  9.25 140.427819  53.127810  2.824
 46     0.617 53809.05852606  9.73 140.426229  53.124590  2.824
 46     0.848 53809.05852670  8.98 140.424629  53.121370  2.824
 46     0.956 53809.05852735  7.89 140.423039  53.118150  2.824
 46     1.016 53809.05852799  7.44 140.421439  53.114930  2.824
 48     3.601 53879.05859242 24.06 140.446627  53.141974  6.766
 48     2.730 53879.05859307 20.85 140.445027  53.138754  6.766
 48     2.722 53879.05859371 17.96 140.443437  53.135534  6.766
 48     2.243 53879.05859436 16.24 140.441837  53.132314  6.766
 48     2.067 53879.05859500 16.56 140.440237  53.129094  6.766
 48     1.541 53879.05859565 15.55 140.438637  53.125874  6.766
 48     2.837 53879.05859629 15.63 140.437047  53.122654  6.766
 48     3.408 53879.05859694 14.47 140.435447  53.119434  6.766
 48     3.280 53879.05859758 14.52 140.433857  53.116214  6.766
 48     3.684 53879.05859822 13.57 140.432257  53.112994  6.766
 49     2.732 53914.05864522 16.68 140.439545  53.153688  8.796
 49     2.089 53914.05864587 15.86 140.437955  53.150468  8.796
 49     1.865 53914.05864651 16.73 140.436355  53.147248  8.796
 49     1.588 53914.05864716 17.44 140.434755  53.144028  8.796
 49     1.374 53914.05864780 16.95 140.433155  53.140808  8.796
 49     0.960 53914.05864845 17.29 140.431555  53.137588  8.796
 49     0.903 53914.05864909 16.56 140.429965  53.134368  8.796
 49     1.420 53914.05864974 17.36 140.428365  53.131148  8.796
 49     1.822 53914.05865038 17.77 140.426765  53.127928  8.796
 49     1.536 53914.05865167 27.86 140.423575  53.121488  8.796
 49     2.513 53914.05865231 31.44 140.421985  53.118268  8.796
 49     1.473 53914.05865296 22.38 140.420385  53.115048  8.796
 50     3.398 53949.05865700 25.47 140.434703  53.154306  9.665
 50     5.774 53949.05865765 25.76 140.433107  53.151090 15.997
 50     1.169 53949.05866087 30.53 140.425117  53.134990 15.997
 50     1.120 53949.05866152 31.92 140.423527  53.131770 15.997
 50     1.198 53949.05866216 33.68 140.421927  53.128550 15.997
 50     1.318 53949.05866280 36.90 140.420327  53.125330 15.997
 50     1.605 53949.05866345 46.45 140.418737  53.122110 15.997
 50     2.124 53949.05866409 50.11 140.417137  53.118890 15.997
 51     5.189 53984.05859650 16.87 140.439170  53.154116  9.344
 51     2.608 53984.05859715 22.30 140.437580  53.150896  9.344
 51     2.780 53984.05859779 19.95 140.435977  53.147679 17.388
 51     0.189 53984.05859973 22.47 140.431187  53.138019 17.388
 51     0.806 53984.05860037 22.16 140.429597  53.134799 17.388
 51     0.454 53984.05860102 30.18 140.427997  53.131579 17.388
 51     1.081 53984.05860166 31.58 140.426397  53.128359 17.388
 51     1.520 53984.05860231 30.80 140.424807  53.125139 17.388
 51     2.068 53984.05860295 37.32 140.423207  53.121919 17.388
 51     2.228 53984.05860360 45.14 140.421617  53.118699 17.388
 51     1.965 53984.05860424 43.73 140.420017  53.115479 17.388
 52     0.738 54019.05863260 18.05 140.444675  53.136414  5.894
 52     0.418 54019.05863324 17.53 140.443075  53.133194  5.894
 52     0.362 54019.05863389 16.56 140.441475  53.129974  5.894
 52     0.734 54019.05863453 16.20 140.439875  53.126754  5.894
 52     1.157 54019.05863518 16.63 140.438285  53.123534  5.894
 52     1.499 54019.05863582 16.79 140.436685  53.120314  5.894
 52     1.326 54019.05863646 17.88 140.435085  53.117094  5.894
 52     1.930 54019.05863711 19.16 140.433495  53.113874  5.894
 52     0.942 54019.05863775 18.35 140.431895  53.110654  5.894
 53     2.590 54054.05862258 30.56 140.450235  53.141489  9.577
 53     0.848 54054.05862323 31.91 140.448635  53.138269  9.577
 53     1.088 54054.05862387 32.55 140.447035  53.135049  9.577
 53     1.252 54054.05862452 32.99 140.445435  53.131829  9.577
 53     0.967 54054.05862516 34.57 140.443845  53.128609  9.577
 53     0.901 54054.05862581 34.81 140.442245  53.125389  9.577
 53     0.822 54054.05862645 34.26 140.440645  53.122169  9.577
 53     0.838 54054.05862710 33.64 140.439055  53.118949  9.577
 53     0.992 54054.05862774 34.62 140.437455  53.115729  9.577
 53     0.994 54054.05862839 31.88 140.435865  53.112509  9.577
 54     0.816 54089.05861157 13.88 140.443899  53.156083 10.135
 54     0.903 54089.05861222 14.43 140.442299  53.152863 10.135
 54     0.888 54089.05861286 15.39 140.440700  53.149647  7.630
 54     0.776 54089.05861351 16.23 140.439110  53.146427  7.630
 54     0.906 54089.05861415 15.89 140.437510  53.143207  7.630
 54     1.037 54089.05861480 17.78 140.435910  53.139987  7.630
 54     0.790 54089.05861544 17.83 140.434320  53.136767  7.630
 54     0.765 54089.05861608 17.88 140.432720  53.133547  7.630
 54     0.970 54089.05861673 16.46 140.431120  53.130327  7.630
 54     0.763 54089.05861737 15.51 140.429530  53.127107  7.630
 54     0.596 54089.05861802 15.69 140.427930  53.123887  7.630
 54     0.497 54089.05861866 14.93 140.426340  53.120667  7.630
 54     0.701 54089.05861931 15.56 140.424740  53.117447  7.630
 54     0.387 54089.05861995 13.45 140.423150  53.114227  7.630
 55     0.332 54124.05853696 15.73 140.448796  53.140217  3.793
 55     0.262 54124.05853760 15.57 140.447206  53.136997  3.793
 55    -0.289 54124.05853825 16.21 140.445606  53.133777  3.793
 55    -0.164 54124.05853889 16.34 140.444006  53.130557  3.793
 55    -0.285 54124.05853954 15.94 140.442406  53.127337  3.793
 55    -0.241 54124.05854018 15.02 140.440816  53.124117  3.793
 55    -0.407 54124.05854083 14.65 140.439216  53.120897  3.793
 55    -0.091 54124.05854147 13.83 140.437616  53.117677  3.793
 55    -0.181 54124.05854212 13.51 140.436016  53.114457  3.793
 55    -0.696 54124.05854276 12.76 140.434426  53.111237  3.793
 56     1.107 54159.05857704 11.94 140.444566  53.153235  4.005
 56     0.895 54159.05857769 12.25 140.442966  53.150015  4.005
 56     0.587 54159.05857833 13.65 140.441366  53.146795  4.005
 56     0.355 54159.05857898 13.36 140.439776  53.143575  4.005
 56     0.262 54159.05857962 14.28 140.438176  53.140355  4.005
 56     0.144 54159.05858026 15.03 140.436574  53.137140  2.999
 56     0.164 54159.05858091 15.32 140.434974  53.133920  2.999
 56     0.046 54159.05858155 14.53 140.433384  53.130700  2.999
 56     0.336 54159.05858220 14.01 140.431784  53.127480  2.999
 56     0.358 54159.05858284 14.07 140.430194  53.124260  2.999
 56     0.531 54159.05858349 13.23 140.428594  53.121040  2.999
 56     0.701 54159.05858413 12.76 140.426994  53.117820  2.999
 56     0.775 54159.05858478 11.94 140.425404  53.114600  2.999
 56     0.615 54159.05858542 11.92 140.423804  53.111380  2.999
 57     1.105 54194.05853921 12.50 140.448925  53.144181  3.353
 57     0.873 54194.05853985 13.07 140.447325  53.140961  3.353
 57     0.799 54194.05854050 13.66 140.445725  53.137741  3.353
 57     0.526 54194.05854114 14.97 140.444135  53.134521  3.353
 57     0.480 54194.05854179 14.75 140.442535  53.131301  3.353
 57     0.524 54194.05854243 13.87 140.440935  53.128081  3.353
 57     0.515 54194.05854308 13.87 140.439335  53.124861  3.353
 57     0.570 54194.05854372 13.43 140.437745  53.121641  3.353
 57     0.601 54194.05854437 12.86 140.436145  53.118421  3.353
 57     0.657 54194.05854501 11.86 140.434545  53.115201  3.353
 57     0.832 54194.05854566 11.02 140.432955  53.111981  3.353
 58     2.163 54229.05858859 40.92 140.447654  53.155031  9.977
 58     3.573 54229.05859504 19.75 140.431673  53.122835  7.608
 58     2.840 54229.05859569 20.96 140.430083  53.119615  7.608
 58     3.282 54229.05859697 29.80 140.426893  53.113175  7.608
 59     2.709 54264.05860867 13.67 140.443930  53.145993  6.166
 59     2.718 54264.05860931 13.73 140.442330  53.142773  6.166
 59     1.642 54264.05860996 14.61 140.440740  53.139553  6.166
 59     1.574 54264.05861060 14.70 140.439140  53.136333  6.166
 59     2.038 54264.05861125 14.31 140.437540  53.133113  6.166
 59     2.210 54264.05861189 13.94 140.435940  53.129893  6.166
 59     2.343 54264.05861254 13.59 140.434350  53.126673  6.166
 59     2.389 54264.05861318 14.17 140.432750  53.123453  6.166
 59     1.541 54264.05861383 16.18 140.431150  53.120233  6.166
 59     1.673 54264.05861447 16.79 140.429560  53.117013  6.166
 59     3.060 54264.05861512 17.67 140.427960  53.113793  6.166
 59     1.369 54264.05861576 12.97 140.426370  53.110573  6.166
 60     4.249 54299.05861059 13.79 140.448425  53.155231  8.548
 60     1.590 54299.05861253 15.42 140.443625  53.145571  8.548
 60     0.430 54299.05861446 17.62 140.438839  53.135916 12.604
 60     0.247 54299.05861511 19.02 140.437239  53.132696 12.604
 60     0.440 54299.05861575 19.48 140.435639  53.129476 12.604
 60     0.881 54299.05861640 18.78 140.434049  53.126256 12.604
 60     0.949 54299.05861704 21.92 140.432449  53.123036 12.604
 60     1.233 54299.05861768 23.64 140.430849  53.119816 12.604
 60     1.268 54299.05861833 29.62 140.429259  53.116596 12.604
 60     0.978 54299.05861897 33.01 140.427659  53.113376 12.604
 61     2.883 54334.05860139 16.97 140.443505  53.154441 10.406
 61     2.606 54334.05860203 17.41 140.441915  53.151221 10.406
 61     0.456 54334.05860655 27.53 140.430737  53.128685 15.211
 61     1.104 54334.05860719 24.78 140.429137  53.125465 15.211
 61     1.450 54334.05860784 27.26 140.427537  53.122245 15.211
 61     1.563 54334.05860848 31.31 140.425947  53.119025 15.211
 61     1.668 54334.05860913 33.52 140.424347  53.115805 15.211
 61     2.681 54334.05860977 32.72 140.422757  53.112585 15.211
 63     3.582 54404.05854501 39.70 140.444745  53.155433 15.125
 63     2.793 54404.05854566 41.20 140.443145  53.152213 15.125
 63     2.864 54404.05854630 37.73 140.441545  53.148993 15.125
 63     2.717 54404.05854695 39.70 140.439945  53.145773 15.125
 63     2.443 54404.05854759 39.50 140.438355  53.142553 15.125
 63     2.939 54404.05854824 40.62 140.436755  53.139333 15.125
 63     2.750 54404.05854888 40.98 140.435158  53.136117 18.385
 63     3.103 54404.05854953 41.07 140.433558  53.132897 18.385
 63     1.185 54404.05855146 49.42 140.428768  53.123237 18.385
 63     1.223 54404.05855210 50.71 140.427178  53.120017 18.385
 63     1.150 54404.05855275 48.37 140.425578  53.116797 18.385
 63     1.289 54404.05855339 52.11 140.423988  53.113577 18.385
 64     0.123 54439.05850483 26.94 140.449005  53.140268  5.228
 64    -0.043 54439.05850547 27.04 140.447399  53.137055  5.422
 64     0.000 54439.05850612 26.81 140.445799  53.133835  5.422
 64     0.026 54439.05850676 27.94 140.444209  53.130615  5.422
 64    -0.043 54439.05850740 27.86 140.442609  53.127395  5.422
 64    -0.088 54439.05850805 28.31 140.441009  53.124175  5.422
 64    -0.007 54439.05850869 27.28 140.439409  53.120955  5.422
 64     0.138 54439.05850934 27.08 140.437819  53.117735  5.422
 64     0.148 54439.05850998 25.66 140.436219  53.114515  5.422
 64     0.139 54439.05851063 23.95 140.434619  53.111295  5.422
 65     1.474 54474.05853295 15.01 140.446540  53.146212  7.260
 65     1.192 54474.05853360 16.74 140.444940  53.142992  7.260
 65     1.084 54474.05853424 16.75 140.443340  53.139772  7.260
 65     1.201 54474.05853489 15.86 140.441743  53.136558  4.569
 65     0.861 54474.05853553 16.50 140.440153  53.133338  4.569
 65     0.403 54474.05853618 16.55 140.438553  53.130118  4.569
 65     0.740 54474.05853682 15.84 140.436953  53.126898  4.569
 65     1.033 54474.05853747 16.05 140.435363  53.123678  4.569
 65     0.414 54474.05853811 14.88 140.433763  53.120458  4.569
 65     0.718 54474.05853876 14.51 140.432163  53.117238  4.569
 65     0.598 54474.05853940 14.46 140.430573  53.114018  4.569
 65     0.544 54474.05854005 14.44 140.428973  53.110798  4.569
 66     0.056 54509.05851685 15.04 140.448074  53.141488  3.374
 66    -0.521 54509.05851750 15.22 140.446474  53.138268  3.374
 66     0.095 54509.05851814 15.86 140.444874  53.135048  3.374
 66     0.139 54509.05851879 15.29 140.443274  53.131828  3.374
 66    -0.105 54509.05851943 15.71 140.441684  53.128608  3.374
 66     0.198 54509.05852008 14.92 140.440084  53.125388  3.374
 66     0.252 54509.05852072 14.86 140.438484  53.122168  3.374
 66     0.310 54509.05852137 14.56 140.436894  53.118948  3.374
 66     0.364 54509.05852201 13.62 140.435294  53.115728  3.374
 66     0.441 54509.05852265 13.27 140.433694  53.112508  3.374
 67     2.368 54544.05854589 13.75 140.445972  53.153927  3.290
 67     1.366 54544.05854654 13.88 140.444372  53.150707  3.290
 67     1.121 54544.05854718 14.86 140.442782  53.147487  3.290
 67     0.829 54544.05854783 15.69 140.441182  53.144267  3.290
 67     0.737 54544.05854847 16.51 140.439582  53.141047  3.290
 67     0.676 54544.05854912 16.69 140.437982  53.137827  3.290
 67     0.617 54544.05854976 16.23 140.436392  53.134607  3.290
 67     0.613 54544.05855041 16.70 140.434792  53.131387  3.290
 67     0.670 54544.05855105 16.27 140.433202  53.128167  3.290
 67     0.748 54544.05855170 15.39 140.431602  53.124947  3.290
 67     0.922 54544.05855234 14.95 140.430002  53.121727  3.290
 67     1.035 54544.05855299 14.80 140.428412  53.118507  3.290
 67     1.158 54544.05855363 14.14 140.426812  53.115287  3.290
 67     1.046 54544.05855428 13.99 140.425222  53.112067  3.290
 68     1.370 54579.05851610 28.37 140.444670  53.145005 17.673
 68     1.099 54579.05851674 25.33 140.443070  53.141785 17.673
 68     1.089 54579.05851739 24.01 140.441470  53.138565 17.673
 68     1.275 54579.05851803 24.50 140.439880  53.135345 17.673
 68     1.366 54579.05851868 27.21 140.438280  53.132125 17.673
 68     1.323 54579.05851932 26.33 140.436680  53.128905 17.673
 68     1.234 54579.05851997 26.61 140.435080  53.125685 17.673
 68     1.214 54579.05852061 27.59 140.433490  53.122465 17.673
 68     1.281 54579.05852125 30.43 140.431890  53.119245 17.673
 68     1.253 54579.05852190 41.15 140.430300  53.116025 17.673
 68     1.529 54579.05852254 44.40 140.428700  53.112805 17.673
 69     4.360 54614.05853578 17.11 140.446803  53.154336 13.405
 69     4.119 54614.05853643 15.40 140.445203  53.151116 13.405
 69     2.984 54614.05853707 16.82 140.443613  53.147896 13.405
 69     2.810 54614.05853772 18.27 140.442013  53.144676 13.405
 69     2.128 54614.05853836 18.21 140.440413  53.141456 13.405
 69     1.497 54614.05853901 19.18 140.438813  53.138236 13.405
 69     1.617 54614.05853965 19.95 140.437223  53.135016 13.405
 69     0.661 54614.05854030 21.04 140.435623  53.131796 13.405
 69     2.185 54614.05854094 21.13 140.434023  53.128576 13.405
 69     0.844 54614.05854416 31.69 140.426043  53.112476 13.405
 70     6.547 54649.05854491 25.29 140.447139  53.154199 20.585
 70     2.664 54649.05854555 26.98 140.445539  53.150979 20.585
 70     4.213 54649.05854620 19.13 140.443939  53.147759 20.585
 70     0.947 54649.05854813 20.17 140.439149  53.138099 20.585
 70     0.810 54649.05854878 20.58 140.437549  53.134879 20.585
 70     0.513 54649.05854942 21.67 140.435949  53.131659 20.585
 70     0.958 54649.05855006 22.11 140.434359  53.128439 20.585
 70    -3.189 54649.05855071 32.22 140.432759  53.125219 20.585
 70    -2.158 54649.05855135 31.19 140.431169  53.121999 20.585
 70     1.351 54649.05855200 28.39 140.429569  53.118779 20.585
 70     1.606 54649.05855264 41.63 140.427969  53.115559 20.585
 70     1.782 54649.05855329 46.59 140.426379  53.112339 20.585
 71     1.983 54684.05854848 19.75 140.428189  53.125210 11.426
 71     2.331 54684.05854912 27.01 140.426589  53.121990 11.426
 71     2.834 54684.05854977 37.59 140.424999  53.118770 11.426
 71     8.502 54684.05855041 39.83 140.423399  53.115550 11.426
 71     6.949 54684.05855106 30.41 140.421809  53.112330 11.426
 72     2.405 54719.05849710 23.58 140.435894  53.114276 10.267
 72     1.184 54719.05849775 22.80 140.434294  53.111056 10.267
 73    22.786 54754.05852273 19.11 140.431079  53.121590  9.993
 73     2.425 54754.05852337 26.07 140.429479  53.118370  9.993
 73     3.683 54754.05852402 24.97 140.427879  53.115150  9.993
 73     2.731 54754.05852466 20.18 140.426289  53.111930  9.993
 74     1.015 54789.05848509 32.28 140.447635  53.143058 10.504
 74     0.899 54789.05848573 33.04 140.446035  53.139838 10.504
 74     1.016 54789.05848638 33.28 140.444435  53.136618 10.504
 74     0.981 54789.05848702 34.49 140.442835  53.133398 10.504
 74     0.940 54789.05848766 33.82 140.441245  53.130178 10.504
 74     1.000 54789.05848831 35.28 140.439645  53.126958 10.504
 74     0.835 54789.05848895 36.32 140.438045  53.123738 10.504
 74     0.893 54789.05848960 35.15 140.436455  53.120518 10.504
 74     1.027 54789.05849024 34.56 140.434855  53.117298 10.504
 74     1.188 54789.05849089 34.86 140.433255  53.114078 10.504
 74     1.195 54789.05849153 31.99 140.431655  53.110858 10.504
 75     0.313 54824.05851274 14.71 140.446130  53.146540  3.574
 75     0.343 54824.05851338 14.74 140.444540  53.143320  3.574
 75     0.153 54824.05851403 15.24 140.442940  53.140100  3.574
 75     0.242 54824.05851467 15.39 140.441340  53.136880  3.574
 75    -0.072 54824.05851532 15.56 140.439740  53.133660  3.574
 75    -0.234 54824.05851596 15.46 140.438150  53.130440  3.574
 75    -0.070 54824.05851661 15.37 140.436550  53.127220  3.574
 75    -0.040 54824.05851725 15.45 140.434950  53.124000  3.574
 75     0.248 54824.05851790 14.98 140.433360  53.120780  3.574
 75     0.394 54824.05851854 13.97 140.431760  53.117560  3.574
 75     0.585 54824.05851919 13.93 140.430160  53.114340  3.574
 75     0.667 54824.05851983 13.66 140.428570  53.111120  3.574
 76     1.456 54859.05847858 12.51 140.448831  53.139683  7.405
 76     1.140 54859.05847923 11.38 140.447231  53.136463  7.405
 76     1.013 54859.05847987 12.72 140.445631  53.133243  7.405
 76     0.541 54859.05848052 12.75 140.444031  53.130023  7.405
 76     0.981 54859.05848116 12.02 140.442441  53.126803  7.405
 76     0.914 54859.05848181 12.27 140.440841  53.123583  7.405
 76     0.961 54859.05848245 12.39 140.439241  53.120363  7.405
 76     1.149 54859.05848310 11.70 140.437651  53.117143  7.405
 76     0.955 54859.05848374 11.96 140.436051  53.113923  7.405
 77     0.721 54894.05851332 10.14 140.442902  53.155310  3.048
 77     0.412 54894.05851396 10.46 140.441312  53.152090  3.048
 77     0.166 54894.05851461 11.24 140.439712  53.148870  3.048
 77     0.125 54894.05851525 12.09 140.438112  53.145650  3.048
 77    -0.149 54894.05851590 12.44 140.436512  53.142430  3.048
 77    -0.271 54894.05851654 12.52 140.434922  53.139210  3.048
 77    -0.220 54894.05851719 13.22 140.433322  53.135990  3.048
 77    -0.096 54894.05851783 12.60 140.431722  53.132770  3.048
 77     0.040 54894.05851848 12.60 140.430132  53.129550  3.048
 77     0.318 54894.05851912 12.30 140.428532  53.126330  3.048
 77     0.577 54894.05851977 11.91 140.426942  53.123110  3.048
 77     0.833 54894.05852041 11.31 140.425342  53.119890  3.048
 77     0.912 54894.05852106 11.08 140.423742  53.116670  3.048
 77     0.782 54894.05852170 10.50 140.422152  53.113450  3.048
 78     1.354 54929.05847731  7.19 140.446878  53.145183  2.878
 78     1.288 54929.05847796  6.68 140.445278  53.141963  2.878
 78     1.283 54929.05847860  6.36 140.443688  53.138743  2.878
 78     1.061 54929.05847925  5.98 140.442088  53.135523  2.878
 78     1.016 54929.05847989  5.77 140.440488  53.132303  2.878
 78     0.937 54929.05848054  5.20 140.438888  53.129083  2.878
 78     1.088 54929.05848118  4.71 140.437298  53.125863  2.878
 78     1.107 54929.05848182  3.99 140.435698  53.122643  2.878
 78     1.172 54929.05848247  3.78 140.434098  53.119423  2.878
 78     1.366 54929.05848311  3.27 140.432508  53.116203  2.878
 78     1.561 54929.05848376  2.56 140.430908  53.112983  2.878
 78     1.349 54929.05848440  2.32 140.429308  53.109763  2.878
 80     2.386 54999.05853383 13.32 140.442586  53.153206 13.458
 80     1.797 54999.05853448 13.76 140.440986  53.149986 13.458
 80     1.757 54999.05853512 13.63 140.439386  53.146766 13.458
 80     0.409 54999.05853577 15.44 140.437786  53.143546 13.458
 80     0.297 54999.05853641 17.53 140.436186  53.140326 13.458
 80    -0.003 54999.05853706 19.07 140.434596  53.137106 13.458
 80    -0.603 54999.05853770 20.96 140.432996  53.133886 13.458
 80    -0.071 54999.05853835 21.47 140.431406  53.130666 13.458
 80     0.374 54999.05853899 20.80 140.429806  53.127446 13.458
 80     0.713 54999.05853964 26.35 140.428206  53.124226 13.458
 80     0.773 54999.05854028 38.65 140.426616  53.121006 13.458
 80     1.196 54999.05854093 44.70 140.425016  53.117786 13.458
 80     1.107 54999.05854157 33.16 140.423416  53.114566 13.458
 81    13.386 55034.05852699 18.76 140.433438  53.124035  9.839
 81     3.359 55034.05852764 19.51 140.431838  53.120815  9.839
 81     4.002 55034.05852828 19.69 140.430248  53.117595  9.839
 81     3.136 55034.05852893 20.99 140.428648  53.114375  9.839
 81     2.952 55034.05852957 21.99 140.427058  53.111155  9.839
 82     3.434 55069.05851161 18.52 140.438068  53.146684 15.342
 82    16.169 55069.05851226 21.05 140.436478  53.143464 15.342
 82     9.461 55069.05851290 23.12 140.434878  53.140244 15.342
 82     0.794 55069.05851354 24.17 140.433278  53.137024 15.342
 82     1.430 55069.05851419 28.13 140.431688  53.133804 15.342
 82     2.101 55069.05851483 29.28 140.430088  53.130584 15.342
 82     3.266 55069.05851548 27.86 140.428488  53.127364 15.342
 82     2.780 55069.05851612 30.36 140.426898  53.124144 15.342
 82     3.160 55069.05851677 30.19 140.425298  53.120924 15.342
 82     4.314 55069.05851741 32.91 140.423708  53.117704 15.342
 82     4.300 55069.05851806 31.48 140.422108  53.114484 15.342
 83     2.229 55104.05845731 17.81 140.433406  53.116687  3.797
 83     1.903 55104.05845796 17.73 140.431806  53.113467  3.797
 83     1.732 55104.05845860 17.66 140.430206  53.110247  3.797
 84     1.238 55139.05845893 19.76 140.443141  53.147926 14.980
 84     0.619 55139.05845957 20.82 140.441541  53.144706 14.980
 84     0.601 55139.05846022 20.52 140.439951  53.141486 14.980
 84     0.010 55139.05846086 22.26 140.438351  53.138266 14.980
 84    -0.297 55139.05846151 23.11 140.436751  53.135046 14.980
 84    -0.160 55139.05846215 24.61 140.435161  53.131826 14.980
 84     0.463 55139.05846280 25.86 140.433561  53.128606 14.980
 84     0.795 55139.05846344 30.05 140.431961  53.125386 14.980
 84     1.242 55139.05846409 32.96 140.430371  53.122166 14.980
 84     1.346 55139.05846473 36.01 140.428771  53.118946 14.980
 84     1.386 55139.05846538 44.09 140.427171  53.115726 14.980
 84     1.378 55139.05846602 45.51 140.425581  53.112506 14.980
 85     1.306 55174.05842018 23.40 140.448823  53.141413  9.011
 85     1.332 55174.05842083 23.95 140.447223  53.138193  9.011
 85     1.355 55174.05842147 22.75 140.445623  53.134973  9.011
 85     1.069 55174.05842212 23.35 140.444023  53.131753  9.011
 85     1.565 55174.05842276 23.05 140.442433  53.128533  9.011
 85     1.462 55174.05842341 21.67 140.440833  53.125313  9.011
 85     1.835 55174.05842405 21.62 140.439233  53.122093  9.011
 85     0.588 55174.05842470 22.41 140.437633  53.118873  9.011
 85     0.673 55174.05842534 21.74 140.436043  53.115653  9.011
 85     0.772 55174.05842599 20.58 140.434443  53.112433  9.011
 86     1.062 55209.05845222 15.57 140.448544  53.155192  4.570
 86     0.330 55209.05845416 17.60 140.443754  53.145532  4.570
 86     0.419 55209.05845480 17.95 140.442154  53.142312  4.570
 86     0.246 55209.05845545 18.47 140.440564  53.139092  4.570
 86     0.380 55209.05845609 18.43 140.438964  53.135872  4.570
 86     0.381 55209.05845674 18.33 140.437364  53.132652  4.570
 86     0.337 55209.05845738 18.09 140.435774  53.129432  4.570
 86     0.476 55209.05845803 17.35 140.434174  53.126212  4.570
 86     0.379 55209.05845867 17.42 140.432574  53.122992  4.570
 86     0.354 55209.05845932 18.56 140.430984  53.119772  4.570
 86     0.603 55209.05845996 16.50 140.429384  53.116552  4.570
 86     0.790 55209.05846061 16.34 140.427784  53.113332  4.570
 87     0.550 55244.05842528 11.42 140.447363  53.145737  4.236
 87     0.623 55244.05842592 12.54 140.445773  53.142517  4.236
 87     0.471 55244.05842657 12.83 140.444173  53.139297  4.236
 87     0.120 55244.05842721 14.52 140.442573  53.136077  4.236
 87     0.416 55244.05842786 13.18 140.440973  53.132857  4.236
 87     0.239 55244.05842850 13.44 140.439373  53.129637  4.236
 87     0.297 55244.05842914 13.11 140.437783  53.126417  4.236
 87     0.318 55244.05842979 13.26 140.436183  53.123197  4.236
 87     0.418 55244.05843043 12.00 140.434583  53.119977  4.236
 87     0.706 55244.05843108 11.60 140.432993  53.116757  4.236
 87     0.725 55244.05843172 11.63 140.431393  53.113537  4.236
 87     0.608 55244.05843237 11.26 140.429793  53.110317  4.236
 88     0.444 55279.05844638  9.09 140.442408  53.153887  2.965
 88     0.786 55279.05844702  9.58 140.440818  53.150667  2.965
 88     0.509 55279.05844767 10.17 140.439218  53.147447  2.965
 88     0.090 55279.05844831 10.50 140.437618  53.144227  2.965
 88    -0.033 55279.05844895 11.02 140.436018  53.141007  2.965
 88    -0.189 55279.05844960 11.11 140.434428  53.137787  2.965
 88    -0.319 55279.05845024 11.09 140.432828  53.134567  2.965
 88    -0.113 55279.05845089 10.74 140.431228  53.131347  2.965
 88     0.249 55279.05845153  9.98 140.429638  53.128127  2.965
 88     0.387 55279.05845218  9.95 140.428038  53.124907  2.965
 88     0.583 55279.05845282  9.32 140.426448  53.121687  2.965
 88     0.562 55279.05845347  9.20 140.424848  53.118467  2.965
 88     0.730 55279.05845411  8.53 140.423258  53.115247  2.965
 89    -3.874 55314.05841508 10.41 140.434452  53.127755  9.099
 89    -2.866 55314.05841572  8.86 140.432852  53.124535  9.099
 89     1.070 55314.05841637  5.33 140.431252  53.121315  9.099
 89     0.823 55314.05841701  4.59 140.429662  53.118095  9.099
 89     1.186 55314.05841766  2.46 140.428062  53.114875  9.099
 89     1.304 55314.05841830  2.44 140.426462  53.111655  9.099
 90     2.551 55349.05841730 21.93 140.443614  53.153105  7.935
 90     2.821 55349.05841795 20.10 140.442024  53.149885  7.935
 90     2.943 55349.05841859 19.88 140.440424  53.146665  7.935
 90     2.990 55349.05841923 18.90 140.438824  53.143445  7.935
 90     2.117 55349.05841988 18.49 140.437224  53.140225  7.935
 90     1.849 55349.05842052 18.69 140.435634  53.137005  7.935
 90     1.708 55349.05842117 19.51 140.434034  53.133785  7.935
 90     2.011 55349.05842181 20.09 140.432434  53.130565  7.935
 90     1.650 55349.05842246 20.23 140.430844  53.127345  7.935
 90     2.030 55349.05842310 20.14 140.429244  53.124125  7.935
 90     1.929 55349.05842375 18.65 140.427654  53.120905  7.935
 90     1.661 55349.05842439 20.59 140.426054  53.117685  7.935
 90     1.664 55349.05842504 20.16 140.424464  53.114465  7.935
 91     1.688 55384.05841076 18.73 140.446911  53.145484  9.637
 91    -0.307 55384.05841140 21.60 140.445311  53.142264  9.637
 91    -0.954 55384.05841205 22.79 140.443711  53.139044  9.637
 91     1.298 55384.05841269 21.19 140.442111  53.135824  9.637
 91    -1.478 55384.05841334 26.18 140.440511  53.132604  9.637
 91    -1.080 55384.05841398 28.37 140.438921  53.129384  9.637
 91     0.169 55384.05841463 26.59 140.437321  53.126164  9.637
 91     0.699 55384.05841527 24.62 140.435721  53.122944  9.637
 91     1.160 55384.05841592 24.16 140.434131  53.119724  9.637
 91     1.477 55384.05841656 23.77 140.432531  53.116504  9.637
 91     0.929 55384.05841721 27.04 140.430931  53.113284  9.637
 91     1.019 55384.05841785 26.05 140.429341  53.110064  9.637
 92     3.029 55419.05843543 21.20 140.449165  53.155190  7.952
 92     0.835 55419.05843930 19.23 140.439569  53.135875  8.761
 92     0.719 55419.05843995 20.90 140.437979  53.132655  8.761
 92     0.985 55419.05844059 20.88 140.436379  53.129435  8.761
 92     1.832 55419.05844123 21.34 140.434779  53.126215  8.761
 92     1.621 55419.05844188 22.95 140.433189  53.122995  8.761
 92     1.773 55419.05844252 22.90 140.431589  53.119775  8.761
 92     1.827 55419.05844317 24.35 140.429989  53.116555  8.761
 92     1.514 55419.05844381 27.51 140.428399  53.113335  8.761
 92     1.123 55419.05844446 26.60 140.426799  53.110115  8.761
 93     6.948 55454.05841446 23.43 140.442114  53.156218  8.735
 93     3.065 55454.05841510 20.70 140.440524  53.153002 13.142
 93     0.807 55454.05841768 21.68 140.434134  53.140122 13.142
 93     0.584 55454.05841833 22.49 140.432534  53.136902 13.142
 93     0.674 55454.05841897 25.59 140.430934  53.133682 13.142
 93     1.108 55454.05841962 26.26 140.429344  53.130462 13.142
 93     1.536 55454.05842026 28.15 140.427744  53.127242 13.142
 93     2.107 55454.05842091 26.97 140.426154  53.124022 13.142
 93     2.340 55454.05842155 41.96 140.424554  53.120802 13.142
 93     3.256 55454.05842219 47.04 140.422964  53.117582 13.142
 93     2.985 55454.05842284 25.43 140.421364  53.114362 13.142
 94     2.806 55489.05833511 14.78 140.437561  53.155017  5.073
 94     2.125 55489.05833576 14.39 140.435964  53.151800 14.644
 94     1.904 55489.05833640 14.59 140.434364  53.148580 14.644
 94     0.964 55489.05833705 15.75 140.432774  53.145360 14.644
 94     0.628 55489.05833769 16.09 140.431174  53.142140 14.644
 94     1.274 55489.05833834 15.47 140.429574  53.138920 14.644
 94     1.371 55489.05833898 16.55 140.427984  53.135700 14.644
 94     1.956 55489.05833963 17.57 140.426384  53.132480 14.644
 94     2.657 55489.05834027 19.05 140.424794  53.129260 14.644
 94     2.670 55489.05834092 22.55 140.423194  53.126040 14.644
 94     2.784 55489.05834156 27.64 140.421604  53.122820 14.644
 94     2.673 55489.05834220 36.91 140.420004  53.119600 14.644
 94     3.417 55489.05834285 29.52 140.418414  53.116380 14.644
 94     0.844 55489.05834349 27.33 140.416814  53.113160 14.644
