-239780.049    23.426     0.00    7.18
-239405.727    29.892    17.27   16.69
-239031.371    31.478     4.24   16.71
-238656.980    32.876     3.73   16.27
-238282.554    31.780    -2.93   13.29
-237908.095    29.523    -6.03    9.28
-237533.601    35.930    17.11   15.01
-237159.072    44.508    22.90   18.31
-236784.509    54.948    27.86   17.38
-236409.912    59.402    11.89   14.73
-236035.280    52.358   -18.80   15.86
-235660.614    44.245   -21.65   12.32
-235285.913    40.730    -9.38    9.13
-234911.177    44.530    10.14   15.24
-234536.408    43.356    -3.13   16.85
-234161.603    38.215   -13.71   19.91
-233786.764    32.452   -15.37   21.16
-233411.891    23.985   -22.58   14.87
-233036.983    18.572   -14.43    2.06
-232662.040    18.393    -0.48    1.69
-232287.063    17.930    -1.24    1.42
-231912.052    17.653    -0.74    1.51
-231537.005    17.412    -0.64    1.55
-231161.925    17.950     1.43    3.98
-230786.809    19.023     2.86    5.68
-230411.659    20.772     4.66    7.61
-230036.474    19.912    -2.29    7.17
-229661.255    18.308    -4.27    6.76
-229286.000    15.766    -6.77    2.72
-228910.712    15.025    -1.97    1.17
-228535.388    14.745    -0.75    1.09
-228160.030    14.657    -0.23    1.13
-227784.637    14.508    -0.40    1.12
-227409.209    14.162    -0.92    1.12
-227033.747    14.079    -0.22    1.11
-226658.250    14.001    -0.21    1.16
-226282.718    13.836    -0.44    1.03
-225907.152    13.893     0.15    0.98
-225531.550    13.876    -0.05    0.89
-225155.914    14.138     0.70    0.95
-224780.243    13.949    -0.50    1.21
-224404.537    13.535    -1.10    1.32
-224028.796    13.439    -0.25    1.30
-223653.021    12.985    -1.21    1.25
-223277.211    12.893    -0.24    1.28
-222901.365    12.537    -0.95    1.12
-222525.485    12.497    -0.11    1.10
-222149.570    12.448    -0.13    0.99
-221773.621    12.489     0.11    0.94
-221397.636    12.585     0.25    0.98
-221021.616    12.745     0.43    1.18
-220645.562    12.818     0.19    1.10
-220269.472    12.839     0.06    1.27
-219893.348    12.742    -0.26    1.46
-219517.188    11.603    -3.03    2.61
-219140.994    10.272    -3.54    3.28
-218764.764    10.060    -0.56    3.12
-218388.500     9.950    -0.29    2.89
-218012.200     9.823    -0.34    2.57
-217635.866    10.527     1.87    1.84
-217259.496    10.486    -0.11    1.51
-216883.092    10.616     0.34    1.28
-216506.652    10.373    -0.64    1.32
-216130.178    12.748     6.31    8.91
-215753.668    19.470    17.85   16.63
-215377.123    27.340    20.90   21.05
-215000.543    33.301    15.82   19.15
-214623.928    36.338     8.06   17.45
-214247.278    32.912    -9.09   14.18
-213870.593    28.192   -12.53   10.43
-213493.872    27.894    -0.79   10.61
-213117.117    29.801     5.06   13.17
-212740.326    31.073     3.37   13.05
-212363.500    35.537    11.84   12.63
-211986.639    42.252    17.81   16.51
-211609.742    50.698    22.40   17.60
-211232.811    62.989    32.60   17.31
-210855.844    71.097    21.50   14.59
-210478.842    74.023     7.76   13.22
-210101.804    73.585    -1.16   13.00
-209724.732    73.857     0.72   16.48
-209347.624    72.375    -3.93   17.45
-208970.481    74.294     5.09   16.51
-208593.302    73.520    -2.05   15.23
-208216.088    70.003    -9.32   15.88
-207838.839    62.610   -19.59   15.40
-207461.555    54.130   -22.47   19.26
-207084.235    44.176   -26.38   22.83
-206706.880    31.449   -33.72   16.04
-206329.489    24.676   -17.94   10.66
-205952.063    23.854    -2.18    8.12
-205574.602    25.733     4.98    9.07
-205197.105    27.282     4.10    9.37
-204819.573    28.037     2.00    8.60
-204442.006    27.723    -0.83    8.22
-204064.403    27.597    -0.33    9.41
-203686.764    25.394    -5.83    8.89
-203309.090    22.186    -8.49    4.85
-202931.381    20.448    -4.60    2.18
-202553.636    19.523    -2.45    1.32
-202175.855    18.608    -2.42    1.69
-201798.039    17.448    -3.07    2.09
-201425.523    16.560    -2.38    2.31
-201054.622    15.233    -3.58    1.75
-200683.687    14.402    -2.24    1.30
-200312.718    13.748    -1.76    1.26
-199941.715    13.066    -1.84    1.27
-199570.678    12.476    -1.59    1.30
-199199.606    12.648     0.46    2.80
-198828.500    16.930    11.54    9.82
-198457.360    26.467    25.69   17.05
-198086.186    39.894    36.17   20.92
-197714.977    58.893    51.17   22.88
-197343.734    70.094    30.16   22.24
-196972.457    73.294     8.62   19.89
-196601.146    69.969    -8.95   19.52
-196229.801    66.305    -9.86   17.26
-195858.421    65.508    -2.14   15.03
-195487.007    75.430    26.71   18.33
-195115.558    90.671    41.02   23.64
-194744.075   108.504    48.00   28.48
-194372.558   120.745    32.94   24.74
-194001.007   121.044     0.80   23.89
-193629.421   116.694   -11.70   26.31
-193257.801   113.003    -9.93   25.72
-192886.146   117.421    11.89   26.58
-192514.457   127.097    26.03   28.47
-192142.734   142.856    42.39   34.70
-191770.976   156.354    36.30   41.56
-191399.183   169.366    34.99   47.32
-191027.357   164.739   -12.44   54.98
-190655.496   144.698   -53.88   54.28
-190283.600   128.634   -43.19   33.14
-189911.670   132.585    10.62   27.37
-189539.705   158.519    69.71   42.05
-189167.706   177.742    51.67   40.48
-188795.673   182.233    12.07   38.88
-188423.605   177.969   -11.46   48.26
-188051.502   174.486    -9.36   51.17
-187679.365   170.716   -10.13   48.90
-187307.193   173.312     6.97   42.27
-186934.987   188.023    39.52   32.16
-186562.746   206.269    49.01   39.72
-186190.471   240.523    92.00   54.63
-185818.161   267.839    73.36   47.74
-185445.816   285.119    46.40   35.37
-185073.437   278.402   -18.03   41.54
-184701.023   260.519   -48.01   40.41
-184328.575   248.700   -31.73   32.46
-183956.092   253.769    13.61   49.88
-183583.574   254.308     1.45   65.08
-183211.021   253.039    -3.41   76.11
-182838.434   239.512   -36.30   86.53
-182465.812   223.855   -42.01   89.36
-182093.156   197.162   -71.62   94.65
-181720.464   160.421   -98.56   85.68
-181347.738   120.042  -108.32   67.17
-180974.977    83.853   -97.06   37.63
-180602.182    59.912   -64.21   18.88
-180229.352    45.971   -37.39   11.59
-179856.486    40.671   -14.21    7.96
-179483.587    43.403     7.32   13.10
-179110.652    55.555    32.58   22.53
-178737.682    64.346    23.57   20.37
-178364.678    62.366    -5.31   21.37
-177991.639    52.037   -27.69   18.82
-177618.565    42.874   -24.56    9.60
-177245.456    48.894    16.13   18.06
-176872.312    68.527    52.61   32.12
-176499.134   101.366    87.98   48.22
-176125.920   138.327    99.02   43.59
-175752.672   172.489    91.51   42.26
-175379.388   193.930    57.43   39.49
-175006.070   206.616    33.98   42.46
-174632.717   214.439    20.95   46.35
-174259.329   225.516    29.66   47.43
-173885.905   254.019    76.32   68.60
-173512.447   277.566    63.04   76.52
-173138.954   303.930    70.58   88.06
-172765.426   295.986   -21.26   98.41
-172391.863   251.858  -118.11  103.52
-172018.265   219.504   -86.59   88.83
-171644.632   193.055   -70.78   62.82
-171270.963   193.039    -0.04   67.32
-170897.260   205.855    34.29   64.56
-170523.522   204.126    -4.63   60.71
-170149.748   198.047   -16.26   46.03
-169775.940   207.748    25.95   48.88
-169402.096   245.233   100.25   61.87
-169028.217   284.516   105.05   55.86
-168654.304   331.019   124.35   54.41
-168280.355   367.708    98.10   57.92
-167906.370   391.294    63.05   51.98
-167532.351   406.780    41.40   51.95
-167158.297   401.715   -13.54   52.56
-166784.207   380.527   -56.63   50.76
-166410.082   354.148   -70.50   51.70
-166035.922   329.801   -65.06   41.12
-165661.727   320.215   -25.61   38.36
-165287.496   323.723     9.37   38.66
-164913.230   329.294    14.88   33.70
-164538.929   342.787    36.04   34.19
-164164.593   342.836     0.13   36.46
-163790.222   325.512   -46.27   44.20
-163415.815   313.143   -33.03   48.95
-163041.373   312.001    -3.05   45.64
-162666.895   312.282     0.75   44.48
-162292.382   322.421    27.07   38.15
-161917.834   319.180    -8.65   40.32
-161543.251   311.366   -20.86   46.50
-161168.632   288.801   -60.23   54.73
-160793.978   256.950   -85.00   46.77
-160419.288   247.789   -24.45   39.64
-160044.563   249.912     5.66   38.56
-159669.803   258.233    22.20   34.22
-159295.007   259.986     4.68   31.72
-158920.175   251.894   -21.58   35.19
-158545.309   235.629   -43.38   34.65
-158170.407   232.912    -7.25   39.29
-157795.469   238.733    15.52   43.60
-157420.496   235.797    -7.83   42.93
-157045.487   235.108    -1.83   46.21
-156670.443   227.393   -20.57   40.77
-156295.364   224.930    -6.57   34.25
-155920.248   226.055     3.00   28.52
-155545.098   233.690    20.35   29.38
-155169.911   246.126    33.14   31.88
-154794.690   262.157    42.72   34.39
-154419.432   275.465    35.46   31.77
-154044.139   288.508    34.75   27.23
-153668.811   291.690     8.48   27.44
-153293.447   299.930    21.95   31.24
-152918.047   300.548     1.65   36.15
-152542.611   299.144    -3.74   38.37
-152167.140   292.986   -16.40   40.66
-151791.634   283.057   -26.44   40.39
-151416.091   263.854   -51.13   39.11
-151040.513   243.676   -53.72   36.76
-150664.899   232.057   -30.93   34.14
-150289.250   219.680   -32.94   32.90
-149913.565   213.603   -16.17   29.69
-149537.844   210.653    -7.85   27.14
-149162.087   198.769   -31.62   27.98
-148786.295   186.814   -31.81   26.06
-148410.467   175.037   -31.33   22.44
-148034.603   163.855   -29.74   21.09
-147658.703   153.876   -26.55   19.80
-147282.767   140.412   -35.81   16.72
-146906.796   135.094   -14.14   14.09
-146530.789   137.626     6.73   18.36
-146154.746   138.535     2.42   23.20
-145778.667   141.340     7.46   24.58
-145402.552   140.138    -3.20   23.79
-145026.402   135.912   -11.23   21.66
-144650.215   133.227    -7.14   21.49
-144273.993   125.608   -20.25   20.85
-143897.735   117.610   -21.25   18.67
-143521.440   110.412   -19.13   10.91
-143145.110   108.590    -4.84    6.19
-142768.744   114.470    15.62   11.51
-142392.342   129.590    40.17   25.04
-142015.904   148.366    49.87   30.34
-141639.430   170.649    59.18   38.11
-141262.920   194.403    63.08   49.21
-140886.374   213.130    49.73   52.74
-140509.792   236.305    61.53   54.85
-140133.174   251.297    39.80   51.42
-139756.520   260.876    25.43   46.24
-139379.830   261.166     0.77   39.57
-139003.104   252.818   -22.16   32.37
-138626.341   248.537   -11.36   39.74
-138249.543   232.375   -42.89   50.05
-137872.709   205.948   -70.12   55.66
-137495.838   183.200   -60.35   47.58
-137118.931   163.276   -52.86   39.96
-136741.989   156.572   -17.78   41.38
-136365.010   153.251    -8.81   33.54
-135987.994   146.818   -17.06   21.98
-135610.943   151.393    12.13   24.96
-135233.855   162.483    29.41   29.22
-134856.732   173.489    29.18   30.82
-134479.572   192.330    49.95   34.15
-134102.376   212.085    52.37   34.09
-133725.143   229.573    46.35   36.96
-133347.875   243.985    38.20   34.00
-132970.570   250.185    16.43   30.15
-132593.228   242.073   -21.49   35.04
-132215.851   224.893   -45.52   35.12
-131838.437   205.001   -52.70   28.59
-131460.987   190.214   -39.17   17.71
-131083.501   188.375    -4.87   21.95
-130705.978   186.644    -4.58   27.27
-130328.419   186.467    -0.47   30.45
-129950.824   181.983   -11.87   33.09
-129573.192   180.836    -3.04   38.19
-129195.524   171.666   -24.28   33.44
-128817.819   156.308   -40.66   27.13
-128440.078   149.596   -17.77   22.98
-128062.300   162.727    34.75   39.02
-127684.487   195.782    87.48   57.56
-127306.636   263.894   180.24   76.91
-126928.750   308.470   117.94   65.15
-126555.724   326.519    48.38   54.77
-126184.926   328.157     4.42   55.06
-125814.094   306.233   -59.11   59.94
-125443.226   273.467   -88.34   47.53
-125072.323   255.555   -48.29   35.02
-124701.386   246.162   -25.32   26.02
-124330.413   245.785    -1.02   26.62
-123959.405   247.858     5.59   25.57
-123588.362   257.572    26.18   22.22
-123217.284   272.330    39.77   28.05
-122846.171   286.623    38.51   27.12
-122475.023   288.055     3.86   26.81
-122103.839   276.027   -32.40   36.44
-121732.621   249.876   -70.44   42.83
-121361.367   223.180   -71.90   32.18
-120990.078   201.073   -59.53   24.67
-120618.754   187.057   -37.74   19.26
-120247.395   186.412    -1.74   19.96
-119876.000   196.037    25.91   27.27
-119504.570   209.112    35.20   30.69
-119133.106   221.403    33.08   24.87
-118761.605   223.797     6.44   24.84
-118390.070   214.421   -25.23   30.18
-118018.499   202.066   -33.25   28.19
-117646.893   193.948   -21.84   30.69
-117275.252   180.153   -37.11   34.24
-116903.576   163.680   -44.32   30.46
-116531.864   149.566   -37.96   24.40
-116160.117   142.519   -18.96   19.70
-115788.334   141.055    -3.94   19.37
-115416.516   134.348   -18.03   21.93
-115044.663   122.680   -31.38   21.81
-114672.775   109.566   -35.26   21.51
-114300.851   100.465   -24.47   22.54
-113928.891    86.816   -36.69   20.82
-113556.897    75.483   -30.46   21.74
-113184.866    62.838   -33.99   20.66
-112812.801    49.912   -34.74   14.10
-112440.700    41.875   -21.60   12.53
-112068.563    35.680   -16.65    9.87
-111696.391    32.680    -8.06    7.43
-111324.184    34.597     5.15   12.14
-110951.941    39.162    12.26   14.01
-110579.663    41.079     5.15   13.76
-110207.349    39.501    -4.24   12.27
-109834.999    34.384   -13.74   11.48
-109462.614    27.983   -17.19   11.21
-109090.194    20.930   -18.94    5.29
-108717.738    18.819    -5.67    3.56
-108345.246    19.105     0.77    4.38
-107972.719    22.323     8.64    6.78
-107600.156    27.180    13.04    9.14
-107227.558    32.712    14.85   11.55
-106854.924    37.215    12.08   12.56
-106482.254    35.970    -3.34   12.72
-106109.549    30.626   -14.34   12.96
-105736.808    24.486   -16.47   10.85
-105364.031    19.000   -14.72    8.85
-104991.219    14.733   -11.44    4.77
-104618.371    13.712    -2.74    5.49
-104245.487    12.662    -2.82    5.22
-103872.568    11.690    -2.61    5.40
-103499.613    10.596    -2.93    5.39
-103126.622     9.006    -4.26    2.27
-102753.595     8.368    -1.71    1.45
-102380.533     7.856    -1.37    1.37
-102007.435     7.340    -1.38    1.35
-101634.301     6.930    -1.10    1.37
-101261.131     6.733    -0.53    1.18
-100887.925     6.876     0.38    1.28
-100514.684     7.021     0.39    1.24
-100141.407     7.144     0.33    1.13
 -99768.094     7.270     0.34    1.16
 -99394.745     7.108    -0.43    1.27
 -99021.360     7.195     0.23    1.34
 -98647.939     6.948    -0.66    1.35
 -98274.483     6.875    -0.19    1.36
 -97900.990     7.057     0.49    1.38
 -97527.462     7.198     0.38    1.23
 -97153.898     7.366     0.45    1.21
 -96780.298     7.483     0.31    1.28
 -96406.661     7.742     0.69    1.22
 -96032.989     7.930     0.50    1.27
 -95659.281     8.027     0.26    1.25
 -95285.537     8.126     0.26    1.34
 -94911.757     8.294     0.45    1.33
 -94537.941     8.526     0.62    0.98
 -94164.088     8.644     0.32    1.00
 -93790.200     9.421     2.08    1.78
 -93416.276    10.215     2.12    2.17
 -93042.316    11.931     4.59    3.54
 -92668.319    13.698     4.72    4.19
 -92294.287    13.912     0.57    4.05
 -91920.218    13.394    -1.38    3.71
 -91546.113    12.214    -3.15    1.60
 -91171.973    12.233     0.05    1.45
 -90797.796    12.821     1.57    1.70
 -90423.582    13.694     2.33    1.78
 -90049.333    14.315     1.66    1.52
 -89675.048    14.685     0.99    1.20
 -89300.726    14.823     0.37    1.16
 -88926.368    14.874     0.14    1.18
 -88551.974    14.983     0.29    1.17
 -88177.544    14.857    -0.34    1.27
 -87803.077    14.712    -0.39    1.35
 -87428.575    14.787     0.20    1.31
 -87054.036    14.694    -0.25    1.30
 -86679.460    14.698     0.01    1.16
 -86304.849    14.356    -0.91    1.14
 -85930.201    13.715    -1.71    1.27
 -85555.517    13.157    -1.49    1.12
 -85180.796    12.858    -0.80    1.09
 -84806.040    12.823    -0.10    1.07
 -84431.246    12.715    -0.29    1.10
 -84056.417    12.666    -0.13    1.11
 -83681.551    12.579    -0.23    1.17
 -83306.649    12.590     0.03    1.15
 -82931.710    12.623     0.09    1.11
 -82556.735    12.573    -0.14    1.05
 -82181.723    12.476    -0.26    1.01
 -81806.676    12.523     0.13    1.09
 -81431.591    12.701     0.48    1.21
 -81056.470    12.894     0.51    1.11
 -80681.313    13.001     0.29    1.12
 -80306.119    13.180     0.48    1.10
 -79930.889    13.215     0.10    0.97
 -79555.622    13.547     0.88    1.28
 -79180.319    14.090     1.45    1.64
 -78804.979    14.626     1.43    1.71
 -78429.603    14.965     0.90    1.61
 -78054.190    15.491     1.40    1.81
 -77678.740    15.966     1.27    2.26
 -77303.254    15.287    -1.81    2.91
 -76927.732    14.297    -2.64    3.50
 -76552.172    12.769    -4.07    3.16
 -76176.577    10.948    -4.85    2.07
 -75800.944    10.276    -1.79    1.18
 -75425.275     9.965    -0.83    1.12
 -75049.569    10.003     0.10    1.27
 -74673.827     9.985    -0.05    1.25
 -74298.048    10.073     0.23    1.26
 -73922.232    10.193     0.32    1.18
 -73546.379    10.200     0.02    1.11
 -73170.490    10.501     0.80    1.23
 -72794.564    10.930     1.14    1.59
 -72418.601    11.070     0.37    1.61
 -72042.602    11.175     0.28    1.56
 -71666.565    10.930    -0.65    1.55
 -71290.492    10.894    -0.10    1.26
 -70914.383    10.873    -0.05    1.12
 -70538.236    10.983     0.29    1.06
 -70162.053    10.966    -0.04    0.95
 -69785.832    11.044     0.21    1.16
 -69409.575    10.912    -0.35    1.15
 -69033.281    11.039     0.34    1.16
 -68656.950    11.368     0.87    1.18
 -68280.583    11.616     0.66    1.14
 -67904.178    11.929     0.83    1.09
 -67527.736    11.893    -0.10    1.15
 -67151.258    11.965     0.19    1.12
 -66774.743    12.001     0.09    1.05
 -66398.190    12.305     0.81    1.07
 -66021.601    12.543     0.63    1.10
 -65644.975    12.799     0.68    0.95
 -65268.312    12.840     0.11    0.99
 -64891.611    12.950     0.29    1.02
 -64514.874    13.087     0.37    1.09
 -64138.100    13.457     0.98    1.05
 -63761.289    13.751     0.78    1.01
 -63384.440    13.736    -0.04    1.05
 -63007.555    13.803     0.18    1.29
 -62630.633    13.772    -0.08    1.33
 -62253.673    13.667    -0.28    1.33
 -61876.677    13.456    -0.56    1.09
 -61499.643    13.494     0.10    0.96
 -61122.572    13.465    -0.07    1.04
 -60745.464    13.456    -0.03    1.09
 -60368.319    13.579     0.33    1.08
 -59991.137    13.824     0.65    1.07
 -59613.917    13.949     0.33    1.08
 -59236.661    13.983     0.09    0.95
 -58859.367    14.094     0.29    0.98
 -58482.036    14.185     0.24    1.03
 -58104.667    14.269     0.22    1.07
 -57727.262    14.375     0.28    1.13
 -57349.819    14.376     0.00    1.08
 -56972.339    14.327    -0.13    1.08
 -56594.822    14.298    -0.08    1.13
 -56217.267    14.457     0.42    1.09
 -55839.675    14.228    -0.61    0.78
 -55462.046    14.394     0.44    0.83
 -55084.380    14.366    -0.07    0.92
 -54706.676    14.228    -0.37    0.95
 -54328.935    14.239     0.03    1.02
 -53951.156    14.073    -0.44    1.01
 -53573.340    13.983    -0.24    0.99
 -53195.487    14.035     0.14    1.02
 -52817.596    13.666    -0.97    1.04
 -52439.668    13.483    -0.48    1.06
 -52061.703    13.251    -0.61    0.96
 -51688.094    13.143    -0.29    1.06
 -51317.403    13.070    -0.20    0.90
 -50946.676    12.876    -0.52    0.93
 -50575.913    12.859    -0.05    0.91
 -50205.114    13.094     0.63    0.96
 -49834.279    13.193     0.27    0.98
 -49463.408    13.585     1.06    0.98
 -49092.501    13.983     1.07    1.16
 -48721.558    14.175     0.52    1.11
 -48350.580    14.412     0.64    1.18
 -47979.565    14.501     0.24    1.23
 -47608.514    14.508     0.02    1.32
 -47237.427    14.412    -0.26    1.28
 -46866.304    14.203    -0.56    1.26
 -46495.145    14.175    -0.07    1.11
 -46123.950    14.073    -0.28    0.95
 -45752.719    14.228     0.42    1.09
 -45381.452    14.144    -0.23    1.11
 -45010.149    14.162     0.05    1.13
 -44638.809    14.386     0.60    1.10
 -44267.434    14.421     0.10    1.17
 -43896.022    14.680     0.70    1.28
 -43524.574    14.799     0.32    1.27
 -43153.090    14.930     0.35    1.00
 -42781.570    14.873    -0.15    1.10
 -42410.014    14.772    -0.27    0.95
 -42038.421    14.876     0.28    1.00
 -41666.792    15.228     0.95    1.15
 -41295.127    15.519     0.78    1.19
 -40923.426    15.662     0.38    1.15
 -40551.688    15.555    -0.29    1.09
 -40179.915    15.457    -0.26    1.10
 -39808.105    15.448    -0.03    1.13
 -39436.258    15.430    -0.05    1.11
 -39064.376    15.448     0.05    1.13
 -38692.457    15.662     0.58    1.20
 -38320.502    15.386    -0.74    1.12
 -37948.510    15.548     0.44    1.42
 -37576.482    15.772     0.60    1.33
 -37204.418    15.839     0.18    1.40
 -36832.317    15.823    -0.04    1.31
 -36460.180    15.948     0.34    1.14
 -36088.006    15.573    -1.01    1.05
 -35715.797    15.769     0.53    1.12
 -35343.550    15.748    -0.06    1.13
 -34971.268    16.037     0.78    1.22
 -34598.948    16.143     0.28    1.02
 -34226.593    16.119    -0.06    1.10
 -33854.201    16.276     0.42    1.06
 -33481.772    16.333     0.15    1.05
 -33109.307    16.621     0.77    1.01
 -32736.805    16.930     0.83    1.10
 -32364.267    17.228     0.80    1.23
 -31991.693    17.766     1.45    1.48
 -31619.081    18.394     1.68    1.69
 -31246.434    18.930     1.44    1.77
 -30873.749    19.251     0.86    1.72
 -30501.028    19.143    -0.29    1.53
 -30128.271    19.175     0.09    1.30
 -29755.477    19.057    -0.32    1.22
 -29382.646    19.019    -0.10    1.02
 -29009.779    19.203     0.49    1.03
 -28636.875    19.251     0.13    1.12
 -28263.934    19.368     0.31    1.12
 -27890.957    19.819     1.21    1.35
 -27517.942    20.555     1.97    1.63
 -27144.892    21.356     2.15    1.53
 -26771.804    21.751     1.06    1.39
 -26398.680    21.523    -0.61    1.57
 -26025.519    20.929    -1.59    1.42
 -25652.322    20.376    -1.48    1.19
 -25279.087    20.312    -0.17    1.18
 -24905.816    20.456     0.39    1.32
 -24532.508    20.712     0.69    1.32
 -24159.163    21.205     1.32    1.18
 -23785.782    21.508     0.81    1.01
 -23412.363    21.805     0.79    1.02
 -23038.908    21.912     0.29    1.00
 -22665.416    22.269     0.96    1.09
 -22291.887    22.983     1.91    1.31
 -21918.321    23.439     1.22    1.50
 -21544.718    24.305     2.32    1.44
 -21171.079    25.148     2.26    1.44
 -20797.402    25.912     2.04    1.49
 -20423.689    26.801     2.38    1.30
 -20049.939    27.912     2.97    1.66
 -19676.151    29.412     4.01    2.11
 -19302.327    31.715     6.16    3.50
 -18928.466    34.701     7.99    4.87
 -18554.567    38.037     8.92    5.91
 -18180.632    43.035    13.37    7.98
 -17806.660    46.039     8.03    8.55
 -17432.651    50.323    11.45   11.50
 -17058.604    53.516     8.54   12.83
 -16684.521    53.894     1.01   10.49
 -16310.401    55.712     4.86    9.75
 -15936.243    55.274    -1.17    7.84
 -15562.048    53.330    -5.19    6.57
 -15187.817    52.386    -2.52    5.77
 -14813.548    51.162    -3.27    4.61
 -14439.242    51.385     0.60    4.77
 -14064.899    54.035     7.08    7.01
 -13690.519    57.044     8.04    8.74
 -13316.101    60.136     8.26    9.66
 -12941.647    62.835     7.21   10.01
 -12567.155    64.464     4.35   10.58
 -12192.626    68.203     9.98   13.77
 -11818.060    70.366     5.78   12.09
 -11443.457    73.351     7.97    9.93
 -11068.816    77.501    11.08   10.99
 -10694.138    87.239    25.99   17.25
 -10319.423    97.004    26.06   20.48
  -9944.670   115.555    49.50   34.97
  -9569.881   144.818    78.08   48.37
  -9195.054   153.198    22.36   47.23
  -8820.189   137.021   -43.15   45.47
  -8445.288   112.162   -66.31   47.57
  -8070.349    80.430   -84.63   32.83
  -7695.372    63.215   -45.91   17.70
  -7320.358    53.140   -26.87   11.64
  -6945.307    47.176   -15.90   10.03
  -6570.219    43.473    -9.87    8.07
  -6195.093    40.983    -6.64    7.10
  -5819.929    38.070    -7.77    6.88
  -5444.729    32.680   -14.37    8.02
  -5069.490    27.269   -14.42    8.54
  -4694.215    21.456   -15.49    8.04
  -4318.901    17.171   -11.42    6.97
  -3943.551    13.858    -8.83    8.06
  -3568.163    10.153    -9.87    6.66
  -3192.737     6.688    -9.23    4.84
  -2817.274     4.366    -6.18    3.18
  -2441.773     3.263    -2.94    3.38
  -2066.235     2.210    -2.80    3.14
  -1690.659     1.894    -0.84    3.07
  -1315.045     0.894    -2.66    2.26
   -939.394     0.257    -1.70    1.19
   -563.706     0.315     0.15    1.32
   -187.979     0.138    -0.47    1.07
    187.784     0.019    -0.32    0.80
    563.586     0.358     0.90    1.50
    939.425     1.198     2.23    2.36
   1315.302     2.340     3.04    2.70
   1691.217     3.215     2.33    2.60
   2067.169     4.158     2.51    2.12
   2443.159     4.681     1.39    1.46
   2819.186     4.722     0.11    1.46
   3195.252     4.748     0.07    1.84
   3571.355     5.140     1.04    2.10
   3947.496     5.858     1.91    2.57
   4323.674     6.821     2.56    2.68
   4699.891     7.308     1.30    2.17
   5076.145     6.873    -1.16    2.25
   5452.437     5.473    -3.72    1.87
   5828.767     4.912    -1.49    1.54
   6205.135     4.649    -0.70    1.28
   6581.540     5.126     1.27    1.63
   6957.984     5.754     1.67    1.63
   7334.465     6.456     1.86    1.88
   7710.984     7.348     2.37    2.10
   8087.541     7.641     0.78    2.38
   8464.136     7.748     0.29    2.22
   8840.769     7.515    -0.62    2.03
   9217.440     7.348    -0.44    1.54
   9594.149     7.787     1.16    1.56
   9970.896     8.105     0.84    1.56
  10347.681     8.097    -0.02    1.76
  10724.503     8.840     1.97    3.03
  11101.364    10.264     3.78    4.62
  11478.263    13.421     8.38    6.07
  11855.200    15.948     6.71    5.42
  12232.175    17.947     5.30    4.07
  12609.188    19.543     4.23    2.12
  12986.239    20.233     1.83    1.71
  13363.328    20.692     1.22    1.60
  13740.455    20.912     0.58    1.43
  14117.620    20.789    -0.33    1.10
  14494.824    20.579    -0.56    1.03
  14872.066    20.555    -0.06    1.09
  15249.345    20.430    -0.33    1.13
  15626.663    20.298    -0.35    1.18
  16004.019    20.037    -0.69    1.08
  16381.414    19.745    -0.77    1.04
  16758.846    19.394    -0.93    1.14
  17136.317    18.644    -1.99    1.30
  17513.826    18.180    -1.23    1.66
  17891.373    17.701    -1.27    1.76
  18268.959    17.823     0.32    1.92
  18646.583    18.228     1.07    1.95
  19024.245    18.548     0.85    1.78
  19401.945    19.257     1.88    1.13
  19779.684    19.338     0.21    1.06
  20157.461    18.912    -1.13    1.69
  20535.276    17.877    -2.74    2.43
  20913.130    15.684    -5.80    3.33
  21291.022    13.840    -4.88    2.85
  21668.952    13.671    -0.45    3.05
  22046.921    15.430     4.65    3.73
  22424.928    17.930     6.61    2.44
  22802.974    19.302     3.63    1.49
  23177.249    19.983     1.82    0.97
  23547.825    20.323     0.92    1.14
  23918.438    19.526    -2.15    2.58
  24289.087    18.221    -3.52    3.41
  24659.773    16.533    -4.55    3.73
  25030.496    14.667    -5.03    3.20
  25401.256    13.394    -3.43    2.45
  25772.053    12.393    -2.70    1.30
  26142.887    12.140    -0.68    1.05
  26513.758    12.228     0.24    1.14
  26884.665    12.619     1.05    1.45
  27255.610    12.894     0.74    1.51
  27626.591    13.105     0.57    1.49
  27997.610    13.298     0.52    1.29
  28368.665    13.430     0.36    1.18
  28739.757    14.140     1.91    1.23
  29110.887    14.649     1.37    1.40
  29482.053    15.251     1.62    1.37
  29853.257    15.970     1.94    1.27
  30224.497    16.590     1.67    1.18
  30595.774    17.144     1.49    1.16
  30967.089    17.808     1.79    1.05
  31338.441    18.245     1.18    1.12
  31709.829    18.715     1.27    1.27
  32081.255    19.376     1.78    1.36
  32452.718    19.859     1.30    1.39
  32824.218    20.614     2.03    1.28
  33195.755    21.210     1.61    1.22
  33567.330    22.052     2.27    1.25
  33938.941    22.876     2.22    1.26
  34310.590    23.653     2.09    1.42
  34682.276    24.523     2.34    1.37
  35053.999    25.473     2.56    1.46
  35425.759    26.566     2.94    1.43
  35797.557    27.465     2.42    1.41
  36169.391    28.537     2.88    1.61
  36541.263    29.602     2.86    1.66
  36913.173    31.305     4.58    2.11
  37285.119    32.876     4.23    2.34
  37657.103    34.824     5.24    2.89
  38029.124    37.912     8.30    4.09
  38401.183    43.437    14.85    7.85
  38773.278    52.085    23.24   13.66
  39145.412    68.684    44.61   24.83
  39517.582    91.276    60.70   38.60
  39889.790   122.228    83.16   49.80
  40262.035   157.519    94.81   56.04
  40634.318   185.877    76.18   51.25
  41006.638   207.421    57.86   48.05
  41378.995   217.403    26.81   46.60
  41751.390   223.742    17.02   46.39
  42123.823   235.912    32.68   48.90
  42496.292   261.171    67.82   55.85
  42868.800   293.373    86.45   56.20
  43241.344   326.073    87.78   47.67
  43613.927   339.264    35.41   43.55
  43986.546   336.877    -6.41   63.25
  44359.204   312.840   -64.50   77.51
  44731.899   277.102   -95.90   82.45
  45104.631   238.666  -103.12   74.46
  45477.401   210.185   -76.41   58.98
  45850.208   198.793   -30.56   52.93
  46223.054   193.476   -14.26   58.47
  46595.936   184.108   -25.12   56.77
  46968.857   170.560   -36.33   58.23
  47341.815   143.376   -72.89   45.09
  47714.810   118.769   -65.97   33.65
  48087.843   104.543   -38.14   20.11
  48460.914    92.701   -31.74   11.96
  48834.023    85.983   -18.01   11.14
  49207.169    79.446   -17.52   10.69
  49580.353    71.519   -21.24    9.30
  49953.575    63.488   -21.52    9.06
  50326.834    56.547   -18.60    7.97
  50700.132    50.105   -17.26    7.70
  51073.467    44.785   -14.25    5.94
  51446.839    40.579   -11.27    4.71
  51820.250    37.144    -9.20    3.57
  52193.698    34.429    -7.27    2.90
  52567.184    32.210    -5.94    2.56
  52940.708    30.894    -3.52    2.21
  53314.270    30.963     0.18    2.49
  53687.870    31.769     2.16    2.77
  54061.507    33.126     3.63    2.51
  54435.183    33.930     2.15    1.61
  54808.896    33.090    -2.25    1.97
  55182.647    32.090    -2.68    2.08
  55556.436    31.326    -2.05    1.86
  55930.263    32.122     2.13    3.19
  56304.128    34.333     5.91    4.41
  56678.031    37.464     8.37    5.76
  57051.972    40.073     6.98    5.72
  57425.951    40.590     1.38    5.66
  57799.968    40.527    -0.17    6.26
  58174.023    41.983     3.89    9.97
  58548.116    46.662    12.51   16.55
  58922.247    50.017     8.97   20.30
  59296.416    51.772     4.69   21.31
  59670.623    50.298    -3.94   15.42
  60044.868    49.105    -3.19   12.49
  60419.151    48.590    -1.37   11.02
  60793.472    46.860    -4.62    8.35
  61167.832    46.560    -0.80    5.86
  61542.229    47.842     3.42    6.37
  61916.665    52.180    11.59    8.88
  62291.139    58.233    16.17   12.74
  62665.651    69.948    31.28   20.49
  63040.201    78.824    23.70   23.02
  63414.790    85.680    18.30   21.28
  63789.416    84.457    -3.26   18.31
  64164.081    77.675   -18.10   15.89
  64538.784    75.751    -5.13   16.43
  64913.526    76.353     1.60   17.81
  65288.305    72.338   -10.71   16.99
  65663.123    71.055    -3.42   15.78
  66037.979    67.791    -8.71   15.90
  66412.874    66.001    -4.78   15.31
  66787.807    73.789    20.77   15.42
  67162.778    77.785    10.66   14.44
  67537.787    83.590    15.48   18.37
  67912.835    98.060    38.58   26.39
  68287.921   112.488    38.47   29.37
  68663.046   123.305    28.84   26.05
  69038.209   120.105    -8.53   22.56
  69413.410   114.239   -15.63   24.34
  69788.650   107.090   -19.05   21.50
  70163.928    99.105   -21.28    9.84
  70539.245    97.512    -4.24    8.60
  70914.600    93.052   -11.88   10.32
  71289.994    89.354    -9.85    9.35
  71665.426    88.274    -2.88   11.08
  72040.897    91.162     7.69   12.69
  72416.406    98.193    18.72   14.57
  72791.954   101.671     9.26   15.58
  73167.540   108.340    17.76   16.84
  73543.165   109.573     3.28   20.73
  73918.828   103.450   -16.30   20.27
  74294.530    97.789   -15.07   17.35
  74670.271    91.730   -16.13   11.69
  75046.050    90.491    -3.30    6.75
  75421.868    95.465    13.24   10.14
  75797.724   104.000    22.71   14.74
  76173.619   111.456    19.84   14.43
  76549.553   117.055    14.89   13.90
  76925.525   117.166     0.30   10.16
  77301.536   115.004    -5.75    6.50
  77677.586   116.067     2.83    6.58
  78053.675   116.158     0.24    7.65
  78429.802   116.368     0.56   10.71
  78805.968   114.877    -3.96   14.68
  79182.173   112.631    -5.97   15.03
  79558.417   119.858    19.21   21.30
  79934.699   139.758    52.89   31.85
  80311.020   172.471    86.94   48.70
  80687.380   213.448   108.88   58.86
  81063.779   247.222    89.74   56.56
  81440.217   266.929    52.36   42.55
  81816.693   261.826   -13.56   46.76
  82193.209   230.533   -83.12   51.91
  82569.763   195.671   -92.59   38.66
  82946.356   173.736   -58.25   23.16
  83322.989   161.412   -32.73   11.47
  83699.660   158.302    -8.26   11.42
  84076.370   159.465     3.09   20.66
  84453.119   159.843     1.00   26.58
  84829.907   164.982    13.64   29.87
  85206.733   175.126    26.92   37.30
  85583.599   195.115    53.04   48.42
  85960.504   211.004    42.16   47.80
  86337.448   215.035    10.69   43.50
  86714.431   226.684    30.90   44.25
  87091.453   242.754    42.63   53.02
  87468.514   249.649    18.29   56.60
  87845.615   241.561   -21.45   63.40
  88222.754   215.912   -68.02   69.88
  88599.932   181.421   -91.45   38.47
  88977.150   180.539    -2.34   29.90
  89354.406   184.912    11.59   28.89
  89731.702   187.877     7.86   34.47
  90109.037   179.636   -21.84   43.31
  90486.411   159.930   -52.22   48.83
  90863.825   138.412   -57.02   46.07
  91241.277   117.548   -55.28   31.61
  91618.769   106.446   -29.41   21.51
  91996.300   104.467    -5.24   22.88
  92373.870    93.067   -30.20   27.91
  92751.480    84.671   -22.24   30.26
  93129.128    72.946   -31.05   25.38
  93506.816    62.739   -27.03    4.21
  93884.544    62.052    -1.82    2.91
  94262.310    62.454     1.06    3.01
  94640.116    62.949     1.31    3.18
  95017.962    62.465    -1.28    2.82
  95395.846    62.636     0.45    2.69
  95773.770    63.108     1.25    2.33
  96151.734    64.386     3.38    2.18
  96529.737    65.966     4.18    1.92
  96907.779    67.067     2.91    1.92
  97285.861    68.494     3.77    1.90
  97663.982    70.145     4.37    3.27
  98039.035    73.358     8.57    5.71
  98409.498    77.526    11.25    9.09
  98779.999    82.602    13.70   13.47
  99150.538    88.751    16.60   20.38
  99521.115   102.210    36.32   31.68
  99891.729   117.912    42.37   44.20
 100262.382   137.210    52.07   55.36
 100633.072   156.166    51.14   62.26
 101003.800   149.595   -17.73   64.40
 101374.566   131.221   -49.56   62.33
 101745.370   108.377   -61.61   39.74
 102116.211    90.494   -48.23   10.50
 102487.091    87.789    -7.29    2.90
 102858.008    88.982     3.22    2.60
 103228.963    90.791     4.88    3.45
 103599.957    96.649    15.79   14.61
 103970.988   103.859    19.44   23.15
 104342.057   106.963     8.36   22.50
 104713.164   105.287    -4.52   19.38
 105084.309   101.709    -9.64   10.11
 105455.492   101.449    -0.70    4.22
 105826.713   104.791     9.00    7.48
 106197.972   111.542    18.18   16.02
 106569.269   119.658    21.86   24.43
 106940.604   127.751    21.80   30.29
 107311.978   126.291    -3.93   25.75
 107683.389   126.015    -0.74   19.77
 108054.838   128.239     5.99   18.58
 108426.326   140.533    33.10   26.91
 108797.851   153.171    34.02   32.71
 109169.415   163.590    28.05   30.27
 109541.017   165.148     4.19   28.08
 109912.657   166.607     3.93   26.85
 110284.335   163.912    -7.25   23.48
 110656.051   161.573    -6.29   24.61
 111027.806   158.060    -9.45   22.33
 111399.599   156.840    -3.28   19.52
 111771.430   153.017   -10.28   12.65
 112143.299   157.263    11.42   13.21
 112515.206   167.456    27.41   19.98
 112887.152   179.877    33.40   28.45
 113259.136   184.456    12.31   26.81
 113631.158   195.298    29.15   31.44
 114003.219   205.895    28.49   31.44
 114375.318   217.542    31.30   28.96
 114747.455   232.526    40.27   30.04
 115119.630   250.639    48.67   31.24
 115491.844   261.000    27.84   27.92
 115864.097   256.055   -13.29   32.23
 116236.387   238.353   -47.55   38.71
 116608.716   216.912   -57.59   29.53
 116981.084   208.198   -23.41   18.88
 117353.490   224.679    44.26   34.87
 117725.934   249.144    65.70   46.06
 118098.417   285.515    97.66   52.97
 118470.938   325.319   106.86   48.65
 118843.498   359.448    91.62   48.94
 119216.096   376.348    45.36   57.91
 119588.732   367.879   -22.73   79.50
 119961.408   329.251  -103.66  106.45
 120334.121   264.579  -173.54   92.56
 120706.874   224.188  -108.37   59.32
 121079.664   208.662   -41.65   30.60
 121452.494   227.158    49.61   49.11
 121825.362   247.430    54.38   57.55
 122198.268   264.491    45.76   59.78
 122571.214   279.459    40.14   62.94
 122944.197   282.980     9.44   65.50
 123317.220   288.228    14.07   64.03
 123690.281   292.705    12.00   61.89
 124063.381   289.017    -9.89   60.21
 124436.519   289.017     0.00   61.10
 124809.696   295.343    16.95   57.18
 125182.912   305.464    27.12   59.14
 125556.167   319.090    36.51   61.28
 125929.460   340.876    58.37   68.84
 126302.792   344.692    10.22   69.56
 126676.163   336.448   -22.08   61.82
 127049.572   332.980    -9.29   52.90
 127423.021   339.073    16.32   50.56
 127796.508   367.090    75.03   75.59
 128170.034   410.067   115.07   84.81
 128543.599   429.675    52.49   85.35
 128917.202   441.787    32.42   78.39
 129290.845   449.998    21.98   73.86
 129664.526   458.132    21.77   64.09
 130038.247   474.965    45.05   61.97
 130412.006   505.607    81.99   65.57
 130785.804   531.857    70.24   60.68
 131159.641   572.626   109.07   69.89
 131533.517   634.098   164.44   74.29
 131907.432   686.981   141.45   77.67
 132281.386   714.119    72.58   60.82
 132655.379   688.912   -67.41   79.47
 133029.410   650.268  -103.33   85.97
 133403.481   620.358   -79.97   72.19
 133777.591   634.946    39.00   83.62
 134151.740   670.764    95.74   93.12
 134525.928   718.198   126.78  120.59
 134900.155   770.774   140.51  129.42
 135274.421   810.912   107.26  127.06
 135648.726   847.067    96.61  112.28
 136023.071   868.522    57.32  105.18
 136397.454   892.550    64.19   97.49
 136771.877   905.614    34.90   88.85
 137146.338   939.624    90.84   92.52
 137520.839   986.782   125.94   91.57
 137895.379  1033.537   124.85   80.94
 138269.959  1055.947    59.84   52.77
 138644.577  1038.739   -45.94   60.46
 139019.235  1002.446   -96.88   71.77
 139393.932   965.302   -99.15   74.93
 139768.668   941.119   -64.54   75.65
 140143.443   913.614   -73.40   70.14
 140518.258   881.742   -85.04   67.32
 140893.112   852.803   -77.21   67.77
 141268.005   830.894   -58.45   57.39
 141642.938   814.736   -43.10   56.09
 142017.910   798.550   -43.17   55.47
 142392.921   767.701   -82.27   63.57
 142767.972   719.675  -128.07   70.25
 143143.062   674.274  -121.06   71.65
 143518.191   628.456  -122.16   58.42
 143893.360   597.149   -83.46   35.89
 144268.568   587.560   -25.56   26.17
 144643.815   592.019    11.88   34.21
 145019.103   605.298    35.39   44.75
 145394.429   613.653    22.26   48.82
 145769.795   606.228   -19.79   41.76
 146145.201   606.550     0.86   32.23
 146520.645   616.353    26.11   41.89
 146896.130   640.039    63.09   60.30
 147271.654   665.742    68.46   70.23
 147647.217   688.294    60.06   65.82
 148022.821   696.649    22.25   57.57
 148398.463   692.584   -10.82   53.91
 148774.146   683.998   -22.86   43.70
 149149.867   684.368     0.98   36.33
 149525.629   702.912    49.36   44.00
 149901.430   742.573   105.55   57.70
 150277.271   774.715    85.53   49.78
 150653.151   791.675    45.13   48.48
 151029.071   801.280    25.56   52.23
 151405.031   799.140    -5.69   60.16
 151781.030   806.539    19.68   59.96
 152157.069   826.946    54.28   63.68
 152533.148   858.017    82.63   68.00
 152909.267   907.785   132.34   64.18
 153285.425   957.505   132.20   57.26
 153661.623   988.840    83.31   50.57
 154037.861  1017.793    76.97   59.39
 154414.139  1053.171    94.03   72.89
 154790.456  1069.877    44.40   63.90
 155166.814  1069.997     0.32   59.39
 155543.211  1044.067   -68.90   65.74
 155919.648   999.483  -118.45   59.51
 156296.125   970.523   -76.94   52.18
 156672.642   946.285   -64.38   61.03
 157049.198   919.842   -70.23   71.73
 157425.795   888.977   -81.97   74.72
 157802.431   855.567   -88.72   64.24
 158179.108   840.946   -38.82   52.95
 158555.824   834.479   -17.17   57.67
 158932.581   838.769    11.39   70.59
 159309.377   830.050   -23.14   72.74
 159686.213   816.930   -34.82   69.61
 160063.090   802.995   -36.98   70.21
 160440.006   782.162   -55.28   72.04
 160816.963   762.862   -51.21   73.91
 161193.959   728.498   -91.17   69.65
 161570.996   699.001   -78.25   64.77
 161948.072   667.454   -83.68   61.34
 162325.189   642.486   -66.22   56.32
 162702.346   619.126   -61.95   55.90
 163079.543   602.446   -44.23   54.11
 163456.780   596.471   -15.84   50.92
 163834.057   618.602    58.67   70.45
 164211.375   645.861    72.26   75.62
 164588.732   678.229    85.79   59.25
 164966.130   701.608    61.96   51.44
 165343.568   725.115    62.29   55.58
 165721.046   752.494    72.54   58.30
 166098.565   787.894    93.79   56.58
 166476.124   825.705   100.16   50.12
 166853.723   858.268    86.25   45.81
 167231.362   894.017    94.68   45.92
 167609.042   923.733    78.69   33.89
 167986.762   933.370    25.52   31.96
 168364.522   917.340   -42.44   52.02
 168742.322   875.102  -111.82   64.28
 169120.163   826.793  -127.88   63.77
 169498.045   778.533  -127.74   59.43
 169875.966   727.739  -134.42   51.72
 170253.929   685.185  -112.61   41.28
 170631.931   652.175   -87.34   38.04
 171009.974   628.457   -62.75   26.42
 171388.058   616.345   -32.04   26.43
 171766.181   604.719   -30.75   26.54
 172144.346   593.193   -30.48   26.99
 172522.551   580.502   -33.56   28.88
 172898.479   573.158   -19.54   32.51
 173268.823   567.420   -15.49   32.85
 173639.206   555.801   -31.38   27.37
 174009.628   552.537    -8.81   22.15
 174380.088   556.094     9.60   26.57
 174750.587   555.797    -0.80   27.31
 175121.125   553.859    -5.23   29.84
 175491.702   550.789    -8.29   29.28
 175862.317   540.122   -28.79   29.34
 176232.972   530.561   -25.80   27.14
 176603.665   532.666     5.68   29.64
 176974.397   542.929    27.69   34.11
 177345.168   565.298    60.34   31.44
 177715.978   588.403    62.32   33.91
 178086.826   594.486    16.40   45.19
 178457.714   587.126   -19.85   54.48
 178828.640   560.140   -72.77   69.83
 179199.605   522.727  -100.87   61.05
 179570.609   491.980   -82.89   53.47
 179941.653   462.947   -78.26   38.05
 180312.735   452.682   -27.67   29.00
 180683.856   445.326   -19.83   26.12
 181055.016   443.245    -5.61   23.62
 181426.215   445.115     5.04   24.02
 181797.453   450.239    13.81   33.92
 182168.730   459.368    24.59   42.97
 182540.046   466.619    19.53   38.72
 182911.402   456.795   -26.46   35.73
 183282.796   436.465   -54.75   33.39
 183654.229   419.217   -46.45   31.62
 184025.702   412.876   -17.07   24.01
 184397.213   413.769     2.41   22.03
 184768.764   420.614    18.43   23.42
 185140.354   430.129    25.61   22.51
 185511.983   431.215     2.93   22.66
 185883.651   431.183    -0.09   25.91
 186255.359   426.725   -11.99   31.12
 186627.105   424.343    -6.41   30.97
 186998.891   423.843    -1.35   29.09
 187370.716   419.894   -10.62   27.27
 187742.580   413.876   -16.19   26.79
 188114.484   412.585    -3.47   26.45
 188486.426   417.845    14.15   22.68
 188858.408   419.823     5.32   19.82
 189230.430   414.742   -13.66   23.20
 189602.490   400.666   -37.84   29.35
 189974.590   382.386   -49.14   31.74
 190346.729   360.315   -59.32   22.30
 190718.908   347.403   -34.70   15.04
 191091.126   337.263   -27.25   10.49
 191463.383   328.491   -23.57   11.40
 191835.680   317.682   -29.04   12.85
 192208.016   309.603   -21.70   12.00
 192580.392   307.709    -5.09   15.08
 192952.807   308.449     1.99   18.84
 193325.261   309.505     2.84   17.30
 193697.755   310.982     3.97   13.66
 194070.289   310.347    -1.70   12.40
 194442.862   308.515    -4.92   16.10
 194815.474   304.947    -9.58   18.64
 195188.126   297.977   -18.71   17.86
 195560.817   292.205   -15.49   13.21
 195933.548   287.877   -11.61    8.60
 196306.319   289.330     3.90   10.52
 196679.129   294.132    12.88   12.72
 197051.979   297.305     8.51   12.41
 197424.868   297.462     0.42   10.74
 197797.797   295.808    -4.43   10.97
 198170.766   294.772    -2.78    9.40
 198543.774   294.742    -0.08    8.56
 198916.822   296.912     5.82   10.23
 199289.909   300.705    10.17   10.58
 199663.036   304.183     9.32   11.54
 200036.203   309.912    15.35   12.97
 200409.410   314.465    12.20   12.08
 200782.656   314.217    -0.67   13.38
 201155.943   314.042    -0.47   14.68
 201529.269   310.017   -10.78   12.45
 201902.634   311.136     3.00   12.67
 202276.040   319.879    23.42   19.64
 202649.485   336.171    43.63   31.27
 203022.970   354.326    48.62   34.96
 203396.495   377.682    62.54   29.27
 203770.060   393.859    43.31   24.71
 204143.664   402.709    23.69   24.30
 204517.309   410.597    21.12   28.94
 204890.993   411.217     1.66   34.87
 205264.718   407.263   -10.58   34.77
 205638.482   400.584   -17.87   31.49
 206012.286   398.067    -6.73   22.44
 206386.130   397.965    -0.27   17.73
 206760.014   393.912   -10.84   18.33
 207133.938   393.343    -1.52   19.99
 207507.902   388.807   -12.13   19.55
 207881.906   383.203   -14.99   23.12
 208255.950   369.912   -35.54   28.24
 208630.034   351.590   -48.99   27.55
 209004.159   331.729   -53.10   23.22
 209378.323   315.912   -42.28   14.91
 209752.527   313.291    -7.00   10.80
 210126.771   319.370    16.24   15.80
 210501.056   333.522    37.82   20.96
 210875.380   352.228    49.98   23.12
 211249.745   372.843    55.08   26.45
 211624.150   392.579    52.72   24.43
 211998.595   400.769    21.88   19.59
 212373.080   396.479   -11.46   24.06
 212747.606   380.555   -42.53   28.97
 213122.171   360.140   -54.51   26.86
 213496.777   340.033   -53.69   28.15
 213871.423   321.217   -50.23   28.41
 214246.110   302.070   -51.11   24.79
 214620.836   286.446   -41.70   16.16
 214995.603   275.568   -29.03    9.24
 215370.410   269.730   -15.58    6.20
 215745.258   267.239    -6.65    6.26
 216120.146   268.639     3.73   10.41
 216495.074   275.308    17.79   17.01
 216870.042   284.789    25.29   19.62
 217245.051   289.827    13.44   16.62
 217620.100   282.050   -20.74   22.98
 217995.190   269.280   -34.05   22.78
 218370.320   257.162   -32.31   15.90
 218745.491   250.251   -18.42    1.76
 219120.701   250.481     0.61    1.38
 219495.953   250.550     0.18    1.25
 219871.245   251.240     1.84    1.45
 220246.577   252.912     4.46    3.52
 220621.950   256.810    10.39    6.97
 220997.363   263.379    17.50    9.92
 221372.817   268.692    14.15    9.90
 221748.312   273.829    13.68    7.55
