# NaN NaN NaN ;Mean Elev.(m), Avg Gradient(m/km), RMS Gradient(m/km) - SRTM1     
#   -0.366  -0.986   3.686 ;Mean Elev.(m), Avg Gradient(m/km), RMS Gradient(m/km) - ASTER GDEM
#    9.160  -0.296   1.470 ;Mean Elev.(m), Avg Gradient(m/km), RMS Gradient(m/km) - GMTED2010 
  7 137.054257  50.394990    14.702    14.692 14 52477.50711003 48.367
  8 137.065199  50.413666    13.946    13.894 13 52512.50705623 25.030
  9 137.052679  50.394357    14.022    14.025 14 52547.50709088 52.384
 10 137.058887  50.398464    13.444    13.389 14 52582.50709921 27.827
 11 137.060503  50.398774    12.699    12.734 13 52617.50707199 21.035
 12 137.062459  50.400560    12.602    12.607 14 52652.50704704 17.002
 13 137.064211  50.402368    12.618    12.633 14 52687.50704488 16.247
 14 137.057546  50.397879    12.109    12.022 13 52722.50709148 33.102
 15 137.052590  50.395351    13.900    13.736 14 52757.50711322 26.193
 16 137.053939  50.396138    12.484    12.453 14 52792.50706511 51.983
 17 137.056985  50.397394    13.508    13.514 13 52827.50713341 47.329
 18 137.059688  50.398341    15.602    15.681 14 52862.50717871 23.830
 19 137.058880  50.397908    17.246    17.150 14 52897.50720840 33.230
 20 137.062548  50.398654    15.530    15.543 14 52932.50715475 40.328
 21 137.055506  50.395919    14.170    14.185 13 52967.50715883 25.242
 22 137.053737  50.395555    14.285    14.285 13 53002.50718412 18.077
 23 137.060714  50.400196    14.379    14.361 14 53037.50713404 14.871
 24 137.058022  50.397142    14.365    14.287 14 53072.50715882 12.206
 25 137.062304  50.401263    14.196    14.163 14 53107.50713481 33.572
 26 137.055610  50.395473    16.151    16.013 14 53142.50716758 21.659
 27 137.058798  50.399566    17.514    17.486 14 53177.50719195 19.484
 28 137.057679  50.396531    15.511    15.508 14 53212.50721150 47.088
 29 137.062669  50.400456    15.768    15.764 14 53247.50718087 50.292
 30 137.050747  50.393196    14.521    14.265 13 53282.50716924 23.885
 31 137.058776  50.398746    13.759    13.653 14 53317.50717309 42.607
 32 137.065361  50.403020    12.923    12.919 14 53352.50713943 24.727
 33 137.052514  50.394557    12.934    12.920 13 53387.50713081 18.650
 34 137.064246  50.402874    13.244    13.256 14 53422.50713330 16.496
 35 137.056283  50.396674    13.101    13.198 14 53457.50713770 11.784
 36 137.050777  50.394730    17.498    17.392 13 53492.50722287 25.800
 37 137.062936  50.399286    17.379    17.446 14 53527.50720322 30.014
 38 137.055376  50.396982    15.987    16.031 13 53562.50723210 38.948
 39 137.065256  50.403576    16.024    16.134 15 53597.50717280 22.783
 40 137.049464  50.390970    14.523    14.210 12 53632.50716617 16.382
 41 137.054323  50.395452    13.457    13.162 13 53667.50718912 42.285
 42 137.064978  50.400511    12.759    12.735 14 53702.50713553 32.364
 43 137.065942  50.417280    13.196    13.214 12 53737.50704845 20.072
 44 137.060991  50.400731    13.308    13.237 14 53772.50705585 11.464
 47 137.058567  50.398451    15.937    16.046 14 53877.50711280 25.125
 48 137.052593  50.393652    15.679    15.664 13 53912.50716380 14.494
 49 137.053103  50.394735    16.673    16.646 14 53947.50717914 18.751
 50 137.062473  50.398738    16.761    16.692 14 53982.50712200 29.286
 51 137.054956  50.396267    14.851    14.738 14 54017.50714900 18.099
 52 137.064733  50.401712    13.041    13.011 15 54052.50714499 35.685
 53 137.063185  50.398791    13.205    13.216 14 54087.50713631 21.177
 54 137.065366  50.411438    13.186    13.193 13 54122.50706250 16.701
 55 137.058193  50.398292    13.269    13.318 14 54157.50709841 12.493
 56 137.065519  50.403669    13.716    13.629 15 54192.50706035 23.973
 57 137.057785  50.396610    15.159    15.129 14 54227.50711002 19.047
 58 137.058481  50.397624    15.614    15.819 14 54262.50712937 24.154
 59 137.059981  50.400446    14.293    14.217 14 54297.50713450 35.838
 60 137.063601  50.399131    15.636    15.590 14 54332.50712442 29.065
 61 137.065295  50.402094    15.011    15.001 14 54367.50706605 28.195
 62 137.061079  50.398403    13.925    13.528 14 54402.50706719 39.132
 63 137.062214  50.401845    12.642    12.639 14 54437.50702489 23.818
 64 137.058603  50.397367    12.901    12.902 14 54472.50705231 21.762
 65 137.065122  50.401668    12.614    12.611 15 54507.50703610 17.995
 66 137.061176  50.397861    12.651    12.447 14 54542.50706689 26.902
 67 137.065271  50.402063    13.400    13.277 14 54577.50703863 49.723
 68 137.060885  50.397834    13.970    13.816 14 54612.50705806 24.148
 69 137.058475  50.399140    13.297    13.306 14 54647.50706520 45.564
 70 137.060746  50.399853    14.496    14.427 14 54682.50706601 30.151
 71 137.065306  50.403495    13.565    13.493 15 54717.50701459 44.811
 72 137.057445  50.396248    14.118    14.087 14 54752.50703755 17.497
 73 137.062716  50.401795    12.800    12.791 14 54787.50700432 33.816
 74 137.057198  50.397015    13.099    13.123 14 54822.50703210 18.267
 75 137.064059  50.400568    13.148    13.132 14 54857.50700021 10.646
 76 137.059071  50.399714    12.950    12.978 14 54892.50703514  8.363
 77 137.064794  50.400634    13.593    13.534 14 54927.50699826 19.087
 78 137.056952  50.398031    15.879    15.879 14 54962.50703450 52.741
 79 137.057613  50.397586    14.280    14.283 13 54997.50705513 47.312
 80 137.059397  50.398520    17.284    17.311 13 55032.50704471 27.267
 81 137.062323  50.401483    17.974    18.151 14 55067.50703400 32.161
 82 137.064670  50.402096    18.485    18.516 14 55102.50697335 44.548
 83 137.058397  50.397765    14.840    14.858 14 55137.50697958 46.882
 84 137.063512  50.402188    13.762    13.777 14 55172.50694187 20.590
 85 137.057232  50.397558    13.980    13.994 13 55207.50697396 12.413
 86 137.064148  50.402353    13.896    13.905 14 55242.50694651 16.242
 87 137.060801  50.399394    13.989    14.002 14 55277.50696799  7.852
 88 137.065135  50.400281    15.345    15.304 14 55312.50693184 45.470
 89 137.061242  50.399302    17.649    17.698 13 55347.50693822 23.966
 90 137.062000  50.398647    15.440    15.438 14 55382.50692898 27.008
 91 137.057060  50.398208    17.058    16.997 14 55417.50695721 25.005
 92 137.063781  50.400867    18.668    18.693 14 55452.50693918 33.882
 93 137.066501  50.405301    14.714    14.665 15 55487.50686186 29.942
