-146377.357   211.881     0.00   30.05
-146004.554   197.478   -38.64   40.96
-145631.790   172.697   -66.49   46.56
-145259.064   146.657   -69.87   32.51
-144886.376   131.607   -40.39   16.90
-144513.726   127.504   -11.01    8.42
-144141.115   125.448    -5.52    2.07
-143768.543   126.083     1.70    2.16
-143396.008   129.387     8.87    7.49
-143023.512   137.823    22.65   18.26
-142651.054   155.732    48.09   30.38
-142278.634   176.137    54.80   34.39
-141906.253   187.166    29.62   31.29
-141533.909   184.584    -6.94   34.75
-141161.604   174.714   -26.51   34.25
-140789.338   162.919   -31.69   22.38
-140417.109   165.858     7.90   28.90
-140044.918   173.869    21.53   35.19
-139672.766   175.877     5.40   33.15
-139300.652   180.869    13.42   32.61
-138928.576   197.504    44.71   46.07
-138556.538   222.547    67.32   57.60
-138184.538   242.066    52.48   57.21
-137812.576   250.556    22.83   50.90
-137440.652   254.521    10.66   50.50
-137068.766   254.223    -0.80   47.58
-136696.919   251.530    -7.24   47.96
-136325.109   251.352    -0.48   41.41
-135953.337   260.802    25.42   43.28
-135581.604   274.776    37.60   50.53
-135209.908   294.100    52.00   51.61
-134838.250   311.907    47.92   49.02
-134466.631   336.819    67.05   61.62
-134095.049   358.944    59.55   66.75
-133723.505   387.923    78.01   71.82
-133351.999   417.266    79.00   62.77
-132980.531   444.564    73.50   61.53
-132609.101   469.066    65.97   50.64
-132237.709   473.776    12.68   52.10
-131866.355   467.126   -17.91   56.76
-131495.038   435.012   -86.50   61.93
-131123.760   397.548  -100.92   57.34
-130752.519   360.977   -98.52   54.19
-130381.316   329.298   -85.35   44.67
-130010.151   304.668   -66.37   40.13
-129639.023   285.907   -50.56   36.72
-129267.934   276.816   -24.50   37.52
-128896.882   275.199    -4.36   34.68
-128525.868   286.851    31.41   46.31
-128154.891   313.626    72.18   56.32
-127783.953   340.752    73.14   51.43
-127413.052   346.387    15.19   58.08
-127042.189   349.521     8.45   60.32
-126671.363   340.130   -25.33   52.40
-126300.575   330.762   -25.27   44.14
-125929.825   323.433   -19.77   49.62
-125559.112   312.047   -30.72   49.91
-125188.438   311.591    -1.23   54.34
-124817.800   317.504    15.95   51.27
-124447.201   309.784   -20.83   43.00
-124076.638   292.262   -47.29   40.31
-123706.114   262.567   -80.15   44.17
-123330.053   222.827  -105.69   45.75
-122951.906   203.798   -50.33   39.06
-122573.798   201.875    -5.09   38.35
-122195.729   197.306   -12.09   38.33
-121817.700   197.170    -0.36   35.52
-121439.710   192.926   -11.23   31.12
-121061.759   179.430   -35.71   27.28
-120683.847   165.398   -37.13   26.06
-120305.975   150.882   -38.42   32.43
-119928.141   132.271   -49.26   29.02
-119550.347   115.939   -43.24   15.04
-119172.592   109.392   -17.33    2.07
-118794.876   109.205    -0.49    2.41
-118417.199   114.959    15.23   13.48
-118039.561   134.657    52.17   31.72
-117661.963   160.234    67.74   41.61
-117284.403   200.082   105.55   50.21
-116906.882   226.539    70.09   39.71
-116529.401   234.521    21.15   34.01
-116151.958   229.697   -12.78   34.30
-115774.555   215.837   -36.73   31.51
-115397.190   197.351   -48.99   30.50
-115019.864   177.934   -51.47   27.22
-114642.578   170.742   -19.06   22.24
-114265.330   173.405     7.06   23.42
-113888.121   182.202    23.33   22.92
-113510.951   184.995     7.40   21.06
-113133.820   172.976   -31.87   21.84
-112756.728   155.771   -45.63   20.33
-112379.675   143.549   -32.42   16.71
-112002.661   134.977   -22.74   15.59
-111625.685   127.775   -19.11   14.39
-111248.749   120.398   -19.57   15.79
-110871.851   111.609   -23.32   16.21
-110494.992   104.679   -18.39   14.59
-110118.172    98.749   -15.74    9.35
-109741.390    96.351    -6.36    3.95
-109364.648   100.471    10.94    8.29
-108987.944   106.903    17.08   12.30
-108611.279   118.100    29.73   16.89
-108234.652   134.521    43.61   24.28
-107858.065   152.626    48.08   30.24
-107481.516   170.486    47.43   30.61
-107105.005   181.905    30.33   33.79
-106728.534   188.784    18.28   36.56
-106352.101   193.491    12.51   42.09
-105975.707   196.810     8.82   43.59
-105599.351   194.244    -6.82   42.54
-105223.034   195.426     3.14   39.81
-104846.755   192.784    -7.02   33.40
-104470.515   196.548    10.00   31.44
-104094.314   195.875    -1.79   32.48
-103718.151   193.280    -6.90   32.12
-103342.027   187.767   -14.66   32.45
-102965.942   182.575   -13.81   31.29
-102589.895   174.784   -20.72   26.68
-102213.886   162.905   -31.60   24.38
-101837.916   155.574   -19.50   22.24
-101461.984   147.574   -21.28   17.81
-101086.091   142.441   -13.66   14.37
-100710.237   137.352   -13.54   12.73
-100334.420   130.863   -17.27   10.70
 -99958.643   124.289   -17.50   10.91
 -99582.903   116.556   -20.58   11.11
 -99207.202   110.855   -15.18   12.27
 -98831.540   100.609   -27.28   11.10
 -98455.915    94.591   -16.02    7.86
 -98080.330    93.584    -2.68    6.03
 -97704.782    95.200     4.30    5.97
 -97329.273    97.013     4.83    5.52
 -96953.802    95.826    -3.16    6.79
 -96578.370    91.742   -10.88    7.60
 -96202.975    87.591   -11.06    6.79
 -95827.619    84.697    -7.71    6.38
 -95452.302    82.012    -7.15    7.20
 -95077.022    80.084    -5.14    8.22
 -94701.781    75.941   -11.04    8.10
 -94326.578    71.567   -11.66    7.57
 -93951.414    67.566   -10.67    4.25
 -93576.287    65.226    -6.24    1.71
 -93201.199    64.488    -1.97    1.34
 -92826.149    63.673    -2.17    1.57
 -92451.137    63.351    -0.86    1.55
 -92076.163    62.909    -1.18    1.81
 -91701.227    64.030     2.99    6.04
 -91326.329    68.819    12.78   13.35
 -90951.470    73.123    11.48   15.97
 -90576.649    77.298    11.14   17.38
 -90201.865    76.623    -1.80   13.48
 -89827.120    77.461     2.24   11.67
 -89452.413    77.925     1.24    8.20
 -89077.744    80.416     6.65    7.48
 -88703.113    83.714     8.80    7.28
 -88328.520    87.441     9.95    8.04
 -87953.964    91.928    11.98    7.50
 -87579.447    93.934     5.36    5.85
 -87204.968    92.679    -3.35    6.94
 -86830.527    89.609    -8.20    7.66
 -86456.124    86.258    -8.95    6.67
 -86081.759    84.226    -5.43    6.53
 -85707.431    83.644    -1.56    6.89
 -85333.142    83.697     0.14    7.14
 -84958.890    83.637    -0.16    6.36
 -84584.677    81.267    -6.33    7.15
 -84210.501    77.726    -9.46    7.41
 -83836.363    74.626    -8.29    6.68
 -83462.263    74.357    -0.72    6.85
 -83088.201    75.298     2.51    7.05
 -82714.176    75.100    -0.53    7.15
 -82340.190    72.655    -6.54    8.20
 -81966.241    67.119   -14.80    8.48
 -81592.330    62.762   -11.65    6.54
 -81218.457    59.679    -8.25    3.99
 -80844.621    59.548    -0.35    5.36
 -80470.823    59.668     0.32    6.19
 -80097.063    59.673     0.01    6.28
 -79723.341    59.591    -0.22    5.54
 -79349.656    61.047     3.90    6.22
 -78976.009    63.539     6.67    7.86
 -78602.400    68.012    11.98    8.33
 -78228.828    70.346     6.25    7.40
 -77855.294    72.012     4.46    6.67
 -77481.798    74.165     5.76    7.91
 -77108.339    78.199    10.80    9.32
 -76734.918    83.289    13.63    5.96
 -76361.535    84.564     3.42    4.97
 -75988.189    83.381    -3.17    5.86
 -75614.881    80.118    -8.74    6.97
 -75241.610    76.925    -8.55    6.96
 -74868.377    73.191   -10.01    7.62
 -74495.181    69.258   -10.54    6.22
 -74122.023    69.957     1.87    7.67
 -73748.902    76.851    18.48   13.04
 -73375.819    87.068    27.39   13.43
 -73002.773    98.202    29.85   19.77
 -72629.765   106.521    22.30   24.12
 -72256.794   105.223    -3.48   29.13
 -71883.861    98.798   -17.23   32.60
 -71510.965    84.767   -37.63   29.96
 -71138.106    68.771   -42.90   21.29
 -70765.285    58.503   -27.55   12.04
 -70392.501    52.280   -16.69    6.21
 -70019.755    49.419    -7.68    3.04
 -69647.046    48.101    -3.54    1.17
 -69274.374    47.648    -1.22    0.97
 -68901.740    47.754     0.28    2.71
 -68529.143    48.637     2.37    5.24
 -68156.583    47.574    -2.85    3.88
 -67784.061    46.995    -1.55    2.58
 -67411.576    47.280     0.77    2.94
 -67039.128    48.223     2.53    4.36
 -66666.718    49.369     3.08    5.83
 -66294.344    50.441     2.88    6.27
 -65922.008    51.011     1.53    6.75
 -65549.709    51.674     1.78    6.17
 -65177.448    51.974     0.81    4.74
 -64805.223    52.668     1.86    3.81
 -64433.036    53.494     2.22    2.98
 -64060.886    54.030     1.44    2.24
 -63688.773    53.959    -0.19    1.93
 -63316.697    53.334    -1.68    2.48
 -62944.658    50.679    -7.14    4.59
 -62572.657    47.869    -7.55    5.32
 -62200.692    44.869    -8.07    4.98
 -61828.765    42.126    -7.38    3.34
 -61456.875    40.996    -3.04    2.26
 -61085.022    41.139     0.38    2.78
 -60713.206    41.995     2.30    3.76
 -60341.426    42.298     0.81    4.04
 -59969.684    42.334     0.10    4.00
 -59597.979    42.416     0.22    4.25
 -59226.311    42.030    -1.04    4.33
 -58854.680    43.030     2.69    4.90
 -58483.086    44.381     3.64    5.84
 -58111.529    46.082     4.58    6.12
 -57740.009    46.690     1.64    6.30
 -57368.526    46.398    -0.79    5.62
 -56997.079    47.143     2.01    5.67
 -56625.670    48.564     3.83    5.38
 -56254.298    51.048     6.69    5.20
 -55882.962    52.923     5.05    4.07
 -55511.663    54.209     3.46    3.62
 -55140.402    54.530     0.87    2.97
 -54769.177    52.566    -5.29    4.33
 -54397.988    49.209    -9.04    5.90
 -54026.837    45.328   -10.46    6.05
 -53655.723    43.240    -5.63    4.37
 -53284.645    43.478     0.64    4.35
 -52913.604    46.376     7.81    4.14
 -52542.600    48.780     6.48    2.71
 -52171.632    50.212     3.86    2.73
 -51800.702    51.316     2.98    2.05
 -51429.808    51.609     0.79    1.57
 -51058.951    51.556    -0.14    1.23
 -50688.130    50.855    -1.89    1.40
 -50317.347    50.121    -1.98    1.71
 -49946.600    48.977    -3.08    2.02
 -49575.889    47.762    -3.28    2.08
 -49205.216    46.030    -4.67    2.66
 -48834.579    44.596    -3.87    2.12
 -48458.915    43.601    -2.65    2.21
 -48080.853    41.866    -4.59    2.94
 -47702.829    40.153    -4.53    3.75
 -47324.843    38.155    -5.29    3.69
 -46946.895    36.276    -4.97    3.15
 -46568.986    34.548    -4.57    1.58
 -46191.115    34.105    -1.17    1.28
 -45813.282    34.030    -0.20    1.72
 -45435.487    35.209     3.12    3.01
 -45057.731    37.258     5.43    3.33
 -44680.012    38.939     4.45    2.53
 -44302.332    39.960     2.70    1.52
 -43924.689    39.855    -0.28    1.75
 -43547.085    39.143    -1.88    2.24
 -43169.519    37.369    -4.70    2.99
 -42791.991    34.975    -6.34    3.19
 -42414.501    33.084    -5.01    3.08
 -42037.049    32.048    -2.74    2.73
 -41659.635    31.762    -0.76    2.97
 -41282.259    31.726    -0.09    2.68
 -40904.921    31.558    -0.45    2.15
 -40527.621    30.047    -4.01    2.54
 -40150.359    28.493    -4.12    2.22
 -39773.135    28.064    -1.14    2.23
 -39395.949    27.994    -0.19    2.41
 -39018.801    28.539     1.44    1.98
 -38641.690    28.744     0.54    1.81
 -38264.618    28.566    -0.47    1.64
 -37887.584    28.191    -0.99    1.33
 -37510.587    28.085    -0.28    1.16
 -37133.628    27.423    -1.76    1.30
 -36756.708    26.851    -1.52    1.56
 -36379.824    26.119    -1.94    1.50
 -36002.979    25.441    -1.80    1.45
 -35626.172    24.660    -2.07    1.40
 -35249.402    24.100    -1.48    1.44
 -34872.671    23.660    -1.17    1.55
 -34495.976    23.202    -1.21    1.55
 -34119.320    22.834    -0.98    1.66
 -33742.702    22.433    -1.06    1.62
 -33366.121    22.065    -0.98    1.72
 -32989.578    21.612    -1.20    1.40
 -32613.072    21.223    -1.03    1.38
 -32236.605    21.087    -0.36    1.49
 -31860.175    20.744    -0.91    1.46
 -31483.783    20.615    -0.34    1.56
 -31107.428    20.293    -0.85    1.76
 -30731.111    19.521    -2.05    1.88
 -30354.831    18.619    -2.40    1.66
 -29978.590    18.012    -1.61    1.49
 -29602.386    17.387    -1.66    1.38
 -29226.219    16.907    -1.28    1.25
 -28850.090    16.521    -1.03    1.28
 -28473.999    16.065    -1.21    1.28
 -28097.945    15.691    -1.00    1.31
 -27721.928    15.441    -0.66    1.30
 -27345.950    15.170    -0.72    1.54
 -26970.008    15.271     0.27    1.69
 -26594.104    15.084    -0.50    1.79
 -26218.238    15.068    -0.04    1.69
 -25842.409    15.030    -0.10    1.73
 -25466.618    15.139     0.29    1.66
 -25090.864    15.369     0.61    1.53
 -24715.147    15.100    -0.72    1.52
 -24339.468    15.244     0.38    1.44
 -23963.827    15.170    -0.20    1.36
 -23588.222    15.191     0.05    1.22
 -23212.656    14.907    -0.75    1.24
 -22837.126    14.415    -1.31    1.43
 -22461.634    13.959    -1.21    1.23
 -22086.179    13.637    -0.86    1.25
 -21710.762    13.153    -1.29    1.24
 -21335.381    12.363    -2.10    1.46
 -20960.039    11.609    -2.01    1.65
 -20584.733    11.244    -0.97    1.59
 -20209.465    10.876    -0.98    1.53
 -19834.234    10.961     0.23    1.58
 -19459.040    11.173     0.56    1.26
 -19083.884    10.942    -0.61    1.24
 -18708.764    10.284    -1.75    1.55
 -18333.682     9.512    -2.06    1.65
 -17958.637     8.855    -1.75    1.45
 -17583.630     8.808    -0.12    1.81
 -17208.659     9.609     2.14    2.00
 -16833.726    10.289     1.81    1.65
 -16458.830    10.244    -0.12    1.41
 -16083.971     9.884    -0.96    1.64
 -15709.149     9.697    -0.50    2.04
 -15334.364     9.655    -0.11    2.01
 -14959.616     9.762     0.29    1.81
 -14584.906     9.714    -0.13    1.55
 -14210.232     9.351    -0.97    1.40
 -13835.596     9.358     0.02    1.38
 -13460.996     9.568     0.56    1.57
 -13086.434     9.155    -1.10    1.67
 -12711.909     8.872    -0.76    1.71
 -12337.420     8.521    -0.94    1.53
 -11962.969     8.223    -0.80    1.52
 -11588.555     8.012    -0.56    1.84
 -11214.177     7.923    -0.24    2.06
 -10839.837     7.992     0.19    2.30
 -10465.533     8.101     0.29    2.29
 -10091.267     8.939     2.24    2.35
  -9717.037     8.909    -0.08    2.60
  -9342.845     8.357    -1.48    2.75
  -8968.689     7.837    -1.39    2.76
  -8594.570     6.744    -2.92    1.71
  -8220.488     6.957     0.57    1.59
  -7846.443     6.574    -1.03    1.23
  -7472.435     6.502    -0.19    1.32
  -7098.463     6.521     0.05    1.27
  -6724.528     6.395    -0.34    1.34
  -6350.631     6.521     0.34    1.44
  -5976.770     6.594     0.19    1.46
  -5602.945     6.284    -0.83    1.42
  -5229.158     6.223    -0.16    1.48
  -4855.407     6.226     0.01    1.54
  -4481.693     5.890    -0.90    1.57
  -4108.016     5.957     0.18    1.54
  -3734.375     5.942    -0.04    1.49
  -3360.772     6.088     0.39    1.36
  -2987.205     6.423     0.90    1.33
  -2613.674     6.882     1.23    1.14
  -2240.180     7.065     0.49    1.09
  -1866.723     7.223     0.42    1.20
  -1493.303     7.398     0.47    1.30
  -1119.919     7.566     0.45    1.77
   -746.572     6.178    -3.72    3.63
   -373.261     3.771    -6.45    4.56
      0.013     1.375    -6.42    3.93
    373.250     0.591    -2.10    3.22
    746.451     2.271     4.50    3.99
   1119.615     4.173     5.10    3.83
   1492.743     5.798     4.36    2.83
   1865.834     6.539     1.99    1.50
   2238.889     6.293    -0.66    1.45
   2611.907     5.459    -2.24    2.60
   2984.888     4.369    -2.92    3.36
   3357.833     4.241    -0.34    3.66
   3730.742     4.599     0.96    3.62
   4103.614     5.937     3.59    2.82
   4476.450     6.855     2.46    1.35
   4849.249     6.226    -1.68    1.96
   5222.012     6.012    -0.57    2.14
   5594.739     5.744    -0.72    2.06
   5967.429     5.637    -0.29    2.13
   6340.083     5.381    -0.69    2.36
   6712.700     5.785     1.08    3.02
   7085.281     5.959     0.47    2.80
   7457.825     6.318     0.97    3.02
   7830.334     6.855     1.44    2.83
   8202.806     7.557     1.89    2.70
   8575.241     8.504     2.54    2.61
   8947.641     9.601     2.95    2.07
   9320.004    10.398     2.14    2.01
   9692.330    11.303     2.43    1.28
  10064.621    11.212    -0.24    1.32
  10436.875    11.311     0.27    1.42
  10809.093    11.162    -0.40    1.65
  11181.275    11.334     0.46    1.77
  11553.421    11.030    -0.82    1.74
  11925.530    10.798    -0.62    1.67
  12297.603    10.557    -0.65    1.43
  12669.640    10.521    -0.10    1.45
  13041.641    10.834     0.84    1.29
  13413.606    10.905     0.19    1.42
  13785.534    11.258     0.95    1.54
  14157.426    11.357     0.27    1.48
  14529.283    11.280    -0.21    1.64
  14901.103    10.822    -1.23    1.78
  15272.887    10.119    -1.89    1.63
  15644.635     9.530    -1.59    1.08
  16016.347     9.476    -0.14    1.20
  16388.023     9.739     0.71    1.27
  16759.663     9.816     0.21    1.26
  17131.267    10.244     1.15    1.34
  17502.834    10.448     0.55    1.30
  17874.366    11.030     1.57    1.49
  18245.862    11.030     0.00    1.56
  18617.322    11.205     0.47    1.51
  18988.746    11.351     0.39    1.50
  19360.133    11.369     0.05    1.15
  19731.485    11.493     0.33    1.09
  20102.801    11.476    -0.04    1.11
  20474.081    11.289    -0.50    1.08
  20845.326    11.226    -0.17    1.42
  21216.534    11.160    -0.18    1.64
  21587.706    11.030    -0.35    1.52
  21958.843    11.083     0.14    1.39
  22329.943    10.816    -0.72    1.45
  22701.008    10.591    -0.60    1.39
  23072.037    10.575    -0.04    1.33
  23443.030    10.798     0.60    1.35
  23813.988    10.838     0.11    1.44
  24184.909    11.119     0.76    1.82
  24555.795    11.200     0.22    1.87
  24926.645    11.170    -0.08    1.91
  25297.459    11.739     1.53    2.75
  25668.237    12.766     2.77    3.98
  26038.980    13.351     1.58    3.65
  26414.313    13.351     0.00    3.00
  26792.295    12.819    -1.41    2.40
  27170.239    12.308    -1.35    1.51
  27548.147    11.960    -0.92    1.43
  27926.017    11.728    -0.61    1.17
  28303.850    11.369    -0.95    0.96
  28681.646    11.298    -0.19    1.09
  29059.404    11.280    -0.05    1.24
  29437.126    11.209    -0.19    1.29
  29814.810    11.030    -0.47    1.52
  30192.457    11.030     0.00    1.49
  30570.067    11.973     2.50    2.47
  30947.640    13.476     3.98    3.22
  31325.176    14.709     3.26    2.96
  31702.675    15.066     0.95    2.59
  32080.136    14.584    -1.28    2.67
  32457.561    13.857    -1.93    2.59
  32834.949    12.837    -2.70    2.64
  33212.299    11.703    -3.01    2.45
  33589.612    10.802    -2.39    1.89
  33966.889    10.375    -1.13    1.34
  34344.128    10.557     0.48    1.45
  34721.331    10.662     0.28    1.52
  35098.496    10.917     0.68    1.71
  35475.625    11.298     1.01    1.60
  35852.716    11.345     0.12    1.45
  36229.771    11.244    -0.27    1.44
  36606.788    10.921    -0.86    1.13
  36983.769    10.826    -0.25    1.11
  37360.713    10.851     0.07    1.10
  37737.620    11.105     0.67    1.05
  38114.490    11.905     2.12    2.30
  38491.323    12.703     2.12    2.45
  38868.120    13.280     1.53    2.30
  39244.879    13.566     0.76    2.55
  39621.602    13.048    -1.37    2.18
  39998.288    12.905    -0.38    1.98
  40374.937    12.794    -0.30    1.85
  40751.549    12.673    -0.32    1.91
  41128.125    12.165    -1.35    1.62
  41504.663    11.959    -0.55    1.50
  41881.165    12.173     0.57    1.53
  42257.631    12.191     0.05    1.47
  42634.059    12.405     0.57    1.42
  43010.451    12.104    -0.80    1.40
  43386.806    11.941    -0.43    1.25
  43763.125    12.011     0.19    1.13
  44139.406    12.209     0.53    1.24
  44515.651    12.339     0.35    1.30
  44891.860    12.200    -0.37    1.33
  45268.032    12.405     0.55    1.38
  45644.167    12.104    -0.80    1.43
  46020.265    12.030    -0.20    1.31
  46396.327    11.882    -0.39    1.19
  46772.353    11.887     0.01    1.12
  47148.341    12.068     0.48    1.14
  47524.294    12.048    -0.05    1.07
  47900.209    12.155     0.29    1.28
  48276.088    12.173     0.05    1.07
  48651.931    12.240     0.18    1.06
  49027.737    12.407     0.44    1.20
  49403.507    12.601     0.52    1.11
  49779.240    12.799     0.53    1.23
  50154.936    12.887     0.23    1.31
  50530.596    13.212     0.86    1.66
  50906.220    13.623     1.09    2.20
  51281.807    14.155     1.42    2.51
  51657.358    14.175     0.05    2.36
  52032.873    13.851    -0.86    1.95
  52408.351    13.993     0.38    1.54
  52783.792    13.994     0.00    1.90
  53159.197    13.678    -0.84    1.91
  53534.566    13.012    -1.77    2.06
  53909.899    12.494    -1.38    2.17
  54285.195    12.175    -0.85    1.64
  54660.455    12.262     0.23    1.63
  55035.678    12.956     1.85    1.78
  55410.865    13.226     0.72    1.90
  55786.016    13.568     0.91    2.00
  56161.131    13.548    -0.05    1.79
  56536.209    13.715     0.45    1.68
  56911.251    13.830     0.31    1.54
  57286.257    13.673    -0.42    1.53
  57661.227    13.412    -0.70    1.59
  58036.160    12.848    -1.50    1.59
  58411.057    12.105    -1.98    1.71
  58785.918    12.047    -0.15    1.34
  59160.743    12.313     0.71    1.31
  59535.532    12.584     0.72    1.28
  59910.284    12.848     0.71    1.12
  60285.001    13.048     0.53    1.07
  60659.681    13.298     0.67    1.14
  61034.325    13.030    -0.71    1.36
  61408.933    12.548    -1.29    1.78
  61783.505    11.895    -1.74    1.83
  62158.041    11.834    -0.17    1.90
  62532.540    11.363    -1.26    1.76
  62907.004    10.884    -1.28    1.53
  63281.432    10.780    -0.28    1.47
  63655.823    10.474    -0.82    1.14
  64030.179    11.118     1.72    1.49
  64404.498    11.994     2.34    1.75
  64778.782    12.749     2.02    1.70
  65153.029    13.453     1.88    1.29
  65527.241    13.726     0.73    1.17
  65901.417    14.345     1.65    1.01
  66275.556    14.476     0.35    1.08
  66649.660    14.697     0.59    0.99
  67023.728    14.666    -0.08    1.02
  67397.760    14.744     0.21    1.22
  67771.756    15.011     0.71    1.35
  68145.716    15.191     0.48    1.32
  68519.640    15.376     0.50    1.28
  68893.528    15.280    -0.26    1.42
  69267.381    15.121    -0.43    1.28
  69641.197    15.466     0.92    1.50
  70014.978    16.191     1.94    1.50
  70388.723    16.369     0.48    1.52
  70762.432    15.882    -1.30    1.82
  71136.106    15.266    -1.65    1.62
  71509.743    14.887    -1.01    1.29
  71883.345    14.895     0.02    1.14
  72256.911    15.101     0.55    0.95
  72630.441    15.124     0.06    0.99
  73003.936    15.137     0.03    1.17
  73377.395    15.139     0.01    1.21
  73750.818    15.139     0.00    1.12
  74124.205    15.137    -0.01    1.14
  74497.557    15.030    -0.29    1.03
  74870.873    15.066     0.10    0.95
  75244.154    15.049    -0.04    0.90
  75617.398    15.188     0.37    0.90
  75990.607    15.256     0.18    0.78
  76363.781    15.398     0.38    0.86
  76736.919    15.557     0.43    0.84
  77110.021    16.048     1.31    1.18
  77483.088    16.375     0.88    1.08
  77856.119    16.521     0.39    0.99
  78229.114    16.619     0.26    1.02
  78602.074    16.703     0.22    1.13
  78974.999    16.905     0.54    1.21
  79347.888    17.126     0.59    1.19
  79720.741    17.209     0.22    1.11
  80093.559    17.234     0.07    1.26
  80466.341    17.332     0.26    1.20
  80839.088    17.346     0.04    1.18
  81211.800    17.248    -0.26    1.20
  81584.476    17.321     0.20    1.23
  81957.116    17.394     0.20    1.08
  82329.721    17.619     0.61    1.11
  82702.291    17.703     0.22    1.10
  83074.825    17.673    -0.08    1.15
  83447.324    17.653    -0.05    1.18
  83819.787    17.619    -0.09    1.07
  84192.215    17.612    -0.02    1.27
  84564.608    17.660     0.13    1.26
  84936.965    17.762     0.28    1.20
  85309.287    17.648    -0.31    0.99
  85681.574    17.941     0.79    0.98
  86053.825    18.299     0.96    1.16
  86426.041    18.433     0.36    1.10
  86798.222    18.645     0.57    1.12
  87170.367    18.744     0.27    1.11
  87542.478    18.845     0.27    0.99
  87914.553    18.976     0.35    0.86
  88286.592    19.400     1.14    1.15
  88658.597    19.762     0.97    1.23
  89030.566    20.084     0.86    1.29
  89402.500    20.234     0.40    1.20
  89774.399    20.334     0.27    1.16
  90146.262    20.318    -0.04    1.21
  90518.091    20.494     0.47    1.26
  90889.884    20.898     1.09    1.54
  91261.642    21.226     0.88    1.58
  91633.365    21.103    -0.33    1.39
  92005.053    21.101    -0.00    1.25
  92376.705    21.511     1.10    1.31
  92748.323    21.648     0.37    1.15
  93119.906    21.900     0.68    1.05
  93491.453    22.275     1.01    1.07
  93862.965    22.869     1.60    1.23
  94234.443    23.030     0.43    1.28
  94605.885    23.369     0.91    1.38
  94977.292    23.615     0.66    1.42
  95348.664    23.812     0.53    1.44
  95720.001    24.175     0.98    1.34
  96091.303    24.634     1.23    1.39
  96462.571    25.101     1.26    1.50
  96833.803    25.175     0.20    1.31
  97205.000    25.101    -0.20    1.39
  97576.162    25.085    -0.04    1.37
  97947.289    25.721     1.71    1.89
  98318.382    26.453     1.97    1.84
  98689.439    27.066     1.65    1.56
  99060.462    27.539     1.28    1.55
  99431.449    27.691     0.41    1.50
  99802.402    27.974     0.76    1.45
 100173.320    28.405     1.16    1.52
 100544.203    28.866     1.24    1.69
 100915.051    28.866     0.00    1.38
 101290.126    29.423     1.48    1.22
 101668.030    29.697     0.72    1.43
 102045.897    29.974     0.74    1.41
 102423.729    30.539     1.50    1.25
 102801.524    30.757     0.58    1.33
 103179.283    30.866     0.29    1.36
 103557.005    31.244     1.00    1.29
 103934.692    31.841     1.58    1.49
 104312.342    32.412     1.51    1.67
 104689.956    32.863     1.20    1.31
 105067.534    33.426     1.49    1.28
 105445.076    33.601     0.46    1.14
 105822.581    34.066     1.23    1.23
 106200.051    34.321     0.67    1.12
 106577.484    35.084     2.02    1.10
 106954.881    35.822     1.96    1.38
 107332.242    36.284     1.22    1.32
 107709.567    36.785     1.33    1.16
 108086.856    37.244     1.22    1.40
 108464.109    37.394     0.40    1.48
 108841.326    37.734     0.90    1.35
 109218.506    38.369     1.68    1.48
 109595.651    38.766     1.05    1.35
 109972.760    39.262     1.32    1.35
 110349.832    39.716     1.20    1.17
 110726.869    40.157     1.17    1.25
 111103.869    41.194     2.75    1.34
 111480.834    41.866     1.78    1.49
 111857.763    42.405     1.43    1.32
 112234.655    42.648     0.65    1.25
 112611.512    43.226     1.53    1.24
 112988.333    43.838     1.62    1.43
 113365.118    44.637     2.12    1.57
 113741.867    45.248     1.62    1.52
 114118.580    45.976     1.93    1.63
 114495.258    47.244     3.37    2.16
 114871.899    48.641     3.71    2.91
 115248.504    50.316     4.45    3.49
 115625.074    51.912     4.24    3.91
 116001.608    54.048     5.67    4.65
 116378.106    57.123     8.17    5.44
 116754.568    59.757     7.00    6.16
 117130.995    64.655    13.01    7.09
 117507.385    69.419    12.66    7.22
 117883.740    72.248     7.52    7.76
 118260.059    73.126     2.33    8.28
 118636.343    70.939    -5.81    7.07
 119012.591    70.123    -2.17    5.80
 119388.802    73.419     8.76    7.77
 119764.979    80.476    18.76   10.61
 120141.119    88.919    22.44   11.12
 120517.224    98.303    24.95   12.61
 120893.293   107.069    23.31   12.51
 121269.327   114.160    18.85   15.75
 121645.324   116.511     6.25   18.18
 122021.287   114.673    -4.89   19.91
 122397.213   110.975    -9.83   15.57
 122773.104   105.412   -14.80   14.65
 123148.960    99.866   -14.75   15.99
 123524.779    94.973   -13.02   14.49
 123900.563    95.941     2.57   13.29
 124276.312    99.294     8.92   14.63
 124652.025   105.441    16.36   13.12
 125027.703   114.212    23.34   12.09
 125403.345   123.294    24.18   16.75
 125778.951   136.905    36.23   20.24
 126154.522   151.400    38.59   20.57
 126530.057   158.084    17.79   18.41
 126905.557   156.395    -4.50   24.59
 127281.022   143.939   -33.17   31.47
 127656.451   128.345   -41.53   30.77
 128031.844   116.441   -31.71   27.72
 128407.203   106.048   -27.68   22.21
 128782.525   109.123     8.19   28.46
 129157.813   109.511     1.04   28.79
 129533.065   117.895    22.34   36.80
 129908.281   128.637    28.62   47.42
 130283.462   140.747    32.27   49.38
 130658.608   150.351    25.60   44.73
 131033.718   160.123    26.05   39.42
 131408.793   168.012    21.03   38.52
 131783.833   183.334    40.85   40.38
 132158.837   188.882    14.79   39.13
 132533.807   195.869    18.63   37.19
 132908.740   207.453    30.89   40.99
 133283.639   208.869     3.78   33.93
 133658.502   206.973    -5.06   28.96
 134033.330   201.107   -15.65   24.47
 134408.123   198.637    -6.59   23.20
 134782.880   201.678     8.11   23.95
 135157.602   216.673    40.01   29.51
 135532.289   233.338    44.47   29.76
 135906.941   250.083    44.69   25.24
 136281.558   262.953    34.35   22.79
 136656.139   269.993    18.79   31.78
 137030.686   276.375    17.04   41.20
 137405.197   278.369     5.32   55.35
 137779.673   282.162    10.13   63.77
 138154.114   275.789   -17.02   70.07
 138528.519   275.030    -2.03   69.42
 138902.890   267.357   -20.49   73.82
 139277.226   252.691   -39.17   73.98
 139651.526   225.105   -73.69   66.78
 140025.791   212.816   -32.83   53.08
 140400.022   214.939     5.67   51.10
 140774.217   233.219    48.84   55.65
 141148.377   261.048    74.37   51.13
 141522.502   282.919    58.45   44.67
 141896.593   301.030    48.41   36.24
 142270.648   314.395    35.73   28.13
 142644.668   299.012   -41.12   44.87
 143018.653   261.863   -99.32   64.46
 143392.603   234.191   -73.99   61.39
 143766.518   209.511   -65.99   36.96
 144140.399   210.155     1.72   35.09
 144514.244   221.126    29.34   34.14
 144888.055   233.464    33.00   31.82
 145261.830   246.262    34.24   30.33
 145635.571   250.818    12.19   32.15
 146009.276   258.298    20.01   32.20
 146382.947   264.261    15.96   32.07
 146756.583   267.941     9.85   33.57
 147130.184   272.521    12.26   30.56
 147503.751   281.539    24.14   31.72
 147877.282   292.816    30.18   33.42
 148250.779   311.011    48.71   33.30
 148624.241   338.655    74.01   43.16
 148997.668   367.338    76.80   45.52
 149371.060   388.357    56.29   32.68
 149744.417   392.715    11.67   34.81
 150117.740   365.321   -73.37   52.13
 150491.028   325.345  -107.08   56.01
 150864.281   303.757   -57.83   43.32
 151237.500   302.491    -3.39   37.76
 151610.684   315.845    35.78   37.58
 151983.833   324.430    23.00   34.04
 152356.947   325.876     3.88   38.32
 152730.027   323.975    -5.09   37.02
 153103.072   331.677    20.64   38.96
 153476.082   348.959    46.32   37.49
 153849.058   361.715    34.20   37.15
 154221.999   368.697    18.72   32.45
 154594.905   363.762   -13.23   35.15
 154967.777   348.826   -40.05   40.55
 155340.614   329.316   -52.32   42.72
 155713.417   303.184   -70.08   38.14
 156086.185   288.030   -40.65   27.69
 156458.918   284.383    -9.78   22.30
 156831.617   279.339   -13.53   22.30
 157204.282   275.973    -9.03   24.74
 157576.911   270.594   -14.43   24.48
 157949.507   262.124   -22.73   28.52
 158322.068   256.863   -14.12   28.84
 158694.594   245.956   -29.27   24.98
 159067.086   239.993   -16.01   24.33
 159439.543   239.834    -0.43   27.17
 159811.966   240.915     2.90   33.09
 160184.354   253.066    32.62   43.01
 160556.708   264.530    30.78   42.66
 160929.028   261.866    -7.15   38.49
 161301.313   242.956   -50.79   48.93
 161673.564   218.671   -65.23   51.18
 162045.780   188.405   -81.30   30.16
 162417.962   174.215   -38.12    2.99
 162790.109   177.715     9.40    9.13
 163162.222   182.814    13.70   12.55
 163534.301   188.830    16.17   12.40
 163906.346   197.167    22.41   11.01
 164278.356   204.530    19.79   13.17
 164650.332   217.848    35.80   20.68
 165022.273   241.030    62.32   39.05
 165394.180   276.256    94.70   52.75
 165766.053   308.900    87.77   57.05
 166137.892   344.248    95.05   58.28
 166509.696   359.456    40.90   53.26
 166881.466   363.066     9.71   50.34
 167253.202   357.950   -13.76   42.43
 167624.904   343.548   -38.74   36.82
 167996.571   344.426     2.36   39.86
 168368.204   334.863   -25.73   46.70
 168739.803   312.234   -60.89   44.47
 169111.368   301.521   -28.83   36.23
 169482.899   306.048    12.18   30.15
 169854.395   304.715    -3.59   28.70
 170225.858   299.326   -14.50   29.94
 170597.286   296.863    -6.63   30.56
 170968.680   308.139    30.36   37.70
 171340.040   341.357    89.43   54.11
 171711.366   387.030   122.98   67.87
 172082.658   430.049   115.84   58.43
 172453.915   454.798    66.65   48.88
 172825.139   456.775     5.33   50.95
 173196.328   451.884   -13.17   57.09
 173567.484   412.939  -104.91   62.02
 173938.605   380.548   -87.26   67.25
 174309.693   359.584   -56.49   60.39
 174680.746   346.521   -35.20   43.50
 175051.765   365.155    50.22   50.48
 175422.751   397.684    87.67   46.74
 175793.702   422.921    68.02   49.26
 176168.583   444.954    58.76   58.00
 176546.411   459.266    37.87   56.77
 176924.205   454.212   -13.38   53.30
 177301.963   436.954   -45.68   47.51
 177679.685   409.993   -71.37   50.34
 178057.373   373.265   -97.23   52.49
 178435.025   350.197   -61.07   50.93
 178812.641   326.530   -62.66   52.50
 179190.223   307.994   -49.08   53.30
 179567.769   297.971   -26.54   58.96
 179945.280   284.068   -36.82   61.05
 180322.756   267.067   -45.03   56.16
 180700.196   246.126   -55.47   51.37
 181077.602   220.666   -67.45   40.40
 181454.972   205.237   -40.88   28.22
 181832.307   197.780   -19.76   11.17
 182209.607   205.012    19.16   15.09
 182586.871   218.919    36.86   20.19
 182964.101   238.405    51.65   26.38
 183341.295   251.690    35.21   22.04
 183718.454   249.812    -4.98   28.40
 184095.578   237.954   -31.44   34.38
 184472.667   219.757   -48.25   27.53
 184849.721   207.905   -31.43   24.98
 185226.740   206.917    -2.62   34.32
 185603.724   206.244    -1.78   37.02
 185980.672   197.472   -23.27   31.02
 186357.586   185.808   -30.94   22.81
 186734.464   174.141   -30.95   14.53
 187111.308   167.338   -18.05    9.28
 187488.116   161.209   -16.26    7.76
 187864.890   155.388   -15.44    7.36
 188241.628   150.456   -13.09    6.27
 188618.332   149.304    -3.06    6.97
 188995.001   160.466    29.63   26.50
 189371.634   177.087    44.12   33.73
 189748.233   198.121    55.84   35.40
 190124.797   223.483    67.34   35.78
 190501.326   247.548    63.90   44.39
 190877.819   282.521    92.87   54.94
 191254.279   322.395   105.90   56.97
 191630.703   356.780    91.33   53.54
 192007.092   377.215    54.28   43.53
 192383.446   374.601    -6.94   43.59
 192759.766   376.181     4.20   47.66
 193136.051   378.775     6.89   53.43
 193512.300   387.412    22.95   52.22
 193888.516   394.841    19.74   55.25
 194264.696   377.884   -45.07   70.33
 194640.841   335.684  -112.17   72.98
 195016.952   298.066  -100.00   56.05
 195393.028   278.437   -52.18   38.15
 195769.069   290.596    32.33   47.62
 196145.075   316.084    67.77   50.46
 196521.047   340.145    63.99   43.59
 196896.984   343.530     9.00   40.17
 197272.886   332.568   -29.15   42.01
 197648.754   312.666   -52.94   43.13
 198024.587   290.308   -59.48   35.27
 198400.385   269.502   -55.35   33.48
 198776.148   246.394   -61.48   33.73
 199151.877   226.860   -51.98   33.63
 199527.571   200.252   -70.81   27.33
 199903.231   181.846   -48.99   17.28
 200278.856   172.357   -25.26   13.15
 200654.446   168.407   -10.51   13.46
 201030.002   171.739     8.87   20.06
 201405.523   176.992    13.99   22.17
 201781.009   178.011     2.71   19.82
 202156.461   173.503   -12.01   19.85
 202531.879   166.722   -18.06   20.34
 202907.262   160.655   -16.16   16.33
 203282.610   159.445    -3.22   14.57
 203657.924   166.137    17.83   18.24
 204033.203   177.973    31.53   22.75
 204408.448   188.956    29.26   25.25
 204783.658   200.012    29.46   24.24
 205158.834   206.992    18.60   20.50
 205533.975   206.939    -0.14   19.75
 205909.082   204.470    -6.58   19.87
 206284.155   198.798   -15.12   20.39
 206659.193   188.539   -27.35   20.65
 207034.197   180.162   -22.33   13.57
 207409.166   177.066    -8.26   15.03
 207784.101   172.623   -11.85   17.18
 208159.001   167.703   -13.12   17.04
 208533.867   166.318    -3.69   17.14
 208908.699   168.826     6.69   15.38
 209283.496   168.219    -1.62   13.28
 209658.259   168.822     1.61   10.01
 210032.988   163.660   -13.77   11.40
 210407.682   155.697   -21.25   13.91
 210782.342   145.826   -26.34   16.15
 211156.968   135.030   -28.81   17.57
 211531.560   121.303   -36.64   17.07
 211906.117   111.011   -27.47   12.14
 212280.640   104.660   -16.95    5.45
 212655.128   102.521    -5.71    1.20
 213029.583   102.173    -0.93    1.24
 213404.003   101.972    -0.54    1.13
 213778.389   101.860    -0.30    1.19
 214152.741   102.252     1.05    1.37
 214527.059   103.294     2.78    2.82
 214901.342   107.394    10.95    6.92
 215275.591   112.206    12.86    8.88
 215649.806   117.459    14.03    8.91
 216023.987   121.771    11.52    5.86
 216398.134   121.548    -0.59    7.27
 216772.247   119.137    -6.44    8.48
 217146.325   116.294    -7.60    7.72
 217520.370   115.512    -2.09    6.89
 217894.380   117.953     6.52    9.54
 218268.356   124.808    18.33   12.09
 218642.299   129.972    13.81   11.22
 219016.207   132.483     6.71    9.80
 219390.081   135.974     9.34   10.58
 219763.921   142.808    18.27   16.34
 220137.727   150.423    20.37   20.44
 220511.499   160.722    27.55   24.13
 220885.237   171.558    28.99   21.76
 221258.941   174.991     9.18   19.21
 221632.611   173.660    -3.56   23.05
 222006.247   162.660   -29.43   25.82
 222379.849   152.369   -27.54   25.97
 222753.417   143.483   -23.78   21.08
 223126.951   139.266   -11.29   15.78
 223500.451   137.641    -4.35   13.09
 223873.918   140.011     6.35   15.31
 224247.350   142.594     6.91   16.19
 224620.749   143.070     1.28   15.36
 224994.113   142.923    -0.39   11.34
 225367.444   143.104     0.49    9.38
 225740.741   146.248     8.42    9.80
 226114.004   152.808    17.57    9.19
 226487.233   157.588    12.80    8.19
 226860.429   161.655    10.90    7.40
 227233.590   161.382    -0.73    8.68
 227606.718   157.557   -10.25   12.41
 227979.812   153.318   -11.36   14.24
 228352.872   147.863   -14.62   12.69
 228725.899   142.766   -13.66    7.41
 229098.891   141.709    -2.83    4.69
 229471.850   142.845     3.04    3.71
 229844.775   144.363     4.07    3.76
 230217.667   148.126    10.09    6.07
 230590.524   152.900    12.80    7.91
 230963.348   160.484    20.34    8.90
 231336.139   167.991    20.13    7.61
 231708.895   174.959    18.69    8.56
 232081.618   181.857    18.50    9.29
 232454.307   190.119    22.16   11.30
 232826.963   202.143    32.26   15.83
 233199.585   217.975    42.48   25.76
 233572.173   247.703    79.77   40.42
 233944.728   276.474    77.21   46.31
 234317.249   315.709   105.30   53.82
 234689.736   340.089    65.44   46.46
 235062.190   338.548    -4.14   44.42
 235434.611   336.222    -6.24   44.82
 235806.997   333.822    -6.44   38.37
 236179.351   351.804    48.28   54.88
 236551.670   393.285   111.39   71.12
 236923.956   442.503   132.17   66.48
 237296.209   473.697    83.78   63.56
 237668.428   505.709    85.98   58.47
 238040.614   512.857    19.20   56.83
 238412.766   497.841   -40.34   59.00
 238784.884   485.010   -34.47   50.49
 239156.969   483.678    -3.58   37.36
 239529.021   487.437    10.10   35.53
 239901.039   500.048    33.89   35.34
 240273.024   503.105     8.22   31.16
 240644.975   495.709   -19.88   31.68
 241016.893   482.993   -34.18   25.21
 241388.778   479.841    -8.47   23.97
 241760.629   478.298    -4.15   23.13
 242132.447   476.510    -4.81   22.80
 242504.231   466.826   -26.04   26.54
 242875.982   454.344   -33.57   23.86
 243247.700   439.326   -40.39   29.51
 243619.384   420.388   -50.94   28.14
 243991.035   406.665   -36.92   22.13
 244362.652   400.066   -17.75   19.13
 244734.237   402.483     6.50   22.86
 245105.788   411.975    25.54   25.33
 245477.306   425.275    35.79   26.48
 245848.790   445.252    53.76   26.24
 246220.241   455.009    26.26   20.56
 246591.659   453.502    -4.06   23.04
 246963.044   446.338   -19.29   27.69
 247334.395   438.604   -20.82   20.97
 247705.714   441.808     8.63   20.72
 248076.999   438.334    -9.35   20.89
 248448.251   434.246   -11.01   23.17
 248819.469   428.215   -16.24   24.35
 249190.655   421.785   -17.32   22.65
 249561.807   415.400   -17.20   24.15
 249932.926   416.503     2.97   25.41
 250304.012   422.550    16.29   22.63
 250675.065   422.739     0.51   23.72
 251049.818   422.162    -1.54   23.70
 251427.568   418.048   -10.89   26.03
 251805.283   408.845   -24.36   27.36
 252182.963   397.954   -28.83   25.67
 252560.610   382.155   -41.83   24.32
 252938.221   365.697   -43.57   20.39
 253315.799   355.957   -25.79   19.73
 253693.342   343.502   -32.98   17.99
 254070.850   333.222   -27.22   15.92
 254448.325   326.262   -18.43   14.62
 254825.765   325.011    -3.31   17.31
 255203.171   324.808    -0.54   22.99
 255580.542   325.011     0.54   25.99
 255957.879   322.697    -6.13   26.33
 256335.182   319.973    -7.22   23.35
 256712.450   318.402    -4.16   20.44
 257089.685   321.303     7.69   19.16
 257466.885   328.634    19.43   23.80
 257844.050   344.123    41.06   27.43
 258221.182   358.370    37.77   21.37
 258598.279   359.577     3.20   19.77
 258975.342   365.407    15.46   21.65
 259352.371   367.143     4.60   20.57
 259729.366   368.666     4.04   19.69
 260106.326   374.376    15.14   17.84
 260483.253   380.011    14.95   19.96
 260860.145   383.801    10.05   21.80
 261237.003   389.567    15.30   22.65
 261613.827   392.747     8.44   26.71
 261990.617   390.066    -7.11   31.27
 262367.373   390.501     1.15   28.32
 262744.094   400.382    26.22   36.61
 263120.782   409.715    24.77   37.62
 263497.435   422.453    33.81   32.17
 263874.055   420.419    -5.40   31.00
 264250.640   414.067   -16.86   27.10
 264627.191   411.226    -7.54   28.10
 265003.709   397.677   -35.98   34.59
 265380.192   384.838   -34.09   39.83
 265756.641   362.363   -59.68   37.38
 266133.056   353.818   -22.69   32.91
 266509.438   365.334    30.59   33.89
 266885.785   367.596     6.01   33.28
 267262.098   363.851    -9.95   36.13
 267638.378   351.728   -32.21   36.68
 268014.623   344.124   -20.20   38.20
 268390.835   356.248    32.22   50.83
 268767.012   362.550    16.75   47.87
 269143.156   364.298     4.65   38.23
 269519.266   361.653    -7.03   32.41
 269895.342   360.866    -2.09   35.76
 270271.384   367.771    18.36   36.64
 270647.392   365.261    -6.67   34.18
 271023.366   367.191     5.13   37.48
 271399.306   371.010    10.16   40.76
 271775.213   364.298   -17.85   45.01
 272151.086   347.879   -43.67   48.29
 272526.925   332.653   -40.50   39.54
 272902.730   332.175    -1.27   44.38
 273278.501   334.162     5.29   51.67
 273654.239   344.316    27.02   51.92
 274029.943   352.785    22.54   43.99
 274405.613   352.771    -0.04   32.53
 274781.249   349.290    -9.26   26.57
 275156.852   344.464   -12.85   25.94
 275532.421   340.294   -11.10   33.50
 275907.956   339.445    -2.26   37.70
 276283.457   332.048   -19.69   39.24
 276658.925   324.747   -19.44   35.71
 277034.359   321.105    -9.70   26.17
 277409.760   316.259   -12.91   20.90
 277785.126   317.426     3.11   21.81
 278160.460   315.415    -5.36   28.90
 278535.759   302.575   -34.20   35.11
 278911.025   288.087   -38.60   41.98
 279286.257   271.087   -45.29   44.73
 279661.456   254.860   -43.24   41.87
 280036.621   252.559    -6.13   41.39
 280411.752   257.067    12.01   46.64
 280786.850   270.215    35.04   49.89
 281161.914   277.923    20.54   39.30
 281536.945   278.991     2.85   29.20
 281911.942   279.234     0.65   25.48
 282286.906   274.222   -13.36   23.57
 282661.836   268.799   -14.46   26.57
 283036.733   253.441   -40.96   38.17
 283411.596   238.030   -41.10   39.87
 283786.426   224.637   -35.72   36.26
 284161.222   222.256    -6.35   34.11
 284535.985   227.866    14.97   35.04
 284910.714   234.939    18.87   37.07
 285285.410   238.294     8.95   38.21
 285660.073   242.334    10.78   39.10
 286034.702   248.870    17.44   38.12
 286409.297   242.866   -16.02   35.77
 286783.860   238.197   -12.46   35.86
 287158.388   239.585     3.71   38.11
 287532.884   233.123   -17.25   36.41
 287907.346   231.165    -5.23   35.12
 288281.775   226.084   -13.57   33.11
 288656.170   217.857   -21.97   25.21
 289030.532   221.308     9.22   24.07
 289404.861   236.972    41.83   31.81
 289779.156   251.626    39.14   30.07
 290153.418   261.709    26.93   27.13
 290527.647   254.599   -19.00   28.95
 290901.843   239.266   -40.96   27.84
 291276.005   235.087   -11.17   26.90
 291650.134   237.747     7.11   27.15
 292024.230   253.810    42.93   35.18
 292398.292   281.549    74.13   44.52
 292772.321   313.697    85.92   40.69
 293146.318   332.049    49.06   36.40
 293520.280   325.956   -16.29   44.12
 293894.210   297.530   -76.00   58.69
 294268.107   271.363   -69.96   52.07
 294641.970   255.426   -42.62   34.47
 295015.800   254.345    -2.89   21.42
 295389.597   267.626    35.52   21.31
 295763.361   286.623    50.81   27.63
 296137.092   303.599    45.41   27.32
 296510.789   315.566    32.01   27.80
 296884.454   325.722    27.17   29.66
 297258.085   328.363     7.07   31.48
 297631.683   328.882     1.39   28.40
 298005.249   327.917    -2.58   26.97
 298378.781   327.775    -0.38   30.91
 298752.280   331.730    10.58   33.69
 299125.746   334.298     6.87   35.25
 299499.179   328.491   -15.54   37.03
 299872.579   319.430   -24.26   31.45
 300245.946   318.124    -3.50   26.21
 300619.280   326.376    22.10   27.43
 300992.581   348.548    59.38   32.81
 301365.849   367.638    51.13   29.96
 301739.084   383.830    43.37   28.59
 302112.286   390.491    17.84   21.95
 302485.455   382.697   -20.88   24.36
 302858.591   367.818   -39.86   27.81
 303231.694   354.716   -35.11   22.16
 303604.765   348.648   -16.26   14.90
 303977.802   352.181     9.47   17.09
 304350.806   365.234    34.98   29.60
 304723.778   376.876    31.21   35.42
 305096.717   399.030    59.39   40.58
 305469.623   419.322    54.40   42.02
 305842.496   438.741    52.07   47.70
 306215.336   452.453    36.76   43.40
 306588.143   444.863   -20.35   47.04
 306960.918   420.426   -65.53   45.18
 307333.659   402.678   -47.60   36.30
 307706.368   381.402   -57.07   27.95
 308079.044   368.665   -34.17   31.60
 308451.687   366.623    -5.48   30.30
 308824.298   374.145    20.18   42.40
 309196.876   386.771    33.88   51.11
 309569.421   407.893    56.68   39.62
 309941.933   405.030    -7.68   37.45
 310314.412   394.761   -27.56   35.45
 310686.859   383.752   -29.55   33.88
 311059.273   371.812   -32.05   36.62
 311431.655   357.491   -38.44   39.32
 311804.003   342.387   -40.55   37.00
 312176.319   334.910   -20.08   39.34
 312548.603   329.248   -15.20   46.00
 312920.853   314.799   -38.80   49.03
 313293.072   307.483   -19.65   40.06
 313665.257   312.357    13.09   32.27
 314037.410   328.052    42.16   36.61
 314409.530   343.148    40.55   33.56
