# NaN NaN NaN ;Mean Elev.(m), Avg Gradient(m/km), RMS Gradient(m/km) - SRTM1     
#    0.045  -0.795   2.703 ;Mean Elev.(m), Avg Gradient(m/km), RMS Gradient(m/km) - ASTER GDEM
#    9.000  -0.382   1.464 ;Mean Elev.(m), Avg Gradient(m/km), RMS Gradient(m/km) - GMTED2010 
  7 137.042721  50.420857    14.629    14.629  2 52477.50711519 49.380
  8 137.043549  50.462161    13.499    13.525 17 52512.50706590 18.030
 10 137.035795  50.450192    13.196    13.198 18 52582.50710952 34.916
 11 137.037425  50.450503    12.620    12.558 19 52617.50708230 20.832
 12 137.039362  50.452288    12.359    12.367 18 52652.50705736 16.241
 13 137.040404  50.455714    12.481    12.273 19 52687.50705552 16.530
 14 137.040234  50.436675    12.139    11.924 11 52722.50709921 35.536
 17 137.039663  50.436188    13.337    13.346 11 52827.50714114 40.350
 18 137.035865  50.451684    15.206    15.104 19 52862.50718934 20.276
 19 137.037237  50.446404    17.265    17.283 16 52897.50721807 26.780
 20 137.038748  50.452001    15.405    15.301 19 52932.50716538 25.047
 21 137.040354  50.429866    14.120    14.115  8 52967.50716560 23.759
 22 137.042921  50.419798    13.878    13.878  2 53002.50718896 17.081
 23 137.037637  50.451926    13.807    13.858 18 53037.50714435 11.910
 24 137.039990  50.437555    14.062    14.071 11 53072.50716688 10.310
 25 137.039230  50.452993    13.650    13.496 18 53107.50714512 30.758
 26 137.039737  50.431035    17.035    17.234  6 53142.50717467 20.063
 27 137.034983  50.452910    17.781    17.785 19 53177.50720259 27.511
 28 137.039646  50.436943    15.393    15.252 11 53212.50721956 37.470
 29 137.039585  50.452185    15.534    15.550 18 53247.50719119 46.169
 31 137.035683  50.450474    15.128    15.308 18 53317.50718340 33.369
 32 137.040830  50.457980    12.767    12.751 20 53352.50715039 28.320
 34 137.040432  50.456218    13.255    13.069 19 53422.50714393 16.811
 35 137.039685  50.433854    13.483    13.517  9 53457.50714511 11.693
 37 137.039121  50.452634    17.039    17.030 19 53527.50721386 21.498
 38 137.040233  50.430931    15.733    15.575  8 53562.50723887 27.824
 39 137.040728  50.458538    15.797    15.784 19 53597.50718376 18.535
 41 137.043508  50.419698    13.473    13.473  2 53667.50719395 24.909
 42 137.040448  50.455471    12.510    12.515 20 53702.50714649 39.477
 43 137.042855  50.469009    12.763    12.769 16 53737.50705876 14.767
 44 137.037894  50.452458    13.740    13.480 18 53772.50706617 11.489
 47 137.036918  50.446945    16.236    16.034 16 53877.50712247 26.618
 50 137.038669  50.452083    16.884    16.996 19 53982.50713264 19.969
 51 137.040524  50.428597    15.532    15.368  4 54017.50715544 26.619
 52 137.040191  50.456672    12.895    12.907 19 54052.50715595 42.465
 53 137.039381  50.452135    12.925    12.939 19 54087.50714695 24.543
 54 137.042288  50.463169    12.936    12.944 19 54122.50707282 21.795
 55 137.037993  50.443553    13.122    13.153 14 54157.50710744 13.845
 56 137.040998  50.458632    13.925    13.981 19 54192.50707131 21.038
 57 137.039751  50.437023    16.389    16.409 11 54227.50711807 21.683
 58 137.038999  50.441271    16.224    16.224 13 54262.50713807 21.605
 59 137.036892  50.452176    14.769    14.940 18 54297.50714481 25.273
 60 137.039794  50.452476    15.872    15.108 19 54332.50713505 18.745
 61 137.040771  50.457059    14.679    14.681 20 54367.50707701 23.430
 62 137.037268  50.451747    14.263    14.730 19 54402.50707782 25.753
 63 137.039133  50.453574    12.484    12.416 18 54437.50703521 25.464
 64 137.039119  50.441013    12.705    12.653 13 54472.50706102 19.739
 65 137.040601  50.456630    12.398    12.319 19 54507.50704706 16.795
 66 137.037366  50.451204    12.337    12.313 19 54542.50707752 27.140
 67 137.040749  50.457028    13.102    13.118 20 54577.50704959 50.712
 68 137.037073  50.451179    15.609    15.685 19 54612.50706870 19.958
 69 137.036829  50.447634    14.227    14.476 16 54647.50707487 25.454
 70 137.037660  50.451582    14.695    14.571 18 54682.50707632 22.976
 71 137.040783  50.458460    13.280    13.136 19 54717.50702555 24.637
 72 137.040131  50.435042    14.037    14.022 10 54752.50704529 24.375
 73 137.039634  50.453521    12.723    12.741 18 54787.50701463 42.651
 74 137.039884  50.435810    12.905    12.967 10 54822.50703984 15.090
 75 137.040254  50.453913    12.868    12.839 19 54857.50701085 10.594
 76 137.035262  50.453058    12.561    12.534 19 54892.50704578  9.377
 77 137.040275  50.455595    12.781    12.713 20 54927.50700922 19.739
 78 137.039637  50.436830    15.584    15.585 10 54962.50704224 49.756
 79 137.040302  50.436382    14.088    14.024 11 54997.50706287 32.323
 80 137.036309  50.450248    17.285    17.242 19 55032.50705503 24.452
 81 137.039237  50.453214    17.804    17.810 18 55067.50704431 24.023
 82 137.040148  50.457060    17.836    17.833 20 55102.50698431 34.565
 83 137.038916  50.441409    14.635    14.643 13 55137.50698828 49.402
 84 137.039709  50.455535    13.811    13.853 19 55172.50695250 21.238
 85 137.039918  50.436354    13.977    13.835 11 55207.50698169 14.438
 86 137.040348  50.455696    13.789    13.653 19 55242.50695714 14.126
 87 137.036994  50.452738    13.601    13.769 19 55277.50697863 11.522
 88 137.040612  50.455246    14.807    14.814 20 55312.50694280 44.830
 89 137.038155  50.451033    17.545    17.566 19 55347.50694853 23.872
 90 137.038194  50.451992    16.262    16.304 19 55382.50693961 19.164
 91 137.039745  50.437003    17.293    17.296 10 55417.50696495 47.724
 92 137.039976  50.454213    18.334    18.342 19 55452.50694982 29.572
 93 137.041257  50.461880    15.293    15.481 20 55487.50687315 21.812
