# NaN NaN NaN ;Mean Elev.(m), Avg Gradient(m/km), RMS Gradient(m/km) - SRTM1     
#  110.306  -0.347   3.156 ;Mean Elev.(m), Avg Gradient(m/km), RMS Gradient(m/km) - ASTER GDEM
#  124.374  -0.145   0.980 ;Mean Elev.(m), Avg Gradient(m/km), RMS Gradient(m/km) - GMTED2010 
  7   127.449 52468.09104796 36.28 127.688853  50.483545 10.263
  7   127.552 52468.09104860 38.80 127.687408  50.480306 16.772
  7   127.404 52468.09104924 37.79 127.685958  50.477076 16.772
  7   127.227 52468.09104989 44.26 127.684518  50.473846 16.772
  8   123.619 52503.09103728 44.37 127.686623  50.484156 20.008
  8   123.391 52503.09103792 36.80 127.685173  50.480916 20.008
  8   123.347 52503.09103857 36.63 127.683733  50.477686 20.008
 10   126.785 52573.09106229 47.92 127.688548  50.482447 16.917
 10   126.814 52573.09106293 47.52 127.687108  50.479217 16.917
 10   126.567 52573.09106358 49.54 127.685658  50.475987 16.917
 11   126.851 52608.09102061 31.82 127.688866  50.481253 13.367
 11   126.786 52608.09102126 35.65 127.687416  50.478013 13.367
 11   126.990 52608.09102190 38.44 127.685976  50.474783 13.367
 12   127.036 52643.09101665 21.95 127.693010  50.481038  5.927
 12   127.066 52643.09101730 21.58 127.691560  50.477808  5.927
 12   126.996 52643.09101794 21.88 127.690120  50.474578  5.927
 12   126.963 52643.09101858 21.49 127.688670  50.471338  5.927
 13   127.302 52678.09099962 20.56 127.689982  50.482506  6.948
 13   127.426 52678.09100026 20.63 127.688542  50.479276  6.948
 13   127.405 52678.09100091 20.51 127.687092  50.476036  6.948
 13   127.202 52678.09100155 20.35 127.685642  50.472806  6.948
 14   127.347 52713.09103664 24.34 127.692488  50.480443 12.462
 14   127.337 52713.09103728 26.54 127.691038  50.477203 12.462
 14   127.385 52713.09103793 25.69 127.689588  50.473973 12.462
 15   127.729 52748.09106200 40.01 127.678677  50.487790 22.476
 15   127.709 52748.09106265 40.03 127.677227  50.484560 22.476
 15   127.707 52748.09106329 43.45 127.675787  50.481330 22.476
 16   126.792 52783.09100374 45.08 127.694726  50.476764 23.183
 16   126.830 52783.09100439 46.62 127.693286  50.473524 23.183
 16   126.609 52783.09100503 35.59 127.691836  50.470294 23.183
 17   127.893 52818.09108142 19.56 127.694133  50.478635 30.373
 17   127.731 52818.09108206 19.98 127.692683  50.475405 30.373
 17   127.921 52818.09108271 19.83 127.691243  50.472165 30.373
 18   128.590 52853.09113159 48.92 127.693312  50.476903 26.818
 18   128.423 52853.09113223 47.72 127.691862  50.473673 26.818
 18   128.487 52853.09113288 46.39 127.690412  50.470433 26.818
 20   127.952 52923.09111903 22.85 127.684637  50.483626 25.768
 20   128.259 52923.09111967 24.45 127.683197  50.480396 25.768
 20   128.410 52923.09112032 34.43 127.681747  50.477166 25.768
 21   126.503 52958.09108660 35.23 127.698226  50.473258 18.437
 21   126.421 52958.09108725 39.14 127.696776  50.470018 18.437
 21   126.338 52958.09108789 40.64 127.695336  50.466788 18.437
 22   127.620 52993.09111114 24.97 127.694130  50.478680 10.150
 22   127.600 52993.09111178 27.66 127.692680  50.475450 10.150
 22   127.576 52993.09111243 27.75 127.691240  50.472210 10.150
 23   127.480 53028.09107577 17.25 127.688443  50.480613  6.714
 23   127.618 53028.09107641 21.21 127.686993  50.477373  6.714
 23   127.586 53028.09107706 25.07 127.685553  50.474143  6.714
 24   127.407 53063.09108457 13.61 127.696279  50.477086  4.279
 24   127.489 53063.09108521 14.84 127.694839  50.473856  4.279
 24   127.399 53063.09108586 14.37 127.693389  50.470626  4.279
 25   127.588 53098.09110112 23.21 127.681283  50.486934  7.667
 25   130.341 53098.09110177 22.18 127.679843  50.483704  7.667
 25   129.688 53098.09110241 22.35 127.678393  50.480464  7.667
 26   127.890 53133.09108242 22.21 127.698689  50.475691 26.187
 26   127.769 53133.09108307 20.62 127.697249  50.472461 26.187
 26   127.899 53133.09108371 21.39 127.695799  50.469231 26.187
 26   127.948 53133.09108436 25.37 127.694359  50.465991 26.187
 28   126.901 53203.09115719 34.90 127.689066  50.480128 23.770
 28   126.698 53203.09115783 36.00 127.687616  50.476888 23.770
 28   126.747 53203.09115848 35.21 127.686166  50.473658 23.770
 29   129.174 53238.09112606 17.06 127.691065  50.479115 30.245
 29   129.192 53238.09112671 18.86 127.689625  50.475875 30.245
 29   129.619 53238.09112735 21.75 127.688175  50.472645 30.245
 30   128.075 53273.09108598 32.28 127.699770  50.474217 30.071
 30   127.696 53273.09108663 24.87 127.698320  50.470987 30.071
 30   127.907 53273.09108727 24.68 127.696880  50.467747 30.071
 30   127.947 53273.09108792 27.37 127.695430  50.464517 30.071
 31   127.173 53308.09114486 51.08 127.687926  50.481839 17.621
 31   127.166 53308.09114551 46.19 127.686476  50.478609 17.621
 31   127.003 53308.09114615 51.14 127.685036  50.475379 17.621
 33   127.256 53378.09105276 15.72 127.700555  50.472350  4.624
 33   127.316 53378.09105341 16.91 127.699115  50.469110  4.624
 33   127.318 53378.09105405 16.20 127.697665  50.465880  4.624
 33   127.292 53378.09105469 17.17 127.696225  50.462650  4.624
 34   127.424 53413.09108824 17.78 127.692875  50.477716  5.022
 34   127.454 53413.09108888 16.24 127.691425  50.474486  5.022
 34   127.468 53413.09108953 16.60 127.689985  50.471246  5.022
 35   127.270 53448.09107610 18.78 127.697822  50.474613  6.268
 35   127.265 53448.09107675 19.75 127.696372  50.471383  6.268
 35   127.514 53448.09107739 18.79 127.694932  50.468143  6.268
 36   127.791 53483.09116029 41.68 127.686838  50.481894 25.396
 36   127.833 53483.09116094 41.89 127.685388  50.478664 25.396
 36   127.641 53483.09116158 36.84 127.683938  50.475424 25.396
 37   128.100 53518.09116020 31.36 127.689825  50.480716 28.897
 37   127.897 53518.09116084 23.21 127.688385  50.477486 28.897
 37   128.165 53518.09116149 28.99 127.686935  50.474256 28.897
 38   128.569 53553.09118132 46.21 127.684311  50.484800 20.931
 38   128.661 53553.09118196 46.39 127.682871  50.481570 20.931
 38   128.575 53553.09118261 51.05 127.681421  50.478340 20.931
 39   126.881 53588.09113246 49.68 127.690553  50.480479 23.410
 39   126.994 53588.09113310 51.17 127.689103  50.477239 23.410
 39   126.598 53588.09113375 51.67 127.687663  50.474009 23.410
 40   127.247 53623.09110306 30.28 127.692171  50.480695 31.084
 40   127.195 53623.09110371 32.23 127.690721  50.477455 31.084
 40   127.185 53623.09110435 33.29 127.689281  50.474225 31.084
 41   127.167 53658.09113059 27.06 127.692319  50.480791 23.713
 41   126.671 53658.09113124 32.27 127.690869  50.477561 23.713
 41   126.685 53658.09113188 35.60 127.689419  50.474321 23.713
 41   126.905 53658.09113253 38.57 127.687979  50.471091 23.713
 42   126.545 53693.09111239 47.40 127.686041  50.482210 17.493
 42   126.308 53693.09111303 41.95 127.684591  50.478970 17.493
 42   126.372 53693.09111368 47.65 127.683151  50.475740 17.493
 43   127.719 53728.09103559 18.29 127.685323  50.482486  4.710
 43   127.769 53728.09103624 18.33 127.683883  50.479246  4.710
 43   127.671 53728.09103688 18.71 127.682433  50.476016  4.710
 44   127.220 53763.09099477 15.42 127.699498  50.472797  4.885
 44   127.232 53763.09099542 16.37 127.698058  50.469567  4.885
 44   127.166 53763.09099606 16.53 127.696608  50.466337  4.885
 44   127.190 53763.09099671 16.84 127.695168  50.463097  4.885
 45   127.666 53798.09100316 14.06 127.689265  50.482775  4.134
 45   128.042 53798.09100380 14.83 127.687825  50.479545  4.134
 45   128.774 53798.09100445 13.97 127.686375  50.476315  4.134
 47   127.004 53868.09106288 45.53 127.691797  50.481166 15.764
 47   126.466 53868.09106353 41.56 127.690354  50.477928 23.649
 47   126.551 53868.09106417 43.08 127.688904  50.474698 23.649
 47   126.752 53868.09106482 42.59 127.687464  50.471468 23.649
 48   127.698 53903.09109407 27.85 127.690321  50.483237 16.864
 48   127.661 53903.09109472 24.36 127.688871  50.480007 16.864
 48   128.364 53903.09109536 22.78 127.687431  50.476767 16.864
 48   127.868 53903.09109601 29.79 127.685981  50.473537 16.864
 49   127.857 53938.09113037 28.31 127.682220  50.484563 16.166
 49   128.005 53938.09113101 36.02 127.680780  50.481333 16.166
 49   128.189 53938.09113166 44.38 127.679333  50.478094 13.133
 50   128.060 53973.09109320 17.31 127.683631  50.484580 23.829
 50   128.615 53973.09109384 18.61 127.682191  50.481350 23.829
 50   128.986 53973.09109449 21.20 127.680741  50.478120 23.829
 52   126.629 54043.09110603 42.91 127.696752  50.475937 18.852
 52   126.679 54043.09110668 44.04 127.695302  50.472707 18.852
 52   126.627 54043.09110732 45.44 127.693862  50.469477 18.852
 53   128.030 54078.09109864 29.33 127.688160  50.484199  7.517
 53   128.048 54078.09109929 31.50 127.686710  50.480969  7.517
 53   127.944 54078.09109993 32.20 127.685263  50.477730  8.808
 53   127.966 54078.09110058 31.61 127.683823  50.474500  8.808
 56   127.696 54183.09102572 33.54 127.683872  50.484818 15.913
 56   127.713 54183.09102636 35.07 127.682432  50.481588 15.913
 56   127.605 54183.09102701 30.73 127.680982  50.478348 15.913
 57   128.232 54218.09105215 27.21 127.691786  50.478712 25.471
 57   127.713 54218.09105279 25.46 127.690336  50.475482 25.471
 57   127.831 54218.09105343 27.65 127.688896  50.472242 25.471
 58   128.723 54253.09107690 33.27 127.690305  50.480967 22.131
 58   128.259 54253.09107755 28.73 127.688865  50.477737 22.131
 58   128.167 54253.09107819 34.67 127.687415  50.474507 22.131
 59   128.221 54288.09108114 48.91 127.691144  50.481912 22.911
 59   128.277 54288.09108178 53.05 127.689694  50.478672 22.911
 59   128.217 54288.09108243 49.32 127.688254  50.475442 22.911
 59   128.130 54288.09108307 49.04 127.686804  50.472212 22.911
 60   129.523 54323.09107892 43.27 127.690607  50.479402 28.658
 60   129.525 54323.09107956 41.51 127.689167  50.476172 28.658
 60   129.545 54323.09108021 43.86 127.687717  50.472942 28.658
 61   129.204 54358.09103553 33.27 127.684836  50.483653 27.440
 61   129.288 54358.09103617 34.31 127.683396  50.480423 27.440
 61   129.359 54358.09103682 37.97 127.681946  50.477183 27.440
 62   127.382 54393.09101881 29.56 127.692465  50.482059 26.049
 62   127.195 54393.09101945 25.75 127.691015  50.478829 26.049
 62   127.256 54393.09102010 25.57 127.689575  50.475599 26.049
 62   127.359 54393.09102074 28.57 127.688125  50.472359 26.049
 63   126.772 54428.09098590 41.88 127.689031  50.482901 14.686
 63   126.864 54428.09098654 37.80 127.687591  50.479671 14.686
 63   126.580 54428.09098719 37.95 127.686141  50.476441 14.686
 65   127.729 54498.09099485 22.82 127.689688  50.483386  6.631
 65   127.726 54498.09099550 22.70 127.688248  50.480156  6.631
 65   127.703 54498.09099614 23.99 127.686798  50.476926  6.631
 65   127.677 54498.09099679 23.32 127.685358  50.473696  6.631
 66   127.554 54533.09101140 26.79 127.692537  50.478553 13.029
 66   127.601 54533.09101205 29.26 127.691097  50.475323 13.029
 66   127.651 54533.09101269 27.96 127.689647  50.472093 13.029
 67   128.114 54568.09099905 30.92 127.685468  50.483966 27.300
 67   128.085 54568.09099969 33.07 127.684018  50.480736 27.300
 67   128.096 54568.09100034 38.66 127.682578  50.477506 27.300
 68   127.373 54603.09100603 52.22 127.690900  50.479570 25.465
 68   127.400 54603.09100667 45.36 127.689450  50.476330 25.465
 68   127.419 54603.09100731 42.43 127.688010  50.473100 25.465
 69   126.992 54638.09101696 35.66 127.688442  50.481317 22.833
 69   126.889 54638.09101761 28.07 127.686992  50.478077 22.833
 69   127.398 54638.09101825 22.92 127.685552  50.474847 22.833
 70   127.455 54673.09101958 34.31 127.688734  50.482823 24.339
 70   127.306 54673.09102023 32.09 127.687294  50.479583 24.339
 70   127.184 54673.09102087 28.35 127.685844  50.476353 24.339
 71   127.898 54708.09097846 30.20 127.688046  50.482265 21.792
 71   127.533 54708.09097910 33.95 127.686596  50.479035 21.792
 71   127.545 54708.09097975 32.46 127.685156  50.475805 21.792
 72 14575.265 54743.09098552 48.74 127.692397  50.481330 25.518
 72 14575.440 54743.09098617 52.36 127.690947  50.478100 25.518
 72 14575.272 54743.09098681 50.43 127.689507  50.474870 25.518
 72 14575.167 54743.09098746 49.03 127.688057  50.471640 25.518
 73   127.052 54778.09096096 46.16 127.689736  50.481988 16.313
 73   127.052 54778.09096160 43.36 127.688286  50.478748 16.313
 73   127.053 54778.09096224 45.15 127.686846  50.475518 16.313
 74   127.880 54813.09097950 25.05 127.693615  50.477774  9.597
 74   127.821 54813.09098014 27.08 127.692175  50.474544  9.597
 74   127.783 54813.09098079 27.07 127.690725  50.471314  9.597
 75   127.800 54848.09096062 17.24 127.687240  50.481759  5.781
 75   127.902 54848.09096127 18.18 127.685800  50.478529  5.781
 75   127.978 54848.09096191 17.52 127.684350  50.475289  5.781
 76   127.911 54883.09098271 11.60 127.691122  50.480202  3.422
 76   127.770 54883.09098335 11.71 127.689682  50.476972  3.422
 76   128.058 54883.09098400 10.95 127.688232  50.473742  3.422
 77   129.530 54918.09096247  7.45 127.683260  50.486450  3.546
 77   130.624 54918.09096311  8.67 127.681810  50.483220  3.546
 77   131.417 54918.09096376  8.78 127.680370  50.479990  3.546
 78   128.285 54953.09097653 28.71 127.690885  50.479928 32.288
 78   127.970 54953.09097718 21.22 127.689435  50.476688 32.288
 78   128.105 54953.09097782 27.50 127.687995  50.473458 32.288
 79   127.995 54988.09100076 25.20 127.689008  50.481096 22.245
 79   127.865 54988.09100141 27.49 127.687558  50.477856 22.245
 79   127.874 54988.09100205 31.25 127.686118  50.474626 22.245
 80   128.024 55023.09099286 48.63 127.690102  50.481730 23.970
 80   127.553 55023.09099350 52.32 127.688652  50.478490 23.970
 80   127.595 55023.09099415 51.88 127.687212  50.475260 23.970
 81   127.905 55058.09098831 48.60 127.689417  50.481144 24.106
 81   127.903 55058.09098895 50.26 127.687977  50.477904 24.106
 81   127.904 55058.09098960 49.79 127.686527  50.474674 24.106
 82   128.797 55093.09094275 49.90 127.685421  50.485917 27.039
 82   128.802 55093.09094340 50.39 127.683981  50.482687 27.039
 82   128.882 55093.09094404 51.37 127.682531  50.479457 27.039
 83   127.539 55128.09092933 52.73 127.690977  50.480037 27.002
 83   127.539 55128.09092998 52.79 127.689537  50.476807 27.002
 83   127.556 55128.09093062 47.98 127.688087  50.473577 27.002
 84 14572.988 55163.09090520 44.54 127.687803  50.481012 18.148
 84 14572.721 55163.09090584 42.18 127.686363  50.477782 18.148
 84 14572.803 55163.09090649 42.76 127.684913  50.474542 18.148
 85   128.196 55198.09092017 15.26 127.693086  50.480724  5.210
 85   128.181 55198.09092081 16.19 127.691636  50.477484  5.210
 85   128.199 55198.09092146 16.11 127.690196  50.474254  5.210
 85   128.151 55198.09092210 16.73 127.688746  50.471024  5.210
 86   127.809 55233.09090914 10.31 127.685617  50.484091  3.542
 86   127.948 55233.09090978 10.77 127.684177  50.480851  3.542
 86   128.145 55233.09091043 11.75 127.682727  50.477621  3.542
 87   127.860 55268.09091525  8.19 127.690953  50.479718  3.233
 87   128.065 55268.09091590  8.65 127.689513  50.476488  3.233
 87   128.140 55268.09091654  8.95 127.688063  50.473258  3.233
 88   127.554 55303.09088836 24.96 127.686556  50.484388 17.935
 88   127.518 55303.09088900 27.00 127.685106  50.481158 17.935
 88   127.557 55303.09088965 25.65 127.683666  50.477918 17.935
 89   127.626 55338.09088849 25.89 127.689439  50.480478 24.917
 89   127.854 55338.09088913 21.95 127.687999  50.477248 24.917
 89   127.927 55338.09088978 33.47 127.686549  50.474008 24.917
 90   129.456 55373.09087892 39.16 127.690296  50.482253 18.110
 90   129.316 55373.09087956 37.41 127.688846  50.479013 18.110
 90   129.306 55373.09088021 31.11 127.687406  50.475783 18.110
 90   129.240 55373.09088085 32.82 127.685956  50.472553 18.110
 91   129.421 55408.09090010 52.00 127.692638  50.477750 30.195
 91   129.349 55408.09090075 49.60 127.691198  50.474520 30.195
 91   129.379 55408.09090139 52.87 127.689748  50.471290 30.195
 92   128.916 55443.09089737 52.11 127.689045  50.480486 34.577
 92   128.875 55443.09089802 55.43 127.687605  50.477246 34.577
 92   128.845 55443.09089866 47.91 127.686155  50.474016 34.577
 93   127.169 55478.09083655 55.73 127.684476  50.482964 26.078
 93   127.123 55478.09083719 50.69 127.683036  50.479734 26.078
 93   127.187 55478.09083784 51.67 127.681586  50.476504 26.078
