# NaN NaN NaN ;Mean Elev.(m), Avg Gradient(m/km), RMS Gradient(m/km) - SRTM1     
#    4.388  -0.279   8.908 ;Mean Elev.(m), Avg Gradient(m/km), RMS Gradient(m/km) - ASTER GDEM
#   14.263  -0.003   7.469 ;Mean Elev.(m), Avg Gradient(m/km), RMS Gradient(m/km) - GMTED2010 
  7    18.241 52466.06522163 20.33 136.750954  49.847599  6.253
  7    18.016 52466.06522228 19.85 136.749534  49.844359  6.253
  7    17.829 52466.06522292 19.82 136.748124  49.841119  6.253
  7    17.952 52466.06522357 19.40 136.746704  49.837889  6.253
  7    18.179 52466.06522421 19.40 136.745294  49.834649  6.253
  7    18.282 52466.06522486 20.79 136.743884  49.831419  6.253
  7    18.299 52466.06522550 23.12 136.742464  49.828179  6.253
  7    18.079 52466.06522615 26.58 136.741054  49.824949  6.253
  7    18.035 52466.06522679 20.09 136.739644  49.821709  6.253
  7    17.871 52466.06522744 18.75 136.738224  49.818469  6.253
  7    18.133 52466.06522808 18.66 136.736814  49.815239  6.253
  7    18.458 52466.06522873 19.37 136.735404  49.811999  6.253
  7    18.377 52466.06522937 23.01 136.733994  49.808769  6.253
  7    18.901 52466.06523001 18.02 136.732574  49.805529  6.253
  9    18.926 52536.06520347 32.85 136.755319  49.840333 29.330
  9    18.739 52536.06520411 33.09 136.753909  49.837103 29.330
  9    19.032 52536.06520476 36.09 136.752489  49.833863 29.330
  9    18.723 52536.06520540 33.45 136.751079  49.830633 29.330
  9    18.702 52536.06520605 35.49 136.749659  49.827393 29.330
  9    18.731 52536.06520669 34.02 136.748249  49.824163 29.330
  9    19.161 52536.06520734 46.37 136.746839  49.820923 29.330
  9    19.255 52536.06520798 48.24 136.745419  49.817693 29.330
  9    19.188 52536.06520863 41.42 136.744009  49.814453 29.330
  9    19.084 52536.06520927 37.15 136.742589  49.811213 29.330
  9    19.052 52536.06520992 34.03 136.741179  49.807983 29.330
  9    19.241 52536.06521056 46.88 136.739769  49.804743 29.330
  9    19.244 52536.06521121 46.77 136.738349  49.801513 29.330
 11    16.155 52606.06520319 26.28 136.749785  49.851504 13.105
 11    16.169 52606.06520384 29.31 136.748375  49.848264 13.105
 11    16.118 52606.06520448 27.92 136.746965  49.845034 13.105
 11    15.798 52606.06520513 28.84 136.745545  49.841794 13.105
 11    15.823 52606.06520577 29.81 136.744135  49.838564 13.105
 11    15.877 52606.06520642 32.24 136.742725  49.835324 13.105
 11    16.207 52606.06520706 31.76 136.741305  49.832084 13.105
 11    16.228 52606.06520770 32.44 136.739895  49.828854 13.105
 11    16.303 52606.06520835 32.59 136.738485  49.825614 13.105
 11    16.315 52606.06520899 32.08 136.737065  49.822384 13.105
 11    16.274 52606.06520964 31.65 136.735655  49.819144 13.105
 11    16.502 52606.06521028 36.70 136.734245  49.815914 13.105
 11    16.197 52606.06521093 30.92 136.732835  49.812674 13.105
 11    16.009 52606.06521157 29.72 136.731425  49.809435  4.961
 12    15.817 52641.06519615 16.20 136.752455  49.842926  4.309
 12    15.812 52641.06519679 16.83 136.751045  49.839686  4.309
 12    15.702 52641.06519744 16.67 136.749635  49.836456  4.309
 12    15.595 52641.06519808 18.02 136.748215  49.833216  4.309
 12    15.650 52641.06519873 18.00 136.746805  49.829986  4.309
 12    15.805 52641.06519937 18.28 136.745395  49.826746  4.309
 12    15.976 52641.06520002 18.18 136.743975  49.823516  4.309
 12    16.121 52641.06520066 17.50 136.742565  49.820276  4.309
 12    16.140 52641.06520131 18.15 136.741145  49.817036  4.309
 12    16.186 52641.06520195 17.92 136.739735  49.813806  4.309
 12    16.131 52641.06520260 16.80 136.738325  49.810566  4.309
 12    16.218 52641.06520324 15.67 136.736915  49.807336  4.309
 12    16.166 52641.06520388 15.67 136.735495  49.804096  4.309
 13    15.714 52676.06518511 16.94 136.749353  49.849530  5.126
 13    15.935 52676.06518576 16.69 136.747933  49.846300  5.126
 13    16.170 52676.06518640 16.82 136.746523  49.843060  5.126
 13    16.082 52676.06518705 17.84 136.745113  49.839820  5.126
 13    15.927 52676.06518769 17.51 136.743693  49.836590  5.126
 13    15.877 52676.06518833 17.84 136.742283  49.833350  5.126
 13    15.904 52676.06518898 18.50 136.740873  49.830120  5.126
 13    15.917 52676.06518962 18.73 136.739453  49.826880  5.126
 13    15.924 52676.06519027 19.24 136.738043  49.823650  5.126
 13    16.015 52676.06519091 18.73 136.736633  49.820410  5.126
 13    15.908 52676.06519156 18.66 136.735223  49.817170  5.126
 13    15.941 52676.06519220 18.61 136.733803  49.813940  5.126
 13    15.879 52676.06519285 17.00 136.732393  49.810700  5.126
 13    16.026 52676.06519349 16.60 136.730983  49.807470  5.126
 14    16.060 52711.06521107 15.43 136.752517  49.843702  5.636
 14    16.087 52711.06521172 15.69 136.751097  49.840462  5.636
 14    16.016 52711.06521236 16.67 136.749687  49.837232  5.636
 14    15.854 52711.06521300 17.22 136.748267  49.833992  5.636
 14    15.737 52711.06521365 18.99 136.746857  49.830762  5.636
 14    15.979 52711.06521429 18.82 136.745447  49.827522  5.636
 14    15.991 52711.06521494 19.07 136.744027  49.824292  5.636
 14    16.211 52711.06521558 18.79 136.742617  49.821052  5.636
 14    16.057 52711.06521623 18.61 136.741197  49.817812  5.636
 14    16.071 52711.06521687 18.37 136.739787  49.814582  5.636
 14    16.679 52711.06521752 18.14 136.738377  49.811342  5.636
 14    16.254 52711.06521816 17.46 136.736967  49.808112  5.636
 14    16.295 52711.06521881 17.26 136.735547  49.804872  5.636
 15    17.052 52746.06523381 37.92 136.749436  49.870692 28.380
 15    17.096 52746.06523445 37.65 136.748026  49.867452 28.380
 15    17.044 52746.06523510 34.67 136.746606  49.864222 28.380
 15    17.025 52746.06523574 31.65 136.745196  49.860982 28.380
 15    17.183 52746.06523639 33.84 136.743786  49.857752 28.380
 15    17.194 52746.06523703 33.44 136.742366  49.854512 28.380
 15    17.190 52746.06523768 35.54 136.740956  49.851272 28.380
 15    17.187 52746.06523832 33.37 136.739536  49.848042 28.380
 15    17.048 52746.06523897 29.98 136.738126  49.844802 28.380
 15    17.287 52746.06523961 33.42 136.736716  49.841572 28.380
 15    17.328 52746.06524025 31.82 136.735296  49.838332 28.380
 15    17.242 52746.06524090 30.81 136.733886  49.835102 28.380
 15    17.321 52746.06524154 36.46 136.732476  49.831862 28.380
 15    17.316 52746.06524219 38.67 136.731056  49.828622 28.380
 15    17.323 52746.06524283 38.26 136.729646  49.825392 28.380
 15    17.354 52746.06524348 36.53 136.728236  49.822152 28.380
 15    17.353 52746.06524412 33.30 136.726826  49.818922 28.380
 15    18.653 52746.06524477 29.50 136.725406  49.815682 28.380
 16    17.559 52781.06517694 26.89 136.754004  49.840548 25.286
 16    16.273 52781.06517759 27.78 136.752594  49.837308 25.286
 16    17.789 52781.06517823 30.70 136.751174  49.834074 10.289
 16    16.411 52781.06517888 25.45 136.749764  49.830834 10.289
 16    16.228 52781.06517952 23.96 136.748344  49.827604 10.289
 16    15.857 52781.06518017 24.28 136.746934  49.824364 10.289
 16    16.322 52781.06518081 21.13 136.745514  49.821134 10.289
 16    16.744 52781.06518146 19.71 136.744104  49.817894 10.289
 16    16.983 52781.06518210 19.55 136.742694  49.814664 10.289
 16    16.846 52781.06518275 22.36 136.741274  49.811424 10.289
 16    17.453 52781.06518339 17.17 136.739864  49.808184 10.289
 16    18.348 52781.06518404 16.10 136.738454  49.804954 10.289
 16    18.939 52781.06518468 17.47 136.737034  49.801714 10.289
 17    18.140 52816.06525761 19.97 136.753448  49.842793  9.812
 17    17.564 52816.06525825 18.17 136.752028  49.839553  9.812
 17    17.147 52816.06525890 22.76 136.750618  49.836323  9.812
 17    17.295 52816.06525954 26.68 136.749198  49.833083  9.812
 17    17.131 52816.06526019 21.68 136.747788  49.829853  9.812
 17    17.291 52816.06526083 20.63 136.746378  49.826613  9.812
 17    17.469 52816.06526148 18.19 136.744958  49.823383  9.812
 17    16.972 52816.06526212 16.88 136.743548  49.820143  9.812
 17    17.140 52816.06526277 18.11 136.742128  49.816903  9.812
 17    17.418 52816.06526341 20.28 136.740718  49.813673  9.812
 17    17.446 52816.06526406 21.91 136.739308  49.810433  9.812
 17    17.425 52816.06526470 21.74 136.737888  49.807203  9.812
 17    17.477 52816.06526535 19.93 136.736478  49.803963  9.812
 18    19.738 52851.06530886 32.60 136.754310  49.843855 15.239
 18    19.579 52851.06530951 26.59 136.752900  49.840625 15.239
 18    19.670 52851.06531015 29.18 136.751480  49.837385 15.239
 18    19.666 52851.06531080 36.46 136.750070  49.834155 15.239
 18    19.707 52851.06531144 24.03 136.748650  49.830915 15.239
 18    19.201 52851.06531208 14.57 136.747240  49.827685 15.239
 18    19.316 52851.06531273 14.18 136.745830  49.824445 15.239
 18    19.339 52851.06531337 13.93 136.744410  49.821215 15.239
 18    19.309 52851.06531402 13.54 136.743000  49.817975 15.239
 18    19.261 52851.06531466 14.29 136.741590  49.814735 15.239
 18    19.641 52851.06531531 15.88 136.740170  49.811505 15.239
 18    19.701 52851.06531595 16.59 136.738760  49.808265 15.239
 18    19.538 52851.06531660 17.66 136.737350  49.805035 15.239
 19    20.852 52886.06534224 46.61 136.748858  49.851671 33.220
 19    20.871 52886.06534288 50.57 136.747438  49.848431 33.220
 19    20.945 52886.06534353 46.72 136.746028  49.845201 33.220
 19    21.025 52886.06534417 45.21 136.744608  49.841961 33.220
 19    21.043 52886.06534482 47.71 136.743198  49.838721 33.220
 19    21.036 52886.06534546 41.15 136.741788  49.835491 33.220
 19    20.953 52886.06534611 46.22 136.740368  49.832251 33.220
 19    20.947 52886.06534675 45.61 136.738958  49.829021 33.220
 19    20.918 52886.06534740 36.94 136.737548  49.825781 33.220
 19    20.978 52886.06534804 33.21 136.736128  49.822551 33.220
 19    20.786 52886.06534869 28.11 136.734718  49.819311 33.220
 19    20.938 52886.06534933 27.94 136.733308  49.816071 33.220
 19    21.145 52886.06534998 43.23 136.731888  49.812841 33.220
 19    21.143 52886.06535062 47.95 136.730478  49.809601 33.220
 20    20.323 52921.06529825 20.02 136.747310  49.850207 12.777
 20    19.965 52921.06529890 24.91 136.745900  49.846967 12.777
 20    19.974 52921.06529954 30.10 136.744490  49.843727 12.777
 20    20.355 52921.06530019 27.83 136.743070  49.840497 12.777
 20    20.429 52921.06530083 21.56 136.741660  49.837257 12.777
 20    20.199 52921.06530148 22.81 136.740250  49.834027 12.777
 20    19.890 52921.06530212 20.81 136.738830  49.830787 12.777
 20    19.701 52921.06530277 20.89 136.737420  49.827557 12.777
 20    19.538 52921.06530341 20.92 136.736010  49.824317 12.777
 20    19.647 52921.06530406 19.45 136.734590  49.821077 12.777
 20    19.699 52921.06530470 19.96 136.733180  49.817847 12.777
 20    19.886 52921.06530535 21.07 136.731770  49.814607 12.777
 20    19.995 52921.06530599 25.47 136.730360  49.811377 12.777
 21    17.787 52956.06526508 48.96 136.757677  49.836530 24.672
 21    17.852 52956.06526573 51.84 136.756267  49.833300 24.672
 21    17.806 52956.06526637 40.59 136.754847  49.830060 24.672
 21    17.519 52956.06526702 36.40 136.753437  49.826830 24.672
 21    17.639 52956.06526766 34.30 136.752027  49.823590 24.672
 21    17.861 52956.06526831 34.68 136.750607  49.820360 24.672
 21    17.972 52956.06526895 42.59 136.749197  49.817120 24.672
 21    18.006 52956.06526960 43.22 136.747787  49.813880 24.672
 21    18.070 52956.06527024 41.51 136.746367  49.810650 24.672
 21    18.013 52956.06527089 37.20 136.744957  49.807410 24.672
 21    18.118 52956.06527153 38.61 136.743547  49.804180 24.672
 21    18.184 52956.06527217 44.41 136.742127  49.800940 24.672
 22    16.998 52991.06528139 12.98 136.754384  49.837735  3.556
 22    16.832 52991.06528204 13.89 136.752974  49.834495  3.556
 22    16.610 52991.06528268 14.47 136.751554  49.831265  3.556
 22    16.733 52991.06528333 14.80 136.750144  49.828025  3.556
 22    16.950 52991.06528397 15.00 136.748724  49.824785  3.556
 22    17.374 52991.06528462 14.48 136.747314  49.821555  3.556
 22    17.543 52991.06528526 14.42 136.745904  49.818315  3.556
 22    17.546 52991.06528591 14.39 136.744494  49.815085  3.556
 22    17.570 52991.06528655 14.76 136.743074  49.811845  3.556
 22    17.554 52991.06528719 13.83 136.741664  49.808609  3.426
 22    17.567 52991.06528784 13.16 136.740254  49.805379  3.426
 22    17.617 52991.06528848 13.24 136.738844  49.802139  3.426
 23    16.808 53026.06524630 11.57 136.753973  49.844317  3.825
 23    16.734 53026.06524695 11.68 136.752563  49.841087  3.825
 23    16.707 53026.06524759 11.36 136.751153  49.837847  3.825
 23    16.365 53026.06524823 12.96 136.749743  49.834617  3.825
 23    16.453 53026.06524888 13.87 136.748323  49.831377  3.825
 23    16.652 53026.06524952 13.80 136.746913  49.828137  3.825
 23    17.035 53026.06525017 12.80 136.745503  49.824907  3.825
 23    17.123 53026.06525081 13.21 136.744083  49.821667  3.825
 23    17.210 53026.06525146 13.55 136.742673  49.818437  3.825
 23    17.244 53026.06525210 13.47 136.741263  49.815197  3.825
 23    17.360 53026.06525275 11.30 136.739853  49.811957  3.825
 23    17.176 53026.06525339 11.69 136.738443  49.808727  3.825
 23    16.948 53026.06525404 12.12 136.737023  49.805487  3.825
 24    16.265 53061.06525734 11.17 136.756716  49.838780  3.574
 24    15.934 53061.06525799 11.75 136.755296  49.835540  3.574
 24    15.407 53061.06525863 13.53 136.753886  49.832310  3.574
 24    15.652 53061.06525928 14.53 136.752476  49.829070  3.574
 24    15.910 53061.06525992 13.22 136.751056  49.825840  3.574
 24    16.348 53061.06526057 13.28 136.749646  49.822600  3.574
 24    16.472 53061.06526121 13.05 136.748236  49.819360  3.574
 24    16.558 53061.06526186 12.94 136.746816  49.816130  3.574
 24    16.592 53061.06526250 12.79 136.745406  49.812890  3.574
 24    16.510 53061.06526315 12.87 136.743996  49.809660  3.574
 24    17.098 53061.06526379 12.02 136.742586  49.806420  3.574
 24    16.627 53061.06526443 11.03 136.741170  49.803183  2.717
 24    16.795 53061.06526508 11.33 136.739760  49.799953  2.717
 25    17.759 53096.06528057  6.48 136.750011  49.872388  2.615
 25    17.778 53096.06528122  6.16 136.748601  49.869158  2.615
 25    17.874 53096.06528186  6.15 136.747191  49.865918  2.615
 25    18.211 53096.06528251  5.93 136.745773  49.862683  3.753
 25    18.087 53096.06528315  6.02 136.744353  49.859443  3.753
 25    18.120 53096.06528380  6.37 136.742943  49.856213  3.753
 25    18.508 53096.06528444  6.56 136.741533  49.852973  3.753
 25    18.886 53096.06528509  7.75 136.740113  49.849743  3.753
 25    19.500 53096.06528573  7.39 136.738703  49.846503  3.753
 25    18.916 53096.06528638  7.91 136.737293  49.843263  3.753
 25    18.692 53096.06528702  8.14 136.735873  49.840033  3.753
 25    18.487 53096.06528767  9.43 136.734463  49.836793  3.753
 25    18.205 53096.06528831 10.49 136.733053  49.833563  3.753
 25    18.131 53096.06528895 10.05 136.731633  49.830323  3.753
 25    18.010 53096.06528960  9.69 136.730223  49.827093  3.753
 25    17.452 53096.06529024 11.40 136.728813  49.823853  3.753
 25    17.206 53096.06529089 11.15 136.727403  49.820613  3.753
 25    17.380 53096.06529153  9.38 136.725983  49.817383  3.753
 25    16.785 53096.06529218 10.04 136.724573  49.814143  3.753
 26    20.399 53131.06525967 18.49 136.757133  49.835760 18.032
 26    20.474 53131.06526031 15.10 136.755723  49.832520 18.032
 26    20.754 53131.06526096 32.43 136.754313  49.829290 18.032
 26    20.348 53131.06526160 32.60 136.752893  49.826050 18.032
 26    20.389 53131.06526225 35.16 136.751483  49.822820 18.032
 26    20.565 53131.06526289 29.96 136.750073  49.819580 18.032
 26    20.549 53131.06526354 21.27 136.748653  49.816340 18.032
 26    19.732 53131.06526418 16.39 136.747243  49.813110 18.032
 26    19.850 53131.06526483 24.24 136.745833  49.809870 18.032
 26    20.072 53131.06526547 22.47 136.744413  49.806640 18.032
 26    20.308 53131.06526612 21.37 136.743003  49.803400 18.032
 26    19.697 53131.06526676 21.78 136.741593  49.800170 18.032
 28    18.789 53201.06533265 39.48 136.751404  49.847494 17.514
 28    18.790 53201.06533329 44.23 136.749984  49.844264 17.514
 28    18.729 53201.06533393 41.22 136.748574  49.841024 17.514
 28    19.023 53201.06533458 35.16 136.747164  49.837794 17.514
 28    19.089 53201.06533522 31.38 136.745744  49.834554 17.514
 28    18.897 53201.06533587 43.57 136.744334  49.831324 17.514
 28    18.920 53201.06533651 39.11 136.742924  49.828084 17.514
 28    18.853 53201.06533716 31.57 136.741504  49.824854 17.514
 28    18.755 53201.06533780 22.60 136.740094  49.821614 17.514
 28    18.607 53201.06533845 21.49 136.738684  49.818374 17.514
 28    18.891 53201.06533909 20.97 136.737264  49.815144 17.514
 28    19.174 53201.06533974 21.24 136.735854  49.811904 17.514
 28    20.092 53201.06534038 20.94 136.734444  49.808664 17.514
 28    19.646 53201.06534103 25.79 136.733034  49.805434 17.514
 29    20.083 53236.06530307 37.68 136.752797  49.842570 20.077
 29    20.105 53236.06530371 38.48 136.751387  49.839330 20.077
 29    20.118 53236.06530436 44.35 136.749977  49.836100 20.077
 29    20.188 53236.06530500 42.30 136.748557  49.832860 20.077
 29    19.752 53236.06530565 30.12 136.747147  49.829630 20.077
 29    19.487 53236.06530629 30.64 136.745737  49.826390 20.077
 29    19.764 53236.06530694 26.56 136.744317  49.823160 20.077
 29    19.556 53236.06530758 22.42 136.742907  49.819920 20.077
 29    19.256 53236.06530822 22.64 136.741497  49.816680 20.077
 29    19.646 53236.06530887 22.09 136.740087  49.813450 20.077
 29    20.063 53236.06530951 24.78 136.738677  49.810210 20.077
 29    20.221 53236.06531016 28.68 136.737257  49.806970 20.077
 29    20.359 53236.06531080 38.17 136.735847  49.803740 20.077
 30    18.663 53271.06526407 50.78 136.757105  49.836600 18.222
 30    18.514 53271.06526472 52.20 136.755685  49.833360 18.222
 30    18.345 53271.06526536 41.21 136.754275  49.830130 18.222
 30    19.214 53271.06526601 33.37 136.752855  49.826890 18.222
 30    19.739 53271.06526665 32.34 136.751445  49.823650 18.222
 30    19.749 53271.06526730 35.13 136.750035  49.820420 18.222
 30    18.587 53271.06526794 47.15 136.748615  49.817180 18.222
 30    18.567 53271.06526859 47.19 136.747205  49.813950 18.222
 30    18.478 53271.06526923 50.15 136.745795  49.810710 18.222
 30    18.491 53271.06526988 48.70 136.744377  49.807475 24.073
 30    18.533 53271.06527052 51.27 136.742967  49.804235 24.073
 30    18.532 53271.06527117 51.78 136.741547  49.801005 24.073
 31    17.588 53306.06532541 51.08 136.749271  49.849857 33.035
 31    17.609 53306.06532605 52.82 136.747851  49.846617 33.035
 31    17.537 53306.06532669 46.51 136.746441  49.843377 33.035
 31    17.556 53306.06532734 46.85 136.745021  49.840147 33.035
 31    17.522 53306.06532798 40.69 136.743611  49.836907 33.035
 31    17.484 53306.06532863 41.62 136.742201  49.833677 33.035
 31    17.546 53306.06532927 49.16 136.740781  49.830437 33.035
 31    17.551 53306.06532992 49.33 136.739371  49.827207 33.035
 31    17.574 53306.06533056 51.42 136.737961  49.823967 33.035
 31    17.621 53306.06533121 49.29 136.736541  49.820737 33.035
 31    17.691 53306.06533185 50.69 136.735131  49.817497 33.035
 31    17.733 53306.06533250 49.66 136.733721  49.814257 33.035
 31    17.765 53306.06533314 50.36 136.732301  49.811027 33.035
 31    17.808 53306.06533379 48.53 136.730891  49.807787 33.035
 32    15.934 53341.06529285 30.15 136.749114  49.851900 26.165
 32    16.032 53341.06529349 35.93 136.747694  49.848670 26.165
 32    16.068 53341.06529414 32.25 136.746284  49.845430 26.165
 32    15.646 53341.06529478 30.78 136.744874  49.842190 26.165
 32    15.686 53341.06529543 31.07 136.743454  49.838960 26.165
 32    15.830 53341.06529607 31.33 136.742044  49.835720 26.165
 32    15.963 53341.06529672 34.43 136.740634  49.832490 26.165
 32    16.094 53341.06529736 37.40 136.739214  49.829250 26.165
 32    16.202 53341.06529800 44.79 136.737804  49.826020 26.165
 32    16.232 53341.06529865 44.83 136.736394  49.822780 26.165
 32    16.014 53341.06529929 41.30 136.734974  49.819540 26.165
 32    16.392 53341.06529994 38.13 136.733564  49.816310 26.165
 32    16.456 53341.06530058 46.06 136.732154  49.813070 26.165
 32    16.568 53341.06530123 43.39 136.730744  49.809840 26.165
 33    16.537 53376.06522264 19.95 136.748914  49.852001  5.990
 33    16.766 53376.06522328 20.83 136.747494  49.848771  5.990
 33    16.874 53376.06522393 21.12 136.746084  49.845531  5.990
 33    16.948 53376.06522457 20.39 136.744664  49.842291  5.990
 33    16.939 53376.06522522 20.66 136.743254  49.839061  5.990
 33    16.865 53376.06522586 20.21 136.741844  49.835821  5.990
 33    16.669 53376.06522650 20.55 136.740434  49.832591  5.990
 33    16.784 53376.06522715 20.07 136.739014  49.829351  5.990
 33    16.869 53376.06522779 20.94 136.737604  49.826121  5.990
 33    16.957 53376.06522844 19.70 136.736194  49.822881  5.990
 33    16.970 53376.06522908 20.50 136.734784  49.819641  5.990
 33    16.987 53376.06522973 19.97 136.733364  49.816411  5.990
 33    16.974 53376.06523037 19.50 136.731954  49.813171  5.990
 33    17.055 53376.06523102 19.73 136.730544  49.809941  5.990
 34    16.552 53411.06526950 14.72 136.752934  49.841596  4.075
 34    16.543 53411.06527014 15.81 136.751514  49.838356  4.075
 34    16.355 53411.06527079 16.05 136.750104  49.835116  4.075
 34    16.061 53411.06527143 15.94 136.748694  49.831886  4.075
 34    15.870 53411.06527208 16.44 136.747274  49.828646  4.075
 34    16.072 53411.06527272 16.45 136.745864  49.825416  4.075
 34    16.329 53411.06527337 16.27 136.744454  49.822176  4.075
 34    16.397 53411.06527401 15.53 136.743034  49.818946  4.075
 34    16.381 53411.06527466 15.51 136.741624  49.815706  4.075
 34    16.481 53411.06527530 16.53 136.740214  49.812466  4.075
 34    16.553 53411.06527594 15.28 136.738804  49.809236  4.075
 34    17.141 53411.06527659 14.86 136.737384  49.805996  4.075
 34    16.638 53411.06527723 15.02 136.735974  49.802766  4.075
 35    16.901 53446.06524596 20.35 136.753538  49.871633  8.248
 35    16.627 53446.06524983 20.73 136.745057  49.852217 12.458
 35    16.839 53446.06525047 22.63 136.743637  49.848987 12.458
 35    17.049 53446.06525112 22.79 136.742227  49.845747 12.458
 35    17.089 53446.06525176 24.21 136.740817  49.842517 12.458
 35    17.024 53446.06525241 22.68 136.739397  49.839277 12.458
 35    16.832 53446.06525305 23.30 136.737987  49.836037 12.458
 35    16.565 53446.06525370 25.73 136.736577  49.832807 12.458
 35    16.440 53446.06525434 28.11 136.735157  49.829567 12.458
 35    16.383 53446.06525499 27.72 136.733747  49.826337 12.458
 35    16.368 53446.06525563 27.62 136.732337  49.823097 12.458
 35    16.648 53446.06525628 23.91 136.730927  49.819857 12.458
 35    16.608 53446.06525692 21.83 136.729517  49.816627 12.458
 35    16.575 53446.06525757 20.65 136.728097  49.813387 12.458
 36    18.567 53481.06533494 29.54 136.748659  49.848458 32.696
 36    17.582 53481.06533559 35.12 136.747249  49.845228 32.696
 36    17.640 53481.06533623 40.29 136.745829  49.841988 32.696
 36    17.594 53481.06533688 37.85 136.744419  49.838758 32.696
 36    17.645 53481.06533752 42.15 136.742999  49.835518 32.696
 36    17.489 53481.06533817 39.98 136.741589  49.832288 32.696
 36    17.647 53481.06533881 42.62 136.740179  49.829048 32.696
 36    17.775 53481.06533945 45.23 136.738759  49.825818 32.696
 36    17.675 53481.06534010 42.98 136.737349  49.822578 32.696
 36    17.720 53481.06534074 40.98 136.735929  49.819338 32.696
 36    17.788 53481.06534139 38.28 136.734519  49.816108 32.696
 36    17.703 53481.06534203 36.05 136.733109  49.812868 32.696
 36    17.912 53481.06534268 37.56 136.731699  49.809638 32.696
 37    20.891 53516.06533898 32.53 136.750759  49.847904 25.108
 37    20.454 53516.06533962 26.58 136.749339  49.844664 25.108
 37    20.590 53516.06534027 34.93 136.747929  49.841424 25.108
 37    20.589 53516.06534091 43.83 136.746509  49.838194 25.108
 37    20.689 53516.06534156 47.44 136.745099  49.834954 25.108
 37    20.490 53516.06534220 25.95 136.743689  49.831724 25.108
 37    20.081 53516.06534285 17.18 136.742269  49.828484 25.108
 37    19.700 53516.06534349 18.61 136.740859  49.825254 25.108
 37    19.834 53516.06534414 17.89 136.739449  49.822014 25.108
 37    19.847 53516.06534478 18.43 136.738039  49.818774 25.108
 37    20.148 53516.06534542 19.59 136.736619  49.815544 25.108
 37    20.141 53516.06534607 23.43 136.735209  49.812304 25.108
 37    20.458 53516.06534671 26.44 136.733799  49.809074 25.108
 37    20.595 53516.06534736 37.04 136.732389  49.805834 25.108
 38    20.201 53551.06535465 45.74 136.754064  49.871363 36.865
 38    20.102 53551.06535852 44.12 136.745575  49.851950 29.971
 38    20.138 53551.06535917 43.57 136.744155  49.848710 29.971
 38    20.204 53551.06535981 42.73 136.742745  49.845470 29.971
 38    20.279 53551.06536046 45.02 136.741325  49.842240 29.971
 38    20.267 53551.06536110 43.67 136.739915  49.839000 29.971
 38    20.284 53551.06536174 43.20 136.738505  49.835770 29.971
 38    20.301 53551.06536239 45.35 136.737085  49.832530 29.971
 38    20.322 53551.06536303 44.68 136.735675  49.829300 29.971
 38    20.353 53551.06536368 47.26 136.734265  49.826060 29.971
 38    20.364 53551.06536432 48.48 136.732845  49.822820 29.971
 38    20.377 53551.06536497 44.30 136.731435  49.819590 29.971
 38    20.373 53551.06536561 46.66 136.730025  49.816350 29.971
 38    20.384 53551.06536626 48.31 136.728615  49.813120 29.971
 39    19.229 53586.06531641 46.77 136.751301  49.848840 31.968
 39    19.324 53586.06531705 44.39 136.749881  49.845610 31.968
 39    19.396 53586.06531770 45.22 136.748471  49.842370 31.968
 39    19.333 53586.06531834 46.57 136.747061  49.839130 31.968
 39    19.271 53586.06531899 42.33 136.745641  49.835900 31.968
 39    19.317 53586.06531963 46.84 136.744231  49.832660 31.968
 39    19.427 53586.06532027 46.90 136.742821  49.829430 31.968
 39    19.484 53586.06532092 45.24 136.741401  49.826190 31.968
 39    19.485 53586.06532156 47.70 136.739991  49.822960 31.968
 39    19.447 53586.06532221 45.58 136.738581  49.819720 31.968
 39    19.421 53586.06532285 43.69 136.737171  49.816480 31.968
 39    19.250 53586.06532350 34.98 136.735751  49.813250 31.968
 39    19.191 53586.06532414 34.71 136.734341  49.810010 31.968
 39    19.158 53586.06532479 32.14 136.732931  49.806780 31.968
 40    18.323 53621.06527753 48.27 136.753246  49.846885 23.699
 40    18.339 53621.06527817 47.71 136.751826  49.843645 23.699
 40    18.430 53621.06527882 49.74 136.750416  49.840415 23.699
 40    18.487 53621.06527946 43.75 136.748996  49.837175 23.699
 40    18.728 53621.06528011 36.56 136.747586  49.833945 23.699
 40    18.480 53621.06528075 39.47 136.746166  49.830705 23.699
 40    18.516 53621.06528140 45.25 136.744756  49.827465 23.699
 40    18.605 53621.06528204 50.54 136.743336  49.824235 23.699
 40    18.594 53621.06528269 47.90 136.741926  49.820995 23.699
 40    18.573 53621.06528333 48.30 136.740516  49.817765 23.699
 40    18.559 53621.06528398 45.31 136.739096  49.814525 23.699
 40    18.607 53621.06528462 45.86 136.737686  49.811290 19.478
 40    18.643 53621.06528527 41.18 136.736276  49.808050 19.478
 40    18.619 53621.06528591 38.39 136.734856  49.804820 19.478
 41    18.295 53656.06530668 22.26 136.751962  49.844149 11.141
 41    17.356 53656.06530733 26.10 136.750542  49.840909 11.141
 41    16.934 53656.06530797 27.52 136.749132  49.837679 11.141
 41    18.482 53656.06530862 26.83 136.747712  49.834439 11.141
 41    18.648 53656.06530926 25.37 136.746302  49.831209 11.141
 41    18.198 53656.06530991 21.80 136.744892  49.827969 11.141
 41    18.689 53656.06531055 19.57 136.743472  49.824739 11.141
 41    17.129 53656.06531120 19.21 136.742062  49.821499 11.141
 41    17.452 53656.06531184 19.17 136.740642  49.818259 11.141
 41    17.348 53656.06531248 25.70 136.739232  49.815029 11.141
 41    17.411 53656.06531313 32.60 136.737822  49.811789 11.141
 41    17.461 53656.06531377 27.34 136.736412  49.808559 11.141
 41    17.398 53656.06531442 29.37 136.734992  49.805319 11.141
 42    16.139 53691.06529491 34.18 136.748654  49.851795 29.707
 42    16.204 53691.06529556 37.66 136.747234  49.848565 29.707
 42    16.114 53691.06529620 34.54 136.745824  49.845325 29.707
 42    15.906 53691.06529685 37.14 136.744414  49.842095 29.707
 42    15.907 53691.06529749 31.43 136.742994  49.838855 29.707
 42    15.868 53691.06529814 34.16 136.741584  49.835615 29.707
 42    16.161 53691.06529878 36.17 136.740174  49.832385 29.707
 42    16.281 53691.06529943 43.07 136.738754  49.829145 29.707
 42    16.346 53691.06530007 50.51 136.737344  49.825915 29.707
 42    16.221 53691.06530072 50.28 136.735934  49.822675 29.707
 42    16.184 53691.06530136 46.73 136.734524  49.819445 29.707
 42    16.412 53691.06530201 48.44 136.733104  49.816205 29.707
 42    16.478 53691.06530265 50.33 136.731694  49.812965 29.707
 42    16.500 53691.06530329 47.34 136.730284  49.809735 29.707
 43    16.813 53726.06521845 21.98 136.747875  49.853549 14.763
 43    16.892 53726.06521910 26.66 136.746455  49.850309 14.763
 43    16.936 53726.06521974 31.47 136.745045  49.847079 14.763
 43    16.948 53726.06522039 31.35 136.743635  49.843839 14.763
 43    16.904 53726.06522103 26.41 136.742215  49.840599 14.763
 43    16.976 53726.06522168 29.27 136.740805  49.837369 14.763
 43    17.046 53726.06522232 25.32 136.739395  49.834129 14.763
 43    16.954 53726.06522297 20.34 136.737985  49.830899 14.763
 43    16.815 53726.06522361 19.10 136.736565  49.827659 14.763
 43    17.001 53726.06522426 17.81 136.735155  49.824429 14.763
 43    16.996 53726.06522490 16.51 136.733745  49.821189 14.763
 43    16.957 53726.06522555 16.94 136.732335  49.817949 14.763
 43    16.879 53726.06522619 16.00 136.730925  49.814719 14.763
 43    16.624 53726.06522684 16.52 136.729505  49.811479 14.763
 44    16.459 53761.06517046 12.13 136.759633  49.835969  3.460
 44    16.493 53761.06517110 12.56 136.758213  49.832729  3.460
 44    16.251 53761.06517175 13.83 136.756803  49.829499  3.460
 44    16.268 53761.06517239 14.30 136.755393  49.826259  3.460
 44    16.317 53761.06517304 14.24 136.753973  49.823029  3.460
 44    16.506 53761.06517368 13.39 136.752563  49.819789  3.460
 44    16.619 53761.06517433 13.40 136.751143  49.816549  3.460
 44    16.691 53761.06517497 13.66 136.749733  49.813319  3.460
 44    16.800 53761.06517562 13.11 136.748323  49.810079  3.460
 44    17.061 53761.06517626 12.50 136.746903  49.806849  3.460
 44    17.291 53761.06517691 12.49 136.745493  49.803609  3.460
 44    17.178 53761.06517755 12.34 136.744080  49.800374  2.528
 44    17.150 53761.06517819 11.74 136.742670  49.797134  2.528
 45    16.657 53796.06518381  8.22 136.749950  49.846762  2.834
 45    16.712 53796.06518446  8.24 136.748540  49.843532  2.834
 45    16.503 53796.06518510  8.56 136.747120  49.840292  2.834
 45    16.496 53796.06518575  8.68 136.745710  49.837052  2.834
 45    16.127 53796.06518639  9.31 136.744300  49.833822  2.834
 45    15.974 53796.06518704  9.47 136.742880  49.830582  2.834
 45    16.117 53796.06518768  9.70 136.741470  49.827352  2.834
 45    16.393 53796.06518833 10.08 136.740060  49.824112  2.834
 45    16.310 53796.06518897 10.95 136.738650  49.820882  2.834
 45    16.561 53796.06518962  9.33 136.737230  49.817642  2.834
 45    16.513 53796.06519026  9.46 136.735820  49.814402  2.834
 45    16.596 53796.06519090  8.67 136.734410  49.811172  2.834
 45    16.599 53796.06519155  8.48 136.733000  49.807932  2.834
 47    18.632 53866.06524120 30.53 136.751220  49.844722 17.792
 47    19.143 53866.06524184 27.94 136.749810  49.841482 17.792
 47    19.315 53866.06524249 29.82 136.748400  49.838252 17.792
 47    19.365 53866.06524313 27.56 136.746980  49.835012 17.792
 47    18.722 53866.06524377 29.45 136.745570  49.831772 17.792
 47    18.805 53866.06524442 28.37 136.744150  49.828542 17.792
 47    18.828 53866.06524506 23.09 136.742740  49.825302 17.792
 47    18.704 53866.06524571 18.82 136.741330  49.822072 17.792
 47    18.536 53866.06524635 18.81 136.739910  49.818832 17.792
 47    18.783 53866.06524700 22.10 136.738500  49.815602 17.792
 47    18.946 53866.06524764 22.90 136.737090  49.812362 17.792
 47    20.762 53866.06524829 23.83 136.735670  49.809122 17.792
 47    19.272 53866.06524893 27.24 136.734260  49.805892 17.792
 49    19.902 53936.06530489 48.07 136.751042  49.870015 36.091
 49    19.889 53936.06530553 49.44 136.749622  49.866775 36.091
 49    19.913 53936.06530746 47.49 136.745382  49.857075 36.091
 49    19.872 53936.06530811 46.15 136.743972  49.853835 36.091
 49    19.880 53936.06530875 49.39 136.742553  49.850600 47.268
 49    19.745 53936.06530940 38.65 136.741143  49.847360 47.268
 49    19.824 53936.06531004 48.52 136.739723  49.844130 47.268
 49    19.830 53936.06531069 51.04 136.738313  49.840890 47.268
 49    19.830 53936.06531133 51.77 136.736893  49.837660 47.268
 49    19.845 53936.06531198 52.41 136.735483  49.834420 47.268
 49    19.861 53936.06531262 52.05 136.734073  49.831180 47.268
 49    19.897 53936.06531327 52.10 136.732653  49.827950 47.268
 49    19.945 53936.06531391 51.58 136.731243  49.824710 47.268
 49    19.922 53936.06531456 43.95 136.729833  49.821480 47.268
 49    19.991 53936.06531520 45.51 136.728413  49.818240 47.268
 49    20.031 53936.06531584 47.26 136.727003  49.815010 47.268
 50    21.102 53971.06527190 30.19 136.753112  49.870508 26.790
 50    21.208 53971.06527512 27.43 136.746042  49.854328 26.790
 50    21.140 53971.06527577 23.79 136.744622  49.851088 26.790
 50    20.862 53971.06527641 25.59 136.743205  49.847853 26.097
 50    21.004 53971.06527706 26.39 136.741795  49.844613 26.097
 50    21.080 53971.06527770 26.36 136.740385  49.841383 26.097
 50    21.102 53971.06527835 27.94 136.738965  49.838143 26.097
 50    21.108 53971.06527899 26.95 136.737555  49.834913 26.097
 50    20.995 53971.06527964 23.07 136.736145  49.831673 26.097
 50    20.488 53971.06528028 23.00 136.734725  49.828433 26.097
 50    20.253 53971.06528093 23.59 136.733315  49.825203 26.097
 50    20.763 53971.06528157 22.35 136.731905  49.821963 26.097
 50    21.088 53971.06528222 24.11 136.730495  49.818733 26.097
 50    21.204 53971.06528286 26.30 136.729075  49.815493 26.097
 50    21.480 53971.06528351 34.86 136.727665  49.812263 26.097
 52    16.318 54041.06528624 24.81 136.755336  49.839398  9.792
 52    16.315 54041.06528689 26.45 136.753926  49.836168  9.792
 52    18.524 54041.06528753 23.80 136.752506  49.832928  9.792
 52    18.398 54041.06528818 21.84 136.751096  49.829688  9.792
 52    18.019 54041.06528882 19.94 136.749676  49.826458  9.792
 52    17.593 54041.06528947 19.01 136.748266  49.823218  9.792
 52    16.870 54041.06529011 18.49 136.746856  49.819988  9.792
 52    16.955 54041.06529076 20.94 136.745436  49.816748  9.792
 52    17.061 54041.06529140 22.97 136.744026  49.813518  9.792
 52    17.038 54041.06529205 24.53 136.742616  49.810278  9.792
 52    17.125 54041.06529269 22.73 136.741206  49.807048  9.792
 52    18.590 54041.06529333 20.40 136.739786  49.803808  9.792
 52    18.986 54041.06529398 21.71 136.738376  49.800568  9.792
 53    16.604 54076.06527923 18.97 136.749288  49.848156  6.451
 53    16.405 54076.06527987 19.18 136.747878  49.844926  6.451
 53    16.394 54076.06528052 19.46 136.746468  49.841686  6.451
 53    16.381 54076.06528116 19.92 136.745048  49.838456  6.451
 53    16.268 54076.06528181 21.29 136.743638  49.835216  6.451
 53    16.399 54076.06528245 22.04 136.742218  49.831976  6.451
 53    16.630 54076.06528310 21.56 136.740808  49.828746  6.451
 53    16.685 54076.06528374 24.83 136.739398  49.825506  6.451
 53    16.658 54076.06528439 24.59 136.737988  49.822276  6.451
 53    16.643 54076.06528503 23.64 136.736568  49.819036  6.451
 53    16.708 54076.06528567 23.01 136.735158  49.815806  6.451
 53    16.822 54076.06528632 22.84 136.733748  49.812566  6.451
 53    16.747 54076.06528696 21.44 136.732338  49.809326  6.451
 54    16.712 54111.06521678 15.13 136.751240  49.870341  5.433
 54    16.694 54111.06521743 15.59 136.749820  49.867111  5.433
 54    16.603 54111.06521936 15.65 136.745580  49.857401  5.433
 54    16.720 54111.06522001 15.39 136.744170  49.854171  5.433
 54    16.820 54111.06522065 15.77 136.742760  49.850931  5.433
 54    16.849 54111.06522130 17.36 136.741344  49.847692  4.143
 54    16.806 54111.06522194 16.13 136.739924  49.844462  4.143
 54    16.777 54111.06522259 16.15 136.738514  49.841222  4.143
 54    16.706 54111.06522323 17.12 136.737104  49.837982  4.143
 54    16.741 54111.06522388 17.45 136.735694  49.834752  4.143
 54    16.801 54111.06522452 17.86 136.734274  49.831512  4.143
 54    16.813 54111.06522517 17.68 136.732864  49.828282  4.143
 54    16.851 54111.06522581 17.69 136.731454  49.825042  4.143
 54    16.846 54111.06522645 18.05 136.730044  49.821802  4.143
 54    16.825 54111.06522710 16.71 136.728634  49.818572  4.143
 54    16.826 54111.06522774 16.02 136.727214  49.815332  4.143
 54    16.822 54111.06522839 15.44 136.725804  49.812102  4.143
 55    16.450 54146.06522001 16.02 136.753560  49.845059  5.769
 55    16.457 54146.06522065 16.47 136.752150  49.841819  5.769
 55    16.218 54146.06522130 17.64 136.750740  49.838589  5.769
 55    15.707 54146.06522194 19.70 136.749320  49.835349  5.769
 55    15.880 54146.06522259 18.76 136.747910  49.832109  5.769
 55    15.934 54146.06522323 19.97 136.746490  49.828879  5.769
 55    16.241 54146.06522388 19.48 136.745080  49.825639  5.769
 55    16.348 54146.06522452 19.64 136.743670  49.822409  5.769
 55    16.538 54146.06522517 19.72 136.742250  49.819169  5.769
 55    16.556 54146.06522581 19.94 136.740840  49.815939  5.769
 55    16.514 54146.06522646 20.25 136.739430  49.812699  5.769
 55    16.620 54146.06522710 18.61 136.738020  49.809469  5.769
 55    16.684 54146.06522775 17.67 136.736600  49.806229  5.769
 55    16.652 54146.06522839 17.05 136.735190  49.802989  5.769
 56    16.686 54181.06520696 21.06 136.745583  49.852681 17.886
 56    16.945 54181.06520761 23.30 136.744163  49.849441 17.886
 56    17.232 54181.06520825 25.12 136.742753  49.846211 17.886
 56    17.329 54181.06520889 27.48 136.741343  49.842971 17.886
 56    17.146 54181.06520954 27.09 136.739923  49.839741 17.886
 56    16.898 54181.06521018 25.05 136.738513  49.836501 17.886
 56    16.621 54181.06521083 30.55 136.737103  49.833261 17.886
 56    16.476 54181.06521147 34.06 136.735693  49.830031 17.886
 56    16.436 54181.06521212 30.87 136.734273  49.826791 17.886
 56    16.312 54181.06521276 26.38 136.732863  49.823561 17.886
 56    16.466 54181.06521341 25.65 136.731453  49.820321 17.886
 56    16.734 54181.06521405 22.50 136.730043  49.817091 17.886
 56    16.683 54181.06521470 21.26 136.728633  49.813851 17.886
 56    16.592 54181.06521534 20.78 136.727213  49.810611 17.886
 57    19.791 54216.06522788 29.70 136.752935  49.846305 21.543
 57    19.620 54216.06522852 29.53 136.751525  49.843065 21.543
 57    19.639 54216.06522917 30.25 136.750105  49.839835 21.543
 57    19.770 54216.06522981 37.03 136.748695  49.836595 21.543
 57    19.745 54216.06523046 40.71 136.747285  49.833365 21.543
 57    19.535 54216.06523110 24.78 136.745865  49.830125 21.543
 57    18.952 54216.06523175 24.20 136.744455  49.826895 21.543
 57    19.326 54216.06523239 24.72 136.743045  49.823655 21.543
 57    19.536 54216.06523303 26.32 136.741625  49.820425 21.543
 57    19.772 54216.06523368 31.49 136.740215  49.817185 21.543
 57    19.863 54216.06523432 40.07 136.738805  49.813945 21.543
 57    19.947 54216.06523497 39.41 136.737385  49.810715 21.543
 57    19.699 54216.06523561 32.60 136.735975  49.807475 21.543
 57    19.912 54216.06523626 35.95 136.734565  49.804245 21.543
 58    19.554 54251.06525458 47.42 136.750816  49.845438 31.413
 58    19.605 54251.06525523 50.40 136.749406  49.842198 31.413
 58    19.608 54251.06525587 44.06 136.747986  49.838968 31.413
 58    19.539 54251.06525652 44.06 136.746576  49.835728 31.413
 58    19.286 54251.06525716 31.46 136.745166  49.832498 31.413
 58    19.469 54251.06525781 31.36 136.743746  49.829258 31.413
 58    19.629 54251.06525845 46.38 136.742336  49.826028 31.413
 58    19.720 54251.06525910 49.15 136.740926  49.822788 31.413
 58    19.741 54251.06525974 40.90 136.739506  49.819548 31.413
 58    19.525 54251.06526039 39.15 136.738096  49.816318 31.413
 58    19.566 54251.06526103 47.02 136.736686  49.813078 31.413
 58    19.594 54251.06526167 52.49 136.735276  49.809848 31.413
 58    19.600 54251.06526232 51.29 136.733856  49.806608 31.413
 59    18.103 54286.06526072 23.45 136.750816  49.846588 12.751
 59    18.077 54286.06526136 22.42 136.749406  49.843348 12.751
 59    17.956 54286.06526201 25.22 136.747996  49.840108 12.751
 59    18.087 54286.06526265 23.36 136.746576  49.836878 12.751
 59    18.440 54286.06526330 22.93 136.745166  49.833638 12.751
 59    17.820 54286.06526394 31.68 136.743756  49.830408 12.751
 59    17.936 54286.06526459 31.35 136.742336  49.827168 12.751
 59    17.490 54286.06526523 23.71 136.740926  49.823938 12.751
 59    17.122 54286.06526588 22.64 136.739516  49.820698 12.751
 59    17.798 54286.06526652 19.92 136.738106  49.817458 12.751
 59    18.273 54286.06526717 19.03 136.736686  49.814228 12.751
 59    18.096 54286.06526781 22.92 136.735276  49.810988 12.751
 59    18.439 54286.06526846 18.39 136.733866  49.807758 12.751
 60    19.146 54321.06525780 24.74 136.751560  49.846154 14.166
 60    19.158 54321.06525844 23.94 136.750140  49.842914 14.166
 60    19.203 54321.06525909 29.27 136.748730  49.839684 14.166
 60    19.232 54321.06525973 38.09 136.747310  49.836444 14.166
 60    19.162 54321.06526038 23.92 136.745900  49.833204 14.166
 60    18.451 54321.06526102 20.89 136.744490  49.829974 14.166
 60    17.432 54321.06526166 23.35 136.743070  49.826734 14.166
 60    18.351 54321.06526231 21.38 136.741660  49.823504 14.166
 60    17.183 54321.06526295 20.97 136.740250  49.820264 14.166
 60    18.856 54321.06526360 18.58 136.738840  49.817034 14.166
 60    19.061 54321.06526424 18.60 136.737420  49.813794 14.166
 60    19.340 54321.06526489 18.99 136.736010  49.810554 14.166
 60    19.402 54321.06526553 18.27 136.734600  49.807324 14.166
 61    19.464 54356.06521746 19.55 136.748173  49.853237 16.541
 61    19.454 54356.06521810 19.30 136.746763  49.849997 16.541
 61    19.180 54356.06521874 18.21 136.745343  49.846757 16.541
 61    19.252 54356.06521939 16.98 136.743933  49.843527 16.541
 61    19.387 54356.06522003 22.45 136.742523  49.840287 16.541
 61    19.453 54356.06522068 22.66 136.741103  49.837057 16.541
 61    19.310 54356.06522132 16.42 136.739693  49.833817 16.541
 61    18.993 54356.06522197 15.94 136.738283  49.830577 16.541
 61    18.709 54356.06522261 16.75 136.736873  49.827347 16.541
 61    18.679 54356.06522326 18.18 136.735453  49.824107 16.541
 61    18.987 54356.06522390 17.40 136.734043  49.820877 16.541
 61    19.079 54356.06522455 18.84 136.732633  49.817637 16.541
 61    19.359 54356.06522519 20.91 136.731223  49.814397 16.541
 61    19.512 54356.06522584 26.27 136.729803  49.811167 16.541
 62    17.581 54391.06519854 35.48 136.751908  49.846012 21.452
 62    17.472 54391.06519918 30.26 136.750498  49.842772 21.452
 62    17.414 54391.06519983 30.96 136.749078  49.839542 21.452
 62    17.289 54391.06520047 31.00 136.747668  49.836302 21.452
 62    17.454 54391.06520112 31.69 136.746258  49.833072 21.452
 62    17.503 54391.06520176 38.18 136.744838  49.829832 21.452
 62    17.558 54391.06520241 47.97 136.743428  49.826592 21.452
 62    17.566 54391.06520305 53.10 136.742018  49.823362 21.452
 62    17.565 54391.06520369 50.79 136.740598  49.820122 21.452
 62    17.570 54391.06520434 48.41 136.739188  49.816892 21.452
 62    17.552 54391.06520498 41.19 136.737778  49.813652 21.452
 62    17.413 54391.06520563 42.47 136.736368  49.810422 21.452
 62    17.724 54391.06520627 41.12 136.734948  49.807182 21.452
 63    15.517 54426.06516805 24.21 136.750482  49.850787 19.945
 63    15.738 54426.06516870 24.35 136.749062  49.847557 19.945
 63    16.017 54426.06516934 25.91 136.747652  49.844317 19.945
 63    15.764 54426.06516999 24.49 136.746242  49.841077 19.945
 63    15.846 54426.06517063 25.22 136.744822  49.837847 19.945
 63    15.918 54426.06517128 28.33 136.743412  49.834607 19.945
 63    16.054 54426.06517192 30.09 136.741992  49.831377 19.945
 63    16.172 54426.06517257 36.40 136.740582  49.828137 19.945
 63    16.249 54426.06517321 43.46 136.739172  49.824897 19.945
 63    16.255 54426.06517386 38.40 136.737762  49.821667 19.945
 63    16.379 54426.06517450 36.98 136.736342  49.818427 19.945
 63    16.434 54426.06517514 34.99 136.734932  49.815197 19.945
 63    16.495 54426.06517579 39.24 136.733522  49.811957 19.945
 63    16.543 54426.06517643 46.56 136.732112  49.808727 19.945
 64    15.977 54461.06517570 21.19 136.754291  49.843278  6.075
 64    15.967 54461.06517634 20.55 136.752881  49.840048  6.075
 64    15.674 54461.06517699 21.54 136.751461  49.836808  6.075
 64    15.820 54461.06517763 22.71 136.750051  49.833578  6.075
 64    16.128 54461.06517828 23.02 136.748631  49.830338  6.075
 64    16.357 54461.06517892 23.62 136.747221  49.827098  6.075
 64    16.470 54461.06517957 24.69 136.745811  49.823868  6.075
 64    16.583 54461.06518021 26.02 136.744391  49.820628  6.075
 64    16.562 54461.06518086 26.26 136.742981  49.817398  6.075
 64    16.386 54461.06518150 26.06 136.741571  49.814158  6.075
 64    16.681 54461.06518215 24.85 136.740151  49.810918  6.075
 64    16.717 54461.06518279 23.95 136.738741  49.807688  6.075
 64    16.784 54461.06518344 23.76 136.737331  49.804448  6.075
 65    15.430 54496.06517491 20.38 136.750188  49.849596  5.322
 65    15.556 54496.06517556 20.43 136.748778  49.846356  5.322
 65    15.732 54496.06517620 20.86 136.747358  49.843116  5.322
 65    15.848 54496.06517685 20.29 136.745948  49.839886  5.322
 65    16.003 54496.06517749 20.29 136.744538  49.836646  5.322
 65    15.975 54496.06517814 21.58 136.743118  49.833416  5.322
 65    16.141 54496.06517878 21.56 136.741708  49.830176  5.322
 65    16.234 54496.06517942 21.81 136.740291  49.826939  5.660
 65    16.270 54496.06518007 22.63 136.738881  49.823709  5.660
 65    16.438 54496.06518071 24.39 136.737471  49.820469  5.660
 65    16.521 54496.06518136 32.98 136.736061  49.817229  5.660
 65    16.388 54496.06518200 23.35 136.734641  49.813999  5.660
 65    16.435 54496.06518265 21.08 136.733231  49.810759  5.660
 65    16.474 54496.06518329 20.77 136.731821  49.807529  5.660
 66    15.480 54531.06518904 15.22 136.753341  49.841836  5.103
 66    15.505 54531.06518968 15.30 136.751931  49.838596  5.103
 66    15.668 54531.06519033 15.09 136.750522  49.835361  4.031
 66    15.752 54531.06519097 16.11 136.749102  49.832121  4.031
 66    15.891 54531.06519161 15.91 136.747692  49.828891  4.031
 66    16.021 54531.06519226 16.57 136.746272  49.825651  4.031
 66    16.166 54531.06519290 15.96 136.744862  49.822421  4.031
 66    16.337 54531.06519355 17.47 136.743452  49.819181  4.031
 66    16.268 54531.06519419 18.71 136.742032  49.815951  4.031
 66    16.309 54531.06519484 17.40 136.740622  49.812711  4.031
 66    16.410 54531.06519548 16.01 136.739212  49.809471  4.031
 66    16.414 54531.06519613 15.55 136.737802  49.806241  4.031
 66    16.458 54531.06519677 14.24 136.736382  49.803001  4.031
 67    17.237 54566.06517982 30.58 136.747456  49.853722 35.442
 67    17.225 54566.06518046 32.17 136.746046  49.850492 35.442
 67    17.259 54566.06518111 36.17 136.744626  49.847252 35.442
 67    17.281 54566.06518175 41.97 136.743216  49.844022 35.442
 67    17.289 54566.06518239 37.83 136.741806  49.840782 35.442
 67    17.307 54566.06518304 33.14 136.740386  49.837552 35.442
 67    17.523 54566.06518368 39.57 136.738976  49.834312 35.442
 67    17.451 54566.06518433 33.95 136.737562  49.831073 23.753
 67    17.355 54566.06518497 31.08 136.736152  49.827843 23.753
 67    17.485 54566.06518562 31.34 136.734742  49.824603 23.753
 67    17.509 54566.06518626 30.87 136.733332  49.821363 23.753
 67    17.524 54566.06518691 30.51 136.731912  49.818133 23.753
 67    17.514 54566.06518755 29.72 136.730502  49.814893 23.753
 67    17.543 54566.06518820 29.26 136.729092  49.811663 23.753
 68    19.687 54601.06518357 24.94 136.751450  49.845582 17.785
 68    17.567 54601.06518422 26.94 136.750040  49.842342 17.785
 68    17.324 54601.06518486 26.73 136.748630  49.839112 17.785
 68    17.213 54601.06518551 21.80 136.747210  49.835872 17.785
 68    17.730 54601.06518615 17.86 136.745797  49.832635 15.746
 68    17.724 54601.06518680 18.52 136.744387  49.829405 15.746
 68    17.639 54601.06518744 16.95 136.742967  49.826165 15.746
 68    17.330 54601.06518809 17.61 136.741557  49.822925 15.746
 68    17.724 54601.06518873 16.56 136.740147  49.819695 15.746
 68    17.719 54601.06518938 21.48 136.738737  49.816455 15.746
 68    17.763 54601.06519002 28.74 136.737317  49.813225 15.746
 68    17.976 54601.06519066 22.85 136.735907  49.809985 15.746
 68    19.090 54601.06519131 19.52 136.734497  49.806745 15.746
 69    17.618 54636.06519544 22.72 136.749579  49.847364 14.943
 69    17.440 54636.06519608 26.65 136.748169  49.844124 14.943
 69    17.421 54636.06519673 27.94 136.746759  49.840894 14.943
 69    17.518 54636.06519737 24.88 136.745339  49.837654 14.943
 69    17.355 54636.06519802 22.71 136.743927  49.834419 13.630
 69    17.454 54636.06519866 21.04 136.742517  49.831189 13.630
 69    17.481 54636.06519931 16.27 136.741097  49.827949 13.630
 69    17.440 54636.06519995 15.62 136.739687  49.824709 13.630
 69    17.439 54636.06520059 15.63 136.738277  49.821479 13.630
 69    17.524 54636.06520124 17.19 136.736867  49.818239 13.630
 69    17.935 54636.06520188 19.07 136.735447  49.815009 13.630
 69    18.041 54636.06520253 18.59 136.734037  49.811769 13.630
 69    18.663 54636.06520317 15.25 136.732627  49.808529 13.630
 70    17.150 54671.06519894 26.86 136.749299  49.849071 29.258
 70    17.317 54671.06519958 31.95 136.747889  49.845841 29.258
 70    17.426 54671.06520023 36.57 136.746469  49.842601 29.258
 70    17.439 54671.06520087 33.77 136.745059  49.839371 29.258
 70    17.471 54671.06520151 28.51 136.743639  49.836131 29.258
 70    17.503 54671.06520216 18.80 136.742231  49.832894 16.598
 70    17.448 54671.06520280 18.65 136.740821  49.829664 16.598
 70    17.140 54671.06520345 17.76 136.739401  49.826424 16.598
 70    16.915 54671.06520409 18.92 136.737991  49.823184 16.598
 70    17.262 54671.06520474 17.28 136.736581  49.819954 16.598
 70    17.489 54671.06520538 16.19 136.735161  49.816714 16.598
 70    17.741 54671.06520603 17.11 136.733751  49.813484 16.598
 70    17.511 54671.06520667 16.28 136.732341  49.810244 16.598
 70    17.623 54671.06520732 15.45 136.730931  49.807004 16.598
 71    17.773 54706.06516024 18.02 136.748836  49.848247 15.145
 71    17.704 54706.06516089 21.84 136.747416  49.845007 15.145
 71    17.814 54706.06516153 21.70 136.746006  49.841777 15.145
 71    17.868 54706.06516218 23.71 136.744596  49.838537 15.145
 71    17.853 54706.06516282 20.62 136.743176  49.835307 15.145
 71    18.024 54706.06516347 18.21 136.741766  49.832067 15.145
 71    18.025 54706.06516411 18.30 136.740358  49.828829 19.015
 71    17.974 54706.06516476 17.74 136.738938  49.825599 19.015
 71    17.778 54706.06516540 17.24 136.737528  49.822359 19.015
 71    17.812 54706.06516605 15.86 136.736118  49.819119 19.015
 71    18.016 54706.06516669 20.03 136.734708  49.815889 19.015
 71    18.044 54706.06516733 19.97 136.733288  49.812649 19.015
 71    17.970 54706.06516798 18.18 136.731878  49.809419 19.015
 72    18.087 54741.06516397 34.33 136.752358  49.843410 11.338
 72    17.964 54741.06516461 30.11 136.750938  49.840180 11.338
 72    18.070 54741.06516526 30.83 136.749528  49.836940 11.338
 72    17.598 54741.06516590 30.83 136.748111  49.833706 15.194
 72    17.992 54741.06516655 32.59 136.746701  49.830466 15.194
 72    17.013 54741.06516719 34.20 136.745291  49.827236 15.194
 72    16.989 54741.06516784 36.17 136.743871  49.823996 15.194
 72    17.178 54741.06516848 37.13 136.742461  49.820766 15.194
 72    17.548 54741.06516913 35.80 136.741051  49.817526 15.194
 72    18.052 54741.06516977 39.07 136.739631  49.814286 15.194
 72    18.109 54741.06517042 47.34 136.738221  49.811056 15.194
 72    18.188 54741.06517106 47.99 136.736811  49.807816 15.194
 72    18.197 54741.06517171 38.87 136.735401  49.804586 15.194
 73    17.030 54776.06514153 45.07 136.750448  49.849366 24.467
 73    16.933 54776.06514218 45.91 136.749038  49.846136 24.467
 73    16.959 54776.06514282 37.29 136.747618  49.842896 24.467
 73    16.683 54776.06514347 35.51 136.746208  49.839666 24.467
 73    16.901 54776.06514411 33.45 136.744798  49.836426 24.467
 73    16.969 54776.06514476 33.59 136.743384  49.833190 23.481
 73    17.013 54776.06514540 41.68 136.741964  49.829950 23.481
 73    17.067 54776.06514605 51.07 136.740554  49.826720 23.481
 73    17.153 54776.06514669 50.79 136.739144  49.823480 23.481
 73    17.221 54776.06514734 47.89 136.737734  49.820250 23.481
 73    17.233 54776.06514798 49.07 136.736314  49.817010 23.481
 73    17.263 54776.06514863 51.69 136.734904  49.813780 23.481
 73    17.189 54776.06514927 53.46 136.733494  49.810540 23.481
 73    17.163 54776.06514992 51.97 136.732084  49.807300 23.481
 74    16.475 54811.06515780 20.07 136.753783  49.840988  5.612
 74    16.224 54811.06515844 20.42 136.752373  49.837748  5.612
 74    16.076 54811.06515909 20.72 136.750959  49.834514  4.914
 74    16.194 54811.06515973 21.14 136.749539  49.831274  4.914
 74    16.259 54811.06516038 21.59 136.748129  49.828044  4.914
 74    16.370 54811.06516102 21.79 136.746719  49.824804  4.914
 74    16.277 54811.06516166 22.97 136.745299  49.821574  4.914
 74    16.572 54811.06516231 22.23 136.743889  49.818334  4.914
 74    16.638 54811.06516295 22.13 136.742469  49.815094  4.914
 74    16.713 54811.06516360 21.48 136.741059  49.811864  4.914
 74    16.830 54811.06516424 20.42 136.739649  49.808624  4.914
 74    16.914 54811.06516489 19.23 136.738239  49.805394  4.914
 74    16.862 54811.06516553 18.56 136.736819  49.802154  4.914
 75    16.657 54846.06514054 14.38 136.749617  49.851526  4.447
 75    16.802 54846.06514119 14.29 136.748197  49.848286  4.447
 75    16.674 54846.06514183 14.91 136.746787  49.845056  4.447
 75    16.692 54846.06514248 15.13 136.745377  49.841816  4.447
 75    16.597 54846.06514312 15.06 136.743957  49.838586  4.447
 75    16.491 54846.06514377 15.51 136.742547  49.835346  4.447
 75    16.594 54846.06514441 15.81 136.741135  49.832110  3.436
 75    16.870 54846.06514506 15.52 136.739715  49.828870  3.436
 75    16.857 54846.06514570 16.10 136.738305  49.825640  3.436
 75    16.996 54846.06514635 16.42 136.736895  49.822400  3.436
 75    17.022 54846.06514699 15.24 136.735485  49.819170  3.436
 75    16.965 54846.06514764 16.02 136.734065  49.815930  3.436
 75    17.059 54846.06514828 15.43 136.732655  49.812700  3.436
 75    16.918 54846.06514892 15.56 136.731245  49.809460  3.436
 76    15.723 54881.06516019 10.69 136.751984  49.846886  3.100
 76    16.306 54881.06516084  9.96 136.750564  49.843656  3.100
 76    16.118 54881.06516148  9.99 136.749154  49.840416  3.100
 76    16.074 54881.06516212  9.78 136.747745  49.837183  2.859
 76    15.889 54881.06516277 10.21 136.746325  49.833943  2.859
 76    15.977 54881.06516341 10.62 136.744915  49.830713  2.859
 76    16.016 54881.06516406 10.97 136.743495  49.827473  2.859
 76    16.394 54881.06516470 10.57 136.742085  49.824243  2.859
 76    16.453 54881.06516535 10.74 136.740675  49.821003  2.859
 76    16.509 54881.06516599 10.58 136.739255  49.817773  2.859
 76    16.563 54881.06516664 10.56 136.737845  49.814533  2.859
 76    16.573 54881.06516728 10.27 136.736435  49.811293  2.859
 76    16.631 54881.06516793  9.76 136.735025  49.808063  2.859
 76    16.574 54881.06516857 10.10 136.733605  49.804823  2.859
 77    16.084 54916.06514051  8.89 136.752607  49.869516  3.088
 77    16.522 54916.06514373  8.60 136.745537  49.853336  3.088
 77    16.801 54916.06514438  9.31 136.744117  49.850096  3.088
 77    16.942 54916.06514502  8.85 136.742707  49.846866  3.088
 77    17.417 54916.06514567  8.83 136.741297  49.843626  3.088
 77    17.257 54916.06514631  8.67 136.739877  49.840396  3.088
 77    16.343 54916.06514696  9.22 136.738467  49.837156  3.088
 77    16.580 54916.06514760  8.78 136.737049  49.833917  2.229
 77    16.759 54916.06514825  8.90 136.735639  49.830687  2.229
 77    16.633 54916.06514889  9.07 136.734229  49.827447  2.229
 77    16.952 54916.06514954  8.73 136.732819  49.824207  2.229
 77    17.108 54916.06515018  8.55 136.731399  49.820977  2.229
 77    17.065 54916.06515082  8.35 136.729989  49.817737  2.229
 77    16.849 54916.06515147  8.36 136.728579  49.814507  2.229
 77    16.807 54916.06515211  8.28 136.727169  49.811267  2.229
 78    19.004 54951.06515307 23.69 136.751240  49.846584 23.431
 78    18.862 54951.06515372 22.30 136.749820  49.843354 23.431
 78    19.265 54951.06515436 22.60 136.748410  49.840114 23.431
 78    19.302 54951.06515500 35.14 136.747000  49.836884 23.431
 78    19.329 54951.06515565 28.73 136.745580  49.833644 23.431
 78    19.205 54951.06515629 21.81 136.744167  49.830407 20.442
 78    19.039 54951.06515694 14.40 136.742757  49.827167 20.442
 78    19.179 54951.06515758 15.68 136.741347  49.823937 20.442
 78    18.787 54951.06515823 17.02 136.739927  49.820697 20.442
 78    18.712 54951.06515887 18.03 136.738517  49.817467 20.442
 78    18.838 54951.06515952 19.30 136.737107  49.814227 20.442
 78    19.024 54951.06516016 22.75 136.735687  49.810987 20.442
 78    19.395 54951.06516081 23.39 136.734277  49.807757 20.442
 79    18.191 54986.06517793 21.90 136.749764  49.846671 20.820
 79    18.242 54986.06517858 23.16 136.748354  49.843431 20.820
 79    18.917 54986.06517922 22.67 136.746944  49.840201 20.820
 79    18.636 54986.06517986 20.52 136.745524  49.836961 20.820
 79    18.487 54986.06518051 24.52 136.744110  49.833725 21.433
 79    18.494 54986.06518115 26.60 136.742700  49.830485 21.433
 79    18.369 54986.06518180 25.07 136.741290  49.827255 21.433
 79    18.449 54986.06518244 20.29 136.739870  49.824015 21.433
 79    18.120 54986.06518309 18.72 136.738460  49.820785 21.433
 79    18.193 54986.06518373 18.55 136.737050  49.817545 21.433
 79    18.439 54986.06518438 20.95 136.735630  49.814315 21.433
 79    18.522 54986.06518502 21.46 136.734220  49.811075 21.433
 79    18.461 54986.06518567 20.51 136.732810  49.807835 21.433
 80    21.354 55021.06517069 35.01 136.751967  49.848355 20.803
 80    20.475 55021.06517134 29.20 136.750557  49.845125 20.803
 80    20.382 55021.06517198 26.57 136.749137  49.841885 20.803
 80    20.609 55021.06517263 37.85 136.747727  49.838655 20.803
 80    20.548 55021.06517327 46.97 136.746307  49.835415 20.803
 80    20.615 55021.06517392 28.35 136.744899  49.832179 20.624
 80    20.068 55021.06517456 20.41 136.743489  49.828949 20.624
 80    19.721 55021.06517521 18.70 136.742069  49.825709 20.624
 80    19.536 55021.06517585 18.63 136.740659  49.822469 20.624
 80    19.697 55021.06517650 17.10 136.739249  49.819239 20.624
 80    19.672 55021.06517714 17.61 136.737829  49.815999 20.624
 80    19.891 55021.06517778 19.49 136.736419  49.812759 20.624
 80    20.136 55021.06517843 21.17 136.735009  49.809529 20.624
 80    20.218 55021.06517907 26.28 136.733599  49.806289 20.624
 81    22.039 55056.06516786 25.01 136.749919  49.847031 27.067
 81    21.834 55056.06516850 28.87 136.748509  49.843801 27.067
 81    21.926 55056.06516915 27.75 136.747089  49.840561 27.067
 81    22.228 55056.06516979 27.54 136.745679  49.837331 27.067
 81    22.325 55056.06517044 40.02 136.744269  49.834091 27.067
 81    22.416 55056.06517108 32.20 136.742854  49.830853 31.916
 81    22.207 55056.06517173 29.74 136.741434  49.827623 31.916
 81    22.069 55056.06517237 25.70 136.740024  49.824383 31.916
 81    21.807 55056.06517302 23.32 136.738614  49.821143 31.916
 81    21.618 55056.06517366 24.34 136.737204  49.817913 31.916
 81    21.628 55056.06517431 24.00 136.735784  49.814673 31.916
 81    21.987 55056.06517495 22.69 136.734374  49.811443 31.916
 81    22.399 55056.06517560 24.63 136.732964  49.808203 31.916
 82    21.712 55091.06512537 26.91 136.746456  49.851148 17.618
 82    21.708 55091.06512602 28.92 136.745046  49.847908 17.618
 82    21.768 55091.06512666 29.57 136.743626  49.844668 17.618
 82    21.858 55091.06512731 34.75 136.742216  49.841438 17.618
 82    21.907 55091.06512795 35.32 136.740806  49.838198 17.618
 82    21.942 55091.06512860 36.35 136.739386  49.834968 17.618
 82    21.960 55091.06512924 31.83 136.737976  49.831728 17.618
 82    21.538 55091.06512989 30.24 136.736563  49.828490 37.888
 82    21.493 55091.06513053 30.60 136.735153  49.825260 37.888
 82    21.519 55091.06513118 30.30 136.733743  49.822020 37.888
 82    21.833 55091.06513182 32.55 136.732323  49.818780 37.888
 82    21.904 55091.06513247 39.99 136.730913  49.815550 37.888
 82    21.928 55091.06513311 44.24 136.729503  49.812310 37.888
 83    19.741 55126.06510716 27.27 136.752467  49.845848 28.006
 83    19.568 55126.06510781 24.73 136.751057  49.842618 28.006
 83    19.667 55126.06510845 29.40 136.749637  49.839378 28.006
 83    19.773 55126.06510910 36.66 136.748220  49.836145 23.234
 83    19.718 55126.06510974 31.80 136.746810  49.832905 23.234
 83    20.602 55126.06511039 24.32 136.745400  49.829675 23.234
 83    20.574 55126.06511103 22.89 136.743980  49.826435 23.234
 83    20.600 55126.06511168 21.24 136.742570  49.823205 23.234
 83    20.393 55126.06511232 16.66 136.741160  49.819965 23.234
 83    19.615 55126.06511297 17.04 136.739740  49.816725 23.234
 83    19.622 55126.06511361 18.24 136.738330  49.813495 23.234
 83    20.116 55126.06511426 19.61 136.736920  49.810255 23.234
 83    20.310 55126.06511490 21.80 136.735510  49.807025 23.234
 85    17.865 55196.06509787 14.95 136.754027  49.843968  2.443
 85    17.913 55196.06509852 14.98 136.752607  49.840738  2.443
 85    17.979 55196.06509916 15.35 136.751197  49.837498  2.443
 85    17.900 55196.06509981 15.73 136.749785  49.834264  2.994
 85    17.884 55196.06510045 15.81 136.748365  49.831024  2.994
 85    17.694 55196.06510110 15.44 136.746955  49.827794  2.994
 85    18.020 55196.06510174 15.45 136.745535  49.824554  2.994
 85    18.132 55196.06510239 15.43 136.744125  49.821324  2.994
 85    18.269 55196.06510303 14.86 136.742715  49.818084  2.994
 85    18.348 55196.06510368 15.12 136.741295  49.814854  2.994
 85    18.327 55196.06510432 14.80 136.739885  49.811614  2.994
 85    18.357 55196.06510497 15.18 136.738475  49.808374  2.994
 85    18.465 55196.06510561 14.09 136.737065  49.805144  2.994
 86    17.449 55231.06508950 10.11 136.747550  49.853503  2.587
 86    17.772 55231.06509015 10.54 136.746130  49.850263  2.587
 86    17.886 55231.06509079 10.50 136.744720  49.847033  2.587
 86    18.043 55231.06509144 10.50 136.743310  49.843793  2.587
 86    18.028 55231.06509208 10.64 136.741890  49.840563  2.587
 86    17.951 55231.06509273 10.94 136.740480  49.837323  2.587
 86    17.759 55231.06509337 11.65 136.739070  49.834087  2.799
 86    17.766 55231.06509401 11.30 136.737650  49.830857  2.799
 86    17.697 55231.06509466 11.52 136.736240  49.827617  2.799
 86    17.749 55231.06509530 11.25 136.734830  49.824377  2.799
 86    17.711 55231.06509595 11.03 136.733420  49.821147  2.799
 86    17.758 55231.06509659 10.65 136.732000  49.817907  2.799
 86    17.864 55231.06509724 10.13 136.730590  49.814677  2.799
 86    18.468 55231.06509788  9.86 136.729180  49.811437  2.799
 87    17.438 55266.06509262  7.97 136.752329  49.846253  2.300
 87    17.569 55266.06509326  8.19 136.750909  49.843023  2.300
 87    17.648 55266.06509391  8.03 136.749499  49.839783  2.300
 87    17.542 55266.06509455  8.67 136.748082  49.836548  2.766
 87    17.146 55266.06509520  8.54 136.746672  49.833308  2.766
 87    16.732 55266.06509584  8.85 136.745262  49.830078  2.766
 87    17.001 55266.06509648  8.57 136.743842  49.826838  2.766
 87    17.459 55266.06509713  8.36 136.742432  49.823608  2.766
 87    17.579 55266.06509777  8.96 136.741022  49.820368  2.766
 87    17.881 55266.06509842  8.09 136.739602  49.817138  2.766
 87    18.217 55266.06509906  8.07 136.738192  49.813898  2.766
 87    18.212 55266.06509971  8.27 136.736782  49.810658  2.766
 87    18.346 55266.06510035  8.06 136.735372  49.807428  2.766
 87    18.861 55266.06510100  7.47 136.733952  49.804188  2.766
 88    17.292 55301.06507102 20.11 136.747917  49.851281  9.988
 88    17.424 55301.06507167 20.14 136.746507  49.848051  9.988
 88    17.887 55301.06507231 17.53 136.745087  49.844811  9.988
 88    18.096 55301.06507296 14.98 136.743677  49.841581  9.988
 88    18.453 55301.06507360 14.65 136.742267  49.838341  9.988
 88    18.257 55301.06507425 15.56 136.740847  49.835101  9.988
 88    18.482 55301.06507489 14.78 136.739437  49.831871  9.988
 88    18.435 55301.06507554 15.73 136.738023  49.828631 11.458
 88    17.818 55301.06507618 16.84 136.736613  49.825401 11.458
 88    17.802 55301.06507683 17.43 136.735203  49.822161 11.458
 88    18.112 55301.06507747 16.44 136.733793  49.818921 11.458
 88    18.573 55301.06507811 16.20 136.732373  49.815691 11.458
 88    18.566 55301.06507876 16.50 136.730963  49.812451 11.458
 88    18.876 55301.06507940 15.25 136.729553  49.809221 11.458
 89    21.182 55336.06506793 49.39 136.749349  49.847315 26.235
 89    20.904 55336.06506858 46.20 136.747939  49.844085 26.235
 89    20.960 55336.06506922 45.13 136.746519  49.840845 26.235
 89    20.915 55336.06506987 50.30 136.745109  49.837615 26.235
 89    20.849 55336.06507051 45.06 136.743699  49.834375 26.235
 89    20.987 55336.06507116 48.06 136.742283  49.831138 32.077
 89    20.994 55336.06507180 45.73 136.740873  49.827898 32.077
 89    20.973 55336.06507245 45.28 136.739453  49.824668 32.077
 89    20.843 55336.06507309 42.44 136.738043  49.821428 32.077
 89    20.885 55336.06507374 43.33 136.736633  49.818198 32.077
 89    20.920 55336.06507438 44.67 136.735213  49.814958 32.077
 89    20.931 55336.06507502 44.03 136.733803  49.811728 32.077
 89    20.941 55336.06507567 45.97 136.732393  49.808488 32.077
 90    20.770 55371.06505808 23.89 136.751442  49.848739 25.893
 90    19.874 55371.06505873 22.86 136.750032  49.845509 25.893
 90    19.678 55371.06505937 23.31 136.748612  49.842269 25.893
 90    19.449 55371.06506002 39.44 136.747202  49.839039 25.893
 90    19.587 55371.06506066 47.79 136.745792  49.835799 25.893
 90    21.177 55371.06506130 29.83 136.744374  49.832563 23.520
 90    20.658 55371.06506195 19.86 136.742964  49.829323 23.520
 90    20.621 55371.06506259 19.34 136.741544  49.826093 23.520
 90    20.617 55371.06506324 19.01 136.740134  49.822853 23.520
 90    20.114 55371.06506388 17.67 136.738724  49.819623 23.520
 90    19.572 55371.06506453 17.63 136.737304  49.816383 23.520
 90    19.611 55371.06506517 19.83 136.735894  49.813153 23.520
 90    19.975 55371.06506582 19.88 136.734484  49.809913 23.520
 90    20.105 55371.06506646 22.35 136.733074  49.806673 23.520
 91    19.401 55406.06507805 32.80 136.752871  49.841834 26.853
 91    19.254 55406.06507869 26.18 136.751461  49.838604 26.853
 91    19.397 55406.06507934 40.30 136.750041  49.835364 26.853
 91    19.199 55406.06507998 40.12 136.748624  49.832128 27.392
 91    19.469 55406.06508063 31.23 136.747214  49.828898 27.392
 91    19.509 55406.06508127 43.48 136.745804  49.825658 27.392
 91    19.516 55406.06508192 32.95 136.744384  49.822418 27.392
 91    19.054 55406.06508256 19.75 136.742974  49.819188 27.392
 91    19.095 55406.06508321 16.10 136.741564  49.815948 27.392
 91    19.464 55406.06508385 16.68 136.740144  49.812718 27.392
 91    19.535 55406.06508450 24.31 136.738734  49.809478 27.392
 91    19.539 55406.06508514 25.90 136.737324  49.806238 27.392
 91    19.318 55406.06508579 23.11 136.735914  49.803008 27.392
 92    21.963 55441.06507712 26.99 136.749702  49.847096 35.165
 92    21.988 55441.06507776 26.48 136.748292  49.843866 35.165
 92    22.055 55441.06507841 40.75 136.746872  49.840626 35.165
 92    22.056 55441.06507905 39.16 136.745462  49.837396 35.165
 92    22.078 55441.06507970 48.52 136.744052  49.834156 35.165
 92    22.080 55441.06508034 39.13 136.742638  49.830918 38.235
 92    21.877 55441.06508099 28.67 136.741218  49.827688 38.235
 92    21.726 55441.06508163 24.34 136.739808  49.824448 38.235
 92    21.568 55441.06508228 23.49 136.738398  49.821208 38.235
 92    21.408 55441.06508292 22.69 136.736988  49.817978 38.235
 92    21.529 55441.06508357 24.37 136.735568  49.814738 38.235
 92    21.880 55441.06508421 26.01 136.734158  49.811508 38.235
 92    22.118 55441.06508486 29.45 136.732748  49.808268 38.235
 93    18.187 55476.06501938 30.94 136.748178  49.853389 18.970
 93    18.176 55476.06502003 29.66 136.746768  49.850159 18.970
 93    18.211 55476.06502067 35.03 136.745348  49.846919 18.970
 93    18.343 55476.06502132 38.27 136.743938  49.843689 18.970
 93    18.449 55476.06502196 41.71 136.742528  49.840449 18.970
 93    18.487 55476.06502261 40.77 136.741108  49.837219 18.970
 93    18.427 55476.06502325 40.89 136.739698  49.833979 18.970
 93    18.283 55476.06502390 34.83 136.738285  49.830742 31.920
 93    18.315 55476.06502454 31.36 136.736875  49.827502 31.920
 93    18.488 55476.06502519 36.73 136.735465  49.824272 31.920
 93    18.452 55476.06502583 42.99 136.734055  49.821032 31.920
 93    18.510 55476.06502647 41.62 136.732635  49.817802 31.920
 93    18.575 55476.06502712 42.46 136.731225  49.814562 31.920
 93    18.581 55476.06502776 38.97 136.729815  49.811332 31.920
