# NaN NaN NaN ;Mean Elev.(m), Avg Gradient(m/km), RMS Gradient(m/km) - SRTM1     
#   80.545  -3.203   5.196 ;Mean Elev.(m), Avg Gradient(m/km), RMS Gradient(m/km) - ASTER GDEM
#   89.641  -3.414   3.859 ;Mean Elev.(m), Avg Gradient(m/km), RMS Gradient(m/km) - GMTED2010 
  7    94.477 52446.08528724 22.01 129.374410  49.427943 20.506
  7    94.220 52446.08528789 25.07 129.373010  49.424713 20.506
  7    94.094 52446.08528853 26.21 129.371620  49.421473 20.506
  7    94.258 52446.08528918 25.16 129.370230  49.418233 20.506
  7    94.486 52446.08528982 24.45 129.368830  49.414993 20.506
  7    94.501 52446.08529047 19.95 129.367439  49.411761 14.304
  7    94.655 52446.08529111 16.77 129.366049  49.408521 14.304
  7    94.563 52446.08529176 17.91 129.364659  49.405281 14.304
  7    94.584 52446.08529240 18.55 129.363259  49.402051 14.304
  7    94.517 52446.08529305 21.26 129.361869  49.398811 14.304
  8    94.885 52481.08527798 19.31 129.379082  49.430432 12.703
  8    94.679 52481.08527862 21.61 129.377692  49.427192 12.703
  8    94.497 52481.08527927 23.62 129.376292  49.423952 12.703
  8    95.177 52481.08527991 21.36 129.374902  49.420722 12.703
  8    94.953 52481.08528056 25.02 129.373502  49.417482 12.703
  8    94.977 52481.08528120 22.67 129.372112  49.414242 12.703
  8    95.074 52481.08528184 17.33 129.370722  49.411002 12.703
  8    94.940 52481.08528249 15.61 129.369330  49.407769 11.443
  8    95.175 52481.08528313 15.53 129.367930  49.404529 11.443
  8   102.386 52481.08528507 13.48 129.363760  49.394819 11.443
  8   104.207 52481.08528571 12.50 129.362360  49.391579 11.443
  9    94.839 52516.08523056 49.68 129.380533  49.424297 14.800
  9    94.923 52516.08523120 39.31 129.379143  49.421057 14.800
  9    95.141 52516.08523185 34.77 129.377752  49.417824 24.202
  9    94.354 52516.08523378 31.81 129.373572  49.408114 24.202
  9    94.318 52516.08523443 34.20 129.372182  49.404874 24.202
  9    94.374 52516.08523507 41.01 129.370782  49.401634 24.202
  9    94.340 52516.08523572 46.02 129.369392  49.398394 24.202
  9    94.462 52516.08523636 45.81 129.368002  49.395154 24.202
  9    94.896 52516.08523701 40.21 129.366612  49.391924 24.202
  9    94.321 52516.08523765 45.61 129.365222  49.388684 24.202
  9    94.343 52516.08523830 45.06 129.363822  49.385444 24.202
 10    94.559 52551.08527775 47.36 129.384033  49.425574 24.609
 10    94.032 52551.08528420 50.53 129.370097  49.393204 32.111
 10    94.931 52551.08528484 51.68 129.368707  49.389964 32.111
 10    94.148 52551.08528548 51.26 129.367307  49.386724 32.111
 10    94.266 52551.08528613 48.13 129.365917  49.383494 32.111
 11    92.413 52586.08524733 33.32 129.394951  49.438545 13.746
 11    92.446 52586.08524798 37.57 129.393551  49.435305 13.746
 11    92.435 52586.08524862 35.88 129.392161  49.432065 13.746
 11    93.071 52586.08525829 33.43 129.371262  49.383505 25.427
 12    93.902 52621.08522907 16.37 129.376976  49.429654  6.284
 12    93.724 52621.08522971 20.31 129.375586  49.426414  6.284
 12    93.645 52621.08523036 19.77 129.374186  49.423174  6.284
 12    93.547 52621.08523100 20.04 129.372796  49.419944  6.284
 12    93.622 52621.08523165 19.64 129.371406  49.416704  6.284
 12    93.748 52621.08523229 18.40 129.370016  49.413464  6.284
 12    93.686 52621.08523294 17.99 129.368616  49.410224  6.284
 12    93.710 52621.08523358 20.63 129.367225  49.406991 12.386
 12    93.695 52621.08523423 23.38 129.365835  49.403751 12.386
 12    93.798 52621.08523487 25.60 129.364445  49.400511 12.386
 12    93.764 52621.08523552 24.85 129.363045  49.397281 12.386
 12    93.807 52621.08523616 23.89 129.361655  49.394041 12.386
 15    93.956 52726.08525708 27.59 129.389760  49.436309 10.630
 15    93.709 52726.08525772 26.07 129.388370  49.433069 10.630
 15    93.291 52726.08525837 25.94 129.386970  49.429839 10.630
 15    93.333 52726.08525901 24.03 129.385580  49.426599 10.630
 15    93.604 52726.08526611 21.76 129.370250  49.390988  9.175
 15    93.478 52726.08526675 23.38 129.368860  49.387748  9.175
 15    93.642 52726.08526739 23.12 129.367470  49.384508  9.175
 20    96.159 52901.08537137 17.11 129.381979  49.433018 16.150
 20    96.066 52901.08537201 18.55 129.380579  49.429778 16.150
 20    96.140 52901.08537266 21.15 129.379189  49.426538 16.150
 20    96.239 52901.08537330 24.58 129.377789  49.423298 16.150
 20    96.240 52901.08537395 25.67 129.376399  49.420067 14.136
 20    96.328 52901.08537459 24.09 129.375009  49.416827 14.136
 20    96.329 52901.08537524 24.35 129.373609  49.413587 14.136
 20    96.388 52901.08537588 23.43 129.372219  49.410347 14.136
 20    96.474 52901.08537653 23.22 129.370829  49.407117 14.136
 20    96.664 52901.08537717 20.51 129.369429  49.403877 14.136
 20    96.493 52901.08537782 18.17 129.368039  49.400637 14.136
 20    96.320 52901.08537846 19.07 129.366649  49.397397 14.136
 20    96.383 52901.08537910 17.15 129.365259  49.394167 14.136
 20    96.613 52901.08537975 15.26 129.363869  49.390927 14.136
 20    96.720 52901.08538039 14.91 129.362469  49.387687 14.136
 21    94.623 52936.08531403 21.95 129.374103  49.427055 16.378
 21    94.501 52936.08531468 24.16 129.372713  49.423815 16.378
 21    94.566 52936.08531532 23.19 129.371323  49.420582 20.088
 21    94.668 52936.08531597 23.25 129.369923  49.417342 20.088
 21    96.349 52936.08531661 20.13 129.368533  49.414102 20.088
 21    96.656 52936.08531726 18.14 129.367143  49.410872 20.088
 21    96.584 52936.08531790 16.51 129.365753  49.407632 20.088
 21    96.143 52936.08531855 15.22 129.364353  49.404392 20.088
 21    96.015 52936.08531919 15.74 129.362963  49.401152 20.088
 21    96.303 52936.08531983 18.79 129.361573  49.397922 20.088
 22    93.562 52971.08533541 30.17 129.389741  49.436604  9.350
 22    93.541 52971.08533606 32.99 129.388341  49.433364  9.350
 22    93.626 52971.08533670 30.99 129.386951  49.430134  9.350
 22    93.607 52971.08533735 31.62 129.385552  49.426887 28.891
 22    93.755 52971.08534444 35.30 129.370222  49.391277 28.891
 22    93.961 52971.08534508 40.34 129.368832  49.388047 28.891
 22    93.899 52971.08534573 36.50 129.367442  49.384807 28.891
 23    94.469 53006.08535796 27.86 129.362927  49.395264 18.039
 23    94.418 53006.08535860 26.81 129.361527  49.392024 18.039
 24    94.836 53041.08530075 13.84 129.392914  49.437485  4.233
 24    94.315 53041.08530140 14.04 129.391517  49.434248  8.595
 24    94.739 53041.08530204 14.39 129.390117  49.431008  8.595
 24    94.031 53041.08531107 20.13 129.370607  49.385678  8.595
 24    93.972 53041.08531171 19.25 129.369207  49.382448  8.595
 25    94.614 53076.08533566 12.08 129.377980  49.428764  7.898
 25    94.489 53076.08533630 22.00 129.376590  49.425524  7.898
 25    94.301 53076.08533694 21.83 129.375190  49.422284  7.898
 25    94.001 53076.08533759 27.13 129.373800  49.419054  7.898
 25    93.980 53076.08533823 18.21 129.372410  49.415814  7.898
 25    94.253 53076.08533888 12.77 129.371010  49.412574  7.898
 25    94.566 53076.08533952 11.89 129.369620  49.409334  7.898
 25    94.433 53076.08534017 13.12 129.368230  49.406104  7.898
 25    94.709 53076.08534081 12.29 129.366830  49.402864  7.898
 25    94.379 53076.08534146 12.94 129.365440  49.399624  7.898
 25    94.312 53076.08534210 12.79 129.364050  49.396384  7.898
 25    94.409 53076.08534275 11.59 129.362660  49.393154  7.898
 25    94.219 53076.08534339 11.96 129.361260  49.389914  7.898
 26    94.998 53111.08530416 34.07 129.387999  49.435108 26.814
 26    95.160 53111.08530481 27.11 129.386599  49.431878 26.814
 26    95.402 53111.08530545 31.16 129.385209  49.428638 26.814
 26    95.650 53111.08530610 30.71 129.383809  49.425398 26.814
 26    95.830 53111.08531190 46.36 129.371260  49.396259 37.130
 26    95.840 53111.08531254 39.70 129.369870  49.393029 37.130
 26    95.720 53111.08531319 37.16 129.368480  49.389789 37.130
 26    95.925 53111.08531383 34.86 129.367080  49.386549 37.130
 26    95.772 53111.08531448 38.57 129.365690  49.383309 37.130
 27    99.129 53146.08535330 40.56 129.371903  49.402272 32.463
 27    99.104 53146.08535394 36.71 129.370513  49.399032 32.463
 27    99.101 53146.08535459 43.26 129.369123  49.395792 32.463
 27    99.098 53146.08535523 45.54 129.367723  49.392552 32.463
 27    99.236 53146.08535588 43.83 129.366333  49.389322 32.463
 27    99.272 53146.08535652 38.77 129.364943  49.386082 32.463
 28    94.916 53181.08535454 20.11 129.391637  49.436038 34.248
 28    95.080 53181.08535518 21.66 129.390237  49.432798 34.248
 28    95.243 53181.08535583 22.37 129.388847  49.429558 34.248
 28    95.717 53181.08536421 51.84 129.370737  49.387468 34.248
 28    95.750 53181.08536485 39.77 129.369337  49.384238 34.248
 29    95.072 53216.08537836 17.90 129.383720  49.431835 20.505
 29    94.953 53216.08537900 19.21 129.382320  49.428605 20.505
 29    95.112 53216.08537965 22.08 129.380930  49.425365 20.505
 29    95.059 53216.08538029 26.67 129.379540  49.422125 20.505
 29    95.091 53216.08538094 25.06 129.378140  49.418885 20.505
 29    95.218 53216.08538287 20.10 129.373960  49.409175 20.505
 29    95.297 53216.08538352 16.61 129.372570  49.405935 20.505
 29    95.212 53216.08538416 23.76 129.371180  49.402705 20.505
 29    95.417 53216.08538480 23.94 129.369780  49.399465 20.505
 29    95.562 53216.08538545 22.70 129.368390  49.396225 20.505
 29   104.039 53216.08538609 15.04 129.367000  49.392985 20.505
 29    96.642 53216.08538674 12.53 129.365610  49.389755 20.505
 29    95.758 53216.08538738 17.86 129.364210  49.386515 20.505
 30    95.400 53251.08535879 50.88 129.372144  49.424079 26.725
 30    95.448 53251.08535943 48.63 129.370754  49.420839 26.725
 30    95.085 53251.08536008 49.50 129.369364  49.417609 26.725
 30    95.188 53251.08536072 50.74 129.367974  49.414369 26.725
 30    94.987 53251.08536137 51.44 129.366574  49.411129 26.725
 30    94.883 53251.08536201 51.30 129.365184  49.407889 26.725
 30    95.003 53251.08536266 52.26 129.363794  49.404659 26.725
 30    95.096 53251.08536330 52.00 129.362394  49.401419 26.725
 30    95.158 53251.08536395 52.01 129.361004  49.398179 26.725
 31    95.847 53286.08535644 28.97 129.371079  49.397108 18.494
 31   104.557 53286.08535709 16.89 129.369689  49.393878 18.494
 31   104.371 53286.08535773 12.87 129.368299  49.390638 18.494
 31   102.442 53286.08535838 13.01 129.366909  49.387398 18.494
 31    96.042 53286.08535902 18.02 129.365509  49.384158 18.494
 33    94.752 53356.08529465 19.05 129.388317  49.436040 14.497
 33    94.192 53356.08529529 19.31 129.386927  49.432800 14.497
 33    94.089 53356.08529593 19.88 129.385537  49.429560 14.497
 33    94.094 53356.08529658 19.36 129.384137  49.426320 14.497
 33    94.542 53356.08530303 21.22 129.370217  49.393950 14.497
 33    94.290 53356.08530367 21.76 129.368817  49.390710 14.497
 33    94.388 53356.08530432 29.62 129.367427  49.387470 14.497
 33    94.429 53356.08530496 36.82 129.366037  49.384230 14.497
 34    94.205 53391.08530719 15.65 129.392237  49.434872  6.931
 34    94.174 53391.08530783 15.47 129.390837  49.431632  6.931
 34    93.963 53391.08530848 16.12 129.389447  49.428392  6.931
 34    94.211 53391.08531686 15.23 129.371327  49.386312  6.931
 34    94.252 53391.08531750 18.27 129.369937  49.383072  6.931
 35    94.149 53426.08530410 13.87 129.388578  49.434272  6.686
 35    94.071 53426.08530475 14.79 129.387188  49.431032  6.686
 35    94.038 53426.08530539 15.17 129.385788  49.427802  6.686
 35    94.184 53426.08531248 13.62 129.370468  49.392182  6.686
 35    94.035 53426.08531313 15.81 129.369078  49.388942  6.686
 35    93.996 53426.08531377 15.10 129.367688  49.385712  6.686
 37   100.086 53496.08539465 18.73 129.379745  49.432040 18.741
 37    99.213 53496.08539529 16.01 129.378345  49.428810 18.741
 37    98.198 53496.08539594 16.79 129.376955  49.425570 18.741
 37    98.088 53496.08539658 16.09 129.375565  49.422330 18.741
 37    97.927 53496.08539722 17.30 129.374165  49.419090 18.741
 37    97.425 53496.08539787 18.16 129.372768  49.415858  8.721
 37    98.343 53496.08539851 16.59 129.371378  49.412618  8.721
 37    99.051 53496.08539916 15.19 129.369988  49.409378  8.721
 37   101.414 53496.08539980 13.25 129.368588  49.406148  8.721
 37   101.048 53496.08540045 14.20 129.367198  49.402908  8.721
 37    96.165 53496.08540109 17.82 129.365808  49.399668  8.721
 37    96.549 53496.08540174 19.83 129.364408  49.396428  8.721
 37   103.880 53496.08540238 14.88 129.363018  49.393188  8.721
 37   103.458 53496.08540303 13.91 129.361628  49.389958  8.721
 38    97.604 53531.08538060 50.46 129.370261  49.388110 33.388
 38    97.513 53531.08538125 47.37 129.368871  49.384880 33.388
 39    96.954 53566.08539959 46.08 129.374257  49.426557 24.384
 39    96.867 53566.08540024 47.30 129.372867  49.423317 24.384
 39    97.106 53566.08540088 43.14 129.371477  49.420077 24.384
 39    97.213 53566.08540152 42.20 129.370077  49.416837 24.384
 39    97.062 53566.08540217 43.52 129.368687  49.413607 24.384
 39    97.186 53566.08540281 44.35 129.367297  49.410367 24.384
 39    97.322 53566.08540346 41.65 129.365897  49.407127 24.384
 39    97.263 53566.08540410 42.29 129.364507  49.403887 24.384
 39    97.222 53566.08540475 43.82 129.363117  49.400657 24.384
 39    97.210 53566.08540539 45.28 129.361727  49.397417 24.384
 40    95.071 53601.08534150 48.13 129.383425  49.433276 40.958
 40    94.367 53601.08534214 51.53 129.382035  49.430036 40.958
 40    94.488 53601.08534279 49.91 129.380635  49.426806 40.958
 40    94.274 53601.08534343 50.55 129.379245  49.423566 40.958
 40    94.315 53601.08534408 52.27 129.377845  49.420326 40.958
 40    94.437 53601.08534472 44.09 129.376455  49.417086 40.958
 40    94.390 53601.08534537 40.11 129.375065  49.413856 40.958
 40    94.512 53601.08534601 37.91 129.373675  49.410616 40.958
 40    94.589 53601.08534666 33.76 129.372275  49.407376 40.958
 40    94.491 53601.08534730 42.69 129.370885  49.404136 40.958
 40    94.581 53601.08534795 47.21 129.369495  49.400906 40.958
 40    94.674 53601.08534859 38.91 129.368105  49.397666 40.958
 40    94.510 53601.08534924 37.65 129.366705  49.394426 40.958
 40    94.651 53601.08534988 45.42 129.365315  49.391186 40.958
 40    94.667 53601.08535053 47.37 129.363925  49.387946 40.958
 41    94.575 53636.08533782 34.43 129.389570  49.436558 25.724
 41    94.157 53636.08533846 30.10 129.388180  49.433318 25.724
 41    93.997 53636.08533911 31.50 129.386780  49.430078 25.724
 41    94.171 53636.08533975 32.10 129.385390  49.426848 25.724
 41    94.616 53636.08534684 41.82 129.370060  49.391228 25.724
 41    94.744 53636.08534749 47.17 129.368660  49.387998 25.724
 41    94.813 53636.08534813 52.71 129.367270  49.384758 25.724
 42    93.053 53671.08536046 48.99 129.380592  49.430373 20.017
 42    93.153 53671.08536110 49.57 129.379202  49.427133 20.017
 42    93.313 53671.08536175 48.74 129.377812  49.423893 20.017
 42    93.385 53671.08536239 46.02 129.376412  49.420663 20.017
 42    93.367 53671.08536304 46.69 129.375016  49.417423 37.204
 42    93.409 53671.08536368 44.41 129.373626  49.414183 37.204
 42    93.444 53671.08536433 46.58 129.372236  49.410943 37.204
 42    93.471 53671.08536497 45.91 129.370836  49.407713 37.204
 42    93.492 53671.08536562 45.49 129.369446  49.404473 37.204
 42    93.521 53671.08536626 45.02 129.368056  49.401233 37.204
 42    93.548 53671.08536691 44.40 129.366656  49.397993 37.204
 42    93.575 53671.08536755 44.52 129.365266  49.394753 37.204
 42    93.604 53671.08536819 49.46 129.363876  49.391523 37.204
 42    93.632 53671.08536884 44.41 129.362486  49.388283 37.204
 43    93.009 53706.08529296 32.12 129.386775  49.428255 15.182
 43    93.243 53706.08530070 35.64 129.370059  49.389403 25.909
 43    93.703 53706.08530134 38.19 129.368669  49.386163 25.909
 43    93.571 53706.08530199 33.60 129.367279  49.382933 25.909
 44    94.561 53741.08520621 28.09 129.378028  49.429702  9.711
 44    94.629 53741.08520685 30.57 129.376628  49.426472  9.711
 44    94.092 53741.08520943 24.59 129.371063  49.413518 13.487
 44    94.190 53741.08521330 25.51 129.362713  49.394088 13.487
 44    94.211 53741.08521394 27.18 129.361323  49.390858 13.487
 45    94.979 53776.08522638 13.45 129.396372  49.439329  4.700
 45    94.790 53776.08522702 14.01 129.394972  49.436089  4.700
 45    94.364 53776.08522767 14.60 129.393582  49.432849  4.700
 45    94.179 53776.08522831 16.22 129.392182  49.429619  4.700
 45    94.170 53776.08523734 18.46 129.372675  49.384289  8.405
 45    94.030 53776.08523798 18.61 129.371285  49.381049  8.405
 46    94.323 53811.08520863 20.35 129.379426  49.429926 12.028
 46    94.424 53811.08520927 32.62 129.378036  49.426686 12.028
 46    94.097 53811.08520992 39.09 129.376646  49.423456 12.028
 46    92.984 53811.08521056 40.21 129.375246  49.420216 12.028
 46    93.247 53811.08521121 33.63 129.373856  49.416976 12.028
 46    93.208 53811.08521185 14.85 129.372466  49.413736 12.028
 46    93.784 53811.08521250 10.44 129.371076  49.410496 12.028
 46    94.277 53811.08521314 11.11 129.369676  49.407266 12.028
 46    94.766 53811.08521379 10.79 129.368286  49.404026 12.028
 46    94.368 53811.08521443 11.34 129.366896  49.400786 12.028
 46    95.147 53811.08521508 11.25 129.365509  49.397550  3.738
 46    96.033 53811.08521572 10.78 129.364109  49.394310  3.738
 46    95.815 53811.08521637 11.43 129.362719  49.391070  3.738
 47    94.447 53846.08525509 30.05 129.388701  49.434429 21.922
 47    94.781 53846.08525574 26.85 129.387301  49.431199 21.922
 47    94.638 53846.08525638 37.49 129.385911  49.427959 21.922
 47    94.602 53846.08526347 35.34 129.370578  49.392348 40.968
 47    94.623 53846.08526412 30.54 129.369188  49.389108 40.968
 47    94.454 53846.08526476 33.18 129.367788  49.385868 40.968
 48    96.202 53881.08527993 51.48 129.392911  49.432039 24.491
 48    96.488 53881.08528960 49.78 129.372015  49.383478 39.036
 49    96.388 53916.08534006 27.77 129.376809  49.428427  8.367
 49    96.252 53916.08534070 28.20 129.375419  49.425187  8.367
 49    96.402 53916.08534134 28.22 129.374029  49.421947  8.367
 49    96.347 53916.08534199 29.63 129.372629  49.418707  8.367
 49    96.415 53916.08534263 29.76 129.371239  49.415477  8.367
 49    96.509 53916.08534328 29.58 129.369849  49.412237  8.367
 49    96.832 53916.08534392 28.09 129.368449  49.408997  8.367
 49    96.434 53916.08534457 27.64 129.367059  49.405757  8.367
 49    96.573 53916.08534521 25.63 129.365669  49.402524 15.760
 49    96.493 53916.08534586 24.52 129.364269  49.399284 15.760
 49    96.666 53916.08534650 23.23 129.362879  49.396044 15.760
 49    96.517 53916.08534715 22.72 129.361489  49.392814 15.760
 50    96.883 53951.08534821 52.20 129.371981  49.424915 25.687
 50    96.153 53951.08534886 50.32 129.370591  49.421675 25.687
 50    96.201 53951.08534950 51.40 129.369201  49.418435 25.687
 50    96.096 53951.08535015 50.27 129.367801  49.415195 25.687
 50    96.218 53951.08535079 51.80 129.366411  49.411965 25.687
 50    96.299 53951.08535144 51.25 129.365021  49.408725 25.687
 50    96.389 53951.08535208 51.96 129.363621  49.405485 25.687
 50    96.254 53951.08535273 51.83 129.362231  49.402245 25.687
 50    96.319 53951.08535337 53.22 129.360838  49.399012 19.990
 52    94.774 54021.08532171 24.52 129.393677  49.436359 21.706
 52    94.999 54021.08532235 25.62 129.392277  49.433119 21.706
 52    95.182 54021.08532300 22.17 129.390887  49.429879 21.706
 52    95.377 54021.08533202 51.98 129.371377  49.384558 37.322
 52    95.369 54021.08533267 50.78 129.369977  49.381318 37.322
 53    93.288 54056.08531425 34.66 129.395484  49.432378 14.737
 53    93.196 54056.08532392 42.87 129.374581  49.383818 31.165
 54    95.119 54091.08530413 23.81 129.373567  49.412900  7.706
 54    95.129 54091.08530477 22.47 129.372177  49.409660  7.706
 54    95.271 54091.08530542 23.63 129.370787  49.406420  7.706
 54    95.195 54091.08530606 22.95 129.369397  49.403180  7.706
 54    95.205 54091.08530671 24.11 129.368001  49.399947  9.512
 54    95.185 54091.08530735 23.64 129.366611  49.396707  9.512
 54    95.175 54091.08530800 22.18 129.365221  49.393467  9.512
 54    95.210 54091.08530864 20.59 129.363821  49.390237  9.512
 54    95.292 54091.08530929 18.62 129.362431  49.386997  9.512
 55    94.512 54126.08522873 15.66 129.397383  49.438768  5.525
 55    94.481 54126.08522937 16.22 129.395983  49.435528  5.525
 55    94.355 54126.08523001 16.12 129.394593  49.432288  5.525
 55    94.191 54126.08523968 16.65 129.373676  49.383728  7.106
 56    94.590 54161.08526793 10.59 129.384153  49.432347  4.073
 56    94.567 54161.08526857 10.98 129.382763  49.429107  4.073
 56    94.561 54161.08526922 10.95 129.381363  49.425877  4.073
 56    94.556 54161.08526986 11.38 129.379973  49.422637  4.073
 56    94.671 54161.08527050 11.08 129.378583  49.419397  4.073
 56    94.813 54161.08527244 10.10 129.374403  49.409687  4.073
 56    94.733 54161.08527308  9.35 129.373003  49.406447  4.073
 56    95.481 54161.08527373  8.19 129.371613  49.403207  4.073
 56    95.224 54161.08527437  8.17 129.370218  49.399975  4.341
 56    95.269 54161.08527502  8.07 129.368828  49.396735  4.341
 56    95.369 54161.08527566  8.27 129.367438  49.393495  4.341
 56    95.788 54161.08527631  7.57 129.366048  49.390265  4.341
 56    95.730 54161.08527695  7.69 129.364648  49.387025  4.341
 57    97.877 54196.08523140 14.76 129.393703  49.436211  7.870
 57    98.877 54196.08523205 14.35 129.392303  49.432981  7.870
 57    99.328 54196.08523269 16.48 129.390913  49.429741  7.870
 57   102.897 54196.08524172  3.80 129.371396  49.384412  5.227
 57   102.263 54196.08524236  3.54 129.370006  49.381182  5.227
 58    94.981 54231.08527967 21.05 129.389330  49.435670 21.215
 58    95.348 54231.08528869 47.97 129.369825  49.390347 24.109
 58    95.756 54231.08528934 45.02 129.368425  49.387107 24.109
 58    95.035 54231.08528998 27.40 129.367035  49.383867 24.109
 59    95.896 54266.08530552 49.98 129.370774  49.392720 37.565
 59    95.820 54266.08530617 52.16 129.369384  49.389480 37.565
 59    95.721 54266.08530681 51.82 129.367984  49.386240 37.565
 59    95.816 54266.08530746 50.30 129.366594  49.383000 37.565
 60    95.507 54301.08530217 17.57 129.388552  49.435180 22.846
 60    95.629 54301.08530346 18.90 129.385762  49.428710 22.846
 60    96.448 54301.08531055 31.97 129.370442  49.393098 34.272
 60    95.957 54301.08531120 22.52 129.369052  49.389858 34.272
 60    94.943 54301.08531184 24.31 129.367652  49.386618 34.272
 60    95.655 54301.08531249 19.45 129.366262  49.383378 34.272
 61    95.917 54336.08529119 17.81 129.383156  49.430677 19.042
 61    95.862 54336.08529184 19.80 129.381756  49.427447 19.042
 61    95.832 54336.08529248 22.62 129.380366  49.424207 19.042
 61    95.793 54336.08529313 25.59 129.378976  49.420967 19.042
 61    96.005 54336.08529377 27.67 129.377576  49.417727 19.042
 61    95.726 54336.08529506 27.82 129.374796  49.411257 19.042
 61    95.789 54336.08529571 26.65 129.373406  49.408017 19.042
 61    95.700 54336.08529635 21.13 129.372006  49.404777 19.042
 61    95.842 54336.08529700 21.97 129.370613  49.401543 25.680
 61    95.764 54336.08529764 25.59 129.369223  49.398303 25.680
 61    95.857 54336.08529829 19.47 129.367833  49.395063 25.680
 61   102.731 54336.08529893 16.59 129.366443  49.391833 25.680
 61    95.872 54336.08529957 15.72 129.365043  49.388593 25.680
 61   102.235 54336.08530022 12.33 129.363653  49.385353 25.680
 63    93.734 54406.08523581 35.37 129.383603  49.431555 23.686
 63    93.595 54406.08523645 41.25 129.382203  49.428315 23.686
 63    93.374 54406.08523709 44.22 129.380813  49.425075 23.686
 63    94.070 54406.08523774 38.17 129.379413  49.421845 23.686
 63    93.998 54406.08523838 33.70 129.378023  49.418605 23.686
 63    93.413 54406.08524032 33.26 129.373843  49.408895 23.686
 63    93.436 54406.08524096 36.83 129.372453  49.405655 23.686
 63    93.425 54406.08524161 37.21 129.371063  49.402415 23.686
 63    93.652 54406.08524225 39.61 129.369663  49.399175 23.686
 63    93.623 54406.08524290 38.09 129.368273  49.395942 26.109
 63    93.532 54406.08524354 42.64 129.366883  49.392702 26.109
 63    93.671 54406.08524419 35.96 129.365493  49.389462 26.109
 63    93.591 54406.08524483 28.62 129.364093  49.386232 26.109
 65    94.030 54476.08522238 20.32 129.390173  49.436089  7.958
 65    94.042 54476.08522303 20.14 129.388773  49.432849  7.958
 65    93.908 54476.08522367 20.02 129.387383  49.429609  7.958
 65    94.379 54476.08523205 39.40 129.369263  49.387527 13.736
 65    95.046 54476.08523270 43.87 129.367873  49.384287 13.736
 66    94.168 54511.08520762 17.70 129.396857  49.439208  5.557
 66    94.111 54511.08520827 18.67 129.395457  49.435968  5.557
 66    93.779 54511.08520891 19.37 129.394067  49.432728  5.557
 66    94.039 54511.08521858 31.94 129.373150  49.384171 14.121
 66    93.953 54511.08521923 31.93 129.371760  49.380931 14.121
 67    94.123 54546.08523728 20.84 129.385191  49.433107  7.035
 67    94.062 54546.08523793 20.64 129.383801  49.429867  7.035
 67    93.927 54546.08523857 19.87 129.382401  49.426627  7.035
 67    93.751 54546.08523922 19.85 129.381005  49.423396 17.109
 67    94.147 54546.08524309 17.55 129.372645  49.403966 17.109
 67    94.174 54546.08524373 16.76 129.371255  49.400726 17.109
 67    94.151 54546.08524438 17.11 129.369865  49.397496 17.109
 67    94.211 54546.08524502 16.88 129.368475  49.394256 17.109
 67    94.142 54546.08524566 19.56 129.367075  49.391016 17.109
 67    94.148 54546.08524631 22.85 129.365685  49.387776 17.109
 67    94.047 54546.08524695 23.68 129.364295  49.384546 17.109
 68    94.378 54581.08520354 26.58 129.391207  49.436568 20.327
 68    93.891 54581.08520419 24.61 129.389817  49.433328 20.327
 68    94.038 54581.08520483 22.69 129.388417  49.430088 20.327
 68   103.412 54581.08521321 19.13 129.370304  49.387996 24.254
 68    93.937 54581.08521386 15.52 129.368914  49.384766 24.254
 69    94.448 54616.08522547 26.88 129.389414  49.436380 18.165
 69    94.094 54616.08522611 21.26 129.388014  49.433150 18.165
 69    93.972 54616.08522676 19.91 129.386624  49.429910 18.165
 69   103.258 54616.08523514 12.46 129.368508  49.387820 19.935
 69   102.583 54616.08523578 11.58 129.367118  49.384580 19.935
 70    94.671 54651.08523903 46.09 129.386010  49.433785 28.332
 70    94.380 54651.08523968 46.29 129.384620  49.430545 28.332
 70    94.338 54651.08524032 46.28 129.383220  49.427305 28.332
 70    95.060 54651.08524097 45.61 129.381830  49.424075 28.332
 70    93.528 54651.08524548 23.16 129.372071  49.401405 26.895
 70    93.361 54651.08524612 24.31 129.370681  49.398165 26.895
 70    93.503 54651.08524677 29.64 129.369291  49.394935 26.895
 70    93.760 54651.08524741 40.24 129.367901  49.391695 26.895
 70    93.782 54651.08524806 47.35 129.366501  49.388455 26.895
 70    93.822 54651.08524870 41.93 129.365111  49.385215 26.895
 71    94.935 54686.08523199 19.97 129.382635  49.432179 23.569
 71    95.023 54686.08523264 23.29 129.381245  49.428949 23.569
 71    95.138 54686.08523328 26.41 129.379845  49.425709 23.569
 71    95.201 54686.08523393 27.87 129.378455  49.422469 23.569
 71    95.243 54686.08523457 32.73 129.377065  49.419229 23.569
 71    95.522 54686.08523521 37.67 129.375670  49.415996 34.697
 71    95.577 54686.08523586 36.47 129.374270  49.412756 34.697
 71    95.632 54686.08523650 33.13 129.372880  49.409516 34.697
 71    95.622 54686.08523715 33.42 129.371490  49.406286 34.697
 71    95.593 54686.08523779 32.94 129.370100  49.403046 34.697
 71    95.572 54686.08523844 34.15 129.368700  49.399806 34.697
 71    95.608 54686.08523908 40.04 129.367310  49.396566 34.697
 71    95.707 54686.08523973 49.48 129.365920  49.393326 34.697
 71    95.786 54686.08524037 54.77 129.364530  49.390096 34.697
 71    95.863 54686.08524102 49.65 129.363140  49.386856 34.697
 72    96.590 54721.08518241 42.70 129.397993  49.440203 21.309
 72    96.026 54721.08518306 45.57 129.396603  49.436973 21.309
 72    96.178 54721.08519402 29.70 129.372907  49.381935 28.644
 73    94.895 54756.08520672 51.62 129.385876  49.433044 20.649
 73    95.024 54756.08520737 48.92 129.384476  49.429804 20.649
 73    95.098 54756.08520801 50.19 129.383086  49.426574 20.649
 73    95.505 54756.08520866 49.97 129.381688  49.423336 35.980
 73    95.216 54756.08521317 45.09 129.371938  49.400666 35.980
 73    95.280 54756.08521382 47.20 129.370548  49.397436 35.980
 73    95.327 54756.08521446 48.23 129.369158  49.394196 35.980
 73    95.347 54756.08521510 50.82 129.367758  49.390956 35.980
 73    95.261 54756.08521575 51.32 129.366368  49.387716 35.980
 73    95.422 54756.08521639 43.62 129.364978  49.384486 35.980
 74    92.884 54791.08517680 47.43 129.394476  49.437511 15.768
 74    92.790 54791.08517745 49.03 129.393076  49.434271 15.768
 74    92.759 54791.08517809 40.44 129.391686  49.431041 15.768
 74    93.395 54791.08518712 41.65 129.372167  49.385714 29.497
 74    93.459 54791.08518776 42.31 129.370777  49.382474 29.497
 75    94.888 54826.08520270 15.14 129.389990  49.435057  4.373
 75    95.125 54826.08520335 15.14 129.388600  49.431817  4.373
 75    95.238 54826.08520399 15.43 129.387200  49.428577  4.373
 75    95.373 54826.08521173 13.10 129.370477  49.389727  6.053
 75    95.357 54826.08521237 13.62 129.369087  49.386487  6.053
 75    95.458 54826.08521302 12.87 129.367697  49.383257  6.053
 76    95.073 54861.08517000 10.41 129.396037  49.438488  3.233
 76    94.811 54861.08517065 11.09 129.394647  49.435258  3.233
 76    95.046 54861.08517129 11.81 129.393247  49.432012  4.372
 76    94.819 54861.08518096  8.95 129.372347  49.383452  4.372
 76    94.995 54861.08518161  9.57 129.370947  49.380222  4.372
 77    94.131 54896.08520462 11.97 129.382595  49.431673  3.903
 77    94.259 54896.08520527 12.67 129.381195  49.428443  3.903
 77    94.229 54896.08520591 12.17 129.379798  49.425204  4.110
 77    94.358 54896.08520656 12.27 129.378408  49.421964  4.110
 77    94.030 54896.08520720 12.29 129.377018  49.418724  4.110
 77    94.746 54896.08520785 10.14 129.375618  49.415484  4.110
 77    94.509 54896.08520849 10.76 129.374228  49.412254  4.110
 77    95.163 54896.08520913  7.75 129.372838  49.409014  4.110
 77    95.208 54896.08520978  7.48 129.371438  49.405774  4.110
 77    95.341 54896.08521042  6.55 129.370048  49.402534  4.110
 77    96.047 54896.08521107  6.01 129.368658  49.399304  4.110
 77    95.903 54896.08521171  6.08 129.367268  49.396064  4.110
 77    95.486 54896.08521236  6.06 129.365868  49.392824  4.110
 77    95.989 54896.08521300  6.42 129.364478  49.389584  4.110
 77    95.673 54896.08521365  6.31 129.363088  49.386354  4.110
 78    94.902 54931.08516774 29.71 129.391815  49.436689 22.135
 78    95.022 54931.08516838 26.03 129.390415  49.433449 22.135
 78   103.372 54931.08517741 21.61 129.370904  49.388119 11.752
 78    99.683 54931.08517805 23.20 129.369514  49.384889 11.752
 79    96.547 54966.08520430 14.30 129.386532  49.433147 11.891
 79    96.865 54966.08520494 16.40 129.385142  49.429907 11.891
 79    96.752 54966.08520559 16.59 129.383752  49.426667 11.891
 79    96.705 54966.08521139 22.54 129.371205  49.397526 28.120
 79    96.762 54966.08521204 16.19 129.369815  49.394296 28.120
 79   103.221 54966.08521332 12.96 129.367025  49.387816 28.120
 79    97.129 54966.08521397 22.73 129.365635  49.384576 28.120
 80    97.560 55001.08522872 40.87 129.375163  49.413041 25.461
 80    96.419 55001.08522937 39.18 129.373773  49.409811 25.461
 80    96.953 55001.08523001 36.22 129.372383  49.406571 25.461
 80    96.522 55001.08523066 37.34 129.370983  49.403331 25.461
 80    96.611 55001.08523130 37.46 129.369593  49.400091 25.461
 80    96.601 55001.08523195 41.08 129.368203  49.396861 25.461
 80    96.733 55001.08523259 31.31 129.366813  49.393621 25.461
 80    96.438 55001.08523323 24.85 129.365413  49.390381 25.461
 80    96.245 55001.08523388 22.19 129.364023  49.387141 25.461
 81    98.569 55036.08520963 25.94 129.389862  49.436299 25.702
 81    98.608 55036.08521092 44.66 129.387072  49.429829 25.702
 81    98.910 55036.08521157 47.09 129.385672  49.426589 25.702
 81    98.824 55036.08521866 51.04 129.370346  49.390977 42.649
 81    98.720 55036.08521930 50.14 129.368956  49.387737 42.649
 81    98.948 55036.08521995 48.47 129.367566  49.384497 42.649
 82    97.030 55071.08519934 17.87 129.381788  49.431732 14.781
 82    97.036 55071.08519999 18.78 129.380388  49.428492 14.781
 82    97.318 55071.08520063 19.86 129.378998  49.425252 14.781
 82    97.662 55071.08520192 23.32 129.376212  49.418779 21.035
 82    97.351 55071.08520257 21.21 129.374822  49.415539 21.035
 82    97.424 55071.08520321 24.93 129.373422  49.412299 21.035
 82    97.236 55071.08520386 24.56 129.372032  49.409069 21.035
 82    97.361 55071.08520450 25.27 129.370642  49.405829 21.035
 82    97.139 55071.08520515 24.76 129.369242  49.402589 21.035
 82    97.335 55071.08520579 20.91 129.367852  49.399349 21.035
 82    97.355 55071.08520644 19.07 129.366462  49.396109 21.035
 82   102.400 55071.08520708 16.66 129.365072  49.392879 21.035
 82   102.631 55071.08520773 16.46 129.363682  49.389639 21.035
 83    97.750 55106.08514168 50.00 129.393169  49.436416 31.375
 83    97.567 55106.08514233 48.59 129.391769  49.433176 31.375
 83    97.744 55106.08514297 48.81 129.390379  49.429936 31.375
 83    97.887 55106.08515200 50.30 129.370867  49.384620 37.180
 83    98.084 55106.08515264 51.28 129.369477  49.381380 37.180
 84    94.761 55141.08515401 36.65 129.373687  49.407794 30.871
 84    94.841 55141.08515465 42.01 129.372297  49.404554 30.871
 84    95.128 55141.08515530 38.25 129.370897  49.401314 30.871
 84    94.747 55141.08515594 40.72 129.369507  49.398074 30.871
 84    94.841 55141.08515659 42.75 129.368117  49.394844 30.871
 84    94.800 55141.08515723 40.83 129.366727  49.391604 30.871
 84    94.614 55141.08515788 46.82 129.365327  49.388364 30.871
 84    94.687 55141.08515852 39.80 129.363937  49.385124 30.871
 86    95.820 55211.08514296 14.67 129.388011  49.435311  4.287
 86    95.784 55211.08514360 15.65 129.386621  49.432071  4.287
 86    95.609 55211.08514425 16.76 129.385221  49.428831  4.287
 86    95.791 55211.08514489 16.82 129.383831  49.425601  4.287
 86    95.962 55211.08515070 15.51 129.371291  49.396462  6.498
 86    96.034 55211.08515134 13.66 129.369901  49.393222  6.498
 86    95.993 55211.08515198 14.19 129.368501  49.389982  6.498
 86    95.998 55211.08515263 13.37 129.367111  49.386742  6.498
 86    95.985 55211.08515327 13.23 129.365721  49.383512  6.498
 87    95.583 55246.08511544 11.35 129.391823  49.435295  3.611
 87    95.514 55246.08511609 12.21 129.390433  49.432055  3.611
 87    95.361 55246.08511673 13.33 129.389033  49.428825  3.611
 87    95.476 55246.08512511  9.84 129.370922  49.386738  5.022
 87    95.663 55246.08512576  9.38 129.369532  49.383498  5.022
 88    94.568 55281.08513725 10.73 129.383092  49.432564  4.448
 88    94.647 55281.08513789 11.87 129.381702  49.429324  4.448
 88    94.287 55281.08513854 15.82 129.380302  49.426084  4.448
 88    94.294 55281.08513918 15.86 129.378908  49.422852  5.357
 88    94.128 55281.08513983 13.55 129.377518  49.419612  5.357
 88    94.109 55281.08514047 10.48 129.376128  49.416372  5.357
 88    94.541 55281.08514112  9.88 129.374728  49.413142  5.357
 88    94.754 55281.08514176  8.66 129.373338  49.409902  5.357
 88    95.553 55281.08514241  6.69 129.371948  49.406662  5.357
 88    94.985 55281.08514305  7.18 129.370548  49.403422  5.357
 88    95.879 55281.08514369  6.27 129.369158  49.400182  5.357
 88    95.904 55281.08514434  6.50 129.367768  49.396952  5.357
 88    95.150 55281.08514498  7.13 129.366378  49.393712  5.357
 88    95.618 55281.08514563  8.97 129.364978  49.390472  5.357
 88    95.628 55281.08514627  7.28 129.363588  49.387232  5.357
 89    93.751 55316.08510328 35.52 129.387081  49.435426 15.367
 89    94.600 55316.08510393 25.97 129.385691  49.432186 15.367
 89    98.454 55316.08510457 22.40 129.384291  49.428946 15.367
 89    98.977 55316.08510522 23.59 129.382901  49.425706 15.367
 89    98.589 55316.08511037 23.17 129.371751  49.399804 11.910
 89    94.808 55316.08511102 23.38 129.370361  49.396574 11.910
 89   104.361 55316.08511166 16.89 129.368971  49.393334 11.910
 89   104.569 55316.08511231 16.62 129.367571  49.390094 11.910
 89    94.400 55316.08511295 19.55 129.366181  49.386854 11.910
 90    96.193 55351.08510922 34.93 129.383670  49.431436 10.782
 90    96.067 55351.08510986 36.05 129.382280  49.428196 10.782
 90    96.144 55351.08511051 37.22 129.380880  49.424956 10.782
 90    96.275 55351.08511115 40.63 129.379487  49.421726 30.408
 90    96.464 55351.08511180 43.99 129.378097  49.418486 30.408
 90    96.689 55351.08511373 46.66 129.373917  49.408776 30.408
 90    96.651 55351.08511438 42.84 129.372527  49.405536 30.408
 90    96.675 55351.08511502 41.43 129.371127  49.402296 30.408
 90    96.526 55351.08511567 43.24 129.369737  49.399056 30.408
 90    96.583 55351.08511631 44.07 129.368347  49.395826 30.408
 90    96.785 55351.08511695 48.36 129.366957  49.392586 30.408
 90    96.811 55351.08511760 51.61 129.365557  49.389346 30.408
 90    96.789 55351.08511824 52.18 129.364167  49.386106 30.408
 91    96.141 55386.08510283 48.84 129.391733  49.435424 23.275
 91    96.131 55386.08510348 48.45 129.390343  49.432184 23.275
 91    95.608 55386.08510412 51.46 129.388943  49.428954 23.275
 91    96.131 55386.08511250 48.89 129.370829  49.386866 37.001
 91    96.093 55386.08511315 53.28 129.369439  49.383626 37.001
 92    97.193 55421.08513463 43.53 129.371031  49.394465 34.815
 92    97.426 55421.08513528 49.08 129.369641  49.391225 34.815
 92    97.273 55421.08513592 48.02 129.368241  49.387985 34.815
 92    97.423 55421.08513656 50.04 129.366851  49.384745 34.815
 93    96.023 55456.08510394 44.95 129.379710  49.427077 13.703
 93    95.354 55456.08510458 44.15 129.378320  49.423837 13.703
 93    95.792 55456.08510523 45.71 129.376930  49.420597 13.703
 93    95.420 55456.08510587 47.45 129.375536  49.417365 30.656
 93    95.271 55456.08510651 46.33 129.374136  49.414125 30.656
 93    95.351 55456.08510716 45.97 129.372746  49.410885 30.656
 93    95.445 55456.08510780 46.87 129.371356  49.407655 30.656
 93    95.498 55456.08510845 45.77 129.369966  49.404415 30.656
 93    95.478 55456.08510909 46.94 129.368566  49.401175 30.656
 93    95.457 55456.08510974 48.33 129.367176  49.397935 30.656
 93    95.379 55456.08511038 50.40 129.365786  49.394705 30.656
 93    95.574 55456.08511103 52.24 129.364396  49.391465 30.656
 93    95.521 55456.08511167 51.50 129.363006  49.388225 30.656
