# NaN NaN NaN ;Mean Elev.(m), Avg Gradient(m/km), RMS Gradient(m/km) - SRTM1     
#   88.720  -2.372   5.987 ;Mean Elev.(m), Avg Gradient(m/km), RMS Gradient(m/km) - ASTER GDEM
#   90.449  -1.666   3.751 ;Mean Elev.(m), Avg Gradient(m/km), RMS Gradient(m/km) - GMTED2010 
  7    95.198 52446.08530207 21.63 129.342379  49.353481 14.304
  7    95.283 52446.08530272 23.40 129.340989  49.350241 14.304
  8    95.230 52481.08529345 27.24 129.345670  49.352729 11.443
  8    95.307 52481.08529409 29.85 129.344280  49.349489 11.443
  9    95.604 52516.08524474 19.12 129.349921  49.353066  7.127
  9    94.472 52516.08524539 29.77 129.348531  49.349826  7.127
 10    94.477 52551.08529193 46.92 129.353387  49.354354 32.111
 10    94.465 52551.08529258 51.44 129.351997  49.351114 32.111
 10    94.405 52551.08529322 49.31 129.350607  49.347874 32.111
 11    93.037 52586.08526410 32.71 129.358742  49.354365 25.427
 11    93.105 52586.08526474 31.76 129.357354  49.351130 11.021
 12    94.041 52621.08524454 10.40 129.343575  49.351951 12.386
 12    94.219 52621.08524519  8.72 129.342185  49.348711 12.386
 15    93.729 52726.08527320 26.24 129.354940  49.355368  9.175
 15    93.773 52726.08527384 23.00 129.353550  49.352138  9.175
 15    93.698 52726.08527449 23.19 129.352160  49.348898  9.175
 16    93.949 52761.08529069 36.61 129.334714  49.352763 15.424
 16    94.746 52761.08529133 37.37 129.333324  49.349523 15.424
 20    97.029 52901.08538749 20.69 129.347169  49.352069  7.397
 20    96.995 52901.08538813 17.30 129.345779  49.348829  7.397
 21    95.596 52936.08532886 14.21 129.342104  49.352584  4.558
 21    95.536 52936.08532950 13.07 129.340714  49.349344  4.558
 22    94.032 52971.08535218 26.71 129.353523  49.352433 10.079
 22    93.964 52971.08535282 28.18 129.352133  49.349193 10.079
 23    94.756 53006.08536634 20.99 129.344829  49.353168  6.930
 23    94.744 53006.08536698 21.42 129.343439  49.349938  6.930
 24    94.119 53041.08531751 15.97 129.356681  49.353307  6.635
 24    94.280 53041.08531816 13.59 129.355291  49.350067  6.635
 25   102.610 53076.08535048  6.67 129.345966  49.354301  3.013
 25   104.243 53076.08535113  6.31 129.344576  49.351061  3.013
 26    96.154 53111.08532028 34.79 129.353160  49.354169 37.130
 26    96.182 53111.08532092 35.91 129.351770  49.350939 37.130
 27    99.707 53146.08536297 28.30 129.351030  49.353708 18.150
 27    99.627 53146.08536361 25.73 129.349640  49.350468 18.150
 28    95.988 53181.08537066 51.97 129.356823  49.355093 25.584
 28    96.039 53181.08537130 52.50 129.355433  49.351863 25.584
 28    96.069 53181.08537194 46.90 129.354043  49.348623 25.584
 29    95.913 53216.08539383 30.07 129.350305  49.354131 17.246
 29    95.848 53216.08539447 15.91 129.348905  49.350901 17.246
 30    95.801 53251.08537297 48.11 129.341529  49.352854 23.568
 30    95.686 53251.08537362 52.10 129.340139  49.349614 23.568
 31    96.397 53286.08536482 32.05 129.352985  49.355026 21.073
 31    96.305 53286.08536547 22.84 129.351595  49.351786 21.073
 31    96.265 53286.08536611 19.72 129.350205  49.348546 21.073
 33    94.575 53356.08531076 17.10 129.353519  49.355094  7.051
 33    94.547 53356.08531141 17.47 129.352129  49.351854  7.051
 33    94.549 53356.08531205 16.44 129.350739  49.348624  7.051
 34    94.163 53391.08532331 15.20 129.357407  49.353930  7.293
 34    94.253 53391.08532395 13.68 129.356017  49.350700  7.293
 35    94.278 53426.08532022 12.66 129.353770  49.353327  5.918
 35    94.415 53426.08532086 11.42 129.352380  49.350097  5.918
 37    98.821 53496.08541012 16.64 129.346318  49.354338  8.721
 37    98.558 53496.08541076 14.52 129.344922  49.351101  3.986
 38    97.960 53531.08538705 50.74 129.356350  49.355735 22.536
 38    98.017 53531.08538770 50.65 129.354960  49.352505 22.536
 38    97.950 53531.08538834 45.05 129.353570  49.349265 22.536
 39    97.993 53566.08541442 30.55 129.342250  49.352082  7.775
 39    97.970 53566.08541506 30.40 129.340860  49.348852  7.775
 40    95.161 53601.08535762 51.54 129.348632  49.352339 18.092
 40    95.010 53601.08535826 54.53 129.347242  49.349099 18.092
 41    95.310 53636.08535458 52.43 129.353353  49.352376 19.246
 41    95.348 53636.08535522 52.23 129.351963  49.349146 19.246
 42    93.961 53671.08537593 48.99 129.347170  49.352669 13.968
 42    94.042 53671.08537658 49.34 129.345780  49.349429 13.968
 43    93.299 53706.08530779 33.26 129.354759  49.353793 25.909
 43    93.428 53706.08530843 31.52 129.353369  49.350553 25.909
 44    94.445 53741.08522168 21.88 129.344633  49.351998 13.487
 44    94.258 53741.08522233 21.31 129.343248  49.348759  5.316
 45    94.115 53776.08524314 12.97 129.360155  49.355149  8.405
 45    94.079 53776.08524379 13.28 129.358758  49.351915  3.586
 46    94.571 53811.08522410  8.78 129.346039  49.352220  3.738
 46   102.784 53811.08522475  7.99 129.344649  49.348980  3.738
 47    94.828 53846.08527121 40.15 129.353868  49.353488 40.968
 47    94.743 53846.08527185 32.53 129.352478  49.350258 40.968
 48    96.517 53881.08529476 53.67 129.360875  49.357578 39.036
 48    96.616 53881.08529540 48.19 129.359485  49.354338 39.036
 48    96.705 53881.08529605 48.85 129.358095  49.351098 39.036
 49    97.556 53916.08535488 53.23 129.344789  49.353954 15.760
 49    97.396 53916.08535553 51.06 129.343399  49.350714 15.760
 50    97.060 53951.08536240 51.19 129.341358  49.353682 19.990
 50    97.084 53951.08536304 47.88 129.339968  49.350442 19.990
 52    95.798 54021.08533782 49.51 129.358847  49.355418 37.322
 52    95.693 54021.08533847 50.14 129.357457  49.352178 37.322
 52    95.849 54021.08533911 48.26 129.356067  49.348938 37.322
 54    95.488 54091.08531573 18.13 129.348521  49.354617  9.512
 54    95.447 54091.08531638 19.20 129.347131  49.351377  9.512
 56    94.414 54161.08528340 11.38 129.350738  49.354645  4.341
 56    98.696 54161.08528404  9.35 129.349348  49.351405  4.341
 56    94.239 54161.08528469 10.41 129.347958  49.348165  4.341
 57   113.361 54196.08524752  7.70 129.358866  49.355282  5.227
 57   113.677 54196.08524817  8.36 129.357476  49.352042  5.227
 58    95.664 54231.08529578 22.55 129.354515  49.354727 24.109
 58    96.514 54231.08529707 20.22 129.351735  49.348257 24.109
 59    96.089 54266.08531326 55.44 129.354074  49.353860 37.565
 59    96.091 54266.08531391 52.07 129.352684  49.350620 37.565
 60    96.059 54301.08531829 21.88 129.353742  49.354238 34.272
 60    96.292 54301.08531893 20.39 129.352352  49.350998 34.272
 61    96.252 54336.08530667 18.96 129.349743  49.352973 25.680
 61    96.018 54336.08530731 14.17 129.348353  49.349733 25.680
 62    96.071 54371.08525003 23.90 129.358665  49.354876 40.130
 62    96.204 54371.08525067 23.76 129.357275  49.351636 40.130
 63    93.806 54406.08525128 39.19 129.350183  49.353852 26.109
 63    93.833 54406.08525192 44.15 129.348793  49.350612 26.109
 65    94.219 54476.08523850 15.99 129.355353  49.355147 13.736
 65    94.221 54476.08523914 15.20 129.353963  49.351907 13.736
 65    94.265 54476.08523979 13.61 129.352573  49.348677 13.736
 66    94.013 54511.08522374 16.77 129.362014  49.358269  4.771
 66    94.049 54511.08522438 14.27 129.360624  49.355029  4.771
 66    94.093 54511.08522503 13.39 129.359234  49.351799  4.771
 67    94.387 54546.08525340 19.72 129.350381  49.352160  9.600
 67    94.337 54546.08525405 20.11 129.348991  49.348930  9.600
 68    96.008 54581.08521966 18.06 129.356392  49.355619  7.931
 68    96.090 54581.08522030 20.48 129.355002  49.352389  7.931
 68    94.177 54581.08522095 29.87 129.353602  49.349149  7.931
 69    95.996 54616.08524158 16.94 129.354593  49.355445  6.057
 69    96.523 54616.08524223 16.59 129.353203  49.352205  6.057
 69    96.629 54616.08524287 19.85 129.351813  49.348965  6.057
 70    94.329 54651.08525515 48.60 129.351193  49.352840 17.707
 70    94.210 54651.08525579 51.32 129.349803  49.349600 17.707
 71    96.308 54686.08524746 44.47 129.349220  49.354476 34.697
 71    96.400 54686.08524811 45.72 129.347836  49.351238 12.873
 73    95.724 54756.08522284 54.24 129.351061  49.352103 19.715
 73    95.810 54756.08522349 52.64 129.349671  49.348873 19.715
 74    93.464 54791.08519292 30.54 129.359639  49.356572 14.940
 74    93.573 54791.08519357 39.65 129.358249  49.353342 14.940
 74    93.644 54791.08519421 35.37 129.356859  49.350102 14.940
 75    95.494 54826.08521882 14.22 129.355175  49.354111  5.676
 75    95.579 54826.08521946 19.47 129.353785  49.350871  5.676
 76    94.959 54861.08518612  9.57 129.361207  49.357560  3.797
 76    95.367 54861.08518676  8.03 129.359817  49.354320  3.797
 76    95.208 54861.08518741  8.44 129.358427  49.351080  3.797
 77   102.965 54896.08522009  5.50 129.349173  49.353970  3.152
 77   104.309 54896.08522074  5.53 129.347783  49.350740  3.152
 78    94.943 54931.08518385 22.86 129.356983  49.355743  6.692
 78    94.633 54931.08518450 23.80 129.355593  49.352503  6.692
 78   111.861 54931.08518514 24.97 129.354203  49.349273  6.692
 79    96.821 54966.08522042 23.77 129.351718  49.352198  9.070
 79    97.143 54966.08522106 17.23 129.350328  49.348958  9.070
 80    96.942 55001.08524033 25.63 129.350115  49.354766  5.414
 80    96.984 55001.08524097 17.54 129.348715  49.351526  5.414
 80    96.762 55001.08524162 13.98 129.347325  49.348296  5.414
 81    99.472 55036.08522575 51.87 129.355046  49.355357 42.649
 81    99.370 55036.08522640 54.30 129.353656  49.352127 42.649
 81    99.456 55036.08522704 52.76 129.352266  49.348887 42.649
 82    98.318 55071.08521482 23.18 129.348376  49.354021  5.672
 82    98.026 55071.08521546 18.20 129.346986  49.350781  5.672
 83    98.613 55106.08515780 51.09 129.358335  49.355477 14.843
 83    98.510 55106.08515845 50.03 129.356945  49.352237 14.843
 83    98.595 55106.08515909 44.77 129.355555  49.349007 14.843
 84    95.080 55141.08516497 39.98 129.350022  49.352750 17.791
 84    94.939 55141.08516561 37.59 129.348632  49.349510 17.791
 86    96.163 55211.08515908 10.62 129.353193  49.354368  2.863
 86    96.252 55211.08515972  8.80 129.351803  49.351128  2.863
 87    97.618 55246.08513156  8.76 129.357003  49.354356  3.264
 87    97.988 55246.08513221  8.15 129.355613  49.351126  3.264
 88    97.828 55281.08515272  5.59 129.349675  49.354855  2.573
 88    98.734 55281.08515337  5.99 129.348285  49.351615  2.573
 88    98.945 55281.08515401  7.17 129.346895  49.348385  2.573
 89    94.725 55316.08511940 29.13 129.352262  49.354477  8.695
 89    94.602 55316.08512005 26.06 129.350872  49.351237  8.695
 90    97.368 55351.08512469 56.50 129.350256  49.353730 18.946
 90    97.475 55351.08512534 53.19 129.348866  49.350490 18.946
 91    96.657 55386.08511895 50.57 129.356906  49.354482 20.599
 91    96.550 55386.08511959 53.68 129.355516  49.351252 20.599
 92    97.910 55421.08514301 51.53 129.352935  49.352368 16.759
 92    97.872 55421.08514366 53.04 129.351545  49.349128 16.759
 93    96.122 55456.08511876 53.78 129.347704  49.352608 15.131
 93    95.987 55456.08511941 55.05 129.346314  49.349368 15.131
