# NaN NaN NaN ;Mean Elev.(m), Avg Gradient(m/km), RMS Gradient(m/km) - SRTM1     
#   47.013   0.000   2.088 ;Mean Elev.(m), Avg Gradient(m/km), RMS Gradient(m/km) - ASTER GDEM
#   46.070  -0.216   1.805 ;Mean Elev.(m), Avg Gradient(m/km), RMS Gradient(m/km) - GMTED2010 
  6    51.205 52419.52252521 49.05 132.419686  47.778487 36.813
  6    51.327 52419.52252585 51.08 132.418367  47.781725 39.280
  6    51.292 52419.52252650 51.56 132.417047  47.784975 39.280
  6    51.269 52419.52252714 52.31 132.415727  47.788215 39.280
  7    49.700 52454.52255029 41.20 132.421919  47.779675 31.255
  7    49.538 52454.52255093 42.21 132.420599  47.782915 31.255
  7    49.945 52454.52255158 43.76 132.419279  47.786155 31.255
  7    49.836 52454.52255222 47.35 132.417959  47.789405 31.255
  8    50.555 52489.52252796 41.59 132.429122  47.786046 26.859
  8    50.693 52489.52252861 43.96 132.427802  47.789286 26.859
  8    50.547 52489.52252925 39.54 132.426482  47.792536 26.859
  9    49.795 52524.52250511 49.44 132.428068  47.787420 28.447
  9    49.892 52524.52250576 40.39 132.426748  47.790660 28.447
  9    49.678 52524.52250640 41.83 132.425418  47.793910 28.447
 10    48.897 52559.52255315 31.13 132.420101  47.779372 24.258
 10    49.136 52559.52255380 32.93 132.418781  47.782622 24.258
 10    50.142 52559.52255444 24.44 132.417461  47.785862 24.258
 11    48.131 52594.52255744 25.26 132.420194  47.779466 10.709
 11    48.266 52594.52255809 28.01 132.418874  47.782706 10.709
 11    48.411 52594.52255873 29.17 132.417544  47.785956 10.709
 13    48.201 52664.52251983 11.67 132.422910  47.783616  3.487
 13    48.202 52664.52252048 11.38 132.421590  47.786856  3.487
 13    48.179 52664.52252112 13.63 132.420270  47.790096  3.487
 14    47.972 52699.52249359 13.58 132.423124  47.782237  9.536
 14    48.019 52699.52249424 14.31 132.421804  47.785487  9.536
 14    48.240 52699.52249488 14.28 132.420484  47.788727  9.536
 15    47.939 52734.52252242 33.35 132.431125  47.787162 16.161
 15    47.930 52734.52252306 31.54 132.429805  47.790412 16.161
 15    47.940 52734.52252371 33.63 132.428475  47.793652 16.161
 16    47.944 52769.52251648 24.22 132.427669  47.788267 23.021
 16    47.997 52769.52251712 26.17 132.426349  47.791507 23.021
 16    48.162 52769.52251777 33.57 132.425029  47.794747 23.021
 17    50.142 52804.52254569 45.05 132.418757  47.777590 35.207
 17    50.251 52804.52254634 49.65 132.417437  47.780840 35.207
 17    50.265 52804.52254698 49.66 132.416117  47.784080 35.207
 17    50.296 52804.52254763 51.46 132.414797  47.787330 35.207
 18    53.053 52839.52260855 50.11 132.421769  47.782422 39.525
 18    52.874 52839.52260919 54.89 132.420449  47.785672 39.525
 18    52.930 52839.52260984 51.43 132.419129  47.788912 39.525
 19    52.872 52874.52264764 48.56 132.423047  47.781219 43.718
 19    52.885 52874.52264829 52.02 132.421727  47.784469 43.718
 19    52.931 52874.52264893 51.63 132.420407  47.787709 43.718
 19    52.916 52874.52264958 52.13 132.419087  47.790959 43.718
 21    50.761 52944.52255966 28.12 132.424251  47.781889 20.375
 21    50.774 52944.52256030 30.61 132.422931  47.785129 20.375
 21    49.867 52944.52256095 20.88 132.421611  47.788369 20.375
 21    49.995 52944.52256159 22.90 132.420291  47.791619 20.375
 22    48.523 52979.52261180 23.73 132.422496  47.781757 16.046
 22    48.596 52979.52261245 25.44 132.421176  47.784997 16.046
 22    48.703 52979.52261309 30.56 132.419856  47.788247 16.046
 23    49.032 53014.52260992 14.30 132.424823  47.784442  4.997
 23    48.934 53014.52261057 19.71 132.423503  47.787692  4.997
 23    49.170 53014.52261121 16.99 132.422183  47.790932  4.997
 24    49.403 53049.52258185  8.54 132.421628  47.779226  2.759
 24    49.634 53049.52258250  8.30 132.420308  47.782466  2.759
 24    49.637 53049.52258314  8.39 132.418988  47.785706  2.759
 24    49.280 53049.52258379  8.64 132.417668  47.788956  2.759
 25    51.417 53084.52261779  6.56 132.421211  47.780397  3.476
 25    49.846 53084.52261844  7.60 132.419891  47.783647  3.476
 25    48.971 53084.52261908  9.27 132.418571  47.786887  3.476
 26    49.505 53119.52258778 44.14 132.419397  47.778202 38.040
 26    49.855 53119.52258842 49.64 132.418077  47.781442 38.040
 26    49.845 53119.52258907 50.88 132.416757  47.784692 38.040
 26    49.864 53119.52258971 50.38 132.415437  47.787932 38.040
 27    53.898 53154.52264010 43.65 132.418328  47.778729 39.421
 27    53.912 53154.52264074 46.49 132.417008  47.781969 39.421
 27    53.924 53154.52264139 52.72 132.415688  47.785219 39.421
 28    50.940 53189.52263080 31.02 132.428752  47.786240 36.773
 28    50.771 53189.52263145 25.18 132.427432  47.789490 36.773
 28    50.966 53189.52263209 29.78 132.426112  47.792730 36.773
 29    50.587 53224.52264293 33.18 132.428600  47.785088 29.570
 29    50.709 53224.52264358 36.19 132.427280  47.788328 29.570
 29    50.614 53224.52264422 34.92 132.425950  47.791578 29.570
 29    50.588 53224.52264486 43.25 132.424630  47.794818 29.570
 30    51.211 53259.52261759 48.18 132.426027  47.783358 32.995
 30    51.139 53259.52261824 51.16 132.424707  47.786608 32.995
 30    51.199 53259.52261888 49.44 132.423387  47.789848 32.995
 30    51.270 53259.52261953 49.23 132.422067  47.793098 32.995
 31    50.130 53294.52264322 38.28 132.413880  47.778912 22.516
 31    50.183 53294.52264386 38.92 132.412560  47.782152 22.516
 31    50.236 53294.52264451 36.75 132.411240  47.785402 22.516
 32   262.931 53329.52261729 38.38 132.425298  47.785504 17.481
 32   262.674 53329.52261793 32.02 132.423978  47.788754 17.481
 32   262.626 53329.52261858 35.64 132.422658  47.791991 20.402
 33    48.708 53364.52256832 16.88 132.431216  47.787862  4.746
 33    48.652 53364.52256896 16.44 132.429896  47.791102  4.746
 33    48.539 53364.52256961 17.21 132.428576  47.794352  4.746
 35    48.776 53434.52258296 10.72 132.429091  47.788371  3.132
 35    48.683 53434.52258360 11.66 132.427771  47.791621  3.132
 35    48.514 53434.52258425 11.84 132.426448  47.794859  4.864
 36    49.112 53469.52262505 45.97 132.419131  47.779917 32.799
 36    48.890 53469.52262570 40.03 132.417811  47.783167 32.799
 36    48.963 53469.52262634 35.89 132.416485  47.786402 22.874
 37    51.052 53504.52266804 48.09 132.420979  47.781810 36.787
 37    50.863 53504.52266869 48.44 132.419659  47.785050 36.787
 37    50.977 53504.52266933 45.90 132.418339  47.788300 36.787
 38    52.114 53539.52266675 49.10 132.424251  47.781268 38.326
 38    52.153 53539.52266739 53.70 132.422921  47.784518 38.326
 38    52.104 53539.52266804 52.17 132.421605  47.787758 47.069
 38    52.031 53539.52266868 52.02 132.420285  47.791008 47.069
 39    51.316 53574.52266332 49.47 132.424326  47.782783 28.167
 39    51.349 53574.52266397 49.80 132.423006  47.786023 28.167
 39    51.286 53574.52266461 48.32 132.421686  47.789263 28.167
 40    50.198 53609.52261446 52.56 132.428002  47.787913 30.818
 40    50.327 53609.52261510 48.79 132.426682  47.791163 30.818
 40    50.152 53609.52261575 51.91 132.425355  47.794403 39.510
 41    49.596 53644.52261573 33.52 132.419887  47.779270 33.949
 41    49.565 53644.52261638 30.14 132.418567  47.782520 33.949
 41    50.081 53644.52261702 24.28 132.417247  47.785760 33.949
 42    48.383 53679.52263347 32.07 132.421556  47.780904 26.499
 42    48.811 53679.52263412 27.72 132.420236  47.784144 26.499
 42    48.476 53679.52263476 23.32 132.418906  47.787394 26.499
 43    48.023 53714.52256263 27.94 132.431257  47.787507 11.212
 43    48.012 53714.52256328 28.85 132.429937  47.790747 11.212
 43    48.192 53714.52256392 28.01 132.428607  47.793997 11.212
 44    48.674 53749.52247697 14.43 132.423424  47.780338  3.896
 44    48.800 53749.52247762 14.11 132.422104  47.783588  3.896
 44    48.863 53749.52247826 13.63 132.420784  47.786828  3.896
 44    48.765 53749.52247891 13.68 132.419454  47.790078  3.896
 45    48.628 53784.52250881 10.28 132.428199  47.788046  7.684
 45    48.585 53784.52250946 11.25 132.426879  47.791296  7.684
 45    48.531 53784.52251010 12.19 132.425560  47.794533  6.825
 46    48.758 53819.52246897 19.87 132.434948  47.787307 15.773
 46    48.584 53819.52246961 21.58 132.433628  47.790557 15.773
 46    48.474 53819.52247026 20.71 132.432308  47.793797 15.773
 47    49.779 53854.52254908 29.10 132.418843  47.777782 21.865
 47    49.772 53854.52254973 29.99 132.417523  47.781032 21.865
 47    49.927 53854.52255037 29.96 132.416193  47.784272 21.865
 47    50.712 53854.52255102 28.62 132.414873  47.787522 21.865
 48    50.111 53889.52255976 40.18 132.428599  47.787522 31.188
 48    50.057 53889.52256040 38.42 132.427279  47.790772 31.188
 48    49.954 53889.52256105 44.22 132.425959  47.794012 31.188
 49    50.993 53924.52262511 33.90 132.414491  47.779570 26.283
 49    51.140 53924.52262576 32.61 132.413161  47.782810 26.283
 49    51.724 53924.52262640 33.11 132.411841  47.786060 26.283
 50    52.139 53959.52261479 49.62 132.422020  47.779394 31.052
 50    52.743 53959.52261543 50.75 132.420700  47.782644 31.052
 50    52.080 53959.52261608 52.43 132.419380  47.785884 31.052
 50    52.060 53959.52261672 51.09 132.418050  47.789124 31.052
 51    51.163 53994.52254748 48.92 132.419328  47.778068 41.393
 51    51.179 53994.52254812 51.61 132.418008  47.781308 41.393
 51    51.205 53994.52254877 50.60 132.416688  47.784548 41.393
 51    51.225 53994.52254941 49.82 132.415358  47.787798 41.393
 52    50.340 54029.52260586 26.36 132.422756  47.780591 33.810
 52    50.540 54029.52260651 29.92 132.421436  47.783841 33.810
 52    49.799 54029.52260715 38.95 132.420116  47.787081 33.810
 52    49.816 54029.52260780 43.75 132.418796  47.790321 33.810
 53    48.189 54064.52260067 28.37 132.427819  47.788243 14.787
 53    47.882 54064.52260132 31.08 132.426499  47.791483 14.787
 53    47.740 54064.52260196 37.05 132.425169  47.794723 14.787
 54    49.198 54099.52256617 21.53 132.428463  47.786279  5.154
 54    49.284 54099.52256681 21.77 132.427143  47.789529  5.154
 54    49.239 54099.52256745 20.72 132.425823  47.792769  5.154
 55    49.268 54134.52252440 16.36 132.420866  47.780326  4.664
 55    49.337 54134.52252504 16.11 132.419546  47.783566  4.664
 55    49.355 54134.52252569 16.20 132.418226  47.786806  4.664
 57    49.194 54204.52252816 40.34 132.420708  47.778486 29.086
 57    49.262 54204.52252881 39.18 132.419388  47.781736 29.086
 57    49.525 54204.52252945 36.56 132.418068  47.784976 29.086
 57    49.313 54204.52253009 33.35 132.416748  47.788226 29.086
 58    50.367 54239.52256370 46.21 132.424421  47.784057 42.072
 58    50.289 54239.52256435 52.76 132.423101  47.787297 42.072
 58    50.212 54239.52256499 53.90 132.421771  47.790547 42.072
 59    50.783 54274.52258039 31.29 132.425428  47.783382 30.108
 59    50.471 54274.52258103 21.97 132.424108  47.786632 30.108
 59    50.081 54274.52258168 22.28 132.422778  47.789872 30.108
 61    52.095 54344.52255893 50.91 132.430026  47.786592 42.464
 61    52.031 54344.52255958 49.62 132.428706  47.789842 42.464
 61    52.129 54344.52256022 51.50 132.427386  47.793082 42.464
 62    50.077 54379.52251745 49.86 132.422135  47.781318 39.007
 62    50.090 54379.52251809 51.36 132.420815  47.784568 39.007
 62    50.207 54379.52251874 50.71 132.419490  47.787806 36.011
 63    48.405 54414.52250680 46.85 132.425927  47.785011 29.700
 63    48.472 54414.52250745 46.44 132.424597  47.788261 29.700
 63    48.482 54414.52250809 44.96 132.423281  47.791499 28.411
 64    48.802 54449.52248436 24.79 132.420785  47.779738  7.012
 64    48.867 54449.52248500 26.10 132.419465  47.782988  7.012
 64    48.983 54449.52248564 31.72 132.418138  47.786234  8.066
 64    49.123 54449.52248629 28.71 132.416818  47.789474  8.066
 65    48.736 54484.52250110 18.09 132.426052  47.783568  4.310
 65    48.702 54484.52250174 18.01 132.424722  47.786808  4.310
 65    48.848 54484.52250239 16.43 132.423402  47.790048  4.310
 65    48.588 54484.52250303 16.66 132.422082  47.793298  4.310
 66    48.773 54519.52249801 16.82 132.423176  47.780749  4.356
 66    48.844 54519.52249866 17.21 132.421854  47.783985  7.064
 66    48.845 54519.52249930 16.17 132.420534  47.787235  7.064
 66    48.974 54519.52249995 15.96 132.419214  47.790475  7.064
 67    49.036 54554.52251322 35.26 132.427431  47.786454 30.299
 67    48.925 54554.52251387 34.94 132.426111  47.789704 30.299
 67    48.929 54554.52251451 39.61 132.424789  47.792942 27.846
 68    48.378 54589.52249423 26.37 132.423456  47.780920 24.812
 68    49.952 54589.52249487 32.55 132.422137  47.784159 31.984
 68    48.249 54589.52249552 36.83 132.420817  47.787409 31.984
 68    48.154 54589.52249616 38.50 132.419497  47.790649 31.984
 69    49.187 54624.52251168 39.22 132.425447  47.784007 22.224
 69    49.185 54624.52251232 48.78 132.424122  47.787247 32.949
 69    49.254 54624.52251296 46.07 132.422802  47.790497 32.949
 70    48.869 54659.52251968 41.74 132.423312  47.781014 36.939
 70    48.728 54659.52252033 49.58 132.421992  47.784254 36.939
 70    48.928 54659.52252097 54.13 132.420672  47.787504 36.939
 70    48.674 54659.52252162 54.77 132.419342  47.790744 36.939
 71    50.296 54694.52250017 46.01 132.427322  47.785119 22.192
 71    50.190 54694.52250081 50.91 132.425992  47.788359 22.192
 71    50.492 54694.52250146 42.23 132.424672  47.791599 22.192
 72    50.428 54729.52247463 32.21 132.421915  47.782321 25.773
 72    50.618 54729.52247527 36.49 132.420591  47.785560 26.878
 72    50.546 54729.52247592 42.74 132.419271  47.788810 26.878
 73    49.473 54764.52247776 41.62 132.424370  47.783628 29.626
 73    49.472 54764.52247840 52.80 132.423050  47.786868 29.626
 73    49.672 54764.52247905 43.55 132.421730  47.790118 29.626
 74    48.192 54799.52246750 27.00 132.419778  47.779910 10.356
 74    48.467 54799.52246814 31.41 132.418453  47.783155 14.515
 74    48.557 54799.52246879 36.94 132.417133  47.786395 14.515
 75    48.873 54834.52246917 17.43 132.424484  47.784924  4.942
 75    49.065 54834.52246981 17.03 132.423154  47.788174  4.942
 75    49.003 54834.52247046 17.60 132.421836  47.791412  6.804
 76    48.884 54869.52246429 11.82 132.421894  47.778679  2.858
 76    49.003 54869.52246494 11.57 132.420570  47.781916  4.275
 76    49.068 54869.52246558 12.19 132.419250  47.785166  4.275
 76    48.955 54869.52246622 11.39 132.417930  47.788406  4.275
 77    48.793 54904.52247826  7.64 132.426230  47.786472  2.838
 77    48.792 54904.52247891  8.48 132.424910  47.789722  2.838
 77    48.765 54904.52247955  8.12 132.423590  47.792959  6.009
 78    50.078 54939.52245615 39.81 132.422414  47.780827 34.262
 78    50.088 54939.52245680 44.50 132.421094  47.784077 34.262
 78    50.159 54939.52245744 48.09 132.419774  47.787317 34.262
 78    50.188 54939.52245809 46.74 132.418444  47.790557 34.262
 79    50.433 54974.52248720 54.31 132.422725  47.783406 41.149
 79    50.497 54974.52248784 56.90 132.421405  47.786656 41.149
 79    50.500 54974.52248849 49.55 132.420085  47.789896 41.149
 80    51.072 55009.52250034 26.96 132.424389  47.785487 20.178
 80    50.956 55009.52250099 19.29 132.423059  47.788737 20.178
 80    51.091 55009.52250163 24.31 132.421742  47.791976 31.168
 81    53.589 55044.52249013 50.97 132.424666  47.782653 39.519
 81    53.594 55044.52249077 49.18 132.423346  47.785903 39.519
 81    53.610 55044.52249142 49.99 132.422026  47.789141 44.752
 81    53.614 55044.52249206 51.07 132.420706  47.792391 44.752
 82    52.915 55079.52246703 31.28 132.427927  47.786936 42.848
 82    52.678 55079.52246768 24.99 132.426607  47.790176 42.848
 82    52.908 55079.52246832 32.27 132.425277  47.793426 42.848
 83    52.166 55114.52242239 44.12 132.422421  47.783131 40.725
 83    52.196 55114.52242303 53.01 132.421101  47.786371 40.725
 83    52.207 55114.52242368 48.92 132.419781  47.789621 40.725
 84    49.000 55149.52242203 33.64 132.424361  47.782445 13.996
 84    49.120 55149.52242267 35.73 132.423041  47.785685 13.996
 84    49.167 55149.52242332 33.53 132.421721  47.788935 13.996
 84    48.845 55149.52242396 29.30 132.420401  47.792171 18.179
 85    50.511 55184.52240515 28.25 132.420938  47.779218 10.209
 85    50.602 55184.52240580 27.96 132.419615  47.782454 14.023
 85    50.516 55184.52240644 31.06 132.418295  47.785704 14.023
 85    50.597 55184.52240709 42.70 132.416975  47.788944 14.023
 86    50.377 55219.52242066 13.53 132.424534  47.785807  3.150
 86    50.483 55219.52242131 14.40 132.423214  47.789057  3.150
 86    50.309 55219.52242195 15.54 132.421897  47.792296  4.668
 87    50.446 55254.52240156  8.14 132.422603  47.782711  3.488
 87    50.358 55254.52240221  8.12 132.421283  47.785951  3.488
 87    50.186 55254.52240285  9.36 132.419963  47.789191  3.488
 88    50.181 55289.52241008 17.77 132.428138  47.784950 11.170
 88    50.540 55289.52241072 18.40 132.426818  47.788190 11.170
 88    50.601 55289.52241137 24.16 132.425498  47.791440 11.170
 88    49.610 55289.52241201 24.65 132.424176  47.794678 13.628
 89    50.537 55324.52238839 48.53 132.423532  47.781044 23.052
 89    50.452 55324.52238904 50.65 132.422202  47.784294 23.052
 89    50.604 55324.52238968 47.62 132.420884  47.787534 41.245
 89    50.453 55324.52239033 50.04 132.419564  47.790784 41.245
 90    51.219 55359.52238661 34.25 132.424965  47.784063 31.512
 90    51.160 55359.52238725 30.94 132.423635  47.787313 31.512
 90    51.079 55359.52238790 32.92 132.422319  47.790552 36.020
 91    51.181 55394.52239074 47.20 132.421912  47.782060 18.418
 91    51.021 55394.52239138 52.58 132.420590  47.785297 38.153
 91    50.911 55394.52239203 48.24 132.419270  47.788547 38.153
 92    53.731 55429.52240268 47.95 132.424256  47.785618 40.457
 92    53.747 55429.52240333 45.42 132.422936  47.788868 40.457
 92    53.693 55429.52240397 47.92 132.421614  47.792106 37.532
 93    50.251 55464.52236536 51.00 132.430382  47.788281 40.581
 93    50.164 55464.52236600 38.64 132.429062  47.791521 40.581
 93    50.310 55464.52236665 46.69 132.427742  47.794771 40.581
