-291772.774   741.530     0.00  115.05
-291398.470   722.418   -51.04  110.39
-291024.131   703.383   -50.83  102.82
-290649.758   681.368   -58.79   92.04
-290275.351   647.616   -90.12   94.91
-289900.909   584.924  -167.38  112.92
-289526.433   522.448  -166.79   97.48
-289151.922   481.534  -109.22   66.37
-288777.377   492.113    28.24   72.35
-288402.798   538.175   122.93   86.39
-288028.184   578.622   107.94   74.05
-287653.535   602.575    63.92   57.84
-287278.853   608.351    15.41   68.57
-286904.135   637.757    78.45   88.80
-286529.383   661.604    63.61   94.58
-286154.597   697.866    96.73   94.61
-285779.776   726.849    77.30   74.95
-285404.920   737.571    28.59   73.55
-285030.030   754.792    45.92   65.16
-284655.106   741.811   -34.61   69.37
-284280.147   701.169  -108.36   74.90
-283905.153   647.003  -144.40   71.59
-283530.125   622.062   -66.48   59.38
-283155.062   620.700    -3.63   54.98
-282779.964   635.357    39.06   59.80
-282404.832   674.466   104.22   54.06
-282029.665   703.663    77.80   53.63
-281654.463   732.080    75.72   54.26
-281279.227   741.984    26.39   56.78
-280903.956   718.937   -61.40   76.62
-280528.651   695.528   -62.36   68.36
-280153.311   693.849    -4.47   59.98
-279777.936   715.366    57.30   69.10
-279402.526   744.151    76.65   68.84
-279027.082   791.430   125.89   70.84
-278651.602   836.580   120.21   81.56
-278276.089   879.626   114.60   80.99
-277900.540   906.510    71.56   63.03
-277524.956   903.145    -8.96   67.62
-277149.338   879.367   -63.29   73.86
-276773.685   851.830   -73.28   65.91
-276397.997   848.195    -9.67   56.71
-276022.275   848.089    -0.28   51.97
-275646.517   831.145   -45.08   72.30
-275270.725   802.272   -76.81  103.94
-274894.897   741.294  -162.20  113.52
-274519.035   699.170  -112.04   94.85
-274143.138   677.383   -57.94   89.98
-273767.206   644.923   -86.32   85.26
-273391.240   624.509   -54.28   72.75
-273015.238   621.348    -8.41   64.70
-272639.201   631.750    27.65   68.59
-272263.130   653.383    57.51   63.57
-271887.023   653.589     0.55   65.82
-271510.882   626.133   -72.97   83.33
-271134.705   584.133  -111.62   93.77
-270758.494   545.509  -102.64   72.11
-270382.247   525.062   -54.33   48.07
-270005.966   525.330     0.71   48.44
-269629.649   536.608    29.96   54.35
-269253.298   560.339    63.04   55.43
-268876.911   573.399    34.69   47.05
-268500.490   578.175    12.69   45.41
-268124.033   581.645     9.21   42.56
-267747.541   592.739    29.46   44.14
-267371.014   606.810    37.36   48.28
-266994.452   631.026    64.29   52.22
-266617.855   660.484    78.20   54.10
-266241.223   681.521    55.84   51.64
-265864.556   715.478    90.13   64.42
-265487.853   762.994   126.10   94.83
-265111.116   822.367   157.56  106.16
-264734.343   882.195   158.75   92.47
-264357.535   953.080   188.07   77.50
-263980.691   992.962   105.80   78.98
-263603.813  1018.062    66.58   82.05
-263226.899  1016.534    -4.05   83.88
-262849.951   984.737   -84.33   81.35
-262472.966   943.375  -109.69   69.11
-262095.947   900.566  -113.52   62.50
-261718.892   859.719  -108.30   68.97
-261341.803   824.434   -93.55   74.64
-260964.677   800.866   -62.48   70.21
-260587.517   777.957   -60.72   65.81
-260210.321   772.339   -14.89   70.22
-259833.090   766.544   -15.36   68.38
-259455.823   756.641   -26.24   64.64
-259078.522   740.491   -42.79   68.03
-258701.185   700.660  -105.53   65.95
-258323.812   658.075  -112.82   56.95
-257946.404   617.030  -108.73   55.06
-257568.961   600.904   -42.71   42.01
-257191.482   607.430    17.28   53.43
-256813.968   611.041     9.56   65.35
-256436.418   623.205    32.21   60.75
-256058.833   648.188    66.15   70.84
-255681.213   678.375    79.92   87.23
-255303.557   719.385   108.56   76.78
-254925.865   735.557    42.81   65.58
-254548.138   749.071    35.77   61.85
-254170.376   734.732   -37.95   75.84
-253792.578   724.552   -26.94   87.27
-253420.035   701.528   -61.79   92.01
-253049.151   664.955   -98.59   75.37
-252678.233   640.453   -66.04   53.81
-252307.281   640.330    -0.33   44.87
-251936.294   662.412    59.51   72.18
-251565.274   706.571   118.99   82.17
-251194.219   756.151   133.59   74.00
-250823.130   787.811    85.29   70.13
-250452.007   798.412    28.56   70.16
-250080.850   780.638   -47.88   81.89
-249709.658   717.460  -170.16   97.45
-249338.432   651.868  -176.64   79.39
-248967.172   621.466   -81.87   65.19
-248595.878   607.641   -37.23   65.22
-248224.549   611.830    11.28   74.98
-247853.186   623.679    31.90   78.56
-247481.789   633.645    26.83   83.40
-247110.358   642.441    23.68   82.12
-246738.892   657.000    39.18   87.16
-246367.392   686.048    78.17   91.77
-245995.857   725.830   107.05   82.07
-245624.288   759.812    91.43   74.05
-245252.685   772.830    35.02   69.51
-244881.047   765.608   -19.43   77.43
-244509.375   728.015  -101.12   94.99
-244137.669   680.176  -128.67  109.92
-243765.928   611.312  -185.20  108.68
-243394.153   562.608  -130.97   96.06
-243022.343   504.955  -155.02   91.04
-242650.499   468.585   -97.79   76.75
-242278.620   439.651   -77.78   66.71
-241906.707   415.753   -64.24   52.38
-241534.759   405.330   -28.02   42.32
-241162.777   407.453     5.70   42.53
-240790.761   428.741    57.21   63.62
-240418.710   455.626    72.25   71.21
-240046.624   474.544    50.83   72.91
-239674.504   468.401   -16.50   65.40
-239302.349   460.866   -20.24   52.95
-238930.160   469.312    22.69   59.14
-238557.936   495.868    71.33   79.08
-238185.678   514.366    49.68   72.61
-237813.385   535.215    55.99   60.83
-237441.057   534.303    -2.45   50.67
-237068.695   522.015   -32.99   40.32
-236696.298   511.205   -29.02   49.76
-236323.866   492.194   -51.03   61.79
-235951.400   456.666   -95.36   62.21
-235578.899   420.490   -97.09   44.79
-235206.364   402.575   -48.08   39.82
-234833.793   383.248   -51.86   31.38
-234461.189   371.599   -31.26   24.39
-234088.549   366.721   -13.09   25.73
-233715.875   367.732     2.71   32.71
-233343.165   367.098    -1.70   36.58
-232970.422   371.497    11.80   40.41
-232597.643   373.700     5.91   43.95
-232224.830   384.758    29.65   57.95
-231851.982   401.311    44.39   67.06
-231479.099   408.419    19.06   63.92
-231106.181   412.541    11.05   56.00
-230733.228   402.311   -27.42   56.34
-230360.241   384.099   -48.82   57.68
-229987.219   370.321   -36.93   50.40
-229614.162   362.348   -21.37   44.77
-229241.070   359.366    -7.99   45.72
-228867.943   355.339   -10.79   49.68
-228494.781   344.756   -28.36   56.21
-228121.585   317.230   -73.74   53.71
-227748.353   292.924   -65.11   38.80
-227375.087   269.419   -62.96   27.29
-227001.786   254.210   -40.73   24.91
-226628.449   236.008   -48.74   21.92
-226255.078   221.978   -37.57   15.66
-225881.672   216.062   -15.84   12.00
-225508.231   217.473     3.78   20.03
-225134.755   229.163    31.29   35.61
-224761.244   238.151    24.06   38.42
-224387.698   250.509    33.07   38.33
-224014.116   258.478    21.33   36.33
-223640.500   270.234    31.46   40.77
-223266.849   284.775    38.91   36.99
-222893.163   283.000    -4.75   37.35
-222519.441   286.812    10.20   38.46
-222145.685   269.302   -46.84   34.86
-221771.893   254.274   -40.19   27.19
-221398.067   237.557   -44.71   27.01
-221024.205   228.566   -24.04   26.40
-220650.308   236.348    20.81   38.36
-220276.376   253.110    44.82   50.64
-219902.409   269.687    44.32   47.27
-219528.407   277.126    19.89   43.75
-219154.369   258.903   -48.71   51.92
-218780.296   219.366  -105.67   34.09
-218406.189   199.311   -53.59   20.06
-218032.045   188.919   -27.77   13.07
-217657.867   183.118   -15.50    8.62
-217283.654   183.626     1.36    9.58
-216909.405   186.830     8.56   11.57
-216535.121   186.957     0.34   10.99
-216160.801   182.721   -11.32   10.13
-215786.447   177.116   -14.97   11.49
-215412.057   168.887   -21.98   10.55
-215037.632   162.589   -16.82    8.02
-214663.171   158.151   -11.85    3.53
-214288.676   157.176    -2.60    2.31
-213914.144   156.044    -3.02    3.02
-213539.578   154.850    -3.19    3.22
-213164.976   154.544    -0.81    3.38
-212790.339   154.774     0.61    3.66
-212415.666   155.811     2.77    3.05
-212040.958   166.866    29.49   23.19
-211666.215   179.830    34.59   38.03
-211291.436   185.044    13.91   38.96
-210916.622   182.522    -6.73   33.69
-210541.772   183.957     3.83   37.21
-210166.887   213.404    78.53   68.04
-209791.966   245.975    86.86   70.49
-209417.010   276.212    80.62   55.73
-209042.019   290.575    38.30   33.24
-208666.991   275.739   -39.55   40.03
-208291.929   263.085   -33.73   44.19
-207916.831   247.616   -41.23   44.88
-207541.697   234.792   -34.18   37.46
-207166.528   239.562    12.71   35.10
-206791.323   247.293    20.60   38.55
-206416.083   256.330    24.08   40.15
-206040.807   268.491    32.40   36.45
-205665.495   275.404    18.42   33.03
-205290.148   283.241    20.87   35.40
-204914.765   299.291    42.75   41.16
-204539.347   313.241    37.15   40.34
-204163.893   333.585    54.17   40.08
-203788.403   354.984    56.98   42.07
-203412.878   370.919    42.43   34.11
-203037.317   370.412    -1.35   31.24
-202661.720   361.811   -22.89   40.81
-202286.087   342.751   -50.73   43.37
-201910.419   340.339    -6.42   40.72
-201534.715   357.207    44.89   44.50
-201158.976   369.991    34.01   38.00
-200783.200   377.774    20.71   32.09
-200407.389   375.544    -5.93   32.70
-200031.542   361.330   -37.81   33.53
-199655.660   361.978     1.72   33.78
-199279.741   380.401    49.00   41.99
-198903.787   393.561    35.00   46.64
-198527.797   399.580    16.01   51.73
-198151.771   401.084     4.00   51.99
-197775.709   386.975   -37.51   49.45
-197399.611   370.973   -42.54   51.38
-197023.477   360.957   -26.62   52.00
-196647.308   350.955   -26.58   46.27
-196271.103   348.426    -6.72   41.61
-195894.861   358.366    26.41   43.36
-195518.584   365.071    17.82   45.72
-195142.271   370.736    15.05   46.48
-194765.922   387.163    43.64   49.47
-194389.537   409.126    58.34   45.02
-194013.116   428.466    51.37   41.30
-193636.659   445.561    45.40   41.34
-193260.166   477.885    85.84   62.70
-192883.637   538.737   161.58   82.86
-192507.072   608.526   185.29   96.60
-192130.471   663.557   146.10   67.86
-191753.834   669.794    16.56   66.32
-191377.161   629.532  -106.87   90.11
-191000.452   581.509  -127.45   74.23
-190623.707   573.303   -21.78   83.78
-190246.925   602.490    77.45   99.95
-189870.108   656.651   143.71   87.53
-189493.254   674.757    48.04   58.12
-189116.365   661.666   -34.73   54.28
-188739.439   617.187  -117.98   74.54
-188362.477   561.264  -148.32   74.40
-187985.479   503.098  -154.26   73.64
-187608.444   459.561  -115.45   58.89
-187231.374   438.375   -56.17   54.34
-186854.267   431.151   -19.15   65.83
-186477.124   433.721     6.81   74.83
-186099.945   452.194    48.97   72.39
-185722.730   450.012    -5.78   59.76
-185345.478   433.437   -43.93   47.33
-184968.190   409.000   -64.76   53.39
-184590.866   370.919  -100.90   52.58
-184213.506   342.552   -75.16   42.74
-183836.109   337.848   -12.46   39.44
-183458.676   359.276    56.76   53.60
-183081.207   380.151    55.29   48.97
-182703.701   400.133    52.92   38.01
-182326.159   407.547    19.63   27.86
-181948.580   398.151   -24.88   29.78
-181570.966   376.921   -56.21   37.48
-181193.314   343.394   -88.76   43.69
-180815.627   313.883   -78.12   38.14
-180437.903   304.264   -25.46   34.83
-180060.143   325.848    57.13   53.51
-179682.346   356.547    81.24   48.58
-179304.513   369.412    34.04   42.28
-178926.643   365.419   -10.56   46.73
-178553.580   344.608   -55.78   39.55
-178182.801   331.312   -35.85   30.51
-177811.987   320.466   -29.24   26.16
-177441.138   303.757   -45.05   29.20
-177070.254   283.868   -53.62   29.82
-176699.335   269.526   -38.66   33.17
-176328.380   253.753   -42.51   27.40
-175957.391   238.830   -40.22   19.16
-175586.367   228.126   -28.84   15.81
-175215.308   220.830   -19.66   13.03
-174844.213   214.830   -16.17    9.59
-174473.083   210.048   -12.88    4.63
-174101.919   208.169    -5.06    5.18
-173730.719   206.330    -4.95    5.07
-173359.484   204.401    -5.19    4.92
-172988.213   204.012    -1.05    5.82
-172616.908   204.430     1.13    7.90
-172245.567   204.657     0.61    9.27
-171874.192   203.284    -3.69    8.51
-171502.781   200.905    -6.40    6.51
-171131.334   197.741    -8.52    3.77
-170759.853   196.534    -3.25    3.92
-170388.336   196.212    -0.87    5.98
-170016.784   200.580    11.75   17.19
-169645.197   211.466    29.29   33.41
-169273.574   224.544    35.19   45.57
-168901.916   238.849    38.48   51.38
-168530.223   240.526     4.51   49.08
-168158.495   232.528   -21.51   44.19
-167786.731   217.455   -40.54   33.49
-167414.932   203.034   -38.78   18.63
-167043.097   202.955    -0.21   16.76
-166671.227   202.466    -1.31   16.83
-166299.322   206.532    10.93   20.11
-165927.381   216.514    26.83   25.62
-165555.405   224.048    20.25   28.32
-165183.394   242.419    49.37   35.87
-164811.347   260.471    48.51   30.91
-164439.265   263.294     7.59   28.77
-164067.147   259.484   -10.24   35.32
-163694.994   247.374   -32.53   37.13
-163322.805   242.684   -12.60   40.38
-162950.581   259.419    44.95   55.13
-162578.321   296.700   100.13   65.54
-162206.026   331.276    92.86   60.54
-161833.695   341.612    27.75   43.46
-161461.329   332.943   -23.28   44.86
-161088.927   302.866   -80.75   51.94
-160716.490   263.022  -106.96   33.69
-160344.017   245.062   -48.21   29.27
-159971.508   238.660   -17.18   31.13
-159598.964   232.121   -17.55   31.60
-159226.384   223.612   -22.83   30.59
-158853.769   216.682   -18.60   28.57
-158481.118   203.602   -35.09   15.26
-158108.431   196.721   -18.46   10.25
-157735.709   189.757   -18.68    9.26
-157362.951   184.030   -15.36   10.68
-156990.158   175.654   -22.46   10.42
-156617.328   171.253   -11.80   11.69
-156244.463   174.883     9.74   20.88
-155871.563   181.973    19.01   24.12
-155498.626   189.687    20.68   23.54
-155125.654   195.539    15.69   18.14
-154752.646   197.012     3.95   12.25
-154379.602   195.544    -3.93   11.49
-154006.523   196.330     2.11   12.36
-153633.408   200.348    10.77   14.46
-153260.257   209.965    25.77   19.22
-152887.070   226.163    43.40   28.59
-152513.847   244.175    48.25   32.35
-152140.589   256.918    34.13   28.75
-151767.294   266.284    25.09   23.01
-151393.964   274.473    21.93   22.42
-151020.598   277.776     8.85   25.66
-150647.196   278.552     2.08   28.25
-150273.758   276.116    -6.52   23.85
-149900.284   279.264     8.43   28.99
-149526.775   294.651    41.19   46.36
-149153.229   322.019    73.25   66.54
-148779.648   335.248    35.41   71.09
-148406.030   319.348   -42.55   63.30
-148032.377   295.237   -64.52   53.58
-147658.687   268.374   -71.88   47.66
-147284.962   239.103   -78.31   36.72
-146911.200   216.508   -60.44   28.15
-146537.403   198.453   -48.30   17.75
-146163.570   188.812   -25.78   13.53
-145789.700   181.641   -19.18   11.15
-145415.795   176.705   -13.20    9.13
-145041.853   179.884     8.50   15.96
-144667.875   189.847    26.64   25.23
-144293.862   208.690    50.37   29.83
-143919.812   216.294    20.33   24.27
-143545.726   216.598     0.81   23.50
-143171.604   207.445   -24.46   22.22
-142797.445   201.455   -16.01   18.23
-142423.251   207.721    16.74   21.71
-142049.020   220.866    35.12   22.11
-141674.754   237.526    44.51   28.13
-141300.451   252.795    40.79   32.15
-140926.112   277.284    65.41   41.37
-140551.736   299.430    59.14   42.23
-140177.325   307.111    20.51   44.77
-139802.877   300.099   -18.72   41.79
-139428.393   284.401   -41.91   37.96
-139053.873   266.924   -46.66   34.81
-138679.316   250.169   -44.73   38.66
-138304.723   232.080   -48.28   35.56
-137930.094   213.705   -49.04   24.43
-137555.429   198.312   -41.08   20.69
-137180.727   188.367   -26.54   15.05
-136805.989   183.479   -13.04   11.93
-136431.215   179.626   -10.28   10.28
-136056.404   179.356    -0.72   11.03
-135681.557   177.773    -4.22   13.30
-135306.673   172.637   -13.70   15.94
-134931.753   166.276   -16.96   18.56
-134556.797   156.794   -25.29   14.37
-134181.804   151.866   -13.14   10.30
-133806.775   151.905     0.11   12.49
-133431.709   155.491     9.56   18.48
-133056.607   161.215    15.26   22.84
-132681.469   174.330    34.96   44.64
-132306.294   188.175    36.90   53.31
-131931.082   197.739    25.49   57.31
-131555.834   191.830   -15.75   48.47
-131180.550   185.739   -16.23   35.83
-130805.229   188.672     7.81   27.27
-130429.871   196.163    19.95   31.29
-130054.477   198.286     5.65   31.25
-129679.046   196.441    -4.91   27.71
-129303.579   196.151    -0.77   20.40
-128928.075   199.526     8.99   17.89
-128552.535   210.419    29.00   25.73
-128176.957   223.812    35.66   29.65
-127801.344   237.264    35.81   32.51
-127425.693   243.473    16.53   31.79
-127050.006   248.368    13.03   27.30
-126674.283   255.151    18.05   25.19
-126298.522   260.648    14.63   29.74
-125922.725   269.812    24.38   35.77
-125546.891   274.223    11.73   41.88
-125171.021   270.293   -10.45   48.32
-124795.114   256.955   -35.48   48.48
-124419.170   239.903   -45.35   35.42
-124043.189   235.023   -12.98   22.04
-123667.171   243.608    22.83   26.04
-123291.117   252.633    24.00   27.52
-122915.026   257.339    12.51   26.98
-122538.898   256.669    -1.78   29.31
-122162.734   250.883   -15.38   29.74
-121786.532   242.924   -21.15   23.52
-121410.294   242.725    -0.53   19.44
-121034.019   248.698    15.87   21.20
-120657.707   253.233    12.05   21.77
-120281.358   261.812    22.79   22.67
-119904.972   273.830    31.93   30.10
-119528.549   286.687    34.15   32.44
-119152.089   300.830    37.56   32.57
-118775.593   320.690    52.74   34.39
-118399.059   337.663    45.07   33.36
-118022.489   340.241     6.84   30.19
-117645.881   323.219   -45.19   48.48
-117269.237   292.883   -80.53   57.49
-116892.556   250.754  -111.83   49.06
-116515.837   218.594   -85.36   40.88
-116139.082   182.437   -95.96   31.67
-115762.289   164.888   -46.57   21.07
-115385.460   178.491    36.09   42.66
-115008.593   200.357    58.02   49.52
-114631.689   221.491    56.06   41.85
-114254.749   235.008    35.86   33.50
-113877.771   238.062     8.10   33.78
-113500.756   238.383     0.85   35.44
-113123.704   225.484   -34.21   35.41
-112746.615   196.690   -76.35   41.72
-112369.488   168.812   -73.91   26.79
-111992.325   160.723   -21.44   18.06
-111615.124   165.339    12.24   19.27
-111237.886   180.175    39.32   20.67
-110860.611   197.339    45.49   25.53
-110483.299   210.868    35.85   33.04
-110105.950   223.848    34.39   44.60
-109728.563   227.437     9.51   43.21
-109351.139   221.776   -15.00   39.94
-108973.678   208.866   -34.20   36.69
-108596.179   197.448   -30.24   41.70
-108218.644   174.258   -61.42   34.87
-107841.071   164.003   -27.16   26.69
-107463.460   167.937    10.42   22.05
-107085.813   175.703    20.56   27.59
-106708.128   178.415     7.18   29.20
-106330.405   179.391     2.58   29.80
-105952.645   175.212   -11.06   27.95
-105574.848   171.479    -9.88   28.52
-105197.014   172.103     1.65   32.97
-104819.142   159.654   -32.94   38.23
-104441.233   139.626   -52.99   33.14
-104063.286   124.883   -39.00   25.20
-103689.620   117.080   -20.88   18.68
-103318.950   117.562     1.30   21.24
-102948.243   118.444     2.38   21.90
-102577.501   116.241    -5.94   21.56
-102206.723   107.705   -23.02   16.31
-101835.909    99.099   -23.21   10.23
-101465.059    93.795   -14.30    8.08
-101094.173    88.385   -14.59    6.99
-100723.251    83.970   -11.90    6.40
-100352.293    78.811   -13.91    6.63
 -99981.299    74.080   -12.75    6.39
 -99610.269    70.005   -10.98    5.82
 -99239.203    67.058    -7.94    4.89
 -98868.100    65.988    -2.88    5.24
 -98496.962    65.957    -0.08    6.12
 -98125.788    68.258     6.20    7.25
 -97754.578    71.264     8.10    6.72
 -97383.331    72.953     4.55    5.46
 -97012.049    73.089     0.37    4.15
 -96640.730    72.602    -1.31    3.11
 -96269.376    70.811    -4.82    3.12
 -95897.985    68.437    -6.39    3.44
 -95526.558    65.883    -6.87    3.58
 -95155.094    63.723    -5.82    3.16
 -94783.595    61.557    -5.83    1.97
 -94412.060    60.648    -2.45    1.68
 -94040.488    59.866    -2.11    1.76
 -93668.880    58.962    -2.43    1.79
 -93297.236    57.919    -2.81    2.09
 -92925.555    56.830    -2.93    2.12
 -92553.839    54.970    -5.00    2.79
 -92182.086    52.812    -5.81    2.73
 -91810.296    50.637    -5.85    2.59
 -91438.471    48.616    -5.44    2.38
 -91066.609    46.955    -4.47    2.92
 -90694.711    44.994    -5.27    3.18
 -90322.777    43.139    -4.99    2.98
 -89950.806    41.312    -4.91    2.40
 -89578.799    39.885    -3.83    1.53
 -89206.755    41.419     4.12    3.65
 -88834.675    43.291     5.03    4.86
 -88462.559    45.497     5.93    4.55
 -88090.407    47.648     5.78    2.88
 -87718.218    46.970    -1.82    3.36
 -87345.992    44.921    -5.51    3.68
 -86973.730    42.687    -6.00    3.25
 -86601.432    41.103    -4.26    2.60
 -86229.097    42.066     2.59    3.81
 -85856.726    45.098     8.14    5.73
 -85484.318    48.721     9.73    5.95
 -85111.874    51.955     8.68    5.66
 -84739.393    54.888     7.87    5.09
 -84366.876    57.571     7.20    5.26
 -83994.322    61.321    10.06    6.69
 -83621.732    66.093    12.81    9.18
 -83249.105    69.580     9.36    8.61
 -82876.441    72.687     8.34    8.72
 -82503.741    73.654     2.60    7.89
 -82131.005    71.994    -4.46    8.24
 -81758.231    67.437   -12.22   10.76
 -81385.422    59.256   -21.94    9.72
 -81012.575    53.901   -14.36    8.08
 -80639.692    49.503   -11.79    4.12
 -80266.772    47.690    -4.86    1.99
 -79893.816    47.212    -1.28    1.38
 -79520.822    46.991    -0.59    1.32
 -79147.792    46.994     0.01    1.32
 -78774.726    46.598    -1.06    1.28
 -78401.623    46.304    -0.79    1.24
 -78028.483    46.200    -0.28    1.29
 -77655.306    46.241     0.11    1.28
 -77282.092    46.219    -0.06    1.41
 -76908.842    46.098    -0.32    1.53
 -76535.555    46.015    -0.22    1.47
 -76162.231    45.953    -0.17    1.39
 -75788.870    45.848    -0.28    1.07
 -75415.473    46.030     0.49    1.06
 -75042.038    45.567    -1.24    1.62
 -74668.567    45.503    -0.17    2.29
 -74295.059    46.140     1.71    3.22
 -73921.514    46.888     2.00    3.54
 -73547.932    47.794     2.43    3.09
 -73174.314    47.612    -0.49    2.67
 -72800.658    46.526    -2.90    2.64
 -72426.966    45.223    -3.49    2.65
 -72053.236    44.151    -2.87    2.25
 -71679.470    43.330    -2.20    1.87
 -71305.666    42.884    -1.19    1.99
 -70931.826    42.988     0.28    1.96
 -70557.949    43.030     0.11    1.98
 -70184.034    42.777    -0.68    2.04
 -69810.083    42.396    -1.02    1.65
 -69436.095    42.312    -0.22    1.43
 -69062.069    42.374     0.16    1.67
 -68688.007    42.374     0.00    1.91
 -68313.907    42.532     0.42    1.93
 -67939.771    42.687     0.42    2.12
 -67565.597    42.562    -0.33    2.03
 -67191.386    42.388    -0.47    2.47
 -66817.138    41.497    -2.38    3.03
 -66442.853    40.521    -2.61    3.04
 -66068.531    39.654    -2.31    2.92
 -65694.172    39.687     0.09    3.00
 -65319.775    41.040     3.61    4.36
 -64945.342    43.684     7.06    5.37
 -64570.871    47.703    10.73    7.00
 -64196.363    52.968    14.06    9.03
 -63821.818    59.368    17.09    9.52
 -63447.235    66.321    18.56    9.39
 -63072.615    72.019    15.21    8.94
 -62697.958    76.251    11.30    7.17
 -62323.264    77.901     4.40    6.19
 -61948.533    79.812     5.10    5.56
 -61573.764    80.269     1.22    6.12
 -61198.958    81.103     2.23    5.79
 -60824.114    79.426    -4.47    5.17
 -60449.234    76.441    -7.96    4.73
 -60074.315    73.116    -8.87    5.52
 -59699.360    69.030   -10.90    6.16
 -59324.367    64.598   -11.82    5.88
 -58949.337    59.921   -12.47    3.84
 -58574.269    57.241    -7.15    3.23
 -58199.164    54.758    -6.62    2.38
 -57824.022    53.219    -4.10    2.22
 -57448.842    51.562    -4.42    2.08
 -57073.625    50.348    -3.23    2.11
 -56698.370    49.163    -3.16    2.30
 -56323.078    47.503    -4.42    2.27
 -55947.748    46.883    -1.65    2.12
 -55572.381    47.062     0.48    1.99
 -55196.976    47.812     2.00    1.79
 -54821.534    48.623     2.16    1.40
 -54446.054    49.099     1.27    1.14
 -54070.537    49.071    -0.07    0.96
 -53694.982    49.037    -0.09    1.03
 -53319.389    48.795    -0.65    0.94
 -52943.759    48.598    -0.52    0.97
 -52568.092    48.330    -0.71    0.99
 -52192.386    48.040    -0.77    1.15
 -51816.643    47.830    -0.56    1.19
 -51440.863    47.251    -1.54    1.22
 -51065.045    46.700    -1.47    1.40
 -50689.189    45.883    -2.18    1.87
 -50313.295    44.794    -2.90    2.12
 -49937.364    44.044    -1.99    2.21
 -49561.395    43.975    -0.18    2.32
 -49185.388    44.080     0.28    2.20
 -48809.344    44.830     1.99    1.91
 -48433.262    45.256     1.13    1.37
 -48057.142    45.062    -0.52    1.16
 -47680.984    44.794    -0.71    1.37
 -47304.789    44.485    -0.82    1.33
 -46928.556    44.133    -0.93    1.17
 -46552.285    43.830    -0.81    1.16
 -46175.976    43.567    -0.70    1.43
 -45799.629    43.062    -1.34    1.57
 -45423.244    42.058    -2.67    2.12
 -45046.822    40.330    -4.59    3.32
 -44670.362    37.687    -7.02    3.68
 -44293.863    35.866    -4.84    2.61
 -43917.327    35.374    -1.31    2.40
 -43540.753    36.461     2.89    2.84
 -43164.141    37.795     3.54    2.89
 -42787.491    38.374     1.54    2.84
 -42410.804    39.465     2.90    2.80
 -42034.078    40.602     3.02    3.38
 -41657.314    42.084     3.93    3.49
 -41280.512    43.409     3.51    3.95
 -40903.672    44.690     3.40    4.63
 -40526.795    46.394     4.52    5.78
 -40149.879    47.549     3.07    7.43
 -39772.925    47.599     0.13    8.07
 -39395.933    48.058     1.22    8.46
 -39018.903    48.885     2.19    8.69
 -38641.835    48.549    -0.89    7.04
 -38264.729    50.005     3.86    6.50
 -37887.584    51.830     4.84    6.92
 -37510.402    54.304     6.56    7.33
 -37133.181    55.589     3.41    7.31
 -36755.922    56.146     1.48    6.59
 -36378.625    56.991     2.24    6.38
 -36001.290    57.514     1.39    5.14
 -35623.917    59.419     5.05    4.68
 -35246.506    60.935     4.02    4.65
 -34869.056    61.286     0.93    5.47
 -34491.568    62.207     2.44    6.09
 -34114.042    62.549     0.91    6.26
 -33736.477    63.994     3.83    6.23
 -33358.874    66.514     6.67    6.95
 -32981.233    71.901    14.26    7.67
 -32603.554    78.339    17.04   10.66
 -32225.836    86.058    20.44   13.13
 -31848.080    98.794    33.71   19.33
 -31470.286   120.502    57.46   34.27
 -31092.453   140.703    53.46   34.81
 -30714.582   152.409    30.98   29.20
 -30336.673   157.205    12.69   24.34
 -29958.725   150.812   -16.91   20.00
 -29580.739   146.181   -12.25   19.17
 -29202.714   145.943    -0.63   21.67
 -28828.349   142.865    -8.22   21.95
 -28457.791   132.663   -27.53   28.23
 -28087.197   114.812   -48.17   29.49
 -27716.565    97.776   -45.96   16.16
 -27345.897    93.106   -12.60   11.43
 -26975.192    95.348     6.05   17.04
 -26604.450   108.391    35.18   27.64
 -26233.671   123.935    41.92   34.14
 -25862.855   139.508    42.00   37.11
 -25492.003   145.602    16.43   31.67
 -25121.113   139.356   -16.84   31.01
 -24750.187   127.758   -31.27   28.91
 -24379.223   109.503   -49.21   19.62
 -24008.223    93.491   -43.16   20.96
 -23637.185    77.776   -42.35   23.51
 -23266.111    62.440   -41.33   22.26
 -22894.999    47.608   -39.97   13.14
 -22523.851    41.312   -16.96    8.77
 -22152.666    37.654    -9.85    7.28
 -21781.443    36.883    -2.08    7.63
 -21410.184    38.549     4.49    9.95
 -21038.887    41.812     8.79   11.83
 -20667.553    44.812     8.08   10.50
 -20296.183    46.116     3.51    7.67
 -19924.775    42.898    -8.66    7.55
 -19553.330    38.139   -12.81    8.28
 -19181.848    31.953   -16.65    9.29
 -18810.329    26.385   -14.98    9.37
 -18438.772    21.062   -14.33    8.91
 -18067.179    15.455   -15.09    7.46
 -17695.548    10.584   -13.11    6.98
 -17323.880     5.725   -13.08    5.10
 -16952.175     3.830    -5.10    3.63
 -16580.433     3.795    -0.09    3.04
 -16208.653     5.139     3.62    3.13
 -15836.837     5.433     0.79    3.07
 -15464.983     4.849    -1.57    3.17
 -15093.091     4.133    -1.92    3.01
 -14721.163     4.212     0.21    2.86
 -14349.197     5.223     2.72    2.79
 -13977.194     6.312     2.93    2.21
 -13605.153     7.040     1.96    1.91
 -13233.076     7.251     0.57    1.98
 -12860.961     7.401     0.40    2.00
 -12488.808     7.778     1.01    2.02
 -12116.618     6.419    -3.65    2.76
 -11744.391     4.525    -5.09    2.92
 -11372.126     3.061    -3.93    2.52
 -10999.824     1.777    -3.45    0.55
 -10627.485     1.757    -0.05    1.23
 -10255.108     2.742     2.65    3.13
  -9882.694     4.212     3.95    4.23
  -9510.242     5.399     3.19    4.41
  -9137.753     5.795     1.06    4.08
  -8765.226     6.294     1.34    3.69
  -8392.662     6.016    -0.75    3.54
  -8020.060     5.830    -0.50    3.26
  -7647.420     5.339    -1.32    3.04
  -7274.744     5.145    -0.52    3.11
  -6902.029     5.111    -0.09    3.26
  -6529.277     5.264     0.41    3.37
  -6156.488     4.864    -1.07    3.46
  -5783.661     4.741    -0.33    3.39
  -5410.796     4.690    -0.14    3.32
  -5037.894     4.461    -0.61    3.30
  -4664.954     3.448    -2.72    3.21
  -4291.976     2.966    -1.29    2.93
  -3918.961     3.056     0.24    2.96
  -3545.908     3.426     0.99    3.14
  -3172.817     3.997     1.53    3.17
  -2799.689     4.209     0.57    3.20
  -2426.523     3.991    -0.59    3.17
  -2053.320     3.610    -1.02    3.02
  -1680.078     3.294    -0.84    3.01
  -1306.799     2.544    -2.01    2.92
   -933.482     1.374    -3.14    2.56
   -560.127     0.651    -1.93    2.03
   -186.735     1.093     1.18    3.32
    186.696     1.700     1.63    4.42
    560.164     1.549    -0.40    3.88
    933.670     1.019    -1.42    2.97
   1307.213     0.864    -0.41    3.00
   1680.795     0.901     0.10    2.97
   2054.414     0.883    -0.05    2.77
   2428.072     0.742    -0.38    2.48
   2801.767     0.775     0.09    2.37
   3175.500     1.288     1.37    2.86
   3549.271     1.736     1.20    3.07
   3923.080     2.866     3.02    3.45
   4296.927     3.960     2.93    3.52
   4670.812     4.602     1.72    3.38
   5044.735     4.830     0.61    3.36
   5418.696     5.295     1.24    3.18
   5792.695     5.777     1.29    2.81
   6166.732     5.795     0.05    2.83
   6540.807     5.474    -0.86    2.73
   6914.919     5.514     0.11    2.61
   7289.070     5.261    -0.68    2.84
   7663.259     4.515    -1.99    3.19
   8037.487     4.044    -1.26    3.33
   8411.752     3.651    -1.05    3.16
   8786.055     3.502    -0.40    3.01
   9160.396     4.005     1.34    2.67
   9534.776     3.991    -0.04    2.45
   9909.194     4.128     0.37    2.37
  10283.650     4.672     1.45    2.14
  10658.144     5.033     0.96    1.86
  11032.676     5.349     0.84    1.66
  11407.246     5.758     1.09    1.31
  11781.855     5.742    -0.04    1.23
  12156.502     5.514    -0.61    1.15
  12531.187     5.304    -0.56    1.17
  12905.910     4.970    -0.89    1.13
  13280.671     4.742    -0.61    1.01
  13655.471     4.756     0.04    1.08
  14030.309     4.660    -0.25    0.93
  14405.186     4.812     0.40    0.85
  14780.101     4.778    -0.09    0.85
  15155.054     4.514    -0.70    1.02
  15530.045     4.409    -0.28    1.19
  15905.075     4.692     0.75    1.38
  16280.143     5.005     0.84    1.87
  16655.250     5.026     0.06    1.58
  17030.394     4.848    -0.47    1.62
  17405.578     4.796    -0.14    1.43
  17780.800     4.848     0.14    1.15
  18156.060     4.643    -0.54    1.03
  18531.358     4.830     0.50    1.21
  18906.696     5.374     1.45    1.49
  19282.071     5.916     1.44    1.45
  19657.485     6.312     1.05    1.14
  20032.938     6.848     1.43    1.37
  20408.429     7.478     1.68    1.46
  20783.959     8.251     2.06    1.43
  21159.527     9.419     3.11    1.90
  21535.133    10.288     2.31    1.85
  21910.779    11.233     2.52    1.75
  22286.463    12.044     2.16    1.47
  22662.185    12.576     1.41    1.09
  23037.946    12.988     1.10    1.03
  23413.746    13.374     1.03    1.00
  23789.584    13.478     0.28    1.07
  24165.461    13.776     0.79    1.10
  24541.377    14.295     1.38    1.73
  24917.332    15.261     2.57    2.97
  25293.325    15.937     1.80    3.65
  25669.356    16.198     0.69    3.73
  26045.427    15.627    -1.52    2.48
  26421.536    16.026     1.06    1.94
  26797.684    18.118     5.56    3.91
  27173.871    22.848    12.57    8.33
  27550.096    28.544    15.14   10.00
  27926.361    35.399    18.22   10.61
  28302.664    40.383    13.25   10.22
  28679.006    43.584     8.51    9.43
  29055.387    46.884     8.77    8.22
  29431.806    48.705     4.84    7.42
  29808.265    50.684     5.26    6.93
  30184.762    52.728     5.43   10.27
  30561.298    56.194     9.20   15.44
  30937.873    57.269     2.85   16.35
  31314.487    55.347    -5.10   15.48
  31691.140    53.648    -4.51   11.85
  32067.832    49.968    -9.77    9.49
  32444.563    43.108   -18.21   10.84
  32821.333    34.742   -22.20   13.19
  33198.142    25.508   -24.51   10.84
  33574.990    18.416   -18.82    7.45
  33951.877    13.023   -14.31    4.35
  34328.802    10.692    -6.18    2.72
  34705.767     9.130    -4.14    1.52
  35082.771     8.294    -2.22    1.14
  35459.814     7.966    -0.87    1.18
  35836.896     7.700    -0.70    1.20
  36214.018     8.026     0.86    1.42
  36591.178     8.951     2.45    1.94
  36968.377    10.158     3.20    2.63
  37345.616    11.437     3.39    2.88
  37722.894    12.757     3.50    3.14
  38100.210    13.406     1.72    3.04
  38477.566    14.175     2.04    3.31
  38854.962    15.288     2.95    3.48
  39232.396    15.988     1.86    3.32
  39609.870    16.479     1.30    3.24
  39987.383    17.430     2.52    3.47
  40364.935    17.955     1.39    3.50
  40742.526    19.146     3.15    3.32
  41120.157    20.274     2.99    3.33
  41497.827    23.111     7.51    4.61
  41875.536    27.687    12.12    6.09
  42253.285    32.093    11.66    8.26
  42631.072    36.479    11.61    7.80
  43008.900    38.901     6.41    7.42
  43386.766    39.728     2.19    9.54
  43764.672    38.357    -3.63   11.20
  44142.618    36.916    -3.81   11.37
  44520.602    34.935    -5.24   10.43
  44898.627    32.444    -6.59    7.31
  45276.690    30.760    -4.46    4.33
  45654.793    30.669    -0.24    2.67
  46029.962    31.026     0.95    2.38
  46400.405    32.849     4.92    3.81
  46770.886    36.271     9.24    7.11
  47141.405    41.957    15.35   12.02
  47511.962    48.304    17.13   17.62
  47882.557    54.883    17.75   21.91
  48253.189    56.651     4.77   19.57
  48623.860    58.692     5.51   18.18
  48994.568    57.584    -2.99   12.49
  49365.314    59.128     4.16    9.55
  49736.097    62.761     9.80    9.83
  50106.919    71.933    24.74   16.20
  50477.779    87.973    43.25   25.65
  50848.676   109.542    58.16   32.27
  51219.611   129.118    52.78   28.14
  51590.585   146.426    46.66   24.14
  51961.596   153.812    19.91   20.77
  52332.645   139.399   -38.85   33.79
  52703.732   114.991   -65.78   43.08
  53074.857    97.280   -47.72   35.34
  53446.021    98.955     4.51   37.75
  53817.222   120.988    59.36   48.74
  54188.461   150.169    78.61   45.41
  54559.738   176.654    71.34   40.68
  54931.053   184.637    21.50   35.71
  55302.406   175.066   -25.77   34.33
  55673.798   156.916   -48.87   38.20
  56045.227   130.089   -72.23   27.40
  56416.695   117.387   -34.20   18.57
  56788.200   111.988   -14.53   13.92
  57159.744   117.707    15.39   14.20
  57531.326   128.304    28.52   18.65
  57902.946   140.163    31.92   20.12
  58274.604   159.812    52.87   24.55
  58646.301   177.058    46.40   26.57
  59018.035   193.479    44.18   29.66
  59389.808   210.008    44.46   36.13
  59761.619   228.389    49.44   43.79
  60133.468   242.721    38.54   41.09
  60505.356   243.745     2.75   37.76
  60877.281   229.089   -39.41   41.44
  61249.245   222.330   -18.17   42.28
  61621.248   216.619   -15.35   37.96
  61993.288   223.830    19.38   36.94
  62365.367   246.468    60.85   35.02
  62737.484   264.002    47.12   32.06
  63109.640   266.399     6.44   31.27
  63481.834   252.562   -37.18   45.08
  63854.066   218.779   -90.76   56.03
  64226.337   177.774  -110.15   43.06
  64598.646   150.278   -73.86   33.79
  64970.993   130.756   -52.43   28.26
  65343.379   112.338   -49.46   24.11
  65715.804    95.294   -45.77   17.67
  66088.266    83.399   -31.94   10.73
  66460.768    77.864   -14.86    9.06
  66833.307    81.278     9.16   22.01
  67205.886    93.882    33.83   32.51
  67578.502   113.725    53.26   39.53
  67951.157   129.651    42.74   39.86
  68323.851   148.219    49.82   33.53
  68696.584   150.304     5.60   31.33
  69069.354   147.491    -7.55   33.08
  69442.164   133.660   -37.10   32.76
  69815.012   119.567   -37.80   27.98
  70187.898   113.233   -16.99   26.47
  70560.824   107.542   -15.26   27.81
  70933.787    97.623   -26.60   30.32
  71306.790    79.935   -47.42   29.97
  71679.831    64.348   -41.79   20.13
  72052.911    53.508   -29.06   14.14
  72426.029    46.303   -19.31    8.59
  72799.186    42.169   -11.08    6.66
  73172.382    39.139    -8.12    4.48
  73545.617    36.830    -6.19    2.63
  73918.890    36.497    -0.89    3.13
  74292.202    36.847     0.94    5.88
  74665.553    37.251     1.08    6.14
  75038.942    37.619     0.99    6.03
  75412.371    37.760     0.38    4.22
  75785.838    38.847     2.91    3.90
  76159.344    39.230     1.02    3.87
  76532.889    39.274     0.12    3.36
  76906.472    39.209    -0.17    2.88
  77280.095    39.514     0.82    3.16
  77653.756    39.163    -0.94    3.31
  78027.457    39.187     0.06    3.34
  78401.196    39.163    -0.06    3.15
  78774.974    39.040    -0.33    2.78
  79148.791    38.918    -0.33    2.39
  79522.647    38.830    -0.23    2.02
  79896.542    38.848     0.05    2.11
  80270.476    38.726    -0.33    1.67
  80644.448    39.012     0.76    1.49
  81018.460    39.163     0.41    1.38
  81392.511    39.437     0.73    1.04
  81766.601    39.999     1.50    1.09
  82140.730    40.514     1.38    1.05
  82514.898    40.794     0.75    1.16
  82889.105    41.413     1.65    1.15
  83263.351    41.903     1.31    1.45
  83637.636    42.526     1.67    1.48
  84011.960    43.175     1.73    1.54
  84386.324    43.742     1.51    1.64
  84760.726    43.900     0.42    1.69
  85135.168    44.440     1.44    1.69
  85509.649    44.672     0.62    1.41
  85884.169    44.847     0.47    1.13
  86258.728    45.280     1.15    0.89
  86633.326    45.830     1.47    1.25
  87007.964    46.899     2.85    1.97
  87382.641    48.012     2.97    2.05
  87757.357    49.058     2.79    1.90
  88132.112    49.269     0.56    1.65
  88506.907    49.304     0.10    1.60
  88881.741    49.725     1.12    1.69
  89256.614    50.514     2.11    1.99
  89631.527    51.047     1.42    1.82
  90006.479    51.775     1.94    1.68
  90381.470    52.152     1.00    2.05
  90756.500    52.994     2.24    2.50
  91131.570    54.602     4.29    3.06
  91506.680    56.339     4.63    3.15
  91881.828    58.140     4.80    2.55
  92257.017    59.935     4.78    2.82
  92632.244    61.076     3.04    2.63
  93007.511    61.980     2.41    2.44
  93382.818    62.194     0.57    2.18
  93758.163    62.016    -0.47    2.11
  94133.549    61.848    -0.45    2.33
  94508.974    62.742     2.38    4.28
  94884.438    62.461    -0.75    5.09
  95259.942    61.589    -2.32    5.73
  95635.486    60.549    -2.77    5.99
  96011.069    58.991    -4.15    5.33
  96386.691    57.997    -2.65    2.42
  96762.353    58.223     0.60    1.71
  97138.055    58.966     1.98    1.63
  97513.797    60.366     3.73    1.63
  97889.578    62.654     6.09    3.86
  98265.398    69.508    18.24   11.24
  98641.259    82.589    34.80   21.82
  99017.159   107.339    65.85   37.35
  99393.098   136.276    76.98   43.88
  99769.078   165.273    77.13   40.08
 100145.097   186.575    56.66   28.79
 100521.155   190.050     9.24   23.88
 100897.254   178.935   -29.56   24.29
 101273.392   169.830   -24.21   22.22
 101649.570   169.286    -1.45   30.88
 102025.788   175.725    17.12   42.80
 102402.046   189.128    35.63   43.31
 102778.343   193.939    12.79   36.26
 103154.680   182.010   -31.70   32.46
 103531.057   164.725   -45.93   36.82
 103907.474   140.304   -64.88   34.57
 104283.931   124.725   -41.39   23.24
 104660.428   119.146   -14.82   17.77
 105036.964   111.391   -20.60   18.32
 105413.541   107.157   -11.24   18.48
 105790.157   103.916    -8.61   16.99
 106166.814    98.848   -13.46    5.98
 106543.510   105.666    18.10   12.78
 106920.246   113.205    20.01   14.24
 107297.023   117.900    12.46   11.73
 107673.839   123.406    14.61   12.59
 108050.695   132.812    24.96   20.56
 108427.591   138.451    14.96   22.48
 108804.528   146.126    20.37   23.03
 109181.504   154.175    21.35   23.46
 109558.521   159.584    14.35   24.38
 109935.577   169.535    26.39   25.46
 110312.674   185.128    41.36   24.26
 110689.810   203.669    49.17   27.65
 111066.987   218.963    40.55   25.37
 111444.204   219.975     2.68   26.29
 111821.461   207.426   -33.27   34.50
 112198.759   188.212   -50.93   36.50
 112576.096   164.589   -62.61   25.72
 112953.474   148.508   -42.61   12.22
 113330.892   141.658   -18.15    5.02
 113708.350   139.209    -6.49    2.78
 114085.848   140.935     4.57    7.49
 114463.387   142.502     4.15    8.80
 114840.966   144.448     5.15    8.97
 115218.585   147.619     8.40   10.43
 115596.245   154.830    19.09   15.94
 115973.945   169.968    40.08   27.13
 116351.685   186.812    44.60   27.18
 116729.465   195.062    21.84   22.34
 117107.286   195.745     1.81   21.61
 117485.147   185.383   -27.43   19.39
 117863.049   173.997   -30.14   17.90
 118240.991   169.261   -12.53   13.98
 118618.973   176.076    18.03   20.54
 118996.996   197.779    57.42   33.33
 119375.059   215.278    46.29   29.51
 119753.163   222.058    17.93   25.39
 120131.307   213.700   -22.10   31.30
 120509.492   190.113   -62.38   33.04
 120885.570   165.758   -64.77   21.11
 121255.896   154.406   -30.66   12.44
 121626.260   150.084   -11.67    5.25
 121996.663   154.951    13.14   10.45
 122367.104   169.321    38.80   21.89
 122737.585   190.559    57.33   33.88
 123108.104   223.044    87.69   41.01
 123478.662   240.233    46.39   33.50
 123849.258   235.508   -12.75   41.45
 124219.894   221.151   -38.74   42.62
 124590.568   205.694   -41.70   36.96
 124961.281   197.997   -20.77   35.82
 125332.033   198.294     0.80   34.45
 125702.824   203.347    13.63   34.94
 126073.654   199.322   -10.86   34.89
 126444.523   191.532   -21.01   34.99
 126815.430   188.589    -7.94   36.19
 127186.377   183.033   -14.98   37.35
 127557.362   183.847     2.19   41.58
 127928.386   183.433    -1.12   44.95
 128299.450   178.580   -13.08   42.40
 128670.552   167.198   -30.67   32.28
 129041.693   160.830   -17.16   21.12
 129412.874   159.273    -4.20   15.24
 129784.093   156.455    -7.59    7.59
 130155.351   157.745     3.48    4.28
 130526.648   158.937     3.21    4.47
 130897.985   159.549     1.65    4.64
 131269.360   161.192     4.42    4.20
 131640.775   162.406     3.27    4.53
 132012.228   163.321     2.46    4.61
 132383.721   164.883     4.20    5.65
 132755.253   167.174     6.17    7.64
 133126.824   169.409     6.01    8.79
 133498.434   173.985    12.32   11.37
 133870.083   181.497    20.21   16.15
 134241.772   185.999    12.12   17.03
 134613.500   186.394     1.06   17.90
 134985.267   185.076    -3.54   17.02
 135357.073   181.830    -8.73   10.91
 135728.918   186.111    11.51   13.27
 136100.803   197.525    30.70   17.76
 136472.727   211.865    38.56   20.46
 136844.690   230.865    51.09   26.48
 137216.692   240.209    25.12   30.22
 137588.734   243.406     8.59   28.11
 137960.815   246.479     8.26   25.17
 138332.935   254.728    22.17   26.74
 138705.095   274.139    52.16   31.43
 139077.294   287.794    36.69   31.03
 139449.533   297.426    25.88   32.46
 139821.811   311.623    38.14   33.25
 140194.128   316.726    13.71   32.12
 140566.485   310.197   -17.54   32.25
 140938.881   292.101   -48.60   38.80
 141311.316   274.705   -46.72   32.64
 141683.791   273.050    -4.44   31.88
 142056.306   287.030    37.53   39.45
 142428.860   314.619    74.07   40.29
 142801.454   335.723    56.65   30.46
 143174.087   338.463     7.36   33.59
 143546.759   335.023    -9.23   34.90
 143919.471   336.192     3.14   33.66
 144292.223   343.254    18.95   34.29
 144665.014   363.602    54.59   38.52
 145037.845   402.554   104.49   54.49
 145410.716   443.690   110.34   67.85
 145783.626   497.847   145.25   85.25
 146156.575   571.040   196.28  102.98
 146529.565   640.928   187.40  100.52
 146902.594   673.266    86.70   84.44
 147275.662   635.140  -102.21  110.36
 147648.771   564.012  -190.67  119.38
 148021.919   474.726  -239.31   86.12
 148395.107   431.356  -116.23   52.15
 148768.334   404.966   -70.72   55.16
 149141.601   375.330   -79.41   52.44
 149514.908   345.169   -80.81   55.59
 149888.255   307.913   -99.80   45.62
 150261.642   294.278   -36.52   36.73
 150635.068   313.951    52.69   59.23
 151008.534   361.830   128.22   88.71
 151382.040   448.247   231.40  114.10
 151755.586   542.973   253.62  108.37
 152129.172   592.084   131.48   80.39
 152502.798   608.169    43.06   65.30
 152876.463   588.347   -53.05   80.80
 153250.168   522.537  -176.13   98.09
 153623.914   459.795  -167.90   89.08
 153997.699   396.598  -169.10   69.53
 154371.524   341.991  -146.10   65.65
 154745.389   301.732  -107.70   61.07
 155119.295   267.900   -90.50   36.81
 155493.240   257.709   -27.26   11.17
 155867.225   268.016    27.56   20.20
 156241.250   284.760    44.77   28.44
 156615.315   305.951    56.66   30.94
 156989.420   321.690    42.08   31.15
 157363.566   342.226    54.90   43.03
 157737.751   373.684    84.08   55.02
 158111.977   399.027    67.73   55.27
 158486.242   415.194    43.20   51.55
 158860.548   412.830    -6.32   57.05
 159234.894   410.093    -7.31   53.91
 159609.280   415.502    14.45   51.63
 159983.706   433.485    48.04   55.57
 160358.172   457.915    65.25   61.83
 160732.679   498.899   109.45   84.61
 161107.225   543.181   118.25   99.25
 161481.812   588.947   122.20   98.77
 161856.439   604.921    42.65   89.68
 162231.107   630.312    67.78   79.34
 162605.814   656.433    69.72   75.25
 162980.562   660.559    11.01   66.49
 163355.351   668.658    21.61   65.20
 163730.179   652.321   -43.59   74.30
 164105.048   604.928  -126.45   89.65
 164479.957   585.602   -51.56   81.43
 164854.907   580.643   -13.23   79.42
 165229.897   560.904   -52.65   71.96
 165604.927   568.433    20.08   61.99
 165979.998   547.261   -56.46   62.85
 166355.109   529.719   -46.77   62.06
 166730.261   528.226    -3.98   59.95
 167105.453   535.040    18.16   62.79
 167480.685   598.233   168.44   96.73
 167855.958   645.830   126.85   90.38
 168231.271   673.364    73.38   73.39
 168606.625   677.626    11.36   73.52
 168982.020   677.863     0.63   71.65
 169357.455   674.107   -10.01   62.19
