# NaN NaN NaN ;Mean Elev.(m), Avg Gradient(m/km), RMS Gradient(m/km) - SRTM1     
#  135.850  -0.855  22.197 ;Mean Elev.(m), Avg Gradient(m/km), RMS Gradient(m/km) - ASTER GDEM
#  139.658  -0.931  21.446 ;Mean Elev.(m), Avg Gradient(m/km), RMS Gradient(m/km) - GMTED2010 
  7   145.455 52468.09090419 10.43 128.015462  51.204121 15.214
  7   148.256 52468.09090484 10.28 128.013982  51.200891 15.214
  7   146.784 52468.09090548 12.73 128.012492  51.197661 15.214
  7   144.287 52468.09090613 17.03 128.011012  51.194431 15.214
  7   151.165 52468.09090677 17.86 128.009529  51.191198 16.574
  7   146.925 52468.09090742 21.63 128.008049  51.187968 16.574
  7   147.964 52468.09090806 18.73 128.006569  51.184738 16.574
  8   135.332 52503.09088771 27.45 128.026543  51.233800 14.362
  8   135.380 52503.09088836 20.92 128.025053  51.230580 14.362
  8   135.325 52503.09088900 18.31 128.023573  51.227350 14.362
  8   135.375 52503.09088965 23.15 128.022083  51.224120 14.362
  8   136.111 52503.09089029 22.51 128.020603  51.220890 14.362
  8   136.053 52503.09089094 22.02 128.019113  51.217660 14.362
  8   135.821 52503.09089158 19.57 128.017633  51.214430 14.362
  8   134.917 52503.09089223 19.86 128.016153  51.211200 14.362
  8   134.820 52503.09089287 20.59 128.014663  51.207970 14.362
  8   145.394 52503.09089352 13.88 128.013183  51.204740 14.362
  8   135.096 52503.09089416 17.31 128.011695  51.201507 17.046
  8   142.994 52503.09089480 17.10 128.010215  51.198277 17.046
  8   135.012 52503.09089545 15.84 128.008735  51.195047 17.046
  8   135.346 52503.09089609 21.74 128.007245  51.191817 17.046
  8   135.015 52503.09089674 34.11 128.005765  51.188587 17.046
 10   138.755 52573.09091208 46.52 128.030037  51.235302 46.163
 10   139.574 52573.09091272 42.92 128.028557  51.232072 46.163
 10   139.675 52573.09091337 42.58 128.027067  51.228842 46.163
 10   138.653 52573.09091401 44.07 128.025587  51.225612 46.163
 10   138.625 52573.09091466 38.26 128.024097  51.222382 46.163
 10   138.392 52573.09091530 40.10 128.022617  51.219152 46.163
 10   138.591 52573.09091788 52.71 128.016677  51.206232 46.163
 10   138.576 52573.09091852 51.35 128.015187  51.203012 46.163
 10   138.412 52573.09091917 52.46 128.013707  51.199782 46.163
 10   138.496 52573.09091981 51.43 128.012227  51.196552 46.163
 10   138.479 52573.09092046 51.99 128.010737  51.193322 46.163
 10   138.320 52573.09092110 52.22 128.009257  51.190092 46.163
 10   138.301 52573.09092175 53.18 128.007777  51.186862 46.163
 10   138.316 52573.09092239 53.27 128.006287  51.183632 46.163
 11   138.303 52608.09087040 30.46 128.030229  51.234117 12.040
 11   137.969 52608.09087105 31.51 128.028749  51.230887 12.040
 11   137.667 52608.09087169 32.31 128.027259  51.227657 12.040
 11   137.835 52608.09087234 31.61 128.025779  51.224427 12.040
 11   137.730 52608.09087298 30.81 128.024289  51.221197 12.040
 11   137.789 52608.09087620 31.73 128.016869  51.205046 23.018
 11   137.856 52608.09087685 31.65 128.015389  51.201816 23.018
 11   137.991 52608.09087749 30.76 128.013909  51.198586 23.018
 11   138.241 52608.09087814 32.70 128.012419  51.195356 23.018
 11   138.236 52608.09087878 35.18 128.010939  51.192126 23.018
 11   138.173 52608.09087943 47.90 128.009459  51.188896 23.018
 11   138.113 52608.09088007 49.25 128.007969  51.185676 23.018
 11   137.818 52608.09088072 29.41 128.006489  51.182446 23.018
 12   138.727 52643.09087418 25.38 128.016744  51.195132  9.152
 12   138.779 52643.09087482 27.73 128.015264  51.191902  9.152
 12   138.745 52643.09087547 25.57 128.013784  51.188672  9.152
 12   138.587 52643.09087611 24.49 128.012294  51.185442  9.152
 12   138.641 52643.09087676 24.89 128.010814  51.182212  9.152
 12   138.652 52643.09087740 25.82 128.009334  51.178982  9.152
 12   138.677 52643.09087805 26.38 128.007844  51.175762  9.152
 13   139.578 52678.09084941 34.83 128.031348  51.235377 15.347
 13   140.571 52678.09085005 31.34 128.029858  51.232157 15.347
 13   139.728 52678.09085070 32.17 128.028378  51.228927 15.347
 13   139.410 52678.09085134 31.77 128.026888  51.225697 15.347
 13   139.312 52678.09085585 25.07 128.016508  51.203087 15.347
 13   139.038 52678.09085650 29.13 128.015018  51.199857 15.347
 13   139.088 52678.09085714 31.32 128.013536  51.196625 18.545
 13   139.070 52678.09085779 35.92 128.012056  51.193395 18.545
 13   139.367 52678.09085843 39.72 128.010576  51.190165 18.545
 13   139.305 52678.09085908 36.80 128.009086  51.186935 18.545
 13   139.271 52678.09085972 34.75 128.007606  51.183705 18.545
 14   139.419 52713.09088707 19.25 128.032563  51.230049  7.006
 14   139.274 52713.09089417 24.86 128.016230  51.194521 13.286
 14   139.308 52713.09089481 26.16 128.014750  51.191291 13.286
 14   139.223 52713.09089546 24.82 128.013260  51.188061 13.286
 14   139.095 52713.09089610 22.11 128.011780  51.184831 13.286
 14   139.325 52713.09089674 21.14 128.010290  51.181601 13.286
 14   139.350 52713.09089739 21.44 128.008810  51.178381 13.286
 14   139.300 52713.09089803 24.05 128.007330  51.175151 13.286
 16   138.700 52783.09086191 47.58 128.017045  51.187618 29.786
 16   138.950 52783.09086256 49.44 128.015565  51.184388 29.786
 16   138.471 52783.09086320 45.53 128.014085  51.181168 29.786
 16   138.550 52783.09086385 41.50 128.012595  51.177938 29.786
 16   138.486 52783.09086449 45.00 128.011115  51.174708 29.786
 16   138.537 52783.09086514 44.80 128.009625  51.171478 29.786
 16   138.423 52783.09086578 43.43 128.008145  51.168248 29.786
 17   140.378 52818.09094217 10.70 128.010513  51.176580 11.327
 17   140.010 52818.09094281 13.38 128.009033  51.173340 11.327
 17   140.233 52818.09094346 12.86 128.007553  51.170110 11.327
 18   141.277 52853.09098911 52.20 128.016998  51.191004 35.777
 18   140.621 52853.09098976 49.75 128.015508  51.187774 35.777
 18   140.594 52853.09099040 51.25 128.014028  51.184544 35.777
 18   140.658 52853.09099105 49.74 128.012548  51.181314 35.777
 18   140.628 52853.09099169 45.84 128.011058  51.178084 35.777
 18   140.643 52853.09099234 48.85 128.009578  51.174854 35.777
 18   140.484 52853.09099298 49.06 128.008098  51.171624 35.777
 20   162.894 52923.09096947 15.99 128.024478  51.233292 12.871
 20   162.207 52923.09097011  8.76 128.022998  51.230062 12.871
 20   139.507 52923.09097204 24.37 128.018548  51.220372 12.871
 20   139.559 52923.09097269 23.08 128.017058  51.217142 12.871
 20   139.291 52923.09097333 20.58 128.015578  51.213912 12.871
 20   139.505 52923.09097398 17.25 128.014088  51.210682 12.871
 20   139.355 52923.09097462 16.46 128.012608  51.207452 12.871
 20   150.327 52923.09097527 14.46 128.011122  51.204219  8.939
 20   140.038 52923.09097591 21.71 128.009642  51.200989  8.939
 20   146.676 52923.09097656 19.93 128.008162  51.197759  8.939
 20   139.932 52923.09097720 17.54 128.006672  51.194529  8.939
 20   140.806 52923.09097785 21.64 128.005192  51.191299  8.939
 21   138.716 52958.09094606 33.89 128.017459  51.177661 25.928
 21   138.673 52958.09094671 35.07 128.015979  51.174431 25.928
 21   138.733 52958.09094735 38.05 128.014499  51.171201 25.928
 21   138.706 52958.09094800 39.71 128.013019  51.167971 25.928
 21   138.675 52958.09094864 41.68 128.011529  51.164741 25.928
 21   138.768 52958.09094928 50.12 128.010049  51.161511 25.928
 21   138.816 52958.09094993 39.26 128.008569  51.158281 25.928
 22   139.293 52993.09096866 19.21 128.017790  51.192767  9.561
 22   139.421 52993.09096931 23.83 128.016300  51.189537  9.561
 22   139.315 52993.09096995 28.55 128.014820  51.186317  9.561
 22   139.312 52993.09097060 26.56 128.013340  51.183077  9.561
 22   139.284 52993.09097124 18.46 128.011860  51.179857  9.561
 22   139.194 52993.09097189 17.10 128.010370  51.176627  9.561
 22   139.198 52993.09097253 16.29 128.008890  51.173397  9.561
 22   139.225 52993.09097318 16.08 128.007410  51.170167  9.561
 23   139.690 53028.09092556 22.90 128.029720  51.233495  7.592
 23   139.832 53028.09092620 19.97 128.028240  51.230265  7.592
 23   139.522 53028.09092685 19.28 128.026750  51.227035  7.592
 23   139.427 53028.09092749 19.33 128.025270  51.223805  7.592
 23   139.463 53028.09092814 17.97 128.023780  51.220575  7.592
 23   139.302 53028.09093136 14.18 128.016368  51.204423  5.497
 23   139.421 53028.09093201 13.74 128.014888  51.201193  5.497
 23   139.477 53028.09093265 13.50 128.013398  51.197963  5.497
 23   139.408 53028.09093329 14.38 128.011918  51.194733  5.497
 23   139.428 53028.09093394 19.72 128.010438  51.191503  5.497
 23   139.585 53028.09093458 15.45 128.008948  51.188273  5.497
 23   139.521 53028.09093523 13.91 128.007468  51.185043  5.497
 24   139.597 53063.09094338 13.42 128.016947  51.184720  4.091
 24   139.579 53063.09094403 12.35 128.015467  51.181500  4.091
 24   139.642 53063.09094467 12.50 128.013987  51.178260  4.091
 24   139.495 53063.09094532 13.01 128.012507  51.175040  4.091
 24   139.537 53063.09094596 12.68 128.011017  51.171810  4.091
 24   139.374 53063.09094661 13.11 128.009537  51.168580  4.091
 24   139.328 53063.09094725 13.33 128.008057  51.165350  4.091
 25   142.546 53098.09095478 14.45 128.013747  51.220446  5.942
 25   142.345 53098.09095542 17.12 128.012267  51.217216  5.942
 25   141.827 53098.09095607 19.03 128.010777  51.213986  5.942
 25   141.324 53098.09095671 20.66 128.009297  51.210756  5.942
 25   139.492 53098.09095736 24.50 128.007817  51.207526  5.942
 28   140.971 53203.09100633 26.95 128.032002  51.236220 14.345
 28   138.726 53203.09100698 27.09 128.030522  51.232990 14.345
 28   141.143 53203.09100762 23.38 128.029032  51.229760 14.345
 28   141.481 53203.09100827 20.51 128.027542  51.226530 14.345
 28   140.801 53203.09101278 18.10 128.017158  51.203919 19.659
 28   140.833 53203.09101342 15.65 128.015668  51.200689 19.659
 28   140.846 53203.09101407 18.28 128.014188  51.197459 19.659
 28   140.327 53203.09101471 24.86 128.012708  51.194229 19.659
 28   140.571 53203.09101536 23.95 128.011218  51.190999 19.659
 28   141.595 53203.09101600 28.91 128.009738  51.187769 19.659
 28   139.491 53203.09101665 37.17 128.008258  51.184539 19.659
 28   142.446 53203.09101729 29.93 128.006768  51.181319 19.659
 29   140.648 53238.09097585 25.49 128.032380  51.232004 14.689
 29   141.825 53238.09097650 23.12 128.030890  51.228774 14.689
 29   141.105 53238.09098488 16.36 128.011609  51.186791 10.510
 30   140.851 53273.09094673 51.56 128.016160  51.172151 32.149
 30   139.719 53273.09094738 52.35 128.014680  51.168921 32.149
 30   139.806 53273.09094802 50.81 128.013190  51.165691 32.149
 30   139.618 53273.09094867 48.69 128.011710  51.162461 32.149
 30   139.870 53273.09094931 49.25 128.010230  51.159231 32.149
 30   139.614 53273.09094996 51.26 128.008750  51.156001 32.149
 30   139.619 53273.09095060 50.80 128.007260  51.152771 32.149
 31   138.914 53308.09099466 47.67 128.029456  51.234694 27.157
 31   139.348 53308.09099530 52.40 128.027966  51.231464 27.157
 31   139.085 53308.09099594 52.82 128.026486  51.228234 27.157
 31   138.916 53308.09099659 52.74 128.024996  51.225004 27.157
 31   138.906 53308.09099723 49.50 128.023506  51.221774 27.157
 31   139.112 53308.09099788 38.85 128.022026  51.218544 27.157
 31   138.959 53308.09099852 44.98 128.020536  51.215314 27.157
 31   138.785 53308.09100046 51.99 128.016086  51.205624 27.157
 31   138.892 53308.09100110 51.84 128.014603  51.202394 27.830
 31   138.731 53308.09100175 53.20 128.013123  51.199164 27.830
 31   138.832 53308.09100239 52.69 128.011633  51.195934 27.830
 31   138.644 53308.09100304 54.16 128.010153  51.192704 27.830
 31   138.710 53308.09100368 53.27 128.008673  51.189474 27.830
 31   138.751 53308.09100433 50.74 128.007183  51.186244 27.830
 33   138.891 53378.09091351 21.20 128.016930  51.170280  8.766
 33   138.915 53378.09091416 21.24 128.015440  51.167050  8.766
 33   138.942 53378.09091480 20.62 128.013960  51.163820  8.766
 33   138.957 53378.09091544 22.90 128.012480  51.160590  8.766
 33   138.992 53378.09091609 29.39 128.011000  51.157360  8.766
 33   138.943 53378.09091673 23.57 128.009510  51.154130  8.766
 33   138.769 53378.09091738 23.03 128.008030  51.150900  8.766
 34   139.603 53413.09094512 22.38 128.017950  51.195050  8.351
 34   139.503 53413.09094577 22.73 128.016470  51.191820  8.351
 34   139.524 53413.09094641 21.68 128.014980  51.188590  8.351
 34   139.563 53413.09094705 20.60 128.013500  51.185360  8.351
 34   139.596 53413.09094770 20.34 128.012020  51.182130  8.351
 34   139.656 53413.09094834 21.00 128.010530  51.178900  8.351
 34   139.587 53413.09094899 20.91 128.009050  51.175680  8.351
 34   139.537 53413.09094963 20.27 128.007570  51.172450  8.351
 35   139.095 53448.09093557 23.59 128.017191  51.179001 10.128
 35   139.066 53448.09093621 20.36 128.015701  51.175771 10.128
 35   139.095 53448.09093685 20.57 128.014221  51.172541 10.128
 35   139.085 53448.09093750 20.64 128.012737  51.169310 13.560
 35   139.165 53448.09093814 22.69 128.011257  51.166080 13.560
 35   139.151 53448.09093879 23.15 128.009777  51.162850 13.560
 35   138.970 53448.09093943 26.05 128.008287  51.159620 13.560
 36   210.785 53483.09101008  4.90 128.028389  51.234757  4.009
 36   222.677 53483.09101073  5.27 128.026909  51.231527  4.009
 36   224.037 53483.09101137  2.62 128.025419  51.228297  4.009
 36   224.179 53483.09101202  1.67 128.023939  51.225067  4.009
 37   140.383 53518.09100999 20.32 128.031252  51.233605  9.063
 37   142.384 53518.09101063 16.07 128.029762  51.230375  9.063
 37   142.144 53518.09101708 15.83 128.014918  51.198081 11.308
 37   139.860 53518.09101772 19.80 128.013438  51.194851 11.308
 37   139.764 53518.09101837 23.35 128.011958  51.191621 11.308
 37   139.764 53518.09101901 21.15 128.010468  51.188391 11.308
 37   139.508 53518.09101966 15.67 128.008988  51.185161 11.308
 38   140.379 53553.09103304 46.75 128.021331  51.227982 24.427
 38   140.208 53553.09103369 50.85 128.019851  51.224752 24.427
 38   140.226 53553.09103433 51.15 128.018361  51.221522 24.427
 38   140.182 53553.09103498 50.30 128.016881  51.218292 24.427
 38   140.346 53553.09103562 49.65 128.015391  51.215062 24.427
 38   140.192 53553.09103627 52.06 128.013911  51.211832 24.427
 38   140.214 53553.09103691 51.53 128.012421  51.208602 24.427
 38   140.127 53553.09103756 52.12 128.010943  51.205371 22.261
 38   140.254 53553.09103820 50.68 128.009453  51.202141 22.261
 38   140.152 53553.09103885 49.17 128.007973  51.198911 22.261
 38   140.144 53553.09103949 51.71 128.006493  51.195681 22.261
 38   140.032 53553.09104014 48.60 128.005003  51.192451 22.261
 39   138.491 53588.09098225 23.77 128.031887  51.233353 16.567
 39   138.723 53588.09098289 21.77 128.030407  51.230133 16.567
 39   138.080 53588.09098869 17.87 128.017047  51.201063 16.567
 39   138.158 53588.09098934 23.29 128.015564  51.197830 21.993
 39   138.522 53588.09098998 25.93 128.014084  51.194600 21.993
 39   138.811 53588.09099063 25.49 128.012594  51.191370 21.993
 39   138.463 53588.09099127 26.07 128.011114  51.188140 21.993
 39   138.494 53588.09099192 25.30 128.009634  51.184910 21.993
 39   138.341 53588.09099256 32.05 128.008154  51.181680 21.993
 39   138.329 53588.09099321 40.61 128.006674  51.178450 21.993
 40   139.055 53623.09095350 19.43 128.032362  51.230299  8.452
 40   138.454 53623.09096446 14.48 128.007120  51.175401 16.096
 41   139.024 53658.09098103 21.43 128.032386  51.230403 12.599
 41   138.641 53658.09098748 20.07 128.017534  51.198104 19.720
 41   139.276 53658.09098812 22.73 128.016054  51.194874 19.720
 41   138.894 53658.09098877 26.85 128.014574  51.191644 19.720
 41   139.507 53658.09098941 26.64 128.013084  51.188414 19.720
 41   138.807 53658.09099006 23.14 128.011604  51.185184 19.720
 41   138.517 53658.09099199 28.71 128.007154  51.175504 19.720
 42   138.236 53693.09096218 41.22 128.027411  51.235081 29.515
 42   138.383 53693.09096282 48.19 128.025931  51.231841 29.515
 42   138.809 53693.09096347 48.56 128.024441  51.228621 29.515
 42   138.252 53693.09096411 39.54 128.022961  51.225391 29.515
 42   138.135 53693.09096476 37.57 128.021471  51.222161 29.515
 42   138.211 53693.09096540 39.58 128.019991  51.218931 29.515
 42   138.090 53693.09096605 51.79 128.018511  51.215701 29.515
 42   138.290 53693.09096669 51.45 128.017021  51.212471 29.515
 42   138.134 53693.09096734 50.01 128.015541  51.209241 29.515
 42   138.153 53693.09096798 49.74 128.014051  51.206011 29.515
 42   138.252 53693.09096862 48.84 128.012571  51.202781 29.515
 42   138.133 53693.09096927 48.96 128.011085  51.199549 23.788
 42   138.171 53693.09096991 42.79 128.009605  51.196319 23.788
 42   137.953 53693.09097056 38.33 128.008125  51.193089 23.788
 42   137.997 53693.09097120 39.75 128.006635  51.189859 23.788
 43   139.480 53728.09088603 22.91 128.025088  51.232150  8.726
 43   139.529 53728.09088667 23.19 128.023598  51.228920  8.726
 43   139.422 53728.09088732 22.97 128.022118  51.225690  8.726
 43   139.428 53728.09088796 22.67 128.020638  51.222460  8.726
 43   139.370 53728.09088861 22.43 128.019148  51.219230  8.726
 43   139.273 53728.09088925 22.22 128.017668  51.216000  8.726
 43   139.376 53728.09088990 22.89 128.016178  51.212770  8.726
 43   139.282 53728.09089054 23.50 128.014698  51.209540  8.726
 43   139.331 53728.09089119 23.75 128.013218  51.206310  8.726
 43   139.307 53728.09089183 22.43 128.011738  51.203080  8.726
 43   139.271 53728.09089248 23.75 128.010254  51.199846 11.557
 43   139.223 53728.09089312 23.79 128.008764  51.196616 11.557
 43   139.295 53728.09089376 26.41 128.007284  51.193386 11.557
 43   139.197 53728.09089441 28.78 128.005804  51.190156 11.557
 44   139.052 53763.09085552 24.03 128.015775  51.170747  9.350
 44   139.014 53763.09085617 24.40 128.014285  51.167517  9.350
 44   138.992 53763.09085681 24.74 128.012805  51.164287  9.350
 44   139.033 53763.09085746 24.06 128.011325  51.161057  9.350
 44   139.031 53763.09085810 23.55 128.009845  51.157827  9.350
 44   138.932 53763.09085875 22.08 128.008355  51.154597  9.350
 44   138.778 53763.09085939 21.21 128.006875  51.151367  9.350
 45   139.763 53798.09085295 20.04 128.030592  51.235666  7.618
 45   139.693 53798.09085359 20.79 128.029102  51.232436  7.618
 45   139.625 53798.09085424 20.52 128.027622  51.229206  7.618
 45   139.752 53798.09085488 19.54 128.026132  51.225976  7.618
 45   139.519 53798.09085553 19.46 128.024652  51.222746  7.618
 45   139.438 53798.09085617 19.88 128.023172  51.219516  7.618
 45   139.503 53798.09085875 20.87 128.017232  51.206596  7.618
 45   139.376 53798.09085939 20.95 128.015747  51.203363 11.176
 45   139.367 53798.09086004 20.75 128.014267  51.200133 11.176
 45   139.312 53798.09086068 23.32 128.012787  51.196903 11.176
 45   139.367 53798.09086133 22.28 128.011297  51.193673 11.176
 45   139.413 53798.09086197 23.46 128.009817  51.190443 11.176
 45   139.363 53798.09086262 25.70 128.008337  51.187213 11.176
 45   139.298 53798.09086326 21.88 128.006857  51.183983 11.176
 47   139.202 53868.09091332 16.45 128.031857  51.230791 18.537
 47   138.910 53868.09091976 14.12 128.017017  51.198501 18.537
 47   139.061 53868.09092041 16.65 128.015527  51.195271 18.537
 47   138.199 53868.09092105 22.38 128.014047  51.192041 18.537
 47   138.392 53868.09092170 21.03 128.012566  51.188809 17.669
 47   138.595 53868.09092234 17.29 128.011076  51.185579 17.669
 47   148.168 53868.09092299 15.13 128.009596  51.182349 17.669
 47   138.407 53868.09092363 15.94 128.008116  51.179119 17.669
 47   137.684 53868.09092428 16.69 128.006626  51.175889 17.669
 48   161.676 53903.09094386 14.12 128.031820  51.236108 10.470
 48   161.429 53903.09094580 16.67 128.027360  51.226428 10.470
 48   141.794 53903.09095031 44.53 128.016976  51.203816 23.950
 48   141.627 53903.09095095 43.50 128.015486  51.200586 23.950
 48   141.742 53903.09095160 43.57 128.014006  51.197356 23.950
 48   141.576 53903.09095224 44.37 128.012526  51.194126 23.950
 48   141.369 53903.09095289 46.18 128.011036  51.190896 23.950
 48   141.508 53903.09095353 45.66 128.009556  51.187666 23.950
 48   141.698 53903.09095418 44.99 128.008076  51.184436 23.950
 48   141.433 53903.09095482 45.03 128.006586  51.181206 23.950
 50   142.567 53973.09094428  9.92 128.022039  51.231000  8.845
 50   142.102 53973.09094492  9.41 128.020549  51.227770  8.845
 50   142.796 53973.09094557  9.92 128.019069  51.224540  8.845
 50   142.648 53973.09094621  9.66 128.017579  51.221310  8.845
 50   143.278 53973.09094686  8.41 128.016099  51.218080  8.845
 50   142.846 53973.09094750 11.32 128.014609  51.214860  8.845
 50   143.001 53973.09094815  9.93 128.013129  51.211630  8.845
 50   141.959 53973.09094879 15.08 128.011649  51.208400  8.845
 50   151.950 53973.09094944 12.57 128.010159  51.205170  8.845
 50   150.038 53973.09095008 16.80 128.008679  51.201940  8.845
 50   149.274 53973.09095072 15.26 128.007199  51.198710  8.845
 50   149.198 53973.09095137  8.70 128.005709  51.195480  8.845
 52   138.384 54043.09096485 41.16 128.017451  51.183568 32.275
 52   138.389 54043.09096549 40.91 128.015971  51.180338 32.275
 52   138.234 54043.09096614 38.15 128.014481  51.177108 32.275
 52   138.280 54043.09096678 45.51 128.013001  51.173878 32.275
 52   138.369 54043.09096743 46.53 128.011521  51.170648 32.275
 52   138.397 54043.09096807 48.09 128.010041  51.167418 32.275
 52   138.306 54043.09096872 47.17 128.008551  51.164188 32.275
 53   139.504 54078.09094908 33.03 128.028067  51.233835 19.539
 53   139.905 54078.09094972 32.81 128.026577  51.230605 19.539
 53   139.886 54078.09095037 26.19 128.025097  51.227375 19.539
 53   139.464 54078.09095101 23.63 128.023607  51.224145 19.539
 53   139.419 54078.09095166 23.37 128.022127  51.220925 19.539
 53   139.263 54078.09095230 25.01 128.020637  51.217695 19.539
 53   139.421 54078.09095295 27.28 128.019157  51.214465 19.539
 53   139.434 54078.09095359 26.42 128.017677  51.211235 19.539
 53   139.428 54078.09095423 28.04 128.016187  51.208005 19.539
 53   139.351 54078.09095488 26.60 128.014707  51.204775 19.539
 53   139.412 54078.09095552 27.71 128.013217  51.201545 19.539
 53   139.301 54078.09095617 28.22 128.011737  51.198315 19.539
 53   139.353 54078.09095681 27.10 128.010257  51.195085 19.539
 53   139.248 54078.09095746 33.63 128.008777  51.191855 19.539
 53   139.267 54078.09095810 36.65 128.007293  51.188622 14.443
 56   139.583 54183.09088260 13.83 128.008841  51.202170 14.060
 56   146.904 54183.09088324 13.11 128.007351  51.198940 14.060
 56   139.331 54183.09088389 12.85 128.005871  51.195710 14.060
 57   139.733 54218.09090903 19.71 128.016977  51.196054 10.222
 57   139.618 54218.09090967 26.83 128.015497  51.192824 10.222
 57   139.978 54218.09091032 23.25 128.014017  51.189594 10.222
 57   139.244 54218.09091096 19.86 128.012527  51.186374 10.222
 57   150.682 54218.09091161 15.48 128.011047  51.183134 10.222
 57   150.633 54218.09091225 12.94 128.009557  51.179904 10.222
 57   140.529 54218.09091290 14.04 128.008077  51.176684 10.222
 57   139.438 54218.09091354 14.48 128.006597  51.173454 10.222
 58   139.922 54253.09092669 24.90 128.031783  51.233852 11.508
 58   140.548 54253.09092734 21.27 128.030303  51.230622 11.508
 58   140.121 54253.09092798 26.12 128.028813  51.227392 11.508
 58   139.750 54253.09093314 13.24 128.016941  51.201550  9.497
 58   146.664 54253.09093379 13.53 128.015451  51.198320  9.497
 58   139.797 54253.09093443 20.12 128.013971  51.195090  9.497
 58   139.536 54253.09093507 23.66 128.012491  51.191860  9.497
 58   139.933 54253.09093572 21.71 128.011001  51.188640  9.497
 58   150.275 54253.09093636 13.54 128.009521  51.185410  9.497
 58   150.558 54253.09093701 12.94 128.008041  51.182180  9.497
 59   140.531 54288.09093093 48.15 128.032565  51.234773 13.952
 59   139.943 54288.09093157 53.53 128.031075  51.231543 13.952
 59   140.419 54288.09093222 51.15 128.029595  51.228313 13.952
 59   140.573 54288.09093802 50.49 128.016240  51.199242 35.851
 59   139.868 54288.09093867 51.05 128.014750  51.196012 35.851
 59   139.745 54288.09093931 52.22 128.013270  51.192782 35.851
 59   139.950 54288.09093995 48.44 128.011790  51.189552 35.851
 59   139.575 54288.09094060 52.86 128.010300  51.186332 35.851
 59   139.896 54288.09094124 50.81 128.008820  51.183102 35.851
 59   139.607 54288.09094189 54.85 128.007340  51.179862 35.851
 60   143.037 54323.09092871 51.53 128.032022  51.232278 18.428
 60   142.468 54323.09092935 52.03 128.030542  51.229048 18.428
 60   141.884 54323.09093516 51.71 128.017185  51.199977 37.254
 60   141.821 54323.09093580 50.92 128.015695  51.196747 37.254
 60   141.755 54323.09093645 51.25 128.014215  51.193517 37.254
 60   141.643 54323.09093709 53.98 128.012735  51.190287 37.254
 60   141.747 54323.09093773 52.90 128.011245  51.187067 37.254
 60   141.638 54323.09093838 52.33 128.009765  51.183837 37.254
 60   141.611 54323.09093902 52.24 128.008285  51.180607 37.254
 60   141.636 54323.09093967 52.04 128.006805  51.177377 37.254
 61   142.712 54358.09088661 48.54 128.023145  51.230100 19.046
 61   141.762 54358.09088725 50.44 128.021655  51.226870 19.046
 61   141.627 54358.09088790 52.47 128.020175  51.223640 19.046
 61   141.612 54358.09088854 50.50 128.018695  51.220410 19.046
 61   141.604 54358.09088919 49.62 128.017205  51.217180 19.046
 61   141.646 54358.09088983 50.08 128.015725  51.213950 19.046
 61   141.624 54358.09089048 50.88 128.014237  51.210716 28.814
 61   141.593 54358.09089112 51.31 128.012757  51.207486 28.814
 61   141.530 54358.09089177 51.03 128.011277  51.204256 28.814
 61   141.388 54358.09089241 53.66 128.009787  51.201026 28.814
 61   141.460 54358.09089306 50.15 128.008307  51.197796 28.814
 61   141.404 54358.09089370 53.54 128.006827  51.194566 28.814
 61   141.367 54358.09089435 50.30 128.005347  51.191336 28.814
 62   138.912 54393.09086924 18.50 128.032465  51.231691 11.429
 62   138.850 54393.09086988 23.47 128.030975  51.228461 11.429
 62   139.084 54393.09087633 20.72 128.016133  51.196161 16.258
 62   139.029 54393.09087698 27.09 128.014653  51.192931 16.258
 62   139.392 54393.09087762 26.20 128.013163  51.189701 16.258
 62   138.704 54393.09087827 22.76 128.011683  51.186471 16.258
 62   138.640 54393.09087891 21.95 128.010203  51.183241 16.258
 62   150.427 54393.09087955 20.37 128.008713  51.180011 16.258
 62   150.680 54393.09088020 16.43 128.007233  51.176791 16.258
 63   139.347 54428.09083569 28.90 128.030414  51.235785 15.398
 63   139.356 54428.09083633 31.90 128.028924  51.232555 15.398
 63   139.260 54428.09083698 32.10 128.027444  51.229325 15.398
 63   139.296 54428.09083762 32.08 128.025954  51.226095 15.398
 63   139.318 54428.09083827 36.44 128.024474  51.222865 15.398
 63   139.082 54428.09083891 28.52 128.022984  51.219635 15.398
 63   138.966 54428.09084149 33.38 128.017054  51.206715 15.398
 63   139.001 54428.09084214 33.42 128.015564  51.203483 15.811
 63   139.056 54428.09084278 32.22 128.014084  51.200253 15.811
 63   139.080 54428.09084342 31.10 128.012604  51.197023 15.811
 63   139.003 54428.09084407 30.03 128.011124  51.193793 15.811
 63   138.950 54428.09084471 29.14 128.009634  51.190563 15.811
 63   138.859 54428.09084536 28.68 128.008154  51.187333 15.811
 63   138.820 54428.09084600 28.98 128.006674  51.184103 15.811
 65   139.639 54498.09084464 22.98 128.031085  51.236249  7.818
 65   139.731 54498.09084529 22.88 128.029595  51.233029  7.818
 65   139.817 54498.09084593 23.65 128.028115  51.229799  7.818
 65   139.528 54498.09084658 24.00 128.026625  51.226569  7.818
 65   139.668 54498.09084722 23.21 128.025145  51.223339  7.818
 65   139.404 54498.09084787 23.22 128.023655  51.220109  7.818
 65   139.348 54498.09085109 24.62 128.016234  51.203958 13.946
 65   139.381 54498.09085174 24.67 128.014754  51.200728 13.946
 65   139.514 54498.09085238 23.85 128.013274  51.197498 13.946
 65   139.398 54498.09085303 23.66 128.011794  51.194268 13.946
 65   139.362 54498.09085367 25.45 128.010304  51.191038 13.946
 65   139.340 54498.09085431 38.04 128.008824  51.187808 13.946
 65   139.352 54498.09085496 39.71 128.007344  51.184578 13.946
 66   139.457 54533.09086828 24.54 128.017673  51.195887 16.443
 66   139.413 54533.09086893 32.02 128.016183  51.192657 16.443
 66   139.558 54533.09086957 29.84 128.014703  51.189427 16.443
 66   139.412 54533.09087022 30.28 128.013223  51.186197 16.443
 66   139.441 54533.09087086 25.47 128.011733  51.182977 16.443
 66   139.458 54533.09087151 23.51 128.010253  51.179737 16.443
 66   139.415 54533.09087215 22.79 128.008773  51.176517 16.443
 66   139.408 54533.09087280 23.90 128.007283  51.173287 16.443
 67   140.329 54568.09084948 37.03 128.025287  51.233648 17.461
 67   139.888 54568.09085013 32.58 128.023797  51.230418 17.461
 67   140.377 54568.09085077 26.00 128.022317  51.227188 17.461
 67   140.309 54568.09085142 25.53 128.020827  51.223958 17.461
 67   140.213 54568.09085206 27.63 128.019347  51.220728 17.461
 67   140.231 54568.09085271 27.45 128.017867  51.217498 17.461
 67   140.108 54568.09085335 25.44 128.016377  51.214268 17.461
 67   139.969 54568.09085400 25.14 128.014897  51.211038 17.461
 67   140.147 54568.09085464 22.33 128.013410  51.207803 22.276
 67   140.058 54568.09085529 24.14 128.011930  51.204573 22.276
 67   139.946 54568.09085593 28.21 128.010450  51.201343 22.276
 67   140.208 54568.09085658 25.91 128.008960  51.198113 22.276
 67   140.006 54568.09085722 30.46 128.007480  51.194883 22.276
 67   140.009 54568.09085787 32.64 128.006000  51.191653 22.276
 68   139.452 54603.09085582 19.12 128.032372  51.232437  9.552
 68   139.584 54603.09085646 18.51 128.030882  51.229207  9.552
 68   139.239 54603.09086291 16.06 128.016044  51.196906 14.417
 68   139.039 54603.09086355 25.24 128.014554  51.193676 14.417
 68   139.591 54603.09086420 21.66 128.013074  51.190446 14.417
 68   138.925 54603.09086484 20.84 128.011594  51.187226 14.417
 68   138.855 54603.09086549 19.44 128.010104  51.183996 14.417
 68   150.462 54603.09086678 14.55 128.007144  51.177536 14.417
 69   138.586 54638.09086675 30.73 128.029862  51.234177 15.360
 69   139.066 54638.09086740 35.83 128.028382  51.230947 15.360
 69   138.921 54638.09086804 32.64 128.026892  51.227717 15.360
 69   138.828 54638.09086869 29.10 128.025412  51.224487 15.360
 69   138.754 54638.09086933 37.09 128.023922  51.221257 15.360
 69   149.057 54638.09087255 13.43 128.016498  51.205107 16.029
 69   138.516 54638.09087320 15.06 128.015018  51.201877 16.029
 69   138.661 54638.09087384 19.16 128.013538  51.198647 16.029
 69   138.540 54638.09087449 22.90 128.012048  51.195417 16.029
 69   138.471 54638.09087513 27.16 128.010568  51.192187 16.029
 69   138.882 54638.09087578 27.74 128.009088  51.188957 16.029
 69   138.540 54638.09087642 26.78 128.007598  51.185727 16.029
 70   139.365 54673.09086937 15.15 128.030173  51.235699  5.627
 70   139.146 54673.09087002 18.28 128.028693  51.232469  5.627
 70   139.324 54673.09087066 19.20 128.027203  51.229239  5.627
 70   139.086 54673.09087131 21.99 128.025723  51.226009  5.627
 70   139.253 54673.09087195 24.76 128.024237  51.222778 19.963
 70   139.248 54673.09087260 31.51 128.022747  51.219548 19.963
 70   148.661 54673.09087518 15.12 128.016817  51.206628 19.963
 70   141.548 54673.09087582 11.80 128.015327  51.203398 19.963
 70   139.695 54673.09087647 14.30 128.013847  51.200168 19.963
 70   138.929 54673.09087711 19.31 128.012367  51.196948 19.963
 70   138.963 54673.09087776 22.95 128.010877  51.193718 19.963
 70   138.924 54673.09087840 23.70 128.009397  51.190488 19.963
 70   138.861 54673.09087905 28.35 128.007917  51.187258 19.963
 70   138.722 54673.09087969 20.36 128.006427  51.184028 19.963
 71   139.216 54708.09083018 35.84 128.024927  51.225476 22.253
 71   139.441 54708.09083082 34.59 128.023437  51.222246 22.253
 71   139.339 54708.09083147 46.01 128.021957  51.219016 22.253
 71   139.469 54708.09083211 51.02 128.020477  51.215786 22.253
 71   139.610 54708.09083276 47.70 128.018987  51.212556 22.253
 71   139.317 54708.09083340 49.04 128.017507  51.209326 22.253
 71   139.351 54708.09083405 52.04 128.016018  51.206092 31.784
 71   139.312 54708.09083469 52.20 128.014538  51.202862 31.784
 71   139.321 54708.09083534 52.53 128.013058  51.199632 31.784
 71   139.345 54708.09083598 52.00 128.011578  51.196402 31.784
 71   139.187 54708.09083663 53.22 128.010088  51.193172 31.784
 71   139.265 54708.09083727 52.42 128.008608  51.189942 31.784
 71   139.238 54708.09083792 51.11 128.007128  51.186712 31.784
 72 14590.400 54743.09083596 32.71 128.032401  51.230949 11.589
 72 14589.671 54743.09084498 51.51 128.011621  51.185731 28.257
 72 14590.465 54743.09084563 49.42 128.010141  51.182511 28.257
 72 14589.556 54743.09084627 50.29 128.008661  51.179271 28.257
 72 14589.708 54743.09084692 49.57 128.007181  51.176051 28.257
 73   139.318 54778.09081075 41.01 128.031116  51.234843 18.721
 73   139.495 54778.09081139 47.14 128.029636  51.231613 18.721
 73   139.391 54778.09081204 41.54 128.028146  51.228383 18.721
 73   139.052 54778.09081268 35.99 128.026666  51.225153 18.721
 73   139.035 54778.09081719 47.95 128.016276  51.202544 35.371
 73   139.123 54778.09081784 46.81 128.014796  51.199314 35.371
 73   139.048 54778.09081848 47.53 128.013306  51.196084 35.371
 73   138.913 54778.09081913 47.36 128.011826  51.192854 35.371
 73   138.948 54778.09081977 49.15 128.010346  51.189624 35.371
 73   138.966 54778.09082042 46.94 128.008856  51.186394 35.371
 73   138.955 54778.09082106 47.24 128.007376  51.183164 35.371
 74   139.274 54813.09083703 26.13 128.017327  51.191876 14.044
 74   139.261 54813.09083767 32.33 128.015847  51.188646 14.044
 74   139.311 54813.09083832 32.44 128.014367  51.185416 14.044
 74   139.357 54813.09083896 28.92 128.012877  51.182186 14.044
 74   139.145 54813.09083961 22.29 128.011397  51.178966 14.044
 74   139.306 54813.09084025 20.50 128.009917  51.175736 14.044
 74   139.337 54813.09084090 21.03 128.008427  51.172506 14.044
 75   139.713 54848.09081041 19.93 128.028599  51.234636  6.220
 75   139.759 54848.09081106 19.37 128.027109  51.231406  6.220
 75   139.786 54848.09081170 19.95 128.025629  51.228176  6.220
 75   139.742 54848.09081235 18.67 128.024139  51.224946  6.220
 75   139.586 54848.09081299 18.49 128.022659  51.221716  6.220
 75   139.575 54848.09081364 19.19 128.021169  51.218486  6.220
 75   139.549 54848.09081428 19.58 128.019689  51.215256  6.220
 75   139.536 54848.09081493 20.07 128.018199  51.212026  6.220
 75   139.567 54848.09081557 20.46 128.016724  51.208794 12.940
 75   139.536 54848.09081622 21.41 128.015234  51.205564 12.940
 75   139.536 54848.09081686 21.06 128.013754  51.202334 12.940
 75   139.565 54848.09081751 20.53 128.012274  51.199104 12.940
 75   139.529 54848.09081815 20.01 128.010784  51.195874 12.940
 75   139.417 54848.09081880 27.94 128.009304  51.192644 12.940
 75   139.555 54848.09081944 35.55 128.007824  51.189414 12.940
 75   139.588 54848.09082008 33.79 128.006334  51.186184 12.940
 76   139.893 54883.09083250 17.75 128.032610  51.233040  5.448
 76   139.784 54883.09083314 17.96 128.031130  51.229810  5.448
 76   139.420 54883.09083959 14.61 128.016286  51.197512 12.365
 76   139.459 54883.09084023 17.00 128.014796  51.194282 12.365
 76   139.505 54883.09084088 25.87 128.013316  51.191052 12.365
 76   139.559 54883.09084152 39.41 128.011836  51.187832 12.365
 76   139.581 54883.09084217 43.64 128.010346  51.184602 12.365
 76   139.597 54883.09084281 25.14 128.008866  51.181372 12.365
 76   139.323 54883.09084346 13.99 128.007386  51.178142 12.365
 77   139.969 54918.09081419 17.04 128.020126  51.229664  6.630
 77   139.946 54918.09081484 17.61 128.018636  51.226434  6.630
 77   140.023 54918.09081548 14.77 128.017156  51.223204  6.630
 77   139.939 54918.09081613 12.78 128.015676  51.219974  6.630
 77   139.910 54918.09081677 11.84 128.014186  51.216744  6.630
 77   139.821 54918.09081741 11.88 128.012706  51.213514  6.630
 77   139.941 54918.09081806 11.10 128.011217  51.210280  4.952
 77   149.244 54918.09081870 11.43 128.009737  51.207050  4.952
 77   139.872 54918.09081935 11.27 128.008257  51.203820  4.952
 77   139.853 54918.09081999 13.08 128.006767  51.200590  4.952
 78   144.469 54953.09082632 13.09 128.032382  51.232809 10.942
 78   146.149 54953.09082697 15.46 128.030892  51.229579 10.942
 78   145.386 54953.09083341 15.84 128.016051  51.197277 13.709
 78   142.913 54953.09083406 19.14 128.014561  51.194047 13.709
 78   143.157 54953.09083470 17.14 128.013081  51.190817 13.709
 79   139.647 54988.09085636 49.01 128.017119  51.204883 20.729
 79   139.587 54988.09085700 47.32 128.015639  51.201653 20.729
 79   140.443 54988.09085765 31.13 128.014159  51.198423 20.729
 79   139.391 54988.09085829 24.26 128.012669  51.195193 20.729
 79   139.330 54988.09085894 24.20 128.011189  51.191963 20.729
 79   139.335 54988.09085958 22.18 128.009709  51.188733 20.729
 79   139.231 54988.09086023 20.78 128.008219  51.185503 20.729
 79   139.357 54988.09086087 19.39 128.006739  51.182273 20.729
 80   140.609 55023.09084329 33.33 128.030012  51.231370 18.145
 80   139.339 55023.09084394 37.26 128.028532  51.228140 18.145
 80   138.980 55023.09084909 14.91 128.016659  51.202299 11.303
 80   138.942 55023.09084974 19.11 128.015179  51.199069 11.303
 80   139.109 55023.09085038 21.74 128.013689  51.195839 11.303
 80   139.148 55023.09085103 23.88 128.012209  51.192609 11.303
 80   139.110 55023.09085167 22.55 128.010729  51.189379 11.303
 80   138.950 55023.09085232 20.80 128.009239  51.186149 11.303
 80   138.718 55023.09085296 18.18 128.007759  51.182929 11.303
 81   140.435 55058.09083939 31.60 128.027868  51.227575 14.293
 81   139.858 55058.09084068 32.47 128.024898  51.221115 14.293
 81   140.070 55058.09084455 49.52 128.015988  51.201732 32.989
 81   139.900 55058.09084519 46.74 128.014508  51.198502 32.989
 81   139.747 55058.09084584 45.17 128.013028  51.195272 32.989
 81   139.809 55058.09084648 43.54 128.011538  51.192042 32.989
 81   139.645 55058.09084713 42.73 128.010058  51.188812 32.989
 81   139.740 55058.09084777 47.83 128.008578  51.185582 32.989
 81   139.690 55058.09084842 49.86 128.007088  51.182352 32.989
 82   141.162 55093.09079383 47.70 128.023779  51.232351 21.068
 82   141.204 55093.09079447 50.82 128.022289  51.229121 21.068
 82   141.133 55093.09079512 47.84 128.020809  51.225891 21.068
 82   140.968 55093.09079576 52.06 128.019319  51.222661 21.068
 82   140.955 55093.09079641 50.83 128.017839  51.219431 21.068
 82   141.013 55093.09079705 51.08 128.016359  51.216201 21.068
 82   140.969 55093.09079770 51.33 128.014869  51.212971 21.068
 82   140.888 55093.09079834 51.32 128.013389  51.209741 21.068
 82   140.790 55093.09079899 52.59 128.011904  51.206507 27.026
 82   140.721 55093.09079963 52.32 128.010424  51.203277 27.026
 82   140.622 55093.09080028 53.84 128.008944  51.200047 27.026
 82   140.708 55093.09080092 51.37 128.007454  51.196817 27.026
 82   140.709 55093.09080157 52.02 128.005974  51.193587 27.026
 83   139.670 55128.09077912 50.83 128.032431  51.232884 14.072
 83   139.900 55128.09077977 50.10 128.030951  51.229654 14.072
 83   139.941 55128.09078621 51.57 128.016110  51.197356 33.262
 83   139.672 55128.09078686 50.60 128.014620  51.194126 33.262
 83   139.650 55128.09078750 48.72 128.013140  51.190896 33.262
 83   139.300 55128.09078815 51.93 128.011660  51.187666 33.262
 83   139.226 55128.09078879 50.70 128.010170  51.184436 33.262
 83   139.185 55128.09078944 51.42 128.008690  51.181206 33.262
 83   139.168 55128.09079008 53.54 128.007210  51.177976 33.262
 84 14587.753 55163.09075499 40.33 128.029183  51.233892 20.752
 84 14588.552 55163.09075564 38.86 128.027693  51.230662 20.752
 84 14587.601 55163.09075628 31.77 128.026213  51.227432 20.752
 84 14587.513 55163.09075692 33.06 128.024723  51.224202 20.752
 84 14587.453 55163.09075757 34.04 128.023243  51.220972 20.752
 84 14587.490 55163.09075821 35.87 128.021753  51.217742 20.752
 84 14587.480 55163.09076079 45.92 128.015816  51.204820 35.948
 84 14587.487 55163.09076144 45.29 128.014336  51.201590 35.948
 84 14587.428 55163.09076208 51.18 128.012856  51.198360 35.948
 84 14587.377 55163.09076273 49.53 128.011366  51.195130 35.948
 84 14587.273 55163.09076337 44.41 128.009886  51.191900 35.948
 84 14587.180 55163.09076402 41.33 128.008406  51.188670 35.948
 84 14587.136 55163.09076466 40.80 128.006926  51.185440 35.948
 85   139.948 55198.09077769 20.17 128.016803  51.194811  9.975
 85   139.965 55198.09077834 20.00 128.015313  51.191581  9.975
 85   139.931 55198.09077898 21.06 128.013833  51.188351  9.975
 85   139.900 55198.09077963 21.10 128.012343  51.185121  9.975
 85   139.961 55198.09078027 19.70 128.010863  51.181891  9.975
 85   139.916 55198.09078092 19.15 128.009383  51.178661  9.975
 85   139.920 55198.09078156 20.33 128.007903  51.175441  9.975
 86   139.829 55233.09075957 22.85 128.025463  51.233725 10.257
 86   140.111 55233.09076022 38.50 128.023983  51.230495 10.257
 86   140.289 55233.09076086 40.16 128.022493  51.227265 10.257
 86   140.122 55233.09076151 18.22 128.021013  51.224035 10.257
 86   139.753 55233.09076215 17.87 128.019533  51.220805 10.257
 86   139.931 55233.09076280 17.46 128.018043  51.217575 10.257
 86   139.898 55233.09076344 17.14 128.016563  51.214345 10.257
 86   139.898 55233.09076409 17.96 128.015071  51.211114  7.977
 86   139.884 55233.09076473 18.55 128.013591  51.207884  7.977
 86   139.795 55233.09076538 18.84 128.012111  51.204654  7.977
 86   139.729 55233.09076602 17.40 128.010631  51.201424  7.977
 86   139.807 55233.09076666 17.02 128.009141  51.198194  7.977
 86   139.719 55233.09076731 16.68 128.007661  51.194964  7.977
 86   139.746 55233.09076795 17.03 128.006181  51.191734  7.977
 87   139.955 55268.09076504 15.81 128.032409  51.232586  5.442
 87   139.934 55268.09076569 15.99 128.030929  51.229356  5.442
 87   139.642 55268.09077213 14.88 128.016078  51.197056  8.207
 87   139.682 55268.09077278 14.90 128.014598  51.193826  8.207
 87   139.665 55268.09077342 15.13 128.013118  51.190596  8.207
 87   139.702 55268.09077407 14.72 128.011628  51.187366  8.207
 87   139.630 55268.09077471 15.86 128.010148  51.184136  8.207
 87   139.644 55268.09077536 15.37 128.008668  51.180906  8.207
 87   139.660 55268.09077600 15.26 128.007188  51.177686  8.207
 88   142.795 55303.09073880 20.74 128.026385  51.234077 10.302
 88   143.036 55303.09073944 21.78 128.024895  51.230847 10.302
 88   142.890 55303.09074008 23.27 128.023415  51.227617 10.302
 88   143.377 55303.09074073 20.83 128.021925  51.224387 10.302
 88   143.461 55303.09074137 27.54 128.020444  51.221153 10.935
 88   142.247 55303.09074202 31.29 128.018964  51.217923 10.935
 88   142.471 55303.09074266 24.72 128.017474  51.214693 10.935
 88   142.648 55303.09074331 23.06 128.015994  51.211463 10.935
 89   140.430 55338.09073763  8.43 128.032348  51.236582  6.680
 89   141.855 55338.09073957 13.34 128.027898  51.226892  6.680
 89   140.000 55338.09074537 19.04 128.014538  51.197820 13.102
 89   139.735 55338.09074601 22.50 128.013048  51.194590 13.102
 89   139.942 55338.09074666 21.82 128.011568  51.191360 13.102
 89   139.781 55338.09074730 21.48 128.010088  51.188130 13.102
 89   139.353 55338.09074795 20.36 128.008608  51.184900 13.102
 89   150.512 55338.09074859 17.70 128.007118  51.181680 13.102
 90   141.963 55373.09072871 47.36 128.031710  51.235115 20.125
 90   141.942 55373.09072935 51.51 128.030230  51.231885 20.125
 90   141.747 55373.09073000 51.91 128.028740  51.228655 20.125
 90   141.420 55373.09073516 52.26 128.016867  51.202814 25.596
 90   141.329 55373.09073580 50.20 128.015387  51.199584 25.596
 90   141.388 55373.09073645 49.53 128.013897  51.196354 25.596
 90   141.374 55373.09073709 47.38 128.012417  51.193124 25.596
 90   141.264 55373.09073774 47.92 128.010937  51.189894 25.596
 90   141.125 55373.09073838 39.07 128.009447  51.186664 25.596
 90   140.906 55373.09073903 38.50 128.007967  51.183444 25.596
 90   140.916 55373.09073967 38.77 128.006487  51.180204 25.596
 91   141.428 55408.09075698 52.49 128.017784  51.195098 38.093
 91   141.532 55408.09075763 51.91 128.016294  51.191868 38.093
 91   141.390 55408.09075827 51.62 128.014814  51.188638 38.093
 91   141.276 55408.09075892 53.87 128.013334  51.185408 38.093
 91   141.239 55408.09075956 54.28 128.011844  51.182178 38.093
 91   141.291 55408.09076021 51.41 128.010364  51.178948 38.093
 91   141.134 55408.09076085 53.22 128.008884  51.175728 38.093
 91   141.193 55408.09076150 50.73 128.007394  51.172498 38.093
 92   141.319 55443.09074716 46.55 128.030446  51.233368 19.892
 92   141.112 55443.09074781 51.58 128.028956  51.230138 19.892
 92   141.216 55443.09074845 50.43 128.027476  51.226908 19.892
 92   140.912 55443.09075297 51.88 128.017078  51.204296 33.389
 92   140.940 55443.09075361 51.28 128.015598  51.201066 33.389
 92   140.934 55443.09075425 52.53 128.014118  51.197836 33.389
 92   140.851 55443.09075490 51.57 128.012628  51.194606 33.389
 92   140.717 55443.09075554 52.94 128.011148  51.191376 33.389
 92   140.745 55443.09075619 49.61 128.009668  51.188146 33.389
 92   140.549 55443.09075683 53.68 128.008188  51.184916 33.389
 92   140.681 55443.09075748 52.97 128.006698  51.181696 33.389
 93   139.307 55478.09068699 46.76 128.024244  51.232625 16.585
 93   139.233 55478.09068763 47.33 128.022754  51.229395 16.585
 93   139.531 55478.09068827 49.83 128.021274  51.226165 16.585
 93   139.532 55478.09068892 48.30 128.019794  51.222935 16.585
 93   139.478 55478.09068956 49.72 128.018304  51.219705 16.585
 93   139.469 55478.09069021 49.63 128.016824  51.216475 16.585
 93   139.310 55478.09069085 49.80 128.015334  51.213245 16.585
 93   139.426 55478.09069150 49.05 128.013854  51.210015 16.585
 93   139.351 55478.09069214 50.65 128.012372  51.206782 20.203
 93   139.317 55478.09069279 50.40 128.010892  51.203552 20.203
 93   139.305 55478.09069343 46.85 128.009402  51.200322 20.203
 93   139.290 55478.09069408 49.44 128.007922  51.197092 20.203
 93   139.291 55478.09069472 50.20 128.006442  51.193862 20.203
 93   139.645 55478.09069537 45.35 128.004962  51.190632 20.203
