# NaN NaN NaN ;Mean Elev.(m), Avg Gradient(m/km), RMS Gradient(m/km) - SRTM1     
#   -2.333 -22.780  58.777 ;Mean Elev.(m), Avg Gradient(m/km), RMS Gradient(m/km) - ASTER GDEM
#    3.393 -22.902  58.786 ;Mean Elev.(m), Avg Gradient(m/km), RMS Gradient(m/km) - GMTED2010 
  6 138.824484  51.246342     8.880     8.884  6 52420.50125830 31.625
  7 138.827284  51.246918     8.554     8.673  6 52455.50128209 31.774
  8 138.838942  51.243350    11.339    11.201  3 52490.50125557 11.568
 10 138.827223  51.241557     9.836     9.804  3 52560.50128334 15.464
 11 138.824280  51.246296    10.054    10.056  6 52595.50129256 21.465
 12 138.826477  51.246181     9.944    10.000  6 52630.50122707 10.156
 14 138.829335  51.245505    13.329    13.466  7 52700.50122646  5.172
 15 138.836944  51.247385     7.800     6.733  5 52735.50126019 19.550
 17 138.820739  51.247198     9.574     9.642  5 52805.50128486 24.550
 18 138.825308  51.247905    10.655    10.626  5 52840.50134562 21.650
 19 138.825628  51.248960    12.579    12.661  4 52875.50138482 17.267
 20 138.840350  51.247988    14.156    14.017  5 52910.50135301 47.409
 23 138.833116  51.244789    10.122    10.273  6 53015.50134037 12.132
 24 138.825822  51.246045    10.457    10.553  5 53050.50131604  7.642
 25 138.826781  51.245612    11.120    10.737  5 53085.50135205  5.842
 26 138.823557  51.245884    12.766    12.926  6 53120.50132247 28.247
 27 138.820473  51.248433    13.381    12.790  4 53155.50137660 19.478
 34 138.826758  51.245497    12.468    12.137  6 53400.50132590  8.167
 35 138.837078  51.246558    12.118    12.152  5 53435.50131564  6.957
 36 138.822966  51.245989    15.919    15.920  6 53470.50136280 10.989
 38 138.828510  51.246102    15.018    15.211  5 53540.50140258 20.284
 39 138.831330  51.246336    12.519    12.756  6 53575.50139544 20.201
 40 138.835819  51.246535    12.531    12.429  5 53610.50134634 13.622
 41 138.824542  51.245601    10.157     9.701  6 53645.50134995 17.002
 42 138.827079  51.245614    11.552    11.732  5 53680.50136669 17.450
 44 138.827700  51.246890    14.408    13.889  6 53750.50121172  6.591
 45 138.836231  51.246446    13.286    12.887  5 53785.50124176  5.081
 46 138.842729  51.248062    11.538    11.476  5 53820.50120018  6.377
 49 138.819137  51.244771    12.552    12.717  5 53925.50136019 21.240
 50 138.827580  51.245482    14.464    14.115  6 53960.50134789 42.281
 51 138.821672  51.245383    12.529    12.197  5 53995.50128506 32.311
 52 138.827785  51.245602    10.054     8.327  5 54030.50134051 27.344
 54 138.836478  51.245656     8.086     8.060  6 54100.50129777 14.016
 55 138.824891  51.246753     8.994     8.978  6 54135.50126058 11.430
 57 138.823354  51.247078    10.052    10.121  5 54205.50126522  8.894
 59 138.830930  51.246108    12.849    11.954  6 54275.50131453 18.356
 61 138.837848  51.246415    12.817    12.669  6 54345.50129070 42.893
 62 138.826650  51.246284    10.990    10.255  5 54380.50125217 12.511
 64 138.824482  51.245953     5.896     5.955  5 54450.50122013 23.927
 65 138.832614  51.245132     6.481     6.410  6 54485.50123458 18.621
 66 138.827661  51.246871     7.192     7.184  6 54520.50123362 11.964
 67 138.835043  51.246138    10.073     9.838  6 54555.50124584  5.249
 68 138.827655  51.247014    11.210    10.736  6 54590.50122990 19.382
 69 138.832087  51.245509    10.971    10.991  7 54625.50124582 33.601
 70 138.827968  51.245798     9.053     8.804  5 54660.50125417 14.177
 71 138.835196  51.245793    10.933    10.333  6 54695.50123225 27.830
 72 138.826773  51.245830     9.152     9.530  6 54730.50120955 30.847
 73 138.833587  51.239846     9.526     9.526  2 54765.50120937 16.782
 74 138.823938  51.245944     7.870     7.681  6 54800.50120314 20.776
 75 138.831843  51.244491     9.640    10.065  6 54835.50120202 10.134
 76 138.825632  51.245472    12.558    12.413  5 54870.50120066  7.927
 77 138.834361  51.246217    11.576    11.182  6 54905.50121062  7.986
 79 138.829080  51.244914    12.902    13.020  7 54975.50122207 17.260
 80 138.831742  51.245506    13.239    12.684  6 55010.50123306 11.651
 81 138.830459  51.245201    14.825    14.834  6 55045.50122406 18.551
 82 138.836931  51.245200    15.872    15.712  5 55080.50119849 20.031
 83 138.827061  51.247489    13.674    13.843  5 55115.50115654 15.080
 84 138.830613  51.245434    17.420    17.969  6 55150.50115520 23.272
 85 138.824875  51.245662    10.175    10.060  6 55185.50114107 14.432
 86 138.831888  51.245632     9.691     9.415  6 55220.50115340 10.569
 87 138.828073  51.246155     9.474     9.651  6 55255.50113690  8.916
 88 138.835968  51.245320    12.339    12.151  6 55290.50114244  7.037
 89 138.828290  51.245817    14.908    14.952  5 55325.50112300 23.744
 90 138.832131  51.245610    15.360    15.092  7 55360.50111990 33.022
 91 138.826261  51.246888    11.861    11.752  5 55395.50112583 15.994
 92 138.831716  51.245264    15.140    15.172  6 55430.50113536 40.384
 93 138.838961  51.247210    15.055    14.941  5 55465.50109680 38.607
