# NaN NaN NaN ;Mean Elev.(m), Avg Gradient(m/km), RMS Gradient(m/km) - SRTM1     
#   48.188 -10.135  30.550 ;Mean Elev.(m), Avg Gradient(m/km), RMS Gradient(m/km) - ASTER GDEM
#   41.088  -2.577  23.594 ;Mean Elev.(m), Avg Gradient(m/km), RMS Gradient(m/km) - GMTED2010 
  8 133.026069  48.070070    46.573    46.574  7 52505.52059511 20.570
  9 133.024263  48.064887    46.689    46.716  5 52540.52057666 44.488
 10 133.022341  48.065327    45.374    45.397  4 52575.52062302 44.969
 11 133.025981  48.073464    43.473    43.458  9 52610.52058559 27.483
 12 133.023818  48.066647    43.827    43.845  6 52645.52057340 40.266
 15 133.021827  48.064097    48.636    45.743  4 52750.52062414 18.982
 19 133.023809  48.062013    48.819    48.819  2 52890.52072236 23.245
 20 133.028399  48.074446    47.385    47.277  6 52925.52067765 24.879
 21 133.028006  48.066665    45.224    45.280  4 52960.52064365 44.068
 23 133.025865  48.084088    44.678    44.601  6 53030.52064628 15.574
 24 133.028682  48.067594    44.667    44.661  5 53065.52065019 14.928
 25 133.027635  48.069053    46.622    46.148  5 53100.52065449 24.342
 26 133.025946  48.076353    48.259    48.351 10 53135.52065281 17.129
 28 133.027558  48.061077    47.521    47.521  2 53205.52071739 23.136
 29 133.025370  48.090678    46.044    46.044  3 53240.52069084 51.387
 31 133.022088  48.065032    47.137    47.374  5 53310.52069942 20.512
 32 133.025813  48.076347    43.162    43.196  9 53345.52066744 44.502
 33 133.022386  48.063812    44.103    44.099  4 53380.52061867 19.253
 34 133.025917  48.084384    43.830    43.841  6 53415.52064642 18.405
 37 133.026026  48.075125    47.157    47.124  8 53520.52072004 19.882
 41 133.022237  48.064745    46.654    46.762  4 53660.52069233 17.561
 42 133.023994  48.081103    43.871    43.867  7 53695.52066768 43.529
 43 133.028249  48.089761    44.226    44.160  3 53730.52059203 24.688
 44 133.024959  48.077908    44.346    44.208  7 53765.52055805 24.274
 45 133.028750  48.085052    44.449    44.229  7 53800.52056334 31.353
 46 133.021995  48.062209    45.768    45.584  3 53835.52056282 33.268
 48 133.023111  48.066154    48.482    48.578  5 53905.52065835 44.007
 50 133.029359  48.067022    47.412    47.457  4 53975.52064723 46.371
 51 133.022647  48.061274    45.763    45.763  2 54010.52064496 31.793
 52 133.030907  48.066584    44.941    44.941  2 54045.52066193 44.682
 53 133.026138  48.076897    44.600    44.499  8 54080.52065705 39.916
 54 133.028723  48.082578    44.488    44.448  9 54115.52059253 37.901
 55 133.024396  48.067887    44.566    44.558  4 54150.52060442 33.341
 56 133.033211  48.069727    45.159    45.159  2 54185.52058129 16.441
 57 133.022970  48.065205    46.364    46.560  5 54220.52061331 46.284
 58 133.025970  48.067995    46.526    46.480  6 54255.52063754 34.010
 59 133.021380  48.085923    45.854    45.854  2 54290.52064298 49.632
 60 133.025483  48.078038    46.543    46.555  9 54325.52063894 16.011
 61 133.033473  48.072559    46.367    46.384  3 54360.52059062 40.974
 62 133.026622  48.067417    45.571    45.469  5 54395.52057685 19.311
 63 133.027487  48.081517    43.266    43.186  7 54430.52054239 35.111
 64 133.024388  48.069436    44.492    44.470  7 54465.52055746 46.733
 65 133.023709  48.086267    43.998    43.890  5 54500.52055566 19.793
 68 133.025442  48.067728    46.269    46.141  5 54605.52056623 15.021
 69 133.023118  48.079004    44.435    44.309  6 54640.52057792 43.184
 70 133.024918  48.070100    45.175    45.112  8 54675.52057854 28.000
 71 133.024599  48.092217    44.547    44.547  2 54710.52053898 49.768
 72 133.027197  48.062068    46.164    46.260  3 54745.52054432 46.712
 73 133.022605  48.086511    44.113    44.081  3 54780.52052205 48.234
 74 133.024115  48.068112    44.526    44.547  7 54815.52053870 43.671
 75 133.021870  48.089692    44.066    44.066  2 54850.52052138 15.755
 76 133.025968  48.063927    44.647    44.670  3 54885.52054159 13.567
 77 133.032003  48.069936    44.487    44.094  3 54920.52051871 34.170
 79 133.024004  48.066631    45.689    45.807  5 54990.52056137 38.618
 80 133.030046  48.068258    47.906    47.901  4 55025.52055253 46.230
 82 133.028385  48.081791    50.136    50.161  8 55095.52050019 45.254
 83 133.024682  48.069483    47.077    47.081  7 55130.52048881 45.045
 84 133.026444  48.077990    45.104    45.104  9 55165.52046131 42.170
 85 133.023855  48.068643    45.863    45.786  6 55200.52048077 26.592
 86 133.026055  48.080688    45.603    45.407  8 55235.52046766 37.120
 87 133.024805  48.072760    45.187    45.207  8 55270.52047581 12.202
 88 133.030761  48.078852    47.433    47.340  6 55305.52044867 20.499
 89 133.025391  48.072458    48.364    48.332  9 55340.52044727 18.934
 90 133.026691  48.076043    46.515    46.459  9 55375.52044014 15.092
 92 133.028819  48.068179    48.510    48.440  4 55445.52045489 24.095
