# NaN NaN NaN ;Mean Elev.(m), Avg Gradient(m/km), RMS Gradient(m/km) - SRTM1     
#    4.388  -0.279   8.908 ;Mean Elev.(m), Avg Gradient(m/km), RMS Gradient(m/km) - ASTER GDEM
#   14.263  -0.003   7.469 ;Mean Elev.(m), Avg Gradient(m/km), RMS Gradient(m/km) - GMTED2010 
  7 136.741761  49.826562    18.189    18.197 14 52466.06522582 21.222
  9 136.746835  49.820923    19.006    18.969 13 52536.06520734 42.738
 11 136.740603  49.830471    16.141    16.215 14 52606.06520738 31.612
 12 136.743978  49.823511    15.947    15.976 13 52641.06520002 17.318
 13 136.740164  49.828499    15.944    15.925 14 52676.06518930 17.924
 14 136.744030  49.824287    16.099    16.122 13 52711.06521494 17.883
 15 136.737421  49.843187    17.289    17.224 18 52746.06523929 35.135
 16 136.745520  49.821130    17.058    16.755 13 52781.06518081 24.618
 17 136.744960  49.823378    17.378    17.356 13 52816.06526148 21.343
 18 136.745828  49.824445    19.513    19.617 13 52851.06531273 27.921
 19 136.739665  49.830636    20.970    20.957 14 52886.06534643 45.370
 20 136.738834  49.830789    19.969    19.890 13 52921.06530212 24.187
 21 136.749903  49.818737    17.902    17.949 12 52956.06526863 44.603
 22 136.746611  49.819936    17.241    17.238 12 52991.06528494 14.167
 23 136.745501  49.824905    16.909    17.034 13 53026.06525017 12.668
 24 136.748234  49.819364    16.320    16.326 13 53061.06526121 12.693
 25 136.737291  49.843267    18.104    18.071 19 53096.06528638  8.630
 26 136.749363  49.817963    20.261    20.248 12 53131.06526322 28.678
 28 136.742215  49.826466    19.018    18.937 14 53201.06533684 37.918
 29 136.744322  49.823155    19.892    19.792 13 53236.06530694 37.178
 30 136.749325  49.818801    18.784    18.591 12 53271.06526762 48.616
 31 136.740078  49.828821    17.613    17.623 14 53306.06532960 49.404
 32 136.739925  49.830869    16.080    16.058 14 53341.06529704 40.619
 33 136.739724  49.830970    16.871    16.890 14 53376.06522683 20.321
 34 136.744451  49.822178    16.413    16.348 13 53411.06527337 15.765
 35 136.737283  49.834422    16.711    16.693 14 53446.06525338 24.525
 36 136.740176  49.829048    17.749    17.669 13 53481.06533881 40.556
 37 136.741568  49.826867    20.322    20.365 14 53516.06534317 38.150
 38 136.737797  49.834150    20.282    20.292 14 53551.06536207 45.607
 39 136.742112  49.827809    19.338    19.306 14 53586.06532060 44.849
 40 136.744049  49.825851    18.536    18.522 14 53621.06528172 46.504
 41 136.743475  49.824734    17.754    17.840 13 53656.06531055 26.622
 42 136.739465  49.830766    16.194    16.263 14 53691.06529910 45.887
 43 136.738688  49.832514    16.910    16.947 14 53726.06522264 25.895
 44 136.751148  49.816553    16.699    16.617 13 53761.06517433 13.125
 45 136.741473  49.827349    16.427    16.503 13 53796.06518768  9.236
 47 136.742741  49.825305    19.062    18.828 13 53866.06524506 26.877
 49 136.737605  49.839274    19.886    19.889 16 53936.06531101 49.561
 50 136.737556  49.834909    20.992    21.092 15 53971.06527899 27.651
 52 136.746855  49.819986    17.522    16.876 13 54041.06529011 22.730
 53 136.740811  49.828744    16.565    16.573 13 54076.06528310 22.166
 54 136.737105  49.837986    16.777    16.784 17 54111.06522323 16.649
 55 136.744375  49.824025    16.343    16.395 14 54146.06522420 18.837
 56 136.736396  49.831648    16.754    16.783 14 54181.06521115 27.674
 57 136.743749  49.825274    19.651    19.725 14 54216.06523207 35.265
 58 136.742336  49.826023    19.572    19.576 13 54251.06525845 47.477
 59 136.742340  49.827170    17.972    18.086 13 54286.06526459 25.709
 60 136.743076  49.826737    18.767    19.103 13 54321.06526166 28.389
 61 136.738989  49.832199    19.201    19.237 14 54356.06522165 20.375
 62 136.743428  49.826597    17.512    17.533 13 54391.06520241 45.979
 63 136.741292  49.829756    16.099    16.091 14 54426.06517224 38.475
 64 136.745809  49.823866    16.316    16.342 13 54461.06517957 24.068
 65 136.741002  49.828559    16.103    16.135 14 54496.06517910 24.452
 66 136.744862  49.822417    16.052    16.039 13 54531.06519290 16.276
 67 136.738272  49.832693    17.393    17.375 14 54566.06518401 35.450
 68 136.742973  49.826165    17.884    17.679 13 54601.06518744 23.461
 69 136.741102  49.827948    17.641    17.481 13 54636.06519931 22.377
 70 136.740112  49.828041    17.388    17.453 14 54671.06520313 28.622
 71 136.740355  49.828831    17.897    17.919 13 54706.06516411 19.881
 72 136.743875  49.823998    17.768    18.016 13 54741.06516784 40.810
 73 136.741264  49.828336    17.055    17.061 14 54776.06514573 48.608
 74 136.745302  49.821570    16.493    16.458 13 54811.06516166 21.139
 75 136.740427  49.830493    16.800    16.819 14 54846.06514473 15.424
 76 136.742793  49.825857    16.271    16.292 14 54881.06516438 10.359
 77 136.737055  49.833920    16.808    16.726 15 54916.06514760  8.769
 78 136.742757  49.827171    19.072    19.158 13 54951.06515694 26.200
 79 136.741286  49.827254    18.425    18.446 13 54986.06518180 22.573
 80 136.742780  49.827325    20.209    20.154 14 55021.06517488 36.464
 81 136.741440  49.827619    22.037    22.011 13 55056.06517173 31.031
 82 136.737977  49.831728    21.775    21.828 13 55091.06512924 36.343
 83 136.743984  49.826436    20.023    19.952 13 55126.06511103 28.332
 85 136.745541  49.824556    18.089    18.142 13 55196.06510174 15.190
 86 136.738361  49.832470    17.850    17.767 14 55231.06509369 10.790
 87 136.743139  49.825223    17.688    17.835 14 55266.06509681  8.310
 88 136.738733  49.830251    18.148    18.230 14 55301.06507521 16.953
 89 136.740870  49.827903    20.945    20.947 13 55336.06507180 46.409
 90 136.742256  49.827709    20.129    19.980 14 55371.06506227 37.068
 91 136.744388  49.822421    19.365    19.435 13 55406.06508192 35.845
 92 136.741224  49.827684    21.871    21.877 13 55441.06508099 39.004
 93 136.738994  49.832361    18.392    18.384 14 55476.06502357 39.336
