# NaN NaN NaN ;Mean Elev.(m), Avg Gradient(m/km), RMS Gradient(m/km) - SRTM1     
#   21.449  -8.961  23.551 ;Mean Elev.(m), Avg Gradient(m/km), RMS Gradient(m/km) - ASTER GDEM
#   28.880  -9.296  21.473 ;Mean Elev.(m), Avg Gradient(m/km), RMS Gradient(m/km) - GMTED2010 
 11    32.513 52588.51468604 35.22 135.034439  48.431447 17.234
 11    34.983 52588.51468669 33.20 135.033089  48.434687 17.234
 11    33.669 52588.51468733 29.88 135.031739  48.437927 17.234
 13    31.344 52658.51465664 10.61 135.031559  48.433920  2.811
 13    31.705 52658.51465729 10.53 135.030209  48.437160  2.811
 15    31.647 52728.51467622 25.40 135.033114  48.434286 10.593
 15    31.607 52728.51467686 28.37 135.031764  48.437526 10.593
 16    32.607 52763.51468831 36.12 135.029433  48.431537 21.899
 16    37.667 52763.51468895 36.10 135.028083  48.434777 21.899
 16    32.539 52763.51468960 39.22 135.026733  48.438017 21.899
 17    38.952 52798.51466286 45.39 135.029317  48.433260 17.779
 17    34.155 52798.51466350 46.37 135.027967  48.436500 17.779
 18    34.670 52833.51473272 14.80 135.030147  48.431603 13.000
 18    34.534 52833.51473336 14.34 135.028797  48.434843 13.000
 18    35.211 52833.51473401 14.31 135.027447  48.438093 13.000
 20    36.393 52903.51478833 27.59 135.032600  48.433004 22.534
 20    35.719 52903.51478898 28.85 135.031250  48.436244 22.534
 21    34.218 52938.51472494 31.13 135.038708  48.433477 19.108
 21    37.596 52938.51472558 22.77 135.037368  48.436717 19.108
 21    35.508 52938.51472623 20.71 135.036018  48.439957 19.108
 22    33.743 52973.51476088 14.05 135.026467  48.431279  6.913
 22    33.094 52973.51476153 14.05 135.025117  48.434519  6.913
 22    33.577 52973.51476217 13.79 135.023767  48.437759  6.913
 25    35.174 53078.51475982  8.55 135.029082  48.430566  2.077
 25    34.886 53078.51476046  7.93 135.027732  48.433806  2.077
 25    34.781 53078.51476111  7.90 135.026382  48.437046  2.077
 28    36.761 53183.51477383 16.25 135.035405  48.434562 25.114
 28    35.667 53183.51477448 15.78 135.034055  48.437812 25.114
 29    35.598 53218.51479817 37.17 135.031177  48.433453 21.063
 29    36.736 53218.51479881 34.69 135.029827  48.436693 21.063
 30    34.275 53253.51477535 25.78 135.033783  48.431861 20.694
 30    33.915 53253.51477599 26.47 135.032433  48.435101 20.694
 30    33.943 53253.51477664 27.50 135.031083  48.438351 20.694
 32    33.346 53323.51475368 37.62 135.037468  48.433173 20.319
 32    32.482 53323.51475433 42.11 135.036118  48.436413 20.319
 32    34.291 53323.51475497 34.38 135.034768  48.439653 20.319
 34    31.986 53393.51473328 12.50 135.025214  48.429623  3.695
 34    32.363 53393.51473392 11.93 135.023864  48.432863  3.695
 34    32.280 53393.51473457 12.08 135.022514  48.436103  3.695
 34    32.458 53393.51473521 12.27 135.021166  48.439348  2.820
 35    32.343 53428.51472760 10.94 135.038822  48.432414  3.802
 35    32.372 53428.51472824 10.92 135.037472  48.435654  3.802
 35    32.352 53428.51472888 10.55 135.036122  48.438894  3.802
 36    34.073 53463.51474794 28.49 135.028584  48.430342 16.163
 36    34.640 53463.51474859 24.63 135.027231  48.433587 14.219
 36    33.909 53463.51474923 23.07 135.025881  48.436827 14.219
 38    37.710 53533.51480071 40.10 135.036190  48.431885 21.364
 38    37.369 53533.51480135 38.58 135.034842  48.435125 31.292
 38    37.189 53533.51480200 37.34 135.033492  48.438365 31.292
 39    35.345 53568.51481790 20.57 135.027366  48.431710 19.180
 39    35.108 53568.51481855 21.31 135.026016  48.434950 19.180
 39    34.967 53568.51481919 25.32 135.024666  48.438200 19.180
 40    34.535 53603.51476407 37.84 135.037508  48.435267 23.431
 40    35.285 53603.51476471 37.72 135.036158  48.438507 23.431
 42    33.268 53673.51478220 25.82 135.025329  48.430651 17.554
 42    34.155 53673.51478284 23.53 135.023979  48.433891 17.554
 42    33.426 53673.51478349 23.35 135.022629  48.437131 17.554
 43    32.901 53708.51471372 18.28 135.041241  48.434964 12.031
 43    32.966 53708.51471437 18.10 135.039891  48.438204 12.031
 45    32.321 53778.51465172 13.33 135.035446  48.431778  4.137
 45    32.802 53778.51465237 13.20 135.034106  48.435018  4.137
 45    33.087 53778.51465301 12.79 135.032756  48.438258  4.137
 46    33.015 53813.51462632 10.19 135.042333  48.434215  2.956
 46    33.171 53813.51462696 10.08 135.040983  48.437455  2.956
 46    33.012 53813.51462761  9.45 135.039643  48.440695  2.956
 52    34.133 54023.51474743 28.21 135.027743  48.430099 18.971
 52    33.967 54023.51474807 29.41 135.026393  48.433339 18.971
 52    33.959 54023.51474872 28.68 135.025043  48.436579 18.971
 53    33.433 54058.51474037 41.92 135.036733  48.434564 18.118
 53    35.860 54058.51474101 35.03 135.035383  48.437804 18.118
 56    33.125 54163.51468996 11.49 135.031503  48.433859  2.531
 56    33.093 54163.51469061 11.56 135.030153  48.437099  2.531
 59    40.367 54268.51472280 16.97 135.032353  48.432869 23.148
 59    39.482 54268.51472345 16.40 135.031013  48.436109 23.148
 60    33.814 54303.51472612 31.66 135.032617  48.432149 18.134
 60    36.472 54303.51472676 29.78 135.031267  48.435389 18.134
 60    33.566 54303.51472741 30.88 135.029927  48.438629 18.134
 61    35.323 54338.51471116 17.02 135.034941  48.432566 13.110
 61    35.339 54338.51471181 16.31 135.033591  48.435806 13.110
 61    36.087 54338.51471245 17.77 135.032241  48.439046 13.110
 62    34.869 54373.51465925 44.48 135.030272  48.430204 27.034
 62    34.460 54373.51465990 44.63 135.028922  48.433444 27.034
 62    34.197 54373.51466054 45.67 135.027582  48.436684 27.034
 63    33.698 54408.51465698 18.06 135.031389  48.433704 17.088
 63    33.856 54408.51465763 20.09 135.030039  48.436944 17.088
 66    31.822 54513.51463539 17.75 135.027086  48.430442  4.738
 66    31.637 54513.51463603 18.12 135.025746  48.433682  4.738
 66    31.432 54513.51463667 18.88 135.024396  48.436922  4.738
 68    36.372 54583.51463146 41.25 135.031886  48.431552 15.641
 68    34.109 54583.51463210 42.67 135.030536  48.434792 15.641
 68    35.045 54583.51463274 42.67 135.029186  48.438042 15.641
 69    36.716 54618.51465158 37.08 135.031992  48.431335 10.664
 69    35.700 54618.51465223 42.80 135.030642  48.434575 10.664
 69    33.573 54618.51465287 42.34 135.029292  48.437815 10.664
 70    50.549 54653.51466409 15.55 135.028848  48.435887  8.798
 70    33.175 54653.51466474 17.71 135.027498  48.439127  8.798
 71    34.420 54688.51465205 17.96 135.034245  48.431778 11.765
 71    33.989 54688.51465269 18.97 135.032895  48.435018 11.765
 71    34.781 54688.51465334 18.27 135.031555  48.438258 11.765
 72    34.203 54723.51461129 42.67 135.027118  48.430261 18.210
 72    37.591 54723.51461193 41.69 135.025768  48.433501 18.210
 72    33.652 54723.51461258 45.24 135.024418  48.436741 18.210
 73    34.236 54758.51462761 40.23 135.032369  48.431267 22.575
 73    36.856 54758.51462825 46.41 135.031019  48.434507 22.575
 73    34.301 54758.51462890 45.79 135.029679  48.437747 22.575
 76    32.630 54863.51459915 12.75 135.027118  48.432364  2.892
 76    32.729 54863.51459979 12.62 135.025768  48.435604  2.892
 76    32.806 54863.51460044 12.80 135.024418  48.438854  2.892
 77    32.470 54898.51462612  8.46 135.032086  48.432465  2.340
 77    32.662 54898.51462676  8.53 135.030746  48.435705  2.340
 77    32.703 54898.51462741  8.27 135.029396  48.438945  2.340
 78    34.590 54933.51459321 26.57 135.028156  48.430775 20.240
 78    33.777 54933.51459386 27.64 135.026816  48.434015 20.240
 78    34.639 54933.51459450 31.92 135.025466  48.437255 20.240
 79    35.634 54968.51462764 32.47 135.031482  48.431808 14.150
 79    50.309 54968.51462828 39.94 135.030132  48.435048 14.150
 79    42.595 54968.51462893 44.52 135.028792  48.438288 14.150
 81    38.592 55038.51463453 44.88 135.032284  48.434085 31.782
 81    38.049 55038.51463518 43.39 135.030934  48.437325 31.782
 82    39.618 55073.51461964 21.05 135.034038  48.433998 27.531
 82    36.384 55073.51462029 19.97 135.032688  48.437238 27.531
 84    34.490 55143.51457073 29.64 135.031641  48.432572 20.218
 84    37.934 55143.51457138 29.58 135.030291  48.435812 20.218
 84    33.852 55143.51457202 33.39 135.028941  48.439052 20.218
 85    33.220 55178.51453937 15.77 135.025889  48.430387  3.298
 85    33.214 55178.51454001 15.62 135.024539  48.433627  3.298
 85    32.913 55178.51454066 15.44 135.023189  48.436877  3.298
 86    32.992 55213.51456572 14.55 135.031315  48.433727  2.753
 86    32.992 55213.51456636 14.29 135.029965  48.436967  2.753
 87    32.138 55248.51453900 10.78 135.029590  48.430149  2.382
 87    32.556 55248.51453964 10.31 135.028240  48.433389  2.382
 87    32.557 55248.51454029 10.34 135.026890  48.436629  2.382
 88    33.380 55283.51455931  9.53 135.032725  48.432949  2.893
 88    32.936 55283.51455995  9.75 135.031375  48.436189  2.893
 90    37.401 55353.51453202 44.25 135.033046  48.431895 29.544
 90    37.752 55353.51453267 42.09 135.031696  48.435135 29.544
 90    38.166 55353.51453331 41.88 135.030356  48.438375 29.544
 91    36.034 55388.51452994 46.15 135.025396  48.432410 23.747
 91    35.433 55388.51453059 45.39 135.024046  48.435650 23.747
 92    37.386 55423.51454985 23.29 135.032545  48.433006 18.229
 92    36.975 55423.51455049 20.87 135.031195  48.436246 18.229
 93    35.824 55458.51452155 34.54 135.035569  48.434155 24.813
 93    35.786 55458.51452220 33.21 135.034219  48.437395 24.813
