-285484.641  1069.148     0.00   46.08
-285113.657  1096.003    72.37   42.88
-284742.637  1122.589    71.64   35.31
-284371.583  1129.353    18.22   40.90
-284000.493  1128.125    -3.31   47.91
-283629.368  1149.232    56.86   61.23
-283258.208  1183.183    91.45   76.62
-282887.013  1238.571   149.17   73.67
-282515.783  1287.311   131.25   44.69
-282144.518  1312.533    67.92   28.48
-281773.217  1333.353    56.06   31.34
-281401.881  1352.844    52.47   37.84
-281030.510  1378.000    67.72   52.69
-280659.104  1385.498    20.18   71.55
-280287.663  1376.425   -24.42  105.78
-279916.186  1346.548   -80.40  128.29
-279544.674  1295.857  -136.41  137.89
-279173.127  1240.471  -149.03  152.10
-278801.544  1148.786  -246.67  145.04
-278429.927  1067.422  -218.88  109.69
-278058.274  1013.429  -145.24   78.51
-277686.585   994.698   -50.38   64.98
-277314.862  1001.262    17.65   62.58
-276943.103  1053.536   140.57   82.23
-276571.308  1117.229   171.26   98.51
-276199.478  1173.018   150.00   92.74
-275827.613  1219.459   124.85   55.07
-275455.713  1208.786   -28.69   66.74
-275083.777  1178.298   -81.95   71.85
-274711.806  1126.857  -138.25   72.21
-274339.799  1078.571  -129.76   79.09
-273967.757  1038.429  -107.87   79.15
-273595.679   969.534  -185.11   91.04
-273223.566   933.792   -96.03   87.38
-272851.418   911.286   -60.46   75.93
-272479.234   931.736    54.93   82.96
-272107.014   996.554   174.09   83.64
-271734.759  1038.202   111.85   68.83
-271362.469  1053.906    42.17   52.70
-270990.143  1040.862   -35.03   64.32
-270617.781  1003.916   -99.19   72.60
-270245.384   954.589  -132.42   56.23
-269872.952   912.322  -113.46   51.87
-269500.484   853.366  -158.24   75.16
-269127.980   825.750   -74.12   68.18
-268755.440   827.232     3.98   73.11
-268382.865   847.908    55.48   80.67
-268010.255   905.893   155.58   66.79
-267637.608   952.202   124.24   49.31
-267264.927   978.250    69.87   42.86
-266892.209   985.753    20.12   41.33
-266519.456   947.437  -102.76   86.48
-266146.667   878.982  -183.58  105.44
-265773.842   829.334  -133.13   79.23
-265400.982   813.947   -41.26   59.63
-265028.086   840.736    71.82   60.92
-264655.154   889.804   131.54   37.68
-264282.187   901.914    32.46   37.52
-263909.184   890.768   -29.87   56.46
-263536.145   886.996   -10.11   71.04
-263163.070   888.090     2.93   74.42
-262789.959   930.389   113.34   72.12
-262416.813   956.792    70.74   73.84
-262043.631   987.090    81.17   87.63
-261670.413  1031.116   117.93  100.83
-261297.159  1072.304   110.32  105.53
-260923.869  1124.548   139.92   98.66
-260550.544  1145.503    56.11   80.78
-260177.182  1126.459   -50.99   86.71
-259803.785  1095.152   -83.82   91.98
-259430.352  1046.880  -129.23   83.79
-259056.883  1018.179   -76.83   81.48
-258683.378   970.551  -127.48   87.70
-258309.837   923.334  -126.37   87.29
-257936.260   864.268  -158.07   87.95
-257562.647   814.606  -132.89   82.12
-257188.998   774.447  -107.45   64.67
-256815.314   754.279   -53.96   52.42
-256441.593   724.554   -79.52   39.62
-256067.836   713.825   -28.70   37.14
-255694.043   728.334    38.81   53.17
-255320.214   764.976    97.99   82.80
-254946.349   810.250   121.07   79.39
-254572.448   850.715   108.19   63.80
-254198.511   881.022    81.03   65.64
-253824.538   912.768    84.87   68.18
-253450.529   943.818    83.00   64.10
-253076.484   991.465   127.35   60.94
-252702.403  1024.965    89.53   41.17
-252328.285  1025.152     0.50   51.73
-251954.131  1005.713   -51.94   79.29
-251579.942   960.753  -120.12   90.92
-251205.716   931.768   -77.43   84.59
-250831.454   934.164     6.40   80.65
-250457.155   956.893    60.71   77.04
-250082.821   972.014    40.38   80.87
-249708.450   989.482    46.65   78.20
-249334.043   998.090    22.98   80.59
-248959.600  1027.625    78.86   79.93
-248585.120  1068.153   108.20   66.64
-248210.605  1085.844    47.22   51.54
-247836.053  1085.345    -1.33   38.50
-247461.464  1068.798   -44.16   43.77
-247086.840  1039.327   -78.65   50.06
-246712.179  1011.662   -73.82   50.16
-246337.482   984.000   -73.81   40.47
-245962.748   969.768   -37.97   36.18
-245587.978   961.425   -22.26   41.28
-245213.172   979.840    49.12   54.75
-244838.329  1002.348    60.03   57.01
-244463.450  1015.072    33.93   64.30
-244088.535  1039.776    65.88   62.93
-243713.583  1053.871    37.58   61.98
-243338.595  1063.007    24.36   60.48
-242963.570  1069.959    18.53   57.63
-242588.509  1080.425    27.90   57.34
-242213.412  1113.607    88.44   66.20
-241838.278  1171.480   154.24   81.86
-241463.107  1221.871   134.28   62.12
-241087.900  1219.143    -7.27   68.66
-240712.657  1185.940   -88.46   88.89
-240337.377  1128.375  -153.35   97.74
-239962.060  1061.697  -177.62   81.57
-239586.707  1015.262  -123.68   71.02
-239211.317   969.000  -123.21   57.01
-238835.891   941.792   -72.46   43.03
-238460.428   916.029   -68.60   45.46
-238084.929   884.588   -83.71   34.50
-237709.393   859.450   -66.92   26.95
-237333.820   842.551   -44.98   20.98
-236958.211   840.011    -6.76   23.01
-236582.565   862.804    60.66   51.60
-236206.882   915.429   140.04   83.61
-235831.163   972.099   150.79   87.03
-235455.407   996.342    64.50   78.57
-235079.615  1020.268    63.65   78.63
-234703.785  1028.512    21.93   74.99
-234327.919  1065.732    99.00   94.45
-233952.016  1126.322   161.15  103.05
-233576.077  1163.840    99.77   86.79
-233200.101  1184.554    55.08   82.90
-232824.088  1186.014     3.88   91.93
-232448.038  1139.467  -123.75   90.93
-232071.951  1110.736   -76.38   87.36
-231695.828  1096.924   -36.72   84.02
-231319.667  1070.014   -71.52   69.77
-230943.470  1073.292     8.71   60.37
-230567.236  1070.922    -6.30   43.76
-230190.966  1062.171   -23.25   46.80
-229814.658  1036.485   -68.24   53.65
-229438.313  1009.760   -71.00   52.87
-229061.932   985.697   -63.92   56.17
-228685.514   956.014   -78.84   57.38
-228309.058   915.888  -106.56   61.37
-227932.566   875.906  -106.17   66.54
-227556.037   849.857   -69.16   67.38
-227179.471   828.179   -57.56   54.84
-226802.868   823.456   -12.54   56.63
-226426.228   849.970    70.38   73.33
-226049.551   883.965    90.23   54.98
-225672.837   881.661    -6.11   51.29
-225296.086   864.462   -45.64   65.63
-224919.297   839.750   -65.57   68.96
-224542.472   810.018   -78.88   55.59
-224165.610   796.171   -36.74   56.45
-223788.711   774.500   -57.48   56.20
-223411.774   760.361   -37.50   55.82
-223034.801   753.393   -18.48   51.16
-222657.790   745.298   -21.47   51.11
-222280.743   729.534   -41.80   55.33
-221903.658   699.215   -80.39   55.62
-221526.536   684.070   -40.15   47.83
-221149.377   705.625    57.14   75.80
-220772.180   738.356    86.75   98.18
-220394.947   783.239   118.95   92.14
-220017.676   822.825   104.90   74.91
-219640.368   820.571    -5.97   54.15
-219263.023   802.125   -48.87   58.74
-218885.641   766.480   -94.43   69.71
-218508.221   730.713   -94.75   47.89
-218130.764   702.914   -73.63   36.52
-217753.270   698.875   -10.70   41.92
-217375.738   688.518   -27.43   44.12
-216998.170   661.292   -72.09   43.90
-216620.563   633.450   -73.72   57.00
-216242.920   616.607   -44.59   52.79
-215865.239   608.143   -22.40   42.99
-215487.521   616.510    22.15   46.58
-215109.766   658.801   111.93   51.79
-214731.973   684.215    67.25   44.15
-214354.143   697.732    35.77   45.04
-213976.275   700.625     7.65   51.10
-213598.370   689.329   -29.89   62.26
-213225.029   653.884   -94.92   75.27
-212854.398   616.996   -99.51   69.50
-212483.731   594.538   -60.58   56.27
-212113.028   577.682   -45.46   51.47
-211742.290   594.250    44.68   68.16
-211371.515   606.143    32.07   72.23
-211000.704   612.906    18.23   71.60
-210629.858   627.911    40.45   62.57
-210258.975   624.822    -8.33   51.88
-209888.056   616.590   -22.19   45.47
-209517.102   610.755   -15.73   43.49
-209146.111   588.976   -58.69   42.99
-208775.085   561.236   -74.75   47.07
-208404.022   526.846   -92.66   46.17
-208032.923   496.991   -80.43   30.79
-207661.788   477.947   -51.30   19.46
-207290.618   467.555   -27.99    5.75
-206919.411   465.429    -5.73    4.78
-206548.168   463.965    -3.94    4.35
-206176.889   474.298    27.83   29.52
-205805.573   513.947   106.76   73.37
-205434.222   545.007    83.62   76.77
-205062.835   550.081    13.66   72.43
-204691.411   539.098   -29.56   67.18
-204319.951   533.239   -15.77   57.07
-203948.455   547.721    38.98   62.35
-203576.923   582.500    93.59   55.97
-203205.355   598.885    44.09   48.43
-202833.750   597.107    -4.78   50.70
-202462.109   599.553     6.58   49.65
-202090.432   606.607    18.98   51.27
-201718.719   615.268    23.30   54.25
-201346.969   619.444    11.23   60.33
-200975.183   629.976    28.32   62.94
-200603.361   640.715    28.87   67.36
-200231.503   650.081    25.18   62.75
-199859.608   658.414    22.40   55.36
-199487.677   659.840     3.83   49.16
-199115.710   673.385    36.41   50.62
-198743.706   707.393    91.40   65.32
-198371.666   761.280   144.81   81.60
-197999.589   813.771   141.05   73.51
-197627.476   848.322    92.83   50.40
-197255.327   872.393    64.67   50.45
-196883.141   905.081    87.81   72.33
-196510.919   950.107   120.94   84.94
-196138.661  1029.696   213.76  107.17
-195766.365  1111.078   218.55   98.92
-195394.034  1169.239   156.18   68.80
-195021.666  1183.607    38.58   51.76
-194649.262  1149.661   -91.13   70.56
-194276.821  1090.153  -159.75   69.09
-193904.343  1041.971  -129.33   56.95
-193531.829   999.625  -113.65   54.44
-193159.279   967.310   -86.73   46.66
-192786.692   944.679   -60.73   42.19
-192414.068   940.856   -10.26   46.23
-192041.408   960.187    51.86   56.14
-191668.711   998.422   102.57   56.89
-191295.978  1022.418    64.37   47.39
-190923.208  1034.807    33.23   34.87
-190550.401  1041.482    17.90   33.06
-190177.558  1041.607     0.34   38.70
-189804.678  1042.553     2.53   44.73
-189431.761  1039.197    -9.00   52.42
-189058.808  1031.298   -21.17   53.38
-188685.818  1020.607   -28.66   52.71
-188312.791   997.779   -61.19   54.15
-187939.728   965.367   -86.87   58.70
-187566.628   923.189  -113.03   62.42
-187193.491   886.818   -97.45   63.52
-186820.317   856.025   -82.50   59.89
-186447.107   833.965   -59.10   52.65
-186073.860   804.625   -78.59   56.47
-185700.576   777.570   -72.47   64.85
-185327.255   749.679   -74.70   57.38
-184953.898   739.811   -26.43   54.11
-184580.504   749.465    25.85   66.59
-184207.072   754.003    12.15   69.91
-183833.604   743.450   -28.25   65.22
-183460.100   743.371    -0.21   54.25
-183086.558   751.716    22.34   50.88
-182712.979   738.393   -35.66   63.48
-182339.364   738.607     0.57   77.76
-181965.711   704.239   -91.96   78.09
-181592.022   672.548   -84.79   54.32
-181218.296   675.465     7.80   67.23
-180844.532   683.934    22.66   83.12
-180470.732   711.697    74.26   96.17
-180096.895   754.625   114.81  107.22
-179723.021   799.929   121.15   99.93
-179349.109   829.268    78.45   76.77
-178975.161   836.680    19.82   68.43
-178601.176   836.204    -1.27   76.56
-178227.154   837.162     2.56   81.74
-177853.094   890.795   143.35   97.78
-177478.998   946.779   149.63   93.24
-177104.865   969.018    59.43   72.75
-176730.694   951.660   -46.38   80.95
-176356.486   895.906  -148.97  108.79
-175982.242   800.731  -254.27  102.99
-175607.960   738.322  -166.71   66.83
-175233.641   720.822   -46.74   58.60
-174859.284   728.173    19.63   73.28
-174484.891   733.246    13.55   71.66
-174110.460   718.903   -38.30   68.64
-173735.993   705.783   -35.03   54.42
-173361.488   710.232    11.88   54.88
-172986.946   725.731    41.37   55.49
-172612.366   733.222    20.00   50.18
-172237.750   731.571    -4.41   51.60
-171863.096   724.713   -18.30   48.20
-171488.405   708.514   -43.22   55.70
-171113.676   711.380     7.65   59.15
-170738.910   704.248   -19.03   55.67
-170364.107   720.081    42.24   61.19
-169989.267   766.098   122.74   92.62
-169614.389   838.713   193.67  112.86
-169239.474   922.099   222.37   94.89
-168864.522   972.280   133.81   65.45
-168489.532   989.888    46.95   46.25
-168114.505   986.760    -8.34   47.32
-167739.440   984.161    -6.93   44.65
-167364.338   975.189   -23.91   56.77
-166989.199   968.197   -18.64   74.58
-166614.022   955.054   -35.03   79.94
-166238.808   960.500    14.51   72.35
-165863.556   973.304    34.11   70.64
-165488.267   995.493    59.12   58.76
-165112.940  1017.731    59.24   53.28
-164737.576  1035.225    46.60   51.65
-164362.174  1039.849    12.32   44.83
-163986.735  1021.262   -49.50   59.04
-163611.258   986.520   -92.51   72.62
-163235.744   936.447  -133.32   63.12
-162860.192   905.007   -83.70   48.19
-162484.602   870.746   -91.20   45.13
-162108.975   853.721   -45.32   38.83
-161733.310   866.187    33.18   43.51
-161357.608   889.946    63.23   54.08
-160981.868   918.169    75.10   56.24
-160606.091   953.054    92.82   51.86
-160230.275   980.840    73.92   50.35
-159854.422  1015.888    93.24   62.14
-159478.532  1065.732   132.58   75.98
-159102.603  1131.713   175.49   98.12
-158726.637  1200.965   184.17   93.05
-158350.634  1238.712   100.37   78.74
-157974.592  1249.375    28.35   79.32
-157598.513  1226.357   -61.20   91.00
-157222.396  1184.380  -111.59   99.13
-156846.241  1144.771  -105.28   91.60
-156470.049  1110.375   -91.42   90.25
-156093.818  1091.298   -50.70   95.09
-155717.550  1085.327   -15.87   92.20
-155341.244  1087.407     5.53   94.95
-154964.900  1100.697    35.31   88.58
-154588.519  1078.125   -59.96   82.88
-154212.099  1056.643   -57.06   73.37
-153835.642  1003.781  -140.40   76.16
-153459.147   948.680  -146.33   76.76
-153082.613   888.000  -161.13   75.71
-152706.042   868.329   -52.23   70.42
-152329.433   894.857    70.43   97.35
-151952.786   951.072   149.23   95.30
-151576.101   986.753    94.71   59.28
-151199.378   997.607    28.81   54.33
-150822.617   986.107   -30.52   59.42
-150445.818   971.072   -39.90   59.50
-150068.981   961.848   -24.47   50.31
-149692.106   947.815   -37.23   40.81
-149315.193   931.407   -43.53   29.90
-148938.242   917.362   -37.25   39.21
-148561.253   896.590   -55.09   56.67
-148184.226   873.225   -61.96   65.86
-147807.161   856.239   -45.04   62.51
-147430.057   844.087   -32.22   54.06
-147052.916   838.197   -15.62   44.65
-146675.736   822.025   -42.87   45.88
-146298.518   791.660   -80.49   54.56
-145921.262   754.697   -97.97   65.40
-145543.968   720.380   -90.94   67.84
-145166.636   684.022   -96.34   72.51
-144789.265   645.866  -101.09   65.52
-144411.857   624.906   -55.53   61.15
-144034.410   605.679   -50.93   53.32
-143656.925   598.345   -19.43   52.64
-143279.401   605.467    18.86   61.40
-142901.839   628.153    60.07   70.84
-142524.239   656.450    74.93   61.57
-142146.601   673.106    44.10   47.79
-141768.925   664.750   -22.12   51.60
-141391.210   628.811   -95.14   70.90
-141013.457   585.538  -114.54   76.24
-140635.665   541.467  -116.64   49.12
-140257.835   529.678   -31.20   33.45
-139879.967   542.901    34.99   40.06
-139502.060   575.422    86.04   42.78
-139124.115   607.187    84.04   43.91
-138746.132   633.268    68.99   41.46
-138372.089   644.748    30.69   44.93
-138001.569   647.766     8.14   56.83
-137631.012   646.801    -2.60   72.50
-137260.418   647.766     2.60   76.91
-136889.788   649.304     4.15   71.49
-136519.120   642.447   -18.50   65.72
-136148.416   615.323   -73.16   70.85
-135777.675   572.362  -115.86   76.41
-135406.897   537.590   -93.77   65.94
-135036.082   531.405   -16.68   67.26
-134665.230   544.871    36.31   77.73
-134294.341   573.197    76.36   75.00
-133923.415   591.081    48.21   62.15
-133552.452   569.310   -58.68   59.47
-133181.453   526.840  -114.46   48.72
-132810.416   500.397   -71.26   41.35
-132439.342   481.818   -50.06   45.38
-132068.232   471.679   -27.32   50.56
-131697.084   459.100   -33.89   59.27
-131325.899   447.807   -30.42   59.82
-130954.677   434.744   -35.19   54.91
-130583.419   424.221   -28.34   43.47
-130212.123   430.679    17.39   40.33
-129840.790   461.716    83.57   58.51
-129469.420   515.415   144.58   75.06
-129098.013   588.215   195.99   87.43
-128726.569   662.712   200.53   90.14
-128355.087   727.660   174.81   69.61
-127983.569   751.822    65.03   48.54
-127612.013   733.100   -50.38   68.41
-127240.420   684.822  -129.91   95.48
-126868.790   617.679  -180.65   79.95
-126497.123   596.514   -56.94   64.64
-126125.419   641.274   120.40  101.32
-125753.677   700.361   158.93   88.41
-125381.898   715.863    41.69   84.23
-125010.082   685.500   -81.65  110.11
-124638.229   625.970  -160.07  106.43
-124266.338   593.018   -88.60   88.03
-123894.410   572.965   -53.91   77.52
-123522.445   552.453   -55.14   65.36
-123150.442   537.862   -39.22   54.74
-122778.403   520.187   -47.50   41.10
-122406.325   507.588   -33.86   37.69
-122034.211   501.607   -16.07   31.24
-121662.059   509.357    20.82   36.44
-121289.870   522.524    35.37   45.01
-120917.643   550.389    74.85   47.13
-120545.379   575.888    68.49   43.18
-120173.078   602.432    71.29   45.86
-119800.739   621.197    50.39   47.01
-119428.362   644.590    62.81   47.25
-119055.949   659.403    39.77   43.74
-118683.497   661.143     4.67   45.50
-118311.009   651.202   -26.68   51.53
-117938.483   620.362   -82.78   53.22
-117565.919   590.536   -80.05   41.77
-117193.318   576.039   -38.90   41.53
-116820.679   563.500   -33.64   46.24
-116448.003   557.415   -16.33   47.56
-116075.289   554.298    -8.36   52.23
-115702.537   554.716     1.12   59.88
-115329.749   558.064     8.98   64.85
-114956.922   569.189    29.84   70.22
-114584.058   578.572    25.16   63.77
-114211.156   586.414    21.03   55.68
-113838.217   585.168    -3.34   52.85
-113465.240   596.804    31.19   53.39
-113092.225   597.327     1.40   52.15
-112719.172   600.415     8.28   45.04
-112346.082   598.432    -5.31   41.39
-111972.955   574.539   -64.03   53.76
-111599.789   538.403   -96.83   60.39
-111226.586   496.090  -113.37   52.81
-110853.345   456.385  -106.37   37.07
-110480.066   427.748   -76.71   31.67
-110106.750   406.450   -57.05   19.14
-109733.395   398.798   -20.49   12.00
-109360.003   401.518     7.28   15.23
-108986.574   406.783    14.10   15.67
-108613.106   413.169    17.10   12.59
-108239.600   418.080    13.15   10.27
-107866.057   418.590     1.37   10.78
-107492.476   418.716     0.34   12.60
-107118.857   418.036    -1.82   12.25
-106745.200   417.145    -2.39   10.70
-106371.505   417.354     0.56    9.13
-105997.772   420.179     7.56    8.54
-105624.002   421.867     4.52    7.70
-105250.193   422.538     1.79    7.03
-104876.347   421.982    -1.48    7.35
-104502.462   425.405     9.15   11.22
-104128.540   433.399    21.38   12.11
-103754.579   437.169    10.08   11.00
-103380.581   438.107     2.51   12.20
-103006.544   433.746   -11.66   11.25
-102632.470   426.062   -20.54    8.33
-102258.357   420.556   -14.71    7.45
-101884.207   416.415   -11.07    6.96
-101510.018   413.000    -9.12    6.71
-101135.791   410.202    -7.48    6.41
-100761.527   406.947    -8.70    6.75
-100387.224   401.840   -13.64    6.46
-100012.883   398.644    -8.54    5.75
 -99638.503   397.643    -2.67    4.84
 -99264.086   397.572    -0.19    4.98
 -98889.631   399.729     5.76    4.78
 -98515.137   400.696     2.58    3.65
 -98140.605   399.798    -2.40    4.12
 -97766.035   397.453    -6.26    5.01
 -97391.427   393.804    -9.74    6.15
 -97016.780   391.049    -7.35    6.11
 -96642.096   389.933    -2.98    5.46
 -96267.373   389.929    -0.01    4.95
 -95892.611   390.257     0.88    4.62
 -95517.812   391.888     4.35    3.88
 -95142.974   392.467     1.54    3.90
 -94768.098   392.994     1.40    3.90
 -94393.183   394.713     4.59    4.21
 -94018.231   396.643     5.15    4.56
 -93643.239   399.676     8.09    5.23
 -93268.210   402.940     8.70    4.39
 -92893.142   406.345     9.08    4.29
 -92518.036   408.906     6.83    4.60
 -92142.891   411.046     5.70    6.33
 -91767.708   414.713     9.77    8.92
 -91392.487   418.906    11.17   12.21
 -91017.227   423.857    13.19   13.74
 -90641.928   433.298    25.15   20.76
 -90266.591   455.015    57.85   38.32
 -89891.216   476.732    57.85   40.18
 -89515.802   494.371    46.98   36.35
 -89140.350   512.081    47.17   31.98
 -88764.859   517.660    14.86   26.71
 -88389.329   519.263     4.27   21.34
 -88013.762   515.662    -9.59   18.39
 -87638.155   509.911   -15.31   23.20
 -87262.510   501.922   -21.27   27.20
 -86886.826   498.696    -8.59   22.96
 -86511.104   503.555    12.93   20.42
 -86135.343   514.936    30.28   20.06
 -85759.543   529.750    39.42   24.70
 -85383.705   547.268    46.61   24.79
 -85007.828   556.727    25.16   17.32
 -84631.913   557.953     3.26   15.04
 -84255.959   548.465   -25.23   19.37
 -83879.966   537.977   -27.89   16.36
 -83503.934   535.608    -6.30   17.69
 -83127.864   539.485    10.31   17.67
 -82751.755   546.505    18.66   15.54
 -82375.607   551.152    12.35   13.87
 -81999.420   552.357     3.21   13.53
 -81623.195   557.744    14.32   15.64
 -81246.931   570.268    33.28   21.05
 -80870.628   591.712    56.98   27.99
 -80494.286   615.857    64.15   29.70
 -80117.905   633.393    46.59   24.62
 -79741.486   640.046    17.67   20.08
 -79365.027   631.970   -21.45   28.16
 -78988.530   612.250   -52.37   37.16
 -78611.994   594.662   -46.71   32.72
 -78235.419   591.964    -7.16   26.67
 -77858.805   594.518     6.78   27.60
 -77482.152   610.225    41.70   33.72
 -77105.460   636.678    70.22   34.26
 -76728.729   666.222    78.42   41.75
 -76351.960   696.846    81.27   40.46
 -75975.151   713.125    43.20   31.61
 -75598.303   691.888   -56.35   65.63
 -75221.416   634.459  -152.37   93.29
 -74844.490   562.871  -189.91   97.20
 -74467.526   492.807  -185.85   71.65
 -74090.522   471.212   -57.28   54.89
 -73713.479   492.397    56.18   81.14
 -73336.397   541.982   131.49   87.69
 -72959.275   594.325   138.79   67.76
 -72582.115   629.977    94.52   46.65
 -72204.916   655.539    67.76   44.75
 -71827.677   680.187    65.33   38.50
 -71450.400   693.766    35.99   30.60
 -71073.083   697.520     9.95   27.28
 -70695.727   698.643     2.98   30.88
 -70318.332   700.447     4.78   30.04
 -69940.897   700.125    -0.85   24.36
 -69563.423   682.354   -47.08   36.27
 -69185.911   646.429   -95.16   48.17
 -68808.358   609.074   -98.93   53.31
 -68430.767   562.160  -124.24   76.26
 -68053.136   521.536  -107.57   87.40
 -67675.466   497.456   -63.76   84.26
 -67297.757   482.210   -40.36   83.22
 -66920.008   491.310    24.09   91.13
 -66542.220   507.171    41.98   87.75
 -66164.393   506.729    -1.17   64.69
 -65786.526   502.011   -12.48   54.89
 -65408.620   492.959   -23.95   57.96
 -65030.675   484.397   -22.65   56.58
 -64652.690   476.680   -20.42   58.88
 -64274.666   463.676   -34.40   56.25
 -63896.602   445.750   -47.41   57.69
 -63521.758   431.310   -38.52   56.30
 -63151.354   409.994   -57.54   50.25
 -62780.912   402.573   -20.03   49.54
 -62410.432   416.696    38.12   48.87
 -62039.915   432.976    43.94   41.49
 -61669.359   444.625    31.43   32.56
 -61298.766   444.607    -0.05   25.74
 -60928.135   435.325   -25.04   23.25
 -60557.467   420.480   -40.05   26.68
 -60186.760   402.857   -47.53   26.92
 -59816.016   384.329   -49.97   30.23
 -59445.233   356.678   -74.57   46.02
 -59074.413   323.679   -88.98   57.26
 -58703.555   295.691   -75.46   56.85
 -58332.659   275.538   -54.33   43.28
 -57961.725   259.453   -43.36   36.85
 -57590.754   259.134    -0.86   39.05
 -57219.744   285.766    71.78   51.08
 -56848.696   325.298   106.54   74.52
 -56477.611   366.607   111.31   63.20
 -56106.487   383.607    45.80   49.03
 -55735.325   369.606   -37.72   59.61
 -55364.126   332.812   -99.12   61.54
 -54992.888   292.768  -107.86   55.34
 -54621.612   261.066   -85.38   51.86
 -54250.299   236.007   -67.48   43.96
 -53878.947   224.036   -32.23   39.04
 -53507.557   212.556   -30.91   40.78
 -53136.129   210.011    -6.85   43.31
 -52764.663   208.011    -5.38   37.17
 -52393.159   204.556    -9.30   28.91
 -52021.616   200.315   -11.42   19.97
 -51650.036   194.081   -16.77   14.81
 -51278.417   183.083   -29.59   22.99
 -50906.760   169.837   -35.64   25.43
 -50535.065   157.134   -34.17   24.05
 -50163.332   144.753   -33.31   20.82
 -49791.561   135.503   -24.88   21.77
 -49419.751   125.179   -27.76   21.49
 -49047.904   119.212   -16.05   22.67
 -48676.017   117.976    -3.32   22.51
 -48304.093   114.786    -8.58   22.38
 -47932.130   112.675    -5.68   20.13
 -47560.130   110.840    -4.93   19.51
 -47188.090   102.380   -22.74   21.24
 -46816.013    90.551   -31.79   21.57
 -46443.897    78.911   -31.28   19.82
 -46071.743    67.697   -30.13   11.75
 -45699.550    62.846   -13.03    8.31
 -45327.319    59.286    -9.56    4.92
 -44955.050    57.590    -4.56    4.52
 -44582.742    56.432    -3.11    4.55
 -44210.396    55.286    -3.08    3.62
 -43838.012    53.660    -4.37    3.52
 -43465.589    51.678    -5.32    3.42
 -43093.127    50.660    -2.73    2.90
 -42720.627    50.144    -1.39    2.72
 -42348.089    50.009    -0.36    3.36
 -41975.512    50.107     0.27    4.90
 -41602.897    49.959    -0.40    5.44
 -41230.243    49.590    -0.99    5.24
 -40857.550    50.503     2.45    4.92
 -40484.819    52.152     4.42    3.90
 -40112.050    54.505     6.31    4.12
 -39739.242    59.046    12.18    7.62
 -39366.395    66.322    19.51   11.85
 -38993.510    67.930     4.31   15.47
 -38620.586    64.447    -9.34   18.58
 -38247.623    54.913   -25.56   14.26
 -37874.622    47.189   -20.71    3.62
 -37501.582    45.715    -3.95    2.41
 -37128.504    45.056    -1.76    2.30
 -36755.387    44.286    -2.06    1.41
 -36382.231    44.415     0.34    1.33
 -36009.036    44.849     1.16    1.17
 -35635.803    45.242     1.05    1.22
 -35262.531    45.345     0.27    1.10
 -34889.220    45.778     1.16    1.10
 -34515.870    46.218     1.18    1.24
 -34142.482    46.786     1.52    1.26
 -33769.055    47.212     1.14    1.12
 -33395.589    48.160     2.54    1.72
 -33022.084    48.953     2.12    2.16
 -32648.541    49.936     2.63    2.57
 -32274.958    50.315     1.02    2.45
 -31901.337    50.090    -0.60    2.37
 -31527.677    50.812     1.93    2.54
 -31153.978    51.866     2.82    2.79
 -30780.240    53.625     4.71    2.83
 -30406.463    55.280     4.43    2.47
 -30032.647    56.574     3.46    2.12
 -29658.792    56.965     1.04    1.80
 -29284.898    56.236    -1.95    2.03
 -28910.966    56.091    -0.39    2.27
 -28536.994    55.304    -2.10    2.62
 -28162.983    55.541     0.63    3.19
 -27788.934    55.755     0.57    3.39
 -27414.845    55.884     0.34    2.90
 -27040.717    55.444    -1.18    2.77
 -26666.550    54.439    -2.68    2.44
 -26292.345    52.804    -4.37    3.26
 -25918.100    51.964    -2.24    3.48
 -25543.816    51.884    -0.21    3.67
 -25169.492    51.875    -0.02    3.82
 -24795.130    52.325     1.20    3.33
 -24420.729    51.934    -1.04    3.14
 -24046.288    52.470     1.43    2.67
 -23671.808    53.311     2.24    2.44
 -23297.289    53.846     1.43    2.36
 -22922.731    54.161     0.84    1.71
 -22548.134    53.473    -1.84    2.38
 -22173.498    51.315    -5.76    3.56
 -21798.822    49.029    -6.10    3.82
 -21424.107    47.019    -5.36    2.72
 -21049.352    46.225    -2.12    1.96
 -20674.559    45.696    -1.41    2.03
 -20299.726    45.125    -1.52    2.29
 -19924.854    43.659    -3.91    1.93
 -19549.942    42.625    -2.76    1.40
 -19174.992    42.475    -0.40    1.26
 -18800.001    42.625     0.40    1.40
 -18424.972    42.268    -0.95    1.52
 -18049.903    41.709    -1.49    1.63
 -17674.795    41.134    -1.53    1.69
 -17299.647    40.418    -1.91    1.32
 -16924.460    40.298    -0.32    1.69
 -16549.233    40.185    -0.30    1.68
 -16173.967    40.268     0.22    2.00
 -15798.662    40.066    -0.54    2.09
 -15423.317    39.677    -1.04    1.81
 -15047.933    38.911    -2.04    1.68
 -14672.509    38.442    -1.25    1.35
 -14297.045    38.255    -0.50    1.52
 -13921.542    38.046    -0.56    1.60
 -13546.000    37.971    -0.20    1.57
 -13170.418    38.229     0.69    1.81
 -12794.796    37.713    -1.37    2.06
 -12419.135    37.202    -1.36    2.20
 -12043.434    36.298    -2.41    2.15
 -11667.694    35.731    -1.51    1.75
 -11291.914    35.809     0.21    2.07
 -10916.094    36.589     2.08    3.14
 -10540.235    37.397     2.15    3.23
 -10164.336    37.679     0.75    3.30
  -9788.397    37.712     0.09    3.06
  -9412.418    37.212    -1.33    2.72
  -9036.400    40.269     8.13   12.05
  -8660.343    48.625    22.22   22.67
  -8284.245    59.836    29.81   29.24
  -7908.108    79.473    52.21   38.35
  -7531.930   100.316    55.41   39.16
  -7155.714   105.411    13.54   31.65
  -6779.457    99.074   -16.84   35.46
  -6403.160    82.832   -43.16   35.73
  -6026.824    61.590   -56.44   20.75
  -5650.448    57.011   -12.17   23.70
  -5274.032    49.309   -20.46   21.88
  -4897.576    40.982   -22.12   19.03
  -4521.080    30.151   -28.77   14.99
  -4144.544    20.987   -24.34   10.34
  -3767.969    14.696   -16.71    5.65
  -3391.353    10.880   -10.13    4.03
  -3014.698     8.505    -6.31    2.94
  -2638.002     6.625    -4.99    1.65
  -2261.267     6.080    -1.45    1.36
  -1884.491     6.151     0.19    1.50
  -1507.676     5.268    -2.34    2.74
  -1130.820     3.442    -4.85    3.61
   -753.925     1.473    -5.22    3.29
   -376.989     0.212    -3.35    2.21
     -0.014     0.134    -0.21    1.45
    377.002     1.160     2.72    2.17
    754.057     2.467     3.47    2.23
   1131.153     3.607     3.02    1.49
   1508.289     4.109     1.33    1.13
   1885.465     3.393    -1.90    1.94
   2262.682     3.405     0.03    2.08
   2639.938     3.286    -0.31    1.98
   3017.234     3.125    -0.43    2.30
   3394.571     3.259     0.35    2.07
   3771.948     3.144    -0.30    2.05
   4149.365     3.393     0.66    1.72
   4526.823     3.712     0.84    1.16
   4904.320     3.710    -0.00    1.15
   5281.858     3.729     0.05    1.04
   5659.436     3.744     0.04    1.00
   6037.055     3.542    -0.53    1.06
   6414.714     3.304    -0.63    0.92
   6792.413     3.100    -0.54    0.86
   7170.152     2.934    -0.44    0.90
   7547.932     2.871    -0.17    1.04
   7925.752     3.039     0.45    1.20
   8303.612     3.100     0.16    1.34
   8681.513     3.117     0.04    1.30
   9059.455     3.107    -0.02    1.31
   9437.436     2.202    -2.40    2.18
   9815.459     1.046    -3.06    2.46
  10193.521     0.470    -1.52    2.61
  10571.624    -0.307    -2.06    2.34
  10949.768    -0.585    -0.74    1.93
  11325.524    -0.616    -0.08    1.64
  11695.813    -0.464     0.41    1.81
  12066.140     0.522     2.66    2.31
  12436.507     1.298     2.10    2.42
  12806.912     2.461     3.14    1.93
  13177.355     2.789     0.88    1.20
  13547.838     2.863     0.20    1.13
  13918.359     2.716    -0.40    1.17
  14288.919     2.678    -0.10    1.12
  14659.518     2.555    -0.33    1.13
  15030.156     2.371    -0.50    1.06
  15400.832     2.222    -0.40    1.12
  15771.548     2.072    -0.40    0.99
  16142.302     2.141     0.19    0.94
  16513.095     2.187     0.12    0.91
  16883.927     2.239     0.14    0.80
  17254.798     2.098    -0.38    0.86
  17625.707     1.897    -0.54    1.16
  17996.656     1.054    -2.27    1.65
  18367.644     0.806    -0.67    1.92
  18738.670     0.994     0.51    2.01
  19109.736     1.538     1.47    1.98
  19480.840     2.380     2.27    1.17
  19851.984     2.522     0.38    0.99
  20223.166     2.574     0.14    1.15
  20594.388     2.608     0.09    1.09
  20965.648     2.936     0.88    1.26
  21336.948     3.125     0.51    1.18
  21708.286     3.109    -0.04    1.24
  22079.664     3.304     0.53    1.28
  22451.081     3.384     0.22    1.22
  22822.537     3.514     0.35    1.28
  23194.032     3.846     0.89    1.25
  23565.566     4.117     0.73    1.14
  23937.139     4.281     0.44    1.00
  24308.752     4.456     0.47    0.85
  24680.403     4.574     0.32    0.98
  25052.094     4.642     0.18    1.00
  25423.824     4.676     0.09    0.95
  25795.593     4.713     0.10    0.97
  26167.402     4.763     0.14    1.07
  26539.250     5.049     0.77    1.37
  26911.136     5.000    -0.13    1.50
  27283.063     4.880    -0.32    1.68
  27655.028     4.862    -0.05    1.75
  28027.033     4.748    -0.31    1.49
  28399.077     4.994     0.66    1.20
  28771.161     5.125     0.35    1.37
  29143.283     5.332     0.56    1.28
  29515.445     5.274    -0.16    1.23
  29887.647     5.117    -0.42    1.13
  30259.888     5.187     0.19    1.18
  30632.168     5.405     0.59    1.34
  31004.488     5.736     0.89    1.51
  31376.847     6.169     1.16    2.04
  31749.245     6.189     0.05    2.64
  32121.683     6.838     1.74    3.25
  32494.161     6.766    -0.20    3.31
  32866.678     6.081    -1.84    3.20
  33239.234     5.453    -1.69    2.63
  33611.830     4.901    -1.48    1.44
  33984.466     5.204     0.81    1.91
  34357.141     5.397     0.52    2.09
  34729.855     6.134     1.98    3.11
  35102.609     6.262     0.34    3.27
  35475.403     5.871    -1.05    2.78
  35848.236     5.090    -2.10    2.00
  36221.109     4.783    -0.82    1.97
  36594.022     4.292    -1.32    1.84
  36966.974     3.970    -0.86    1.19
  37339.966     4.039     0.18    1.23
  37712.997     4.219     0.48    1.35
  38086.069     4.337     0.32    1.37
  38459.179     4.518     0.49    1.46
  38832.330     5.325     2.16    2.23
  39205.520     5.681     0.95    2.28
  39578.750     5.677    -0.01    2.20
  39952.020     5.662    -0.04    2.16
  40325.330     4.920    -1.99    1.83
  40698.679     3.607    -3.52    2.45
  41072.068     2.729    -2.35    2.72
  41445.497     3.066     0.90    3.78
  41818.966     4.801     4.65    4.98
  42192.474     8.332     9.46    5.81
  42566.023    12.425    10.96    5.49
  42939.611    15.022     6.95    4.80
  43313.239    17.125     5.63    3.98
  43686.907    19.871     7.35    4.82
  44060.615    19.748    -0.33    5.59
  44434.363    18.074    -4.48    7.70
  44808.151    15.081    -8.01    9.39
  45181.979    10.694   -11.74    9.83
  45555.847     5.046   -15.11    8.66
  45929.754     1.064   -10.65    6.33
  46303.702    -0.917    -5.30    4.57
  46677.690    -0.196     1.93    6.68
  47051.718     4.150    11.62   12.57
  47425.786     9.572    14.49   18.03
  47799.893    12.818     8.68   19.60
  48174.041    15.236     6.46   20.77
  48548.229    19.236    10.69   25.98
  48922.457    21.177     5.19   28.25
  49296.726    24.100     7.81   32.17
  49671.034    21.675    -6.48   31.26
  50045.383    13.177   -22.70   23.66
  50419.771     6.591   -17.59   16.52
  50794.200     1.922   -12.47    9.76
  51168.669     0.187    -4.63    6.32
  51543.178     0.212     0.07    6.20
  51917.728    -0.752    -2.57    4.80
  52292.317    -1.582    -2.22    2.59
  52666.947    -1.702    -0.32    1.66
  53041.617    -1.133     1.52    2.07
  53416.328    -0.585     1.46    2.39
  53791.078     0.405     2.64    2.71
  54165.869     1.792     3.70    3.17
  54540.701     7.608    15.52    9.82
  54915.572    17.081    25.27   14.56
  55290.484    28.625    30.79   17.70
  55665.437    40.763    32.37   14.36
  56040.429    44.970    11.22   10.60
  56415.462    43.068    -5.07   11.55
  56790.536    38.246   -12.86   11.67
  57165.650    31.994   -16.67    7.52
  57540.804    28.940    -8.14    6.41
  57915.999    27.269    -4.45    6.50
  58291.234    24.107    -8.43    5.67
  58666.510    21.642    -6.57    4.85
  59041.826    18.846    -7.45    4.07
  59417.183    17.781    -2.84    4.24
  59792.580    18.005     0.60    4.88
  60168.018    19.322     3.51    6.24
  60543.496    21.643     6.18    6.09
  60919.015    24.679     8.09    6.99
  61294.574    30.740    16.14   11.71
  61670.175    34.590    10.25   13.47
  62045.815    33.918    -1.79   14.38
  62421.497    30.109   -10.14   15.33
  62797.218    24.303   -15.45   12.36
  63172.981    19.712   -12.22    5.73
  63548.784    18.953    -2.02    3.82
  63924.628    19.066     0.30    3.59
  64300.513    20.304     3.29    6.22
  64676.438    21.937     4.34    9.58
  65052.404    23.286     3.59    9.76
  65428.411    26.418     8.33   15.72
  65804.459    29.642     8.57   21.39
  66180.547    28.117    -4.06   16.68
  66556.676    26.357    -4.68   10.74
  66932.846    25.134    -3.25    1.69
  67309.057    26.442     3.48    1.70
  67685.308    27.763     3.51    1.96
  68061.601    29.212     3.85    1.98
  68437.934    31.049     4.88    2.51
  68814.308    32.712     4.42    2.80
  69190.723    34.436     4.58    2.54
  69567.179    36.171     4.61    1.91
  69943.676    37.168     2.65    1.87
  70320.214    38.062     2.37    1.89
  70696.793    39.150     2.89    1.90
  71073.412    41.315     5.75    2.66
  71450.073    43.713     6.37    3.37
  71826.775    46.309     6.89    3.50
  72203.518    48.354     5.43    2.80
  72580.301    50.081     4.58    2.23
  72957.126    51.607     4.05    2.57
  73333.992    53.591     5.27    3.57
  73710.899    56.005     6.40    3.99
  74087.847    57.855     4.91    3.73
  74464.836    59.676     4.83    3.40
  74841.866    60.901     3.25    3.06
  75218.937    62.298     3.70    2.97
  75596.050    63.732     3.80    2.66
  75973.204    65.418     4.47    2.79
  76350.398    67.081     4.41    3.10
  76727.634    69.248     5.74    3.66
  77104.912    71.987     7.26    3.66
  77482.230    74.005     5.35    3.21
  77859.590    76.512     6.65    2.69
  78236.991    78.867     6.24    3.06
  78614.433    82.608     9.91    7.60
  78991.916    90.570    21.09   17.74
  79369.441   100.309    25.80   26.83
  79747.007   107.257    18.40   30.10
  80124.615   110.216     7.84   27.81
  80502.263   109.309    -2.40   21.38
  80879.953   109.054    -0.67   15.56
  81257.685   118.199    24.21   20.83
  81635.458   133.825    41.37   33.46
  82013.272   168.918    92.89   58.65
  82391.128   208.286   104.20   64.86
  82769.025   237.740    77.95   61.15
  83146.963   263.298    67.63   53.26
  83524.943   278.643    40.60   58.13
  83902.965   290.986    32.66   61.54
  84281.028   281.965   -23.86   64.43
  84659.133   258.875   -61.07   55.31
  85037.279   229.553   -77.55   48.41
  85415.466   199.987   -78.18   48.41
  85793.695   180.849   -50.60   48.86
  86170.471   159.269   -57.28   31.94
  86540.635   146.676   -34.02   10.69
  86910.839   146.072    -1.63    7.22
  87281.083   150.461    11.86    8.17
  87651.367   156.465    16.21    8.63
  88021.690   164.380    21.38   10.83
  88392.053   173.322    24.15   12.14
  88762.455   175.084     4.76   10.85
  89132.898   175.393     0.83   11.19
  89503.380   173.309    -5.63   10.51
  89873.902   170.520    -7.53    4.62
  90244.464   173.505     8.05    5.02
  90615.065   178.964    14.73    9.08
  90985.707   190.975    32.41   20.44
  91356.388   208.918    48.41   30.94
  91727.109   229.081    54.39   37.16
  92097.870   250.642    58.16   33.69
  92468.671   262.125    30.97   30.40
  92839.512   277.011    40.14   32.70
  93210.393   301.804    66.85   35.63
  93581.314   340.756   105.03   49.33
  93952.274   360.322    52.75   48.66
  94323.275   362.925     7.02   65.52
  94694.316   355.153   -20.95   76.12
  95065.396   337.074   -48.72   56.31
  95436.517   357.439    54.88   63.13
  95807.678   397.722   108.54   77.37
  96178.878   456.453   158.23   73.64
  96550.119   496.371   107.54   72.84
  96921.400   531.625    94.96   82.87
  97292.721   566.143    92.97   95.17
  97664.082   605.239   105.29   98.88
  98035.483   660.322   148.32   92.82
  98406.924   725.964   176.74   92.16
  98778.406   786.732   163.60   91.97
  99149.927   821.269    92.97   95.19
  99521.489   845.143    64.26  103.24
  99893.091   826.503   -50.17  100.15
 100264.733   774.778  -139.19  100.07
 100636.415   723.093  -139.07  103.81
 101008.138   663.964  -159.08   89.30
 101379.900   647.418   -44.51   78.24
 101751.704   660.482    35.14   89.96
 102123.547   697.795   100.35  101.43
 102495.430   729.836    86.17   92.55
 102867.354   733.366     9.49   95.95
 103239.319   718.269   -40.59   97.80
 103611.323   678.090  -108.02  101.99
 103983.368   627.461  -136.09   95.54
 104355.453   592.936   -92.80   76.63
 104727.579   564.918   -75.30   75.40
 105099.745   515.473  -132.87   89.50
 105471.951   468.225  -126.95  101.08
 105844.198   400.117  -182.99   96.44
 106216.485   343.507  -152.08   76.17
 106588.813   304.070  -105.93   51.79
 106961.181   282.185   -58.78   18.62
 107333.590   291.388    24.72   36.79
 107706.039   314.848    62.99   55.15
 108078.529   342.959    75.48   62.92
 108451.059   369.332    70.80   57.49
 108823.630   396.035    71.68   58.07
 109196.241   427.913    85.56   68.01
 109568.893   444.074    43.37   75.79
 109941.585   446.709     7.07   79.25
 110314.318   435.930   -28.92   75.77
 110687.092   426.349   -25.70   67.85
 111059.906   427.710     3.65   70.34
 111432.761   441.560    37.15   76.44
 111805.657   453.143    31.07   73.58
 112178.593   480.075    72.23   79.11
 112551.570   518.425   102.83   85.56
 112924.587   575.075   151.89   90.25
 113297.646   627.304   140.02   82.36
 113670.745   658.478    83.56   85.85
 114043.885   689.880    84.17   88.17
 114417.065   726.436    97.97   81.22
 114790.287   754.259    74.56   62.66
 115163.549   765.222    29.37   57.33
 115536.852   754.422   -28.93   66.23
 115910.195   735.643   -50.31   70.95
 116283.580   737.019     3.69   80.13
 116657.005   742.558    14.83   78.79
 117030.472   761.781    51.48   79.98
 117403.979   801.913   107.46   94.55
 117777.527   809.710    20.87   91.14
 118151.116   786.039   -63.37  102.10
 118524.746   725.473  -162.12  119.89
 118898.417   641.691  -224.24  105.00
 119272.128   572.177  -186.03   83.67
 119645.881   530.710  -110.96   58.49
 120019.675   521.311   -25.15   51.94
 120393.510   542.303    56.16   75.90
 120767.385   571.490    78.07   93.83
 121141.302   588.006    44.18   98.57
 121515.260   583.032   -13.30  105.18
 121889.259   563.574   -52.03   92.42
 122263.299   543.068   -54.83   77.65
 122637.380   533.401   -25.84   65.42
 123011.502   528.713   -12.53   60.03
 123385.666   529.250     1.44   59.42
 123759.870   535.199    15.90   56.25
 124134.116   546.099    29.13   59.07
 124508.402   561.475    41.09   65.82
 124882.730   589.049    73.67   70.40
 125257.099   590.556     4.03   71.25
 125631.510   595.320    12.73   74.42
 126005.961   605.608    27.48   78.81
 126380.454   600.309   -14.15   65.84
 126754.988   599.436    -2.33   61.10
 127129.563   610.166    28.65   65.05
 127504.180   624.179    37.41   66.13
 127878.838   638.046    37.02   64.73
 128253.537   658.643    54.97   65.32
 128628.278   693.222    92.29   75.65
 129003.060   739.964   124.73   79.49
 129377.883   786.309   123.66   77.31
 129752.748   801.419    40.31   76.17
 130127.654   828.100    71.18   77.95
 130502.601   859.168    82.87   87.21
 130877.590   870.940    31.40   90.41
 131252.620   871.642     1.87   94.84
 131627.692   879.677    21.43   93.75
 132002.805   909.392    79.23  110.12
 132377.960   956.507   125.60  141.43
 132753.156  1057.522   269.27  159.48
 133128.394  1160.591   274.71  130.57
 133503.673  1197.232    97.65   97.24
 133878.994  1174.275   -61.17  102.50
 134254.356  1102.212  -192.01  113.31
 134629.760  1012.871  -238.02  106.12
 135005.206   982.880   -79.89   91.07
 135380.693   982.332    -1.46   93.85
 135756.222  1012.117    79.32  103.40
 136131.792  1086.117   197.06  103.33
 136507.404  1166.022   212.76  131.90
 136883.058  1233.880   180.66  132.18
 137258.754  1247.904    37.33  120.39
 137634.491  1223.970   -63.71  125.88
 138010.270  1149.525  -198.14  134.81
 138386.090  1075.039  -198.22  121.74
 138761.952  1015.778  -157.69  105.85
 139137.857   974.574  -109.63   98.51
 139513.802   941.219   -88.74  100.42
 139889.790   901.576  -105.45   99.25
 140265.820   848.177  -142.03  116.30
 140641.891   759.202  -236.62  127.67
 141018.004   694.825  -171.19   95.53
 141394.159   713.039    48.43  112.04
 141770.356   781.475   181.94  161.25
 142146.595   896.281   305.18  150.32
 142522.875   978.964   219.77   96.67
 142899.198   980.487     4.05   88.88
 143275.562   923.141  -152.39  109.72
 143651.969   865.450  -153.29   89.62
 144028.417   857.901   -20.06   96.12
 144404.908   865.418    19.97  113.00
 144781.440   883.174    47.16  103.20
 145158.014   874.729   -22.43   95.34
 145534.631   828.052  -123.96   95.88
 145911.289   772.721  -146.92   94.34
 146287.990   728.761  -116.71   82.22
 146664.732   692.439   -96.42   68.30
 147041.517   655.697   -97.53   63.46
 147418.344   631.068   -65.37   61.15
 147795.213   611.315   -52.42   62.17
 148172.124   587.975   -61.93   62.40
 148549.077   563.509   -64.92   62.00
 148926.073   543.608   -52.79   56.17
 149303.110   521.710   -58.09   51.97
 149680.190   498.971   -60.31   43.35
 150057.312   476.009   -60.90   32.10
 150434.476   460.487   -41.16   22.17
 150811.683   449.351   -29.53   16.93
 151188.931   435.761   -36.03   17.71
 151566.222   421.436   -37.97   19.52
 151943.556   402.625   -49.86   23.14
 152320.931   385.936   -44.23   25.60
 152698.349   364.509   -56.78   24.97
 153075.809   345.625   -50.03   16.99
 153453.312   340.002   -14.90   14.09
 153830.857   342.142     5.67   17.35
 154208.444   351.558    24.94   21.31
 154586.074   357.822    16.59   22.15
 154963.746   354.015   -10.08   31.90
 155341.461   337.746   -43.08   41.07
 155719.218   314.888   -60.52   37.16
 156097.018   298.461   -43.49   28.21
 156474.860   288.849   -25.44   20.90
 156852.744   285.694    -8.35   24.06
 157230.671   279.379   -16.71   24.63
 157608.641   276.609    -7.33   23.74
 157986.653   297.761    55.97   51.90
 158364.708   335.380    99.52   65.30
 158742.805   374.461   103.38   55.68
 159120.945   404.005    78.14   23.44
 159499.128   402.992    -2.68   19.67
 159877.353   381.871   -55.85   30.26
 160255.621   359.409   -59.39   31.93
 160633.931   342.884   -43.69   23.56
 161011.853   333.447   -24.98   25.87
 161381.897   327.937   -14.89   30.81
 161751.982   324.250    -9.96   31.07
 162122.108   314.166   -27.25   30.09
 162492.274   306.161   -21.63   24.13
 162862.481   301.541   -12.48   24.34
 163232.728   299.269    -6.14   27.27
 163603.017   300.054     2.12   28.27
 163973.346   294.959   -13.76   32.89
 164343.716   288.964   -16.19   36.02
 164714.127   279.871   -24.55   38.41
 165084.578   266.947   -34.89   37.05
 165455.071   250.798   -43.60   34.72
 165825.604   239.964   -29.24   26.73
 166196.178   239.367    -1.61   31.67
 166566.793   247.829    22.83   46.46
 166937.449   262.225    38.85   59.41
 167308.146   270.477    22.26   66.40
 167678.884   274.109     9.80   67.83
 168049.663   274.327     0.59   64.93
 168420.482   274.174    -0.41   61.27
 168791.343   272.676    -4.04   58.36
 169162.244   259.039   -36.77   54.15
 169533.187   238.375   -55.72   46.03
 169904.171   222.254   -43.46   29.82
 170275.195   215.490   -18.24   16.64
 170646.261   217.192     4.59   13.61
 171017.368   219.244     5.53   15.63
 171388.515   219.947     1.89   16.92
 171759.704   215.524   -11.92   17.52
 172130.934   203.832   -31.50   21.45
 172502.205   185.920   -48.25   26.52
 172873.518   169.679   -43.75   20.90
 173244.871   159.925   -26.27   14.45
 173616.266   153.161   -18.22    4.29
 173987.702   152.892    -0.72    2.79
 174359.178   153.212     0.86    2.97
 174730.697   153.222     0.03    2.88
 175102.256   152.778    -1.20    2.98
 175473.857   151.608    -3.15    3.20
 175845.499   150.679    -2.50    2.61
 176217.182   150.370    -0.83    2.44
