# NaN NaN NaN ;Mean Elev.(m), Avg Gradient(m/km), RMS Gradient(m/km) - SRTM1     
#   47.013   0.000   2.088 ;Mean Elev.(m), Avg Gradient(m/km), RMS Gradient(m/km) - ASTER GDEM
#   46.070  -0.216   1.805 ;Mean Elev.(m), Avg Gradient(m/km), RMS Gradient(m/km) - GMTED2010 
  6 132.417707  47.783351    51.273    51.280  4 52419.52252617 51.156
  7 132.419939  47.784537    49.755    49.768  4 52454.52255125 44.310
  8 132.427802  47.789289    50.598    50.555  3 52489.52252861 42.069
  9 132.426745  47.790663    49.788    49.795  3 52524.52250576 45.801
 10 132.418781  47.782619    49.392    49.136  3 52559.52255380 30.717
 11 132.418871  47.782709    48.270    48.266  3 52594.52255809 27.767
 13 132.421590  47.786856    48.194    48.201  3 52664.52252048 12.347
 14 132.421804  47.785484    48.077    48.019  3 52699.52249424 14.070
 15 132.429802  47.790409    47.937    47.939  3 52734.52252306 32.934
 16 132.426349  47.791507    48.035    47.997  3 52769.52251712 29.932
 17 132.416777  47.782460    50.238    50.258  4 52804.52254666 49.502
 18 132.420449  47.785669    52.952    52.930  3 52839.52260919 52.631
 19 132.421067  47.786089    52.901    52.901  4 52874.52264861 51.302
 21 132.422271  47.786751    50.349    50.378  4 52944.52256063 27.236
 22 132.421176  47.785000    48.607    48.596  3 52979.52261245 27.593
 23 132.423503  47.787689    49.045    49.032  3 53014.52261057 17.545
 24 132.419648  47.784088    49.489    49.519  4 53049.52258282  8.469
 25 132.419891  47.783644    50.078    49.846  3 53084.52261844  7.956
 26 132.417417  47.783067    49.767    49.850  4 53119.52258875 49.415
 27 132.417008  47.781972    53.911    53.912  3 53154.52264074 49.291
 28 132.427432  47.789487    50.892    50.940  3 53189.52263145 29.286
 29 132.426615  47.789953    50.624    50.601  4 53224.52264390 38.819
 30 132.424047  47.788228    51.205    51.205  4 53259.52261856 49.638
 31 132.412560  47.782155    50.183    50.183  3 53294.52264386 38.075
 32 132.423978  47.788750   262.744   262.674  3 53329.52261793 36.072
 33 132.429896  47.791105    48.633    48.652  3 53364.52256896 16.855
 35 132.427770  47.791617    48.658    48.683  3 53434.52258360 11.434
 36 132.417809  47.783162    48.988    48.963  3 53469.52262570 42.511
 37 132.419659  47.785053    50.964    50.977  3 53504.52266869 47.613
 38 132.422265  47.786138    52.100    52.109  4 53539.52266772 52.039
 39 132.423006  47.786023    51.317    51.316  3 53574.52266397 49.242
 40 132.426680  47.791160    50.226    50.198  3 53609.52261510 51.370
 41 132.418567  47.782517    49.747    49.596  3 53644.52261638 30.731
 42 132.420233  47.784147    48.557    48.476  3 53679.52263412 29.062
 43 132.429934  47.790750    48.076    48.023  3 53714.52256328 28.287
 44 132.421441  47.785208    48.775    48.782  4 53749.52247794 13.975
 45 132.426879  47.791292    48.581    48.585  3 53784.52250946 11.310
 46 132.433628  47.790554    48.605    48.584  3 53819.52246961 20.776
 47 132.416858  47.782652    50.047    49.853  4 53854.52255005 29.456
 48 132.427279  47.790769    50.041    50.057  3 53889.52256040 41.643
 49 132.413164  47.782813    51.285    51.140  3 53924.52262576 33.239
 50 132.420037  47.784261    52.256    52.110  4 53959.52261576 51.089
 51 132.417345  47.782930    51.193    51.192  4 53994.52254845 50.350
 52 132.420776  47.785459    50.124    50.078  4 54029.52260683 39.162
 53 132.426496  47.791483    47.937    47.882  3 54064.52260132 33.704
 54 132.427143  47.789526    49.240    49.239  3 54099.52256681 21.363
 55 132.419546  47.783566    49.320    49.337  3 54134.52252504 16.225
 57 132.418728  47.783356    49.323    49.287  4 54204.52252913 38.093
 58 132.423098  47.787300    50.289    50.289  3 54239.52256435 52.005
 59 132.424105  47.786629    50.445    50.471  3 54274.52258103 27.462
 61 132.428706  47.789839    52.085    52.095  3 54344.52255958 50.746
 62 132.420813  47.784564    50.125    50.090  3 54379.52251809 50.686
 63 132.424602  47.788257    48.453    48.472  3 54414.52250745 46.156
 64 132.418801  47.784608    48.944    48.925  4 54449.52248532 28.659
 65 132.424065  47.788431    48.718    48.719  4 54484.52250206 17.363
 66 132.421194  47.785611    48.859    48.845  4 54519.52249898 16.569
 67 132.426110  47.789700    48.963    48.929  3 54554.52251387 37.165
 68 132.421477  47.785784    48.683    48.313  4 54589.52249519 35.481
 69 132.424124  47.787250    49.208    49.187  3 54624.52251232 46.174
 70 132.421330  47.785879    48.800    48.799  4 54659.52252065 52.204
 71 132.425995  47.788359    50.326    50.296  3 54694.52250081 47.780
 72 132.420592  47.785564    50.530    50.546  3 54729.52247527 39.193
 73 132.423050  47.786871    49.539    49.473  3 54764.52247840 48.803
 74 132.418455  47.783153    48.406    48.467  3 54799.52246814 33.572
 75 132.423158  47.788170    48.980    49.003  3 54834.52246981 17.360
 76 132.419911  47.783542    48.977    48.979  4 54869.52246526 11.753
 77 132.424910  47.789718    48.783    48.792  3 54904.52247891  8.094
 78 132.420432  47.785694    50.128    50.124  4 54939.52245712 45.722
 79 132.421405  47.786653    50.477    50.497  3 54974.52248784 54.521
 80 132.423063  47.788733    51.040    51.072  3 55009.52250099 24.530
 81 132.422686  47.787522    53.602    53.602  4 55044.52249109 50.370
 82 132.426604  47.790179    52.834    52.908  3 55079.52246768 30.473
 83 132.421101  47.786374    52.190    52.196  3 55114.52242303 50.055
 84 132.422381  47.787309    49.033    49.060  4 55149.52242300 33.598
 85 132.418956  47.784080    50.557    50.557  4 55184.52240612 37.241
 86 132.423215  47.789053    50.389    50.377  3 55219.52242131 14.568
 87 132.421283  47.785951    50.330    50.358  3 55254.52240221  8.580
 88 132.426157  47.789814    50.233    50.360  4 55289.52241105 22.313
 89 132.421545  47.785914    50.512    50.495  4 55324.52238936 49.372
 90 132.423640  47.787309    51.153    51.160  3 55359.52238725 32.909
 91 132.420591  47.785301    51.038    51.021  3 55394.52239138 50.004
 92 132.422935  47.788864    53.724    53.731  3 55429.52240333 47.247
 93 132.429062  47.791524    50.242    50.251  3 55464.52236600 47.778
