# NaN NaN NaN ;Mean Elev.(m), Avg Gradient(m/km), RMS Gradient(m/km) - SRTM1     
#    4.293  -1.039   2.154 ;Mean Elev.(m), Avg Gradient(m/km), RMS Gradient(m/km) - ASTER GDEM
#   13.119   0.161   0.977 ;Mean Elev.(m), Avg Gradient(m/km), RMS Gradient(m/km) - GMTED2010 
  7    17.735 52466.06520100 29.63 136.796283  49.951131 20.348
  7    17.588 52466.06520165 25.06 136.794863  49.947901 20.348
  7    17.356 52466.06520229 22.56 136.793443  49.944661 20.348
  7    17.026 52466.06520294 20.57 136.792023  49.941431 20.348
  7    17.334 52466.06520358 19.81 136.790613  49.938191 20.348
  7    17.320 52466.06520423 19.97 136.789193  49.934961 20.348
  7    17.344 52466.06520487 21.42 136.787773  49.931721 20.348
  7    17.215 52466.06520552 20.26 136.786353  49.928481 20.348
  7    17.209 52466.06520616 21.03 136.784932  49.925253 15.091
  7    17.119 52466.06520681 20.08 136.783522  49.922013 15.091
  7    17.415 52466.06520745 16.82 136.782102  49.918783 15.091
  7    17.721 52466.06520810 14.57 136.780682  49.915543 15.091
  7    17.894 52466.06520874 16.54 136.779262  49.912303 15.091
  7    17.921 52466.06520938 23.09 136.777852  49.909073 15.091
  7    17.775 52466.06521003 22.21 136.776432  49.905833 15.091
  7    17.799 52466.06521067 24.28 136.775012  49.902603 15.091
 11    15.387 52606.06518127 30.22 136.797954  49.961514 13.858
 11    15.592 52606.06518192 34.22 136.796534  49.958274 13.858
 11    15.705 52606.06518256 37.46 136.795114  49.955044 13.858
 11    15.615 52606.06518321 41.62 136.793694  49.951804 13.858
 11    15.695 52606.06518385 40.78 136.792284  49.948574 13.858
 11    15.713 52606.06518450 42.14 136.790864  49.945334 13.858
 11    15.640 52606.06518514 42.36 136.789444  49.942104 13.858
 11    15.810 52606.06518579 40.34 136.788028  49.938866 23.082
 11    15.770 52606.06518643 40.35 136.786608  49.935626 23.082
 11    15.991 52606.06518708 38.02 136.785188  49.932396 23.082
 11    16.020 52606.06518772 39.03 136.783768  49.929156 23.082
 11    15.857 52606.06518836 38.74 136.782348  49.925926 23.082
 11    15.847 52606.06518901 39.32 136.780938  49.922686 23.082
 11    15.917 52606.06518965 37.40 136.779518  49.919446 23.082
 11    15.881 52606.06519030 38.42 136.778098  49.916216 23.082
 11    15.757 52606.06519094 40.11 136.776688  49.912976 23.082
 11    15.826 52606.06519159 40.27 136.775268  49.909746 23.082
 11    15.821 52606.06519223 37.36 136.773848  49.906506 23.082
 11    15.773 52606.06519288 36.51 136.772438  49.903276 23.082
 12    15.929 52641.06517874 19.55 136.790709  49.930287  5.984
 12    15.906 52641.06517939 16.36 136.789289  49.927047  5.984
 12    15.828 52641.06518003 16.10 136.787869  49.923807  5.984
 12    15.774 52641.06518068 16.53 136.786459  49.920577  5.984
 12    15.764 52641.06518132 17.93 136.785039  49.917337  5.984
 12    15.774 52641.06518197 18.04 136.783619  49.914107  5.984
 12    15.854 52641.06518261 19.01 136.782199  49.910867  5.984
 13    15.484 52676.06516319 16.43 136.797513  49.959543  5.223
 13    15.525 52676.06516384 16.30 136.796093  49.956303  5.223
 13    15.572 52676.06516448 15.45 136.794673  49.953073  5.223
 13    15.560 52676.06516513 15.25 136.793253  49.949833  5.223
 13    15.536 52676.06516577 16.30 136.791833  49.946603  5.223
 13    15.619 52676.06516642 15.72 136.790423  49.943363  5.223
 13    15.718 52676.06516706 15.54 136.789003  49.940123  5.223
 13    15.733 52676.06516770 15.81 136.787583  49.936893  5.223
 13    15.672 52676.06516835 16.65 136.786163  49.933663  5.223
 13    15.698 52676.06516899 17.31 136.784743  49.930423  5.223
 13    15.749 52676.06516964 18.76 136.783333  49.927183  5.223
 13    15.686 52676.06517028 19.59 136.781911  49.923954  9.323
 13    15.703 52676.06517093 19.91 136.780491  49.920714  9.323
 13    15.587 52676.06517157 21.92 136.779081  49.917484  9.323
 13    15.611 52676.06517222 23.21 136.777661  49.914244  9.323
 13    15.663 52676.06517286 22.41 136.776241  49.911004  9.323
 13    15.666 52676.06517351 22.14 136.774821  49.907774  9.323
 13    15.637 52676.06517415 22.14 136.773411  49.904534  9.323
 13    15.608 52676.06517480 21.67 136.771991  49.901304  9.323
 14    15.677 52711.06519302 11.71 136.792178  49.934298  3.477
 14    15.751 52711.06519366 12.07 136.790761  49.931053  6.294
 14    15.704 52711.06519431 12.93 136.789341  49.927823  6.294
 14    15.764 52711.06519495 13.63 136.787921  49.924583  6.294
 14    15.723 52711.06519560 14.91 136.786511  49.921353  6.294
 14    15.688 52711.06519624 15.96 136.785091  49.918113  6.294
 14    15.644 52711.06519689 16.49 136.783671  49.914883  6.294
 14    15.675 52711.06519753 16.45 136.782251  49.911643  6.294
 14    15.704 52711.06519818 16.77 136.780831  49.908413  6.294
 15    16.865 52746.06521511 33.24 136.790540  49.964522 20.833
 15    16.667 52746.06521576 33.08 136.789120  49.961282 20.833
 15    16.760 52746.06521640 29.53 136.787700  49.958052 20.833
 15    16.781 52746.06521705 30.42 136.786280  49.954812 20.833
 15    16.779 52746.06521769 32.12 136.784860  49.951582 20.833
 15    16.982 52746.06521834 32.66 136.783450  49.948342 20.833
 15    17.500 52746.06521898 33.15 136.782030  49.945112 20.833
 15    16.980 52746.06522220 31.42 136.774936  49.928935 29.633
 15    16.895 52746.06522285 33.76 136.773516  49.925695 29.633
 15    16.894 52746.06522349 29.47 136.772096  49.922465 29.633
 15    16.855 52746.06522414 28.36 136.770686  49.919225 29.633
 15    16.848 52746.06522478 27.47 136.769266  49.915985 29.633
 15    16.872 52746.06522543 28.23 136.767846  49.912755 29.633
 15    16.909 52746.06522607 27.99 136.766426  49.909515 29.633
 15    16.943 52746.06522672 29.06 136.765016  49.906285 29.633
 15    17.086 52746.06522736 29.45 136.763596  49.903045 29.633
 15    17.114 52746.06522801 29.92 136.762186  49.899815 29.633
 15    17.113 52746.06522865 30.36 136.760766  49.896575 29.633
 15    17.013 52746.06522930 31.81 136.759346  49.893345 29.633
 15    17.093 52746.06522994 33.95 136.757936  49.890105 29.633
 15    17.094 52746.06523058 34.32 136.756516  49.886865 29.633
 15    17.174 52746.06523123 34.35 136.755106  49.883635 29.633
 15    17.255 52746.06523187 35.89 136.753686  49.880395 29.633
 15    17.180 52746.06523252 39.75 136.752276  49.877165 29.633
 15    17.128 52746.06523316 39.02 136.750856  49.873925 29.633
 16    16.706 52781.06516018 20.84 136.790837  49.924666 18.769
 16    19.555 52781.06516083 19.29 136.789417  49.921436 18.769
 17    16.410 52816.06524085 20.27 136.790288  49.926914 11.982
 17    16.453 52816.06524149 19.37 136.788868  49.923674 11.982
 17    16.729 52816.06524214 17.86 136.787448  49.920444 11.982
 17    16.970 52816.06524278 15.87 136.786028  49.917204 11.982
 17    17.147 52816.06524343 14.51 136.784608  49.913974 11.982
 18    18.487 52851.06529274 17.48 136.789721  49.924747 31.942
 18    18.869 52851.06529339 18.26 136.788301  49.921517 31.942
 18    19.209 52851.06529403 22.12 136.786881  49.918277 31.942
 18    19.153 52851.06529468 22.67 136.785471  49.915037 31.942
 19    20.318 52886.06532032 32.06 136.797035  49.961672 30.399
 19    20.324 52886.06532097 35.90 136.795615  49.958442 30.399
 19    20.214 52886.06532161 36.81 136.794195  49.955202 30.399
 19    20.351 52886.06532226 35.53 136.792775  49.951972 30.399
 19    20.216 52886.06532290 32.94 136.791355  49.948732 30.399
 19    20.348 52886.06532354 29.65 136.789935  49.945502 30.399
 19    20.298 52886.06532419 27.10 136.788525  49.942262 30.399
 19    20.318 52886.06532483 29.24 136.787105  49.939032 30.399
 19    20.298 52886.06532548 33.10 136.785685  49.935792 30.399
 19    20.292 52886.06532612 33.43 136.784265  49.932562 30.399
 19    20.260 52886.06532677 33.29 136.782850  49.929325 25.224
 19    20.395 52886.06532741 32.90 136.781430  49.926085 25.224
 19    20.496 52886.06532806 34.71 136.780010  49.922855 25.224
 19    20.469 52886.06532870 33.42 136.778590  49.919615 25.224
 19    20.496 52886.06532935 35.55 136.777170  49.916375 25.224
 19    20.502 52886.06532999 32.84 136.775760  49.913145 25.224
 19    20.540 52886.06533064 31.01 136.774340  49.909905 25.224
 19    20.419 52886.06533128 31.32 136.772920  49.906675 25.224
 19    20.401 52886.06533193 32.39 136.771510  49.903435 25.224
 19    20.587 52886.06533257 32.35 136.770090  49.900205 25.224
 19    20.665 52886.06533708 41.84 136.760180  49.877555 25.224
 20    20.081 52921.06527569 35.73 136.796892  49.963451 25.989
 20    19.383 52921.06527634 22.45 136.795472  49.960211 25.989
 20    19.470 52921.06527698 21.51 136.794052  49.956981 25.989
 20    19.367 52921.06527763 23.91 136.792632  49.953741 25.989
 20    19.074 52921.06527827 25.08 136.791212  49.950511 25.989
 20    19.265 52921.06527891 23.99 136.789802  49.947271 25.989
 20    18.841 52921.06527956 25.01 136.788382  49.944041 25.989
 20    19.088 52921.06528020 24.51 136.786962  49.940801 25.989
 20    19.054 52921.06528085 26.18 136.785542  49.937561 25.989
 20    18.894 52921.06528149 25.88 136.784122  49.934331 25.989
 20    18.802 52921.06528214 24.26 136.782712  49.931091 25.989
 20    18.478 52921.06528278 23.43 136.781289  49.927862 12.549
 20    18.893 52921.06528343 19.41 136.779869  49.924622 12.549
 20    19.175 52921.06528407 19.53 136.778449  49.921392 12.549
 20    19.250 52921.06528472 18.82 136.777039  49.918152 12.549
 20    19.042 52921.06528536 22.80 136.775619  49.914912 12.549
 20    19.044 52921.06528601 25.45 136.774199  49.911682 12.549
 20    19.468 52921.06528665 22.29 136.772789  49.908442 12.549
 20    19.707 52921.06528730 20.44 136.771369  49.905212 12.549
 20    19.458 52921.06528794 19.90 136.769949  49.901972 12.549
 20    19.557 52921.06528858 18.56 136.768539  49.898742 12.549
 20    20.321 52921.06529245 26.99 136.760039  49.879322 12.549
 20    20.137 52921.06529310 28.81 136.758629  49.876092 12.549
 23    16.794 53026.06522954 13.61 136.790778  49.928451  4.248
 23    16.619 53026.06523018 13.30 136.789368  49.925211  4.248
 23    16.741 53026.06523083 13.25 136.787948  49.921971  4.248
 23    16.763 53026.06523147 12.40 136.786534  49.918742  3.901
 23    16.739 53026.06523212 11.63 136.785114  49.915502  3.901
 23    16.787 53026.06523276 11.57 136.783694  49.912272  3.901
 25    15.986 53096.06526188 13.00 136.791112  49.966217  4.005
 25    16.011 53096.06526252 12.15 136.789692  49.962987  4.005
 25    16.105 53096.06526317  9.91 136.788272  49.959747  4.005
 25    17.312 53096.06526381  7.30 136.786852  49.956517  4.005
 25    16.694 53096.06526446  6.66 136.785432  49.953277  4.005
 25    17.586 53096.06526510  5.69 136.784012  49.950047  4.005
 25    18.472 53096.06526575  5.83 136.782592  49.946807  4.005
 25    19.068 53096.06526639  6.03 136.781182  49.943577  4.005
 25    18.755 53096.06526961  5.80 136.774091  49.927398  2.615
 25    18.551 53096.06527026  5.75 136.772671  49.924158  2.615
 25    17.879 53096.06527090  6.38 136.771251  49.920928  2.615
 25    17.150 53096.06527155  6.15 136.769841  49.917688  2.615
 25    16.781 53096.06527219  6.88 136.768421  49.914448  2.615
 25    17.057 53096.06527284  6.43 136.767001  49.911218  2.615
 25    17.706 53096.06527348  6.16 136.765591  49.907978  2.615
 25    18.274 53096.06527413  5.50 136.764171  49.904748  2.615
 25    18.481 53096.06527477  4.78 136.762751  49.901508  2.615
 25    18.667 53096.06527542  4.90 136.761341  49.898278  2.615
 25    18.777 53096.06527606  4.77 136.759921  49.895038  2.615
 25    18.830 53096.06527671  5.08 136.758511  49.891808  2.615
 25    18.853 53096.06527735  5.07 136.757091  49.888568  2.615
 25    18.911 53096.06527800  5.11 136.755681  49.885338  2.615
 25    18.314 53096.06527864  5.18 136.754261  49.882098  2.615
 25    17.868 53096.06527928  5.76 136.752841  49.878858  2.615
 25    17.647 53096.06527993  5.74 136.751431  49.875628  2.615
 28    18.928 53201.06531266 22.24 136.795320  49.947802 19.055
 28    19.271 53201.06531330 20.95 136.793900  49.944562 19.055
 28    20.028 53201.06531395 23.62 136.792480  49.941332 19.055
 28    19.998 53201.06531459 22.00 136.791070  49.938092 19.055
 28    19.827 53201.06531524 21.75 136.789650  49.934862 19.055
 28    19.249 53201.06531588 22.28 136.788230  49.931626 20.223
 28    19.127 53201.06531653 23.75 136.786810  49.928386 20.223
 28    17.944 53201.06531717 26.91 136.785390  49.925146 20.223
 28    18.091 53201.06531782 26.84 136.783970  49.921916 20.223
 28    18.138 53201.06531846 27.90 136.782560  49.918676 20.223
 28    18.297 53201.06531911 27.33 136.781140  49.915446 20.223
 28    18.353 53201.06531975 27.75 136.779720  49.912206 20.223
 28    18.418 53201.06532040 27.21 136.778300  49.908976 20.223
 28    18.336 53201.06532104 28.23 136.776890  49.905736 20.223
 28    19.140 53201.06532169 30.04 136.775470  49.902506 20.223
 29    19.586 53236.06528566 26.24 136.791021  49.929935 32.704
 29    19.429 53236.06528631 24.10 136.789611  49.926695 32.704
 29    19.786 53236.06528695 24.95 136.788191  49.923465 32.704
 29    19.830 53236.06528759 30.46 136.786771  49.920225 32.704
 29    19.869 53236.06528824 40.16 136.785351  49.916985 32.704
 29    19.883 53236.06528888 46.05 136.783931  49.913755 32.704
 31    17.115 53306.06530349 39.37 136.797461  49.959854 25.677
 31    17.143 53306.06530413 41.32 136.796041  49.956624 25.677
 31    17.259 53306.06530478 44.39 136.794621  49.953384 25.677
 31    17.104 53306.06530542 45.97 136.793201  49.950154 25.677
 31    17.100 53306.06530606 46.16 136.791781  49.946914 25.677
 31    17.176 53306.06530671 43.98 136.790361  49.943684 25.677
 31    17.183 53306.06530735 39.90 136.788941  49.940444 25.677
 31    17.238 53306.06530800 43.89 136.787521  49.937214 25.677
 31    17.185 53306.06530864 46.95 136.786101  49.933974 25.677
 31    17.256 53306.06530929 46.82 136.784691  49.930744 25.677
 31    17.282 53306.06530993 46.08 136.783269  49.927508 18.937
 31    17.305 53306.06531058 36.07 136.781849  49.924268 18.937
 31    17.303 53306.06531122 35.02 136.780429  49.921038 18.937
 31    17.272 53306.06531187 29.28 136.779009  49.917798 18.937
 31    17.331 53306.06531251 24.83 136.777599  49.914568 18.937
 31    17.721 53306.06531316 24.57 136.776179  49.911328 18.937
 31    17.470 53306.06531380 24.27 136.774759  49.908088 18.937
 31    17.514 53306.06531445 24.85 136.773339  49.904858 18.937
 31    17.653 53306.06531509 25.39 136.771929  49.901618 18.937
 32    15.513 53341.06527093 28.48 136.797281  49.961911 17.025
 32    15.736 53341.06527157 29.94 136.795861  49.958671 17.025
 32    15.868 53341.06527222 31.88 136.794441  49.955441 17.025
 32    15.783 53341.06527286 34.81 136.793021  49.952201 17.025
 32    15.797 53341.06527351 37.43 136.791601  49.948971 17.025
 32    15.986 53341.06527415 38.68 136.790181  49.945731 17.025
 32    15.930 53341.06527480 38.81 136.788771  49.942501 17.025
 32    15.882 53341.06527544 35.98 136.787351  49.939261 17.025
 32    15.833 53341.06527609 36.57 136.785931  49.936031 17.025
 32    15.791 53341.06527673 36.10 136.784511  49.932791 17.025
 32    15.801 53341.06527738 42.15 136.783091  49.929561 17.025
 32    15.813 53341.06527802 42.52 136.781675  49.926323 23.367
 32    15.848 53341.06527866 42.79 136.780255  49.923083 23.367
 32    15.841 53341.06527931 42.20 136.778845  49.919853 23.367
 32    15.885 53341.06527995 42.29 136.777425  49.916613 23.367
 32    15.828 53341.06528060 39.38 136.776005  49.913373 23.367
 32    15.787 53341.06528124 37.96 136.774585  49.910143 23.367
 32    15.714 53341.06528189 34.93 136.773175  49.906903 23.367
 32    15.642 53341.06528253 34.20 136.771755  49.903673 23.367
 32    15.487 53341.06528318 31.97 136.770345  49.900433 23.367
 32    17.928 53341.06528769 31.29 136.760425  49.877793 23.367
 33    16.165 53376.06520072 15.35 136.797062  49.962014  4.045
 33    16.304 53376.06520136 15.01 136.795642  49.958774  4.045
 33    16.356 53376.06520201 15.63 136.794222  49.955544  4.045
 33    16.533 53376.06520265 14.69 136.792802  49.952304  4.045
 33    16.545 53376.06520330 15.41 136.791392  49.949074  4.045
 33    16.659 53376.06520394 15.03 136.789972  49.945834  4.045
 33    16.647 53376.06520459 14.61 136.788552  49.942604  4.045
 33    16.634 53376.06520523 15.14 136.787132  49.939364  4.045
 33    16.771 53376.06520587 15.35 136.785712  49.936134  4.045
 33    16.774 53376.06520652 16.04 136.784292  49.932894  4.045
 33    16.748 53376.06520716 18.05 136.782882  49.929654  4.045
 33    16.606 53376.06520781 17.30 136.781466  49.926425  4.748
 33    16.575 53376.06520845 17.57 136.780046  49.923185  4.748
 33    16.616 53376.06520910 16.48 136.778626  49.919955  4.748
 33    16.577 53376.06520974 16.68 136.777216  49.916715  4.748
 33    16.602 53376.06521039 15.64 136.775796  49.913485  4.748
 33    16.520 53376.06521103 16.33 136.774376  49.910245  4.748
 33    16.348 53376.06521168 17.17 136.772966  49.907005  4.748
 33    16.428 53376.06521232 16.46 136.771546  49.903775  4.748
 33    16.578 53376.06521297 17.10 136.770126  49.900535  4.748
 33    16.868 53376.06521748 16.37 136.760226  49.877885  4.748
 34    16.052 53411.06525274 10.24 136.789744  49.925718  2.842
 34    16.009 53411.06525338 10.04 136.788334  49.922478  2.842
 34    16.020 53411.06525403 10.20 136.786914  49.919248  2.842
 34    15.942 53411.06525467 10.38 136.785494  49.916008  2.842
 34    16.046 53411.06525532  9.91 136.784074  49.912768  2.842
 35    16.504 53446.06522727 14.90 136.794621  49.965463  4.894
 35    16.194 53446.06522791 19.79 136.793201  49.962233  4.894
 35    16.173 53446.06522856 16.17 136.791781  49.958993  4.894
 35    15.929 53446.06522920 14.33 136.790361  49.955763  4.894
 35    16.114 53446.06522985 12.12 136.788941  49.952523  4.894
 35    16.405 53446.06523049 11.57 136.787531  49.949293  4.894
 35    16.913 53446.06523113 11.04 136.786111  49.946053  4.894
 35    17.406 53446.06523178 10.57 136.784691  49.942823  4.894
 35    17.593 53446.06523242 10.68 136.783271  49.939583  4.894
 35    17.412 53446.06523307 11.64 136.781851  49.936353  4.894
 35    17.082 53446.06523371 12.13 136.780441  49.933113  4.894
 35    16.769 53446.06523436 11.70 136.779021  49.929873  4.894
 35    16.448 53446.06523500 12.25 136.777598  49.926643  8.248
 35    16.370 53446.06523565 11.98 136.776188  49.923403  8.248
 35    16.171 53446.06523629 12.18 136.774768  49.920173  8.248
 35    16.110 53446.06523694 13.25 136.773348  49.916933  8.248
 35    16.018 53446.06523758 13.54 136.771938  49.913703  8.248
 35    16.006 53446.06523823 14.47 136.770518  49.910463  8.248
 35    16.216 53446.06523887 14.83 136.769098  49.907223  8.248
 35    16.454 53446.06523952 15.56 136.767688  49.903993  8.248
 35    17.600 53446.06524016 16.94 136.766268  49.900753  8.248
 35    17.645 53446.06524080 19.09 136.764858  49.897523  8.248
 35    17.104 53446.06524403 20.41 136.757778  49.881343  8.248
 35    17.097 53446.06524467 20.96 136.756368  49.878103  8.248
 35    17.000 53446.06524532 22.44 136.754948  49.874873  8.248
 36    20.264 53481.06531302 27.90 136.796850  49.958467 29.427
 36    17.338 53481.06531367 31.80 136.795430  49.955237 29.427
 36    17.301 53481.06531431 34.81 136.794010  49.951997 29.427
 36    17.317 53481.06531496 32.77 136.792590  49.948767 29.427
 36    17.176 53481.06531560 32.89 136.791170  49.945527 29.427
 36    17.278 53481.06531625 32.74 136.789750  49.942297 29.427
 36    17.304 53481.06531689 33.63 136.788330  49.939057 29.427
 36    17.207 53481.06531754 31.14 136.786910  49.935827 29.427
 36    17.269 53481.06531818 32.60 136.785493  49.932590 31.920
 36    17.201 53481.06531883 30.73 136.784073  49.929350 31.920
 36    17.173 53481.06531947 29.03 136.782653  49.926120 31.920
 36    17.222 53481.06532011 28.10 136.781243  49.922880 31.920
 36    17.195 53481.06532076 25.46 136.779823  49.919640 31.920
 36    17.315 53481.06532140 26.05 136.778403  49.916410 31.920
 36    17.483 53481.06532205 27.34 136.776983  49.913170 31.920
 36    17.667 53481.06532269 29.48 136.775563  49.909940 31.920
 36    17.595 53481.06532334 33.78 136.774153  49.906700 31.920
 36    17.698 53481.06532398 33.34 136.772733  49.903470 31.920
 37    20.119 53516.06531835 31.26 136.796087  49.951438 24.061
 37    20.093 53516.06531899 24.18 136.794667  49.948208 24.061
 37    19.826 53516.06531964 22.18 136.793247  49.944968 24.061
 37    19.923 53516.06532028 23.81 136.791827  49.941738 24.061
 37    19.887 53516.06532093 24.06 136.790417  49.938498 24.061
 37    19.902 53516.06532157 18.87 136.788997  49.935268 24.061
 37    19.896 53516.06532222 18.50 136.787577  49.932028 24.061
 37    19.814 53516.06532286 22.11 136.786157  49.928788 24.061
 37    19.676 53516.06532351 18.85 136.784736  49.925559 16.408
 37    19.868 53516.06532415 19.05 136.783326  49.922319 16.408
 37    20.013 53516.06532480 19.15 136.781906  49.919089 16.408
 37    19.981 53516.06532544 21.36 136.780486  49.915849 16.408
 37    20.038 53516.06532608 22.48 136.779066  49.912619 16.408
 37    20.108 53516.06532673 20.51 136.777656  49.909379 16.408
 37    20.338 53516.06532737 22.09 136.776236  49.906139 16.408
 37    20.347 53516.06532802 27.79 136.774816  49.902909 16.408
 38    19.773 53551.06533596 42.34 136.795166  49.965191 33.699
 38    19.741 53551.06533660 45.63 136.793746  49.961951 33.699
 38    19.624 53551.06533725 48.01 136.792326  49.958721 33.699
 38    19.656 53551.06533789 45.05 136.790906  49.955481 33.699
 38    19.731 53551.06533854 45.61 136.789486  49.952251 33.699
 38    19.787 53551.06533918 45.18 136.788066  49.949011 33.699
 38    19.785 53551.06533983 44.56 136.786646  49.945781 33.699
 38    19.762 53551.06534047 43.27 136.785236  49.942541 33.699
 38    19.756 53551.06534111 48.02 136.783816  49.939311 33.699
 38    19.779 53551.06534176 44.89 136.782396  49.936071 33.699
 38    19.797 53551.06534240 48.30 136.780976  49.932841 33.699
 38    19.847 53551.06534305 49.50 136.779554  49.929603 36.865
 38    19.892 53551.06534369 48.36 136.778144  49.926363 36.865
 38    19.941 53551.06534434 48.72 136.776724  49.923133 36.865
 38    19.961 53551.06534498 48.53 136.775304  49.919893 36.865
 38    19.959 53551.06534563 46.81 136.773884  49.916663 36.865
 38    20.000 53551.06534627 46.99 136.772474  49.913423 36.865
 38    20.016 53551.06534692 47.69 136.771054  49.910183 36.865
 38    20.045 53551.06534756 46.10 136.769634  49.906953 36.865
 38    20.015 53551.06534821 45.31 136.768224  49.903713 36.865
 38    19.981 53551.06534885 42.77 136.766804  49.900483 36.865
 38    20.002 53551.06534950 45.32 136.765384  49.897243 36.865
 38    20.127 53551.06535272 49.75 136.758304  49.881073 36.865
 38    20.149 53551.06535336 50.14 136.756894  49.877833 36.865
 38    20.172 53551.06535401 49.76 136.755474  49.874593 36.865
 39    18.755 53586.06529578 31.51 136.796623  49.952383 21.315
 39    18.750 53586.06529642 26.15 136.795203  49.949143 21.315
 39    18.563 53586.06529707 21.99 136.793783  49.945913 21.315
 39    18.495 53586.06529771 22.48 136.792363  49.942673 21.315
 39    19.111 53586.06529836 22.15 136.790953  49.939443 21.315
 39    18.403 53586.06529900 21.77 136.789533  49.936203 21.315
 39    18.535 53586.06529965 22.40 136.788113  49.932973 21.315
 39    18.643 53586.06530029 22.93 136.786693  49.929733 21.315
 39    18.498 53586.06530093 22.95 136.785273  49.926493 21.315
 39    18.452 53586.06530158 23.51 136.783860  49.923264 24.817
 39    18.566 53586.06530222 22.47 136.782440  49.920024 24.817
 39    18.533 53586.06530287 22.80 136.781030  49.916794 24.817
 39    18.600 53586.06530351 24.03 136.779610  49.913554 24.817
 39    18.711 53586.06530416 24.99 136.778190  49.910324 24.817
 39    18.667 53586.06530480 26.31 136.776770  49.907084 24.817
 39    18.939 53586.06530545 32.59 136.775360  49.903844 24.817
 40    19.170 53621.06525948 21.70 136.792929  49.937475 11.392
 40    17.808 53621.06526012 21.01 136.791509  49.934235 11.392
 40    17.694 53621.06526077 20.93 136.790089  49.931005 11.392
 40    17.588 53621.06526141 20.88 136.788669  49.927765 11.392
 40    17.572 53621.06526206 21.46 136.787249  49.924535 11.392
 40    17.508 53621.06526270 23.66 136.785829  49.921295 11.392
 40    17.641 53621.06526335 23.54 136.784419  49.918065 11.392
 40    18.064 53621.06526399 22.42 136.782999  49.914825 11.392
 40    18.308 53621.06526464 23.22 136.781579  49.911595 11.392
 40    18.087 53621.06526528 29.95 136.780159  49.908355 11.392
 41    17.382 53656.06528799 18.76 136.793040  49.937975 20.707
 41    17.844 53656.06528863 17.92 136.791620  49.934745 20.707
 41    17.879 53656.06528928 19.17 136.790204  49.931500 14.542
 41    18.077 53656.06528992 18.80 136.788784  49.928270 14.542
 41    17.052 53656.06529057 18.64 136.787364  49.925040 14.542
 41    18.841 53656.06529121 19.77 136.785954  49.921800 14.542
 41    17.334 53656.06529186 18.61 136.784534  49.918560 14.542
 41    17.773 53656.06529250 15.80 136.783114  49.915330 14.542
 41    18.045 53656.06529314 15.81 136.781694  49.912090 14.542
 41    17.941 53656.06529379 15.31 136.780274  49.908860 14.542
 42    15.976 53691.06527300 30.41 136.796825  49.961806 22.874
 42    15.968 53691.06527364 36.63 136.795405  49.958566 22.874
 42    15.925 53691.06527428 38.28 136.793985  49.955336 22.874
 42    15.848 53691.06527493 39.87 136.792565  49.952096 22.874
 42    16.007 53691.06527557 41.38 136.791145  49.948866 22.874
 42    16.002 53691.06527622 38.78 136.789725  49.945626 22.874
 42    15.988 53691.06527686 39.16 136.788315  49.942396 22.874
 42    15.959 53691.06527751 38.90 136.786895  49.939156 22.874
 42    15.928 53691.06527815 36.24 136.785475  49.935926 22.874
 42    15.875 53691.06527880 33.92 136.784055  49.932686 22.874
 42    15.840 53691.06527944 32.44 136.782635  49.929456 22.874
 42    15.794 53691.06528009 32.12 136.781218  49.926219 26.908
 42    15.793 53691.06528073 33.23 136.779798  49.922979 26.908
 42    15.851 53691.06528138 31.50 136.778388  49.919749 26.908
 42    15.853 53691.06528202 31.37 136.776968  49.916509 26.908
 42    15.956 53691.06528267 31.67 136.775548  49.913279 26.908
 42    15.991 53691.06528331 36.92 136.774138  49.910039 26.908
 42    15.972 53691.06528395 32.52 136.772718  49.906799 26.908
 42    15.960 53691.06528460 32.63 136.771298  49.903569 26.908
 42    15.991 53691.06528524 35.06 136.769878  49.900329 26.908
 42    16.049 53691.06528976 36.03 136.759968  49.877679 26.908
 43    16.406 53726.06519654 12.96 136.796025  49.963555  9.040
 43    16.539 53726.06519718 12.90 136.794605  49.960325  9.040
 43    16.537 53726.06519782 11.84 136.793185  49.957085  9.040
 43    16.551 53726.06519847 13.39 136.791765  49.953855  9.040
 43    16.681 53726.06519911 13.43 136.790345  49.950615  9.040
 43    16.840 53726.06519976 11.78 136.788935  49.947385  9.040
 43    16.689 53726.06520040 13.21 136.787515  49.944145  9.040
 43    16.852 53726.06520105 14.38 136.786095  49.940915  9.040
 43    16.719 53726.06520169 20.43 136.784675  49.937675  9.040
 43    16.893 53726.06520234 19.62 136.783255  49.934435  9.040
 43    16.579 53726.06520298 12.72 136.781845  49.931205  9.040
 43    16.664 53726.06520363 11.53 136.780425  49.927965  9.040
 43    16.702 53726.06520427 11.27 136.779013  49.924735  6.511
 43    16.821 53726.06520492 10.58 136.777593  49.921495  6.511
 43    16.823 53726.06520556 11.56 136.776173  49.918265  6.511
 43    16.777 53726.06520621 12.51 136.774763  49.915025  6.511
 43    16.758 53726.06520685 14.18 136.773343  49.911785  6.511
 43    16.738 53726.06520749 14.09 136.771923  49.908555  6.511
 43    16.637 53726.06520814 14.55 136.770513  49.905315  6.511
 43    16.882 53726.06520878 15.10 136.769093  49.902085  6.511
 43    16.977 53726.06520943 19.57 136.767673  49.898845  6.511
 43    16.735 53726.06521330 13.66 136.759183  49.879435  6.511
 43    16.765 53726.06521394 12.72 136.757773  49.876195  6.511
 45    15.846 53796.06516254  9.35 136.796684  49.953535  6.699
 45    16.273 53796.06516318  7.59 136.795264  49.950305  6.699
 45    16.692 53796.06516383  6.87 136.793854  49.947065  6.699
 45    16.981 53796.06516447  6.67 136.792434  49.943835  6.699
 45    17.960 53796.06516512  6.42 136.791014  49.940595  6.699
 45    18.289 53796.06516576  6.26 136.789594  49.937365  6.699
 45    18.253 53796.06516641  5.96 136.788174  49.934125  6.699
 45    17.745 53796.06516705  6.40 136.786754  49.930885  6.699
 45    17.247 53796.06516770  5.79 136.785341  49.927656  2.429
 45    16.945 53796.06516834  6.21 136.783921  49.924416  2.429
 45    16.735 53796.06516899  5.99 136.782501  49.921186  2.429
 45    16.658 53796.06516963  5.74 136.781091  49.917946  2.429
 45    16.917 53796.06517028  5.49 136.779671  49.914716  2.429
 45    17.119 53796.06517092  5.67 136.778251  49.911476  2.429
 45    16.115 53796.06517156  6.14 136.776841  49.908236  2.429
 45    16.568 53796.06517221  5.63 136.775421  49.905006  2.429
 45    16.827 53796.06517285  5.90 136.774001  49.901766  2.429
 47    19.210 53866.06522186 31.96 136.793729  49.941783 12.503
 47    19.259 53866.06522250 27.08 136.792309  49.938553 12.503
 47    17.938 53866.06522314 26.10 136.790889  49.935313 12.503
 47    19.487 53866.06522379 25.03 136.789469  49.932083 12.503
 47    19.769 53866.06522443 23.21 136.788059  49.928843 12.503
 47    19.903 53866.06522508 22.88 136.786639  49.925613 12.503
 47    19.915 53866.06522572 20.67 136.785219  49.922373 12.503
 47    19.699 53866.06522637 20.93 136.783799  49.919143 12.503
 47    19.281 53866.06522701 19.28 136.782378  49.915905 19.498
 47    18.767 53866.06522766 21.53 136.780968  49.912665 19.498
 47    18.459 53866.06522830 27.66 136.779548  49.909435 19.498
 47    18.533 53866.06522895 26.57 136.778128  49.906195 19.498
 47    19.272 53866.06522959 31.43 136.776708  49.902955 19.498
 49    19.486 53936.06528619 50.86 136.792155  49.963845 34.995
 49    19.313 53936.06528683 48.89 136.790735  49.960605 34.995
 49    19.324 53936.06528748 49.23 136.789315  49.957375 34.995
 49    19.378 53936.06528812 48.95 136.787895  49.954135 34.995
 49    19.445 53936.06528877 48.81 136.786475  49.950905 34.995
 49    19.483 53936.06528941 48.37 136.785055  49.947665 34.995
 49    19.458 53936.06529006 47.03 136.783635  49.944435 34.995
 49    19.444 53936.06529070 44.55 136.782215  49.941195 34.995
 49    19.520 53936.06529264 47.89 136.777965  49.931495 34.995
 49    19.562 53936.06529328 48.35 136.776545  49.928255 34.995
 49    19.596 53936.06529393 47.80 136.775125  49.925015 34.995
 49    19.634 53936.06529457 47.76 136.773705  49.921785 34.995
 49    19.657 53936.06529522 48.31 136.772285  49.918545 34.995
 49    19.689 53936.06529586 47.63 136.770872  49.915315 36.091
 49    19.667 53936.06529650 45.36 136.769452  49.912075 36.091
 49    19.700 53936.06529715 47.17 136.768042  49.908845 36.091
 49    19.726 53936.06529779 47.45 136.766622  49.905605 36.091
 49    19.744 53936.06529844 46.08 136.765202  49.902375 36.091
 49    19.715 53936.06529908 47.72 136.763782  49.899135 36.091
 49    19.743 53936.06529973 48.22 136.762372  49.895895 36.091
 49    19.764 53936.06530037 47.26 136.760952  49.892665 36.091
 49    19.788 53936.06530102 49.01 136.759532  49.889425 36.091
 49    19.814 53936.06530166 48.56 136.758122  49.886195 36.091
 49    19.833 53936.06530231 47.94 136.756702  49.882955 36.091
 49    19.856 53936.06530295 47.65 136.755292  49.879725 36.091
 49    19.879 53936.06530360 48.36 136.753872  49.876485 36.091
 49    19.904 53936.06530424 47.16 136.752462  49.873255 36.091
 50    20.773 53971.06525321 41.92 136.794203  49.964328 36.613
 50    20.720 53971.06525385 40.93 136.792793  49.961098 36.613
 50    20.692 53971.06525450 40.67 136.791373  49.957858 36.613
 50    20.609 53971.06525514 36.88 136.789953  49.954628 36.613
 50    20.630 53971.06525578 36.35 136.788533  49.951388 36.613
 50    20.582 53971.06525643 31.07 136.787113  49.948158 36.613
 50    20.720 53971.06525707 31.74 136.785693  49.944918 36.613
 50    20.774 53971.06525772 38.45 136.784273  49.941688 36.613
 50    20.867 53971.06525901 45.13 136.781443  49.935218 36.613
 50    20.882 53971.06525965 43.08 136.780023  49.931978 36.613
 50    20.864 53971.06526030 40.25 136.778603  49.928748 36.613
 50    20.914 53971.06526094 41.01 136.777183  49.925508 36.613
 50    20.934 53971.06526159 40.54 136.775763  49.922278 36.613
 50    20.951 53971.06526223 40.63 136.774353  49.919038 36.613
 50    20.968 53971.06526288 39.14 136.772933  49.915798 36.613
 50    20.989 53971.06526352 36.12 136.771512  49.912568 26.790
 50    21.009 53971.06526417 35.11 136.770102  49.909328 26.790
 50    21.013 53971.06526481 38.58 136.768682  49.906098 26.790
 50    21.024 53971.06526545 40.45 136.767262  49.902858 26.790
 50    21.112 53971.06526610 42.80 136.765852  49.899628 26.790
 50    21.183 53971.06526674 43.66 136.764432  49.896388 26.790
 50    21.222 53971.06526997 31.03 136.757352  49.880208 26.790
 50    21.209 53971.06527061 26.64 136.755942  49.876978 26.790
 50    21.219 53971.06527126 25.23 136.754522  49.873738 26.790
 53    16.262 54076.06525731 22.08 136.797457  49.958168 10.098
 53    16.280 54076.06525795 23.21 136.796037  49.954928 10.098
 53    16.276 54076.06525860 24.46 136.794617  49.951698 10.098
 53    16.455 54076.06525924 25.91 136.793197  49.948458 10.098
 53    16.436 54076.06525989 25.90 136.791777  49.945228 10.098
 53    16.340 54076.06526053 27.51 136.790357  49.941988 10.098
 53    16.359 54076.06526118 23.78 136.788947  49.938758 10.098
 53    16.334 54076.06526182 22.71 136.787527  49.935518 10.098
 53    16.372 54076.06526247 22.49 136.786107  49.932288 10.098
 53    16.404 54076.06526311 25.84 136.784687  49.929048 10.098
 53    16.373 54076.06526376 25.16 136.783267  49.925818 10.098
 53    16.238 54076.06526440 27.01 136.781857  49.922578 10.098
 53    16.286 54076.06526505 27.77 136.780437  49.919348 10.098
 53    16.323 54076.06526569 27.63 136.779021  49.916110  8.671
 53    16.229 54076.06526633 26.38 136.777601  49.912870  8.671
 53    16.145 54076.06526698 26.02 136.776181  49.909640  8.671
 53    15.884 54076.06526762 25.84 136.774771  49.906400  8.671
 53    15.818 54076.06526827 24.54 136.773351  49.903160  8.671
 54    16.341 54111.06519809 18.33 136.792319  49.964173  5.588
 54    16.379 54111.06519873 18.52 136.790899  49.960943  5.588
 54    16.548 54111.06519938 20.02 136.789479  49.957703  5.588
 54    16.490 54111.06520002 19.87 136.788069  49.954473  5.588
 54    16.463 54111.06520067 19.43 136.786649  49.951233  5.588
 54    16.514 54111.06520131 19.44 136.785229  49.948003  5.588
 54    16.471 54111.06520196 18.17 136.783809  49.944763  5.588
 54    16.367 54111.06520260 17.24 136.782389  49.941533  5.588
 54    16.490 54111.06520454 16.72 136.778139  49.931823  5.588
 54    16.501 54111.06520518 16.81 136.776719  49.928593  5.588
 54    16.578 54111.06520582 16.82 136.775309  49.925353  5.588
 54    16.566 54111.06520647 17.61 136.773889  49.922113  5.588
 54    16.636 54111.06520711 17.71 136.772469  49.918883  5.588
 54    16.669 54111.06520776 17.79 136.771059  49.915643  5.588
 54    16.605 54111.06520840 19.12 136.769640  49.912411  5.433
 54    16.595 54111.06520905 18.97 136.768220  49.909171  5.433
 54    16.525 54111.06520969 18.87 136.766810  49.905941  5.433
 54    16.575 54111.06521034 18.71 136.765390  49.902701  5.433
 54    16.512 54111.06521098 19.22 136.763970  49.899471  5.433
 54    16.664 54111.06521163 17.87 136.762560  49.896231  5.433
 54    16.641 54111.06521227 18.27 136.761140  49.892991  5.433
 54    16.516 54111.06521292 17.93 136.759730  49.889761  5.433
 54    16.455 54111.06521356 17.67 136.758310  49.886521  5.433
 54    16.453 54111.06521421 17.83 136.756900  49.883291  5.433
 54    16.609 54111.06521485 16.27 136.755480  49.880051  5.433
 54    16.708 54111.06521549 16.30 136.754070  49.876821  5.433
 54    16.687 54111.06521614 15.94 136.752650  49.873581  5.433
 55    16.044 54146.06520325 14.53 136.790398  49.929179  4.478
 55    16.030 54146.06520389 16.10 136.788978  49.925949  4.478
 55    15.913 54146.06520454 15.90 136.787558  49.922709  4.478
 55    15.826 54146.06520518 17.30 136.786138  49.919479  4.478
 55    15.865 54146.06520583 16.57 136.784718  49.916242  5.213
 55    15.860 54146.06520647 16.47 136.783308  49.913002  5.213
 55    15.723 54146.06520712 17.56 136.781888  49.909772  5.213
 56    16.808 54181.06518440 16.88 136.795157  49.965926  6.452
 56    17.068 54181.06518504 17.05 136.793737  49.962686  6.452
 56    16.917 54181.06518569 17.82 136.792317  49.959456  6.452
 56    16.854 54181.06518633 12.94 136.790897  49.956216  6.452
 56    16.774 54181.06518698 10.93 136.789477  49.952986  6.452
 56    16.744 54181.06518762  9.93 136.788057  49.949746  6.452
 56    17.337 54181.06518827  9.75 136.786647  49.946516  6.452
 56    18.174 54181.06518891  8.92 136.785227  49.943276  6.452
 56    18.721 54181.06518955  8.97 136.783807  49.940046  6.452
 56    18.856 54181.06519020  8.32 136.782387  49.936806  6.452
 56    18.823 54181.06519084  8.16 136.780967  49.933566  6.452
 56    18.786 54181.06519149  7.60 136.779557  49.930336  6.452
 56    18.090 54181.06519213  7.87 136.778137  49.927096  6.452
 56    17.599 54181.06519278  8.57 136.776713  49.923866 11.623
 56    16.381 54181.06519342  8.69 136.775303  49.920626 11.623
 56    16.135 54181.06519407  9.70 136.773883  49.917396 11.623
 56    16.415 54181.06519471 10.71 136.772473  49.914156 11.623
 56    17.138 54181.06519536 10.90 136.771053  49.910926 11.623
 56    17.652 54181.06519600 12.28 136.769633  49.907686 11.623
 56    17.490 54181.06519665 14.06 136.768223  49.904446 11.623
 56    17.245 54181.06519729 16.07 136.766803  49.901216 11.623
 56    16.752 54181.06519794 21.38 136.765383  49.897976 11.623
 56    16.982 54181.06520180 26.99 136.756893  49.878566 11.623
 56    16.869 54181.06520245 22.15 136.755483  49.875326 11.623
 56    16.732 54181.06520309 16.74 136.754063  49.872096 11.623
 57    19.617 54216.06520983 26.52 136.792604  49.936906 19.974
 57    19.954 54216.06521047 27.00 136.791184  49.933666 19.974
 57    19.269 54216.06521112 26.99 136.789774  49.930436 19.974
 57    19.375 54216.06521176 26.11 136.788353  49.927198 21.353
 57    19.268 54216.06521240 26.03 136.786933  49.923958 21.353
 57    19.527 54216.06521305 25.41 136.785513  49.920728 21.353
 57    19.828 54216.06521369 24.00 136.784093  49.917488 21.353
 57    19.268 54216.06521434 25.43 136.782683  49.914258 21.353
 57    19.316 54216.06521498 28.51 136.781263  49.911018 21.353
 57    19.315 54216.06521563 28.51 136.779843  49.907778 21.353
 58    18.872 54251.06523460 41.89 136.794735  49.945741 23.210
 58    18.893 54251.06523524 40.97 136.793315  49.942501 23.210
 58    18.895 54251.06523589 38.39 136.791895  49.939271 23.210
 58    18.856 54251.06523653 36.87 136.790485  49.936031 23.210
 58    18.938 54251.06523718 34.07 136.789065  49.932801 23.210
 58    19.127 54251.06523782 35.01 136.787645  49.929561 23.210
 58    19.139 54251.06523847 35.21 136.786229  49.926332 15.946
 58    19.094 54251.06523911 32.72 136.784809  49.923092 15.946
 58    18.888 54251.06523976 33.21 136.783389  49.919862 15.946
 58    18.812 54251.06524040 32.00 136.781969  49.916622 15.946
 58    19.009 54251.06524104 31.07 136.780549  49.913382 15.946
 58    19.086 54251.06524169 30.40 136.779139  49.910152 15.946
 58    18.805 54251.06524233 29.02 136.777719  49.906912 15.946
 58    19.044 54251.06524298 29.54 136.776299  49.903682 15.946
 59    18.057 54286.06524009 28.06 136.796146  49.950119 16.824
 59    17.226 54286.06524073 24.19 136.794726  49.946889 16.824
 59    17.088 54286.06524138 20.20 136.793316  49.943649 16.824
 59    17.157 54286.06524202 20.00 136.791896  49.940419 16.824
 59    17.304 54286.06524267 19.10 136.790476  49.937179 16.824
 59    17.156 54286.06524331 21.53 136.789056  49.933949 16.824
 59    17.305 54286.06524396 18.12 136.787636  49.930709 16.824
 59    17.111 54286.06524460 18.04 136.786216  49.927469 16.824
 59    17.316 54286.06524525 17.88 136.784800  49.924241 19.315
 59    17.285 54286.06524589 15.99 136.783380  49.921001 19.315
 59    17.421 54286.06524654 16.58 136.781970  49.917771 19.315
 59    18.301 54286.06524718 14.91 136.780550  49.914531 19.315
 59    18.225 54286.06524783 14.30 136.779130  49.911291 19.315
 59    18.110 54286.06524847 16.69 136.777710  49.908061 19.315
 59    18.020 54286.06524912 21.46 136.776300  49.904821 19.315
 59    18.155 54286.06524976 25.57 136.774880  49.901591 19.315
 60    18.523 54321.06523846 21.63 136.794043  49.943216 16.796
 60    18.049 54321.06523910 18.41 136.792633  49.939986 16.796
 60    17.948 54321.06523975 17.89 136.791213  49.936746 16.796
 60    18.062 54321.06524039 17.52 136.789793  49.933516 16.796
 60    18.147 54321.06524103 16.75 136.788373  49.930276 16.796
 60    18.118 54321.06524168 16.91 136.786953  49.927046 16.796
 60    17.770 54321.06524232 17.51 136.785535  49.923808 23.697
 60    18.248 54321.06524297 17.72 136.784125  49.920568 23.697
 60    18.448 54321.06524361 18.20 136.782705  49.917338 23.697
 60    18.694 54321.06524426 16.63 136.781285  49.914098 23.697
 60    18.815 54321.06524490 19.66 136.779865  49.910858 23.697
 60    18.841 54321.06524555 23.18 136.778445  49.907628 23.697
 60    18.758 54321.06524619 28.09 136.777035  49.904388 23.697
 61    18.858 54356.06519554 18.88 136.796334  49.963245 14.727
 61    18.708 54356.06519618 13.72 136.794914  49.960005 14.727
 61    18.617 54356.06519683 15.73 136.793494  49.956775 14.727
 61    18.754 54356.06519747 17.20 136.792074  49.953535 14.727
 61    18.803 54356.06519811 15.61 136.790654  49.950305 14.727
 61    18.426 54356.06519876 16.94 136.789234  49.947065 14.727
 61    18.208 54356.06519940 19.03 136.787824  49.943835 14.727
 61    18.370 54356.06520005 17.82 136.786404  49.940595 14.727
 61    18.606 54356.06520069 21.52 136.784984  49.937365 14.727
 61    18.741 54356.06520134 21.70 136.783564  49.934125 14.727
 61    18.804 54356.06520198 20.60 136.782144  49.930885 14.727
 61    18.786 54356.06520263 19.33 136.780734  49.927655 14.727
 61    18.526 54356.06520327 17.18 136.779314  49.924415 14.727
 61    18.579 54356.06520392 15.45 136.777892  49.921184 16.662
 61    18.609 54356.06520456 16.10 136.776482  49.917944 16.662
 61    18.706 54356.06520521 15.05 136.775062  49.914714 16.662
 61    18.710 54356.06520585 16.23 136.773642  49.911474 16.662
 61    18.693 54356.06520650 16.92 136.772232  49.908244 16.662
 61    18.690 54356.06520714 21.53 136.770812  49.905004 16.662
 61    18.992 54356.06520779 21.81 136.769392  49.901764 16.662
 61    19.114 54356.06520843 24.89 136.767982  49.898534 16.662
 61    19.231 54356.06521230 27.13 136.759492  49.879124 16.662
 61    19.329 54356.06521294 27.53 136.758072  49.875884 16.662
 62    17.193 54391.06517920 30.35 136.794403  49.943074 23.371
 62    17.222 54391.06517984 24.00 136.792983  49.939844 23.371
 62    17.093 54391.06518049 22.12 136.791563  49.936604 23.371
 62    17.097 54391.06518113 22.70 136.790153  49.933374 23.371
 62    16.885 54391.06518178 22.89 136.788733  49.930134 23.371
 62    16.817 54391.06518242 23.03 136.787313  49.926904 23.371
 62    17.038 54391.06518307 22.75 136.785893  49.923664 23.371
 62    16.830 54391.06518371 23.15 136.784473  49.920434 23.371
 62    17.040 54391.06518435 23.90 136.783059  49.917196 10.347
 62    17.749 54391.06518500 23.38 136.781639  49.913956 10.347
 62    18.136 54391.06518564 22.85 136.780229  49.910726 10.347
 62    17.968 54391.06518629 23.33 136.778809  49.907486 10.347
 62    18.071 54391.06518693 22.60 136.777389  49.904246 10.347
 63    15.644 54426.06514613 35.75 136.798649  49.960792 29.469
 63    15.633 54426.06514678 36.44 136.797229  49.957562 29.469
 63    15.661 54426.06514742 43.96 136.795809  49.954322 29.469
 63    15.826 54426.06514807 41.66 136.794389  49.951092 29.469
 63    15.839 54426.06514871 43.37 136.792969  49.947852 29.469
 63    15.845 54426.06514936 45.21 136.791549  49.944622 29.469
 63    15.819 54426.06515000 40.06 136.790129  49.941382 29.469
 63    15.789 54426.06515065 43.59 136.788719  49.938152 29.469
 63    15.831 54426.06515129 41.50 136.787299  49.934912 29.469
 63    15.879 54426.06515194 38.87 136.785879  49.931682 29.469
 63    15.829 54426.06515258 36.84 136.784459  49.928442 29.469
 63    15.822 54426.06515323 37.79 136.783039  49.925202 29.469
 63    15.818 54426.06515387 36.78 136.781629  49.921972 29.469
 63    15.816 54426.06515451 36.68 136.780209  49.918732 29.469
 63    15.800 54426.06515516 35.98 136.778794  49.915502 15.859
 63    15.712 54426.06515580 32.22 136.777374  49.912262 15.859
 63    15.657 54426.06515645 33.06 136.775954  49.909032 15.859
 63    15.713 54426.06515709 30.99 136.774544  49.905792 15.859
 63    15.704 54426.06515774 29.96 136.773124  49.902562 15.859
 64    15.867 54461.06515958 24.03 136.789702  49.924167  8.492
 64    15.498 54461.06516023 25.00 136.788282  49.920937  8.492
 64    15.835 54461.06516087 24.75 136.786860  49.917700  8.004
 65    15.696 54496.06515299 22.79 136.798353  49.959601  4.204
 65    15.680 54496.06515364 22.96 136.796929  49.956366  6.628
 65    15.649 54496.06515428 22.59 136.795519  49.953126  6.628
 65    15.676 54496.06515493 23.70 136.794099  49.949886  6.628
 65    15.734 54496.06515557 23.46 136.792679  49.946656  6.628
 65    15.801 54496.06515622 22.15 136.791259  49.943416  6.628
 65    15.852 54496.06515686 21.48 136.789839  49.940186  6.628
 65    15.896 54496.06515751 20.17 136.788419  49.936946  6.628
 65    15.858 54496.06515815 20.13 136.787009  49.933716  6.628
 65    15.836 54496.06515879 19.65 136.785589  49.930476  6.628
 65    15.862 54496.06515944 19.70 136.784169  49.927246  6.628
 65    15.784 54496.06516008 20.21 136.782749  49.924006  6.628
 65    15.873 54496.06516073 21.01 136.781329  49.920776  6.628
 65    15.833 54496.06516137 21.97 136.779919  49.917536  6.628
 65    15.903 54496.06516202 22.43 136.778499  49.914306  6.628
 65    15.858 54496.06516266 23.42 136.777079  49.911066  6.628
 65    15.847 54496.06516331 23.67 136.775669  49.907826  6.628
 65    15.895 54496.06516395 23.56 136.774249  49.904596  6.628
 66    15.885 54531.06517227 15.66 136.790163  49.925955  7.788
 66    15.760 54531.06517292 16.20 136.788753  49.922725  7.788
 66    15.710 54531.06517356 16.48 136.787333  49.919485  7.788
 66    15.823 54531.06517421 16.40 136.785913  49.916255  7.788
 67    17.055 54566.06515790 31.40 136.795615  49.963734 31.024
 67    16.930 54566.06515854 26.52 136.794194  49.960506 26.768
 67    16.947 54566.06515919 26.42 136.792774  49.957266 26.768
 67    16.940 54566.06515983 23.14 136.791364  49.954036 26.768
 67    16.708 54566.06516048 25.89 136.789944  49.950796 26.768
 67    16.747 54566.06516112 27.32 136.788524  49.947556 26.768
 67    16.954 54566.06516176 29.60 136.787104  49.944326 26.768
 67    17.093 54566.06516241 34.58 136.785684  49.941086 26.768
 67    17.166 54566.06516305 39.69 136.784264  49.937856 26.768
 67    17.167 54566.06516370 37.32 136.782854  49.934616 26.768
 67    16.980 54566.06516434 32.57 136.781434  49.931386 26.768
 67    16.954 54566.06516499 31.61 136.780014  49.928146 26.768
 67    16.957 54566.06516563 29.58 136.778594  49.924916 26.768
 67    16.916 54566.06516628 26.74 136.777184  49.921676 26.768
 67    16.819 54566.06516692 26.50 136.775764  49.918436 26.768
 67    16.800 54566.06516757 23.78 136.774344  49.915206 26.768
 67    17.077 54566.06516821 22.95 136.772934  49.911966 26.768
 67    17.185 54566.06516886 22.79 136.771514  49.908736 26.768
 67    17.218 54566.06516950 24.59 136.770094  49.905496 26.768
 67    17.278 54566.06517015 27.58 136.768684  49.902266 26.768
 67    17.176 54566.06517079 34.02 136.767264  49.899026 26.768
 67    17.265 54566.06517466 37.74 136.758776  49.879612 35.442
 67    17.294 54566.06517530 41.55 136.757356  49.876372 35.442
 67    17.316 54566.06517595 36.08 136.755946  49.873142 35.442
 68    18.902 54601.06516423 18.11 136.793957  49.942642 13.569
 68    19.041 54601.06516488 18.59 136.792537  49.939412 13.569
 68    17.338 54601.06516552 18.87 136.791117  49.936172 13.569
 68    17.616 54601.06516617 18.00 136.789697  49.932942 13.569
 68    17.035 54601.06516681 19.00 136.788277  49.929702 13.569
 68    18.726 54601.06516746 18.38 136.786857  49.926472 13.569
 68    18.955 54601.06516810 18.47 136.785437  49.923232 13.569
 68    19.390 54601.06516875 21.34 136.784027  49.920002 13.569
 68    19.882 54601.06516939 20.02 136.782607  49.916762 13.569
 68    18.318 54601.06517004 21.74 136.781187  49.913532 13.569
 68    18.028 54601.06517068 24.56 136.779767  49.910292 13.569
 68    17.955 54601.06517132 27.03 136.778357  49.907052 13.569
 68    20.644 54601.06517197 27.24 136.776937  49.903822 13.569
 69    17.175 54636.06517352 22.82 136.797753  49.957363 13.990
 69    17.203 54636.06517416 26.22 136.796333  49.954133 13.990
 69    17.033 54636.06517481 26.32 136.794913  49.950893 13.990
 69    16.799 54636.06517545 21.08 136.793493  49.947663 13.990
 69    16.753 54636.06517610 21.25 136.792073  49.944423 13.990
 69    17.192 54636.06517674 16.21 136.790663  49.941193 13.990
 69    17.138 54636.06517739 18.56 136.789243  49.937953 13.990
 69    17.000 54636.06517803 22.22 136.787823  49.934723 13.990
 69    16.927 54636.06517868 22.85 136.786403  49.931483 13.990
 69    16.999 54636.06517932 19.83 136.784983  49.928253 13.990
 69    16.825 54636.06517997 19.98 136.783563  49.925013 13.990
 69    16.810 54636.06518061 18.30 136.782153  49.921783 13.990
 69    16.886 54636.06518125 16.70 136.780733  49.918543 13.990
 69    17.091 54636.06518190 15.42 136.779313  49.915313 13.990
 69    17.723 54636.06518254 13.90 136.777893  49.912073 13.990
 69    17.759 54636.06518319 15.07 136.776483  49.908843 13.990
 69    17.968 54636.06518383 19.68 136.775063  49.905603 13.990
 69    17.924 54636.06518448 24.12 136.773643  49.902363 13.990
 70    17.160 54671.06517702 18.44 136.797470  49.959082 13.299
 70    17.065 54671.06517766 19.43 136.796050  49.955842 13.299
 70    17.102 54671.06517831 24.87 136.794630  49.952612 13.299
 70    16.941 54671.06517895 20.76 136.793210  49.949372 13.299
 70    16.616 54671.06517960 19.92 136.791790  49.946142 13.299
 70    17.153 54671.06518024 15.77 136.790370  49.942902 13.299
 70    17.191 54671.06518088 19.99 136.788960  49.939672 13.299
 70    17.110 54671.06518153 21.28 136.787540  49.936432 13.299
 70    17.253 54671.06518217 21.35 136.786120  49.933202 13.299
 70    16.993 54671.06518282 20.77 136.784700  49.929962 13.299
 70    16.959 54671.06518346 18.27 136.783280  49.926732 13.299
 70    16.905 54671.06518411 17.09 136.781860  49.923492 13.299
 70    16.789 54671.06518475 15.69 136.780450  49.920262 13.299
 70    17.090 54671.06518540 15.39 136.779030  49.917022 13.299
 70    17.164 54671.06518604 14.80 136.777610  49.913792 13.299
 70    17.168 54671.06518669 17.88 136.776200  49.910552 13.299
 70    17.537 54671.06518733 18.82 136.774780  49.907312 13.299
 70    17.754 54671.06518798 21.33 136.773360  49.904082 13.299
 71    17.367 54706.06513832 15.58 136.796986  49.958260 13.953
 71    17.371 54706.06513897 16.98 136.795576  49.955020 13.953
 71    17.395 54706.06513961 23.26 136.794156  49.951790 13.953
 71    17.128 54706.06514026 19.74 136.792736  49.948550 13.953
 71    16.989 54706.06514090 21.33 136.791316  49.945310 13.953
 71    17.333 54706.06514155 20.61 136.789896  49.942080 13.953
 71    17.468 54706.06514219 21.62 136.788476  49.938840 13.953
 71    17.524 54706.06514284 20.79 136.787066  49.935610 13.953
 71    17.349 54706.06514348 22.67 136.785646  49.932370 13.953
 71    17.281 54706.06514413 20.71 136.784226  49.929140 13.953
 71    17.241 54706.06514477 19.87 136.782806  49.925900 13.953
 71    17.080 54706.06514542 18.88 136.781386  49.922670 13.953
 71    17.187 54706.06514606 16.78 136.779976  49.919430 13.953
 71    17.159 54706.06514670 14.36 136.778556  49.916200 13.953
 71    17.670 54706.06514735 14.70 136.777136  49.912960 13.953
 71    17.684 54706.06514799 19.16 136.775726  49.909720 13.953
 71    17.731 54706.06514864 22.08 136.774306  49.906490 13.953
 71    17.864 54706.06514928 23.54 136.772886  49.903250 13.953
 72    17.126 54741.06514592 21.11 136.792018  49.934007 22.620
 72    17.114 54741.06514656 23.85 136.790598  49.930767 22.620
 72    16.969 54741.06514721 24.86 136.789178  49.927537 22.620
 72    16.882 54741.06514785 25.80 136.787758  49.924297 22.620
 72    16.723 54741.06514850 27.33 136.786348  49.921067 22.620
 72    16.399 54741.06514914 27.68 136.784928  49.917827 22.620
 72    17.649 54741.06514979 23.82 136.783508  49.914597 22.620
 72    17.834 54741.06515043 27.98 136.782088  49.911357 22.620
 72    17.974 54741.06515108 34.26 136.780678  49.908127 22.620
 73    16.565 54776.06512026 46.53 136.797195  49.956135 45.646
 73    16.576 54776.06512091 52.27 136.795775  49.952905 45.646
 73    16.692 54776.06512155 52.01 136.794355  49.949665 45.646
 73    16.699 54776.06512219 51.42 136.792935  49.946435 45.646
 73    16.587 54776.06512284 51.00 136.791515  49.943195 45.646
 73    16.542 54776.06512348 48.67 136.790105  49.939965 45.646
 73    16.567 54776.06512413 51.18 136.788685  49.936725 45.646
 73    16.606 54776.06512477 52.26 136.787265  49.933495 45.646
 73    16.653 54776.06512542 49.67 136.785845  49.930255 45.646
 73    16.702 54776.06512606 45.29 136.784425  49.927025 45.646
 73    16.756 54776.06512671 47.73 136.783005  49.923785 45.646
 73    16.800 54776.06512735 44.80 136.781595  49.920555 45.646
 73    16.774 54776.06512800 44.28 136.780175  49.917315 45.646
 73    16.815 54776.06512864 47.22 136.778755  49.914085 45.646
 73    16.850 54776.06512929 49.52 136.777345  49.910845 45.646
 73    16.866 54776.06512993 51.30 136.775925  49.907615 45.646
 73    16.874 54776.06513058 52.46 136.774505  49.904375 45.646
 74    16.131 54811.06514104 17.79 136.790611  49.925107  5.175
 74    16.037 54811.06514168 18.58 136.789201  49.921877  5.175
 74    16.198 54811.06514232 18.46 136.787781  49.918637  5.175
 75    16.317 54846.06511862 14.91 136.797783  49.961537  4.491
 75    16.330 54846.06511927 14.59 136.796363  49.958297  4.491
 75    16.427 54846.06511991 14.49 136.794943  49.955067  4.491
 75    16.469 54846.06512056 14.20 136.793523  49.951827  4.491
 75    16.479 54846.06512120 15.33 136.792103  49.948587  4.491
 75    16.614 54846.06512185 14.74 136.790683  49.945357  4.491
 75    16.574 54846.06512249 13.74 136.789263  49.942117  4.491
 75    16.515 54846.06512314 13.29 136.787853  49.938887  4.491
 75    16.418 54846.06512378 13.43 136.786433  49.935647  4.491
 75    16.441 54846.06512443 13.37 136.785013  49.932417  4.491
 75    16.485 54846.06512507 13.61 136.783593  49.929177  4.491
 75    16.573 54846.06512572 13.54 136.782173  49.925947  4.491
 75    16.545 54846.06512636 13.58 136.780753  49.922707  4.491
 75    16.631 54846.06512701 14.23 136.779343  49.919477  4.491
 75    16.571 54846.06512765 15.65 136.777923  49.916237  4.491
 75    16.627 54846.06512829 15.37 136.776503  49.913007  4.491
 75    16.203 54846.06512894 16.51 136.775093  49.909767  4.491
 75    16.261 54846.06512958 16.41 136.773673  49.906527  4.491
 75    16.191 54846.06513023 16.27 136.772253  49.903297  4.491
 76    16.244 54881.06514085  9.22 136.794487  49.943953  3.012
 76    16.147 54881.06514150  9.53 136.793067  49.940713  3.012
 76    16.154 54881.06514214  9.50 136.791647  49.937483  3.012
 76    16.014 54881.06514278  9.19 136.790227  49.934243  3.012
 76    16.023 54881.06514343  8.95 136.788807  49.931013  3.012
 76    16.083 54881.06514407  8.94 136.787387  49.927773  3.012
 76    16.015 54881.06514472  8.73 136.785977  49.924543  3.012
 76    15.925 54881.06514536  9.18 136.784557  49.921303  3.012
 76    16.073 54881.06514601  9.35 136.783137  49.918073  3.012
 76    15.985 54881.06514665  9.44 136.781717  49.914833  3.012
 76    15.901 54881.06514730 10.08 136.780297  49.911603  3.012
 76    15.729 54881.06514794  9.39 136.778887  49.908363  3.012
 76    15.803 54881.06514859  9.69 136.777467  49.905133  3.012
 76    15.678 54881.06514923  9.68 136.776044  49.901896  3.100
 77    15.815 54916.06512181 13.89 136.793688  49.963348  3.194
 77    16.055 54916.06512246 11.20 136.792278  49.960108  3.194
 77    16.124 54916.06512310 10.69 136.790858  49.956878  3.194
 77    16.337 54916.06512375 10.05 136.789438  49.953638  3.194
 77    16.301 54916.06512439 10.85 136.788018  49.950398  3.194
 77    17.020 54916.06512504  9.83 136.786598  49.947168  3.194
 77    17.477 54916.06512568  9.17 136.785178  49.943928  3.194
 77    16.782 54916.06512633  9.25 136.783768  49.940698  3.194
 77    18.202 54916.06512697  9.01 136.782348  49.937458  3.194
 77    16.547 54916.06512762  9.35 136.780928  49.934228  3.194
 77    16.708 54916.06512826  9.38 136.779508  49.930988  3.194
 77    16.724 54916.06512891  8.57 136.778088  49.927758  3.194
 77    16.476 54916.06512955  8.74 136.776678  49.924518  3.194
 77    16.390 54916.06513019  8.58 136.775258  49.921288  3.194
 77    16.382 54916.06513084  8.44 136.773838  49.918048  3.194
 77    16.326 54916.06513148  9.04 136.772428  49.914818  3.194
 77    16.332 54916.06513213  8.94 136.771008  49.911578  3.194
 77    16.239 54916.06513277  8.81 136.769588  49.908338  3.194
 77    16.225 54916.06513342  9.29 136.768178  49.905108  3.194
 77    16.362 54916.06513406  8.66 136.766758  49.901868  3.194
 77    16.305 54916.06513471  9.48 136.765347  49.898636  3.088
 77    16.519 54916.06513535  9.39 136.763927  49.895396  3.088
 77    16.000 54916.06513858  9.42 136.756847  49.879226  3.088
 77    16.131 54916.06513922  8.79 136.755437  49.875986  3.088
 77    16.357 54916.06513986  8.94 136.754017  49.872746  3.088
 78    18.548 54951.06513309 27.71 136.795156  49.946886 17.219
 78    19.149 54951.06513373 23.32 136.793736  49.943656 17.219
 78    19.070 54951.06513438 23.68 136.792316  49.940416 17.219
 78    19.582 54951.06513502 20.86 136.790906  49.937186 17.219
 78    17.986 54951.06513566 21.21 136.789486  49.933946 17.219
 78    19.419 54951.06513631 19.28 136.788066  49.930716 17.219
 78    19.234 54951.06513695 21.60 136.786646  49.927476 17.219
 78    19.201 54951.06513760 18.85 136.785226  49.924246 17.219
 78    19.663 54951.06513824 18.29 136.783806  49.921006 17.219
 78    19.925 54951.06513889 19.36 136.782396  49.917776 17.219
 78    18.773 54951.06513953 19.96 136.780976  49.914536 17.219
 78    18.961 54951.06514018 21.15 136.779556  49.911296 17.219
 78    18.616 54951.06514082 24.77 136.778136  49.908066 17.219
 78    18.656 54951.06514147 27.29 136.776726  49.904826 17.219
 78    19.394 54951.06514211 31.36 136.775306  49.901596 17.219
 79    18.565 54986.06515666 20.86 136.796521  49.953440 11.503
 79    17.776 54986.06515730 21.46 136.795101  49.950200 11.503
 79    17.598 54986.06515795 24.22 136.793681  49.946970 11.503
 79    17.312 54986.06515859 24.64 136.792271  49.943730 11.503
 79    17.492 54986.06515924 23.14 136.790851  49.940500 11.503
 79    17.704 54986.06515988 21.61 136.789431  49.937260 11.503
 79    17.753 54986.06516052 20.87 136.788011  49.934030 11.503
 79    17.847 54986.06516117 18.58 136.786591  49.930790 11.503
 79    17.684 54986.06516181 18.24 136.785171  49.927560 11.503
 79    17.654 54986.06516246 17.19 136.783751  49.924320 11.503
 79    17.484 54986.06516310 17.98 136.782341  49.921090 11.503
 79    18.381 54986.06516375 15.69 136.780921  49.917850 11.503
 79    18.409 54986.06516439 15.62 136.779501  49.914620 11.503
 79    18.341 54986.06516504 15.11 136.778081  49.911380 11.503
 79    18.062 54986.06516568 17.49 136.776671  49.908150 11.503
 79    18.050 54986.06516633 22.66 136.775251  49.904910 11.503
 79    18.158 54986.06516697 25.52 136.773831  49.901670 11.503
 80    19.595 55021.06515135 25.15 136.794457  49.945425 12.216
 80    19.937 55021.06515200 25.92 136.793037  49.942185 12.216
 80    19.755 55021.06515264 24.60 136.791627  49.938955 12.216
 80    19.413 55021.06515329 17.65 136.790207  49.935715 12.216
 80    19.194 55021.06515393 17.38 136.788787  49.932485 12.216
 80    18.790 55021.06515458 17.39 136.787367  49.929245 12.216
 80    18.705 55021.06515522 17.25 136.785947  49.926015 12.216
 80    19.418 55021.06515587 16.52 136.784527  49.922775 12.216
 80    19.771 55021.06515651 17.20 136.783117  49.919545 12.216
 80    19.750 55021.06515715 20.18 136.781697  49.916305 12.216
 80    19.983 55021.06515780 19.65 136.780277  49.913075 12.216
 80    19.933 55021.06515844 20.93 136.778867  49.909835 12.216
 80    19.835 55021.06515909 19.72 136.777447  49.906595 12.216
 80    20.221 55021.06515973 25.23 136.776027  49.903365 12.216
 81    21.498 55056.06514659 30.21 136.796667  49.953813 12.928
 81    21.740 55056.06514723 34.38 136.795247  49.950573 12.928
 81    21.713 55056.06514787 28.12 136.793827  49.947333 12.928
 81    21.529 55056.06514852 24.72 136.792407  49.944103 12.928
 81    21.579 55056.06514916 24.95 136.790987  49.940863 12.928
 81    21.554 55056.06514981 25.76 136.789577  49.937633 12.928
 81    21.623 55056.06515045 25.39 136.788157  49.934393 12.928
 81    21.604 55056.06515110 24.36 136.786737  49.931163 12.928
 81    21.338 55056.06515174 25.09 136.785317  49.927923 12.928
 81    21.602 55056.06515239 24.63 136.783897  49.924693 12.928
 81    21.612 55056.06515303 24.80 136.782487  49.921453 12.928
 81    21.538 55056.06515368 27.00 136.781067  49.918223 12.928
 81    21.725 55056.06515432 26.86 136.779647  49.914983 12.928
 81    21.782 55056.06515497 27.38 136.778227  49.911753 12.928
 81    21.891 55056.06515561 27.83 136.776817  49.908513 12.928
 81    21.900 55056.06515626 27.78 136.775397  49.905273 12.928
 81    21.910 55056.06515690 27.47 136.773977  49.902043 12.928
 82    21.126 55091.06510281 40.91 136.796033  49.964387 39.955
 82    21.112 55091.06510346 30.33 136.794613  49.961157 39.955
 82    21.023 55091.06510410 28.78 136.793193  49.957920  9.078
 82    20.970 55091.06510474 25.45 136.791773  49.954680  9.078
 82    21.034 55091.06510539 24.59 136.790363  49.951450  9.078
 82    20.758 55091.06510603 24.97 136.788943  49.948210  9.078
 82    20.624 55091.06510668 25.09 136.787523  49.944970  9.078
 82    20.743 55091.06510732 24.64 136.786103  49.941740  9.078
 82    20.928 55091.06510797 24.68 136.784683  49.938500  9.078
 82    20.925 55091.06510861 24.23 136.783263  49.935270  9.078
 82    20.789 55091.06510926 23.97 136.781853  49.932030  9.078
 82    20.720 55091.06510990 24.79 136.780433  49.928800  9.078
 82    20.623 55091.06511055 26.11 136.779013  49.925560  9.078
 82    20.699 55091.06511119 26.95 136.777593  49.922330  9.078
 82    20.765 55091.06511184 27.29 136.776183  49.919090  9.078
 82    20.805 55091.06511248 28.69 136.774763  49.915860  9.078
 82    20.860 55091.06511313 28.21 136.773343  49.912620  9.078
 82    20.803 55091.06511377 29.54 136.771933  49.909390  9.078
 82    21.206 55091.06511441 27.94 136.770513  49.906150  9.078
 82    21.157 55091.06511506 27.88 136.769093  49.902910  9.078
 82    21.366 55091.06511570 25.33 136.767683  49.899680  9.078
 82    21.647 55091.06511957 31.50 136.759186  49.880268 17.618
 82    21.593 55091.06512022 33.54 136.757776  49.877028 17.618
 82    21.725 55091.06512086 31.31 136.756356  49.873788 17.618
 83    20.111 55126.06508847 24.18 136.793546  49.939676 21.066
 83    20.071 55126.06508911 26.69 136.792126  49.936446 21.066
 83    20.260 55126.06508976 22.14 136.790706  49.933206 21.066
 83    19.764 55126.06509040 23.27 136.789286  49.929976 21.066
 83    19.760 55126.06509105 21.74 136.787866  49.926736 21.066
 83    20.123 55126.06509169 18.07 136.786456  49.923506 21.066
 83    20.155 55126.06509234 17.88 136.785036  49.920266 21.066
 83    20.054 55126.06509298 20.14 136.783616  49.917036 21.066
 83    19.419 55126.06509363 21.64 136.782196  49.913796 21.066
 83    19.348 55126.06509427 22.43 136.780786  49.910566 21.066
 83    20.360 55126.06509491 22.18 136.779366  49.907326 21.066
 85    17.703 55196.06508111 13.98 136.790852  49.928096  2.735
 85    17.766 55196.06508176 13.90 136.789432  49.924856  2.735
 85    17.859 55196.06508240 13.72 136.788022  49.921626  2.735
 85    17.833 55196.06508305 13.80 136.786602  49.918386  2.735
 85    17.895 55196.06508369 13.66 136.785182  49.915156  2.735
 86    17.116 55231.06506758  9.65 136.795702  49.963503  3.163
 86    17.155 55231.06506823  9.67 136.794292  49.960273  3.163
 86    17.113 55231.06506887  9.71 136.792872  49.957033  3.163
 86    17.154 55231.06506952  9.63 136.791452  49.953803  3.163
 86    17.246 55231.06507016  9.81 136.790032  49.950563  3.163
 86    17.239 55231.06507081  9.92 136.788612  49.947333  3.163
 86    17.442 55231.06507145  9.86 136.787192  49.944093  3.163
 86    17.260 55231.06507210 10.03 136.785782  49.940863  3.163
 86    17.356 55231.06507274 10.37 136.784362  49.937623  3.163
 86    17.284 55231.06507339 10.80 136.782942  49.934393  3.163
 86    17.146 55231.06507403 10.89 136.781522  49.931153  3.163
 86    17.326 55231.06507467 10.78 136.780102  49.927923  3.163
 86    17.244 55231.06507532 11.05 136.778692  49.924683  3.163
 86    17.275 55231.06507596 10.74 136.777272  49.921453  3.163
 86    17.241 55231.06507661 10.09 136.775852  49.918213  3.163
 86    17.242 55231.06507725 11.05 136.774442  49.914983  3.163
 86    17.353 55231.06507790 10.95 136.773022  49.911743  3.163
 86    17.657 55231.06507854 10.68 136.771602  49.908503  3.163
 86    18.062 55231.06507919 10.46 136.770182  49.905273  3.163
 86    17.881 55231.06507983 10.51 136.768772  49.902033  3.163
 86    17.928 55231.06508048 10.45 136.767350  49.898803  2.587
 86    18.391 55231.06508434  9.34 136.758860  49.879383  2.587
 86    18.058 55231.06508499  9.12 136.757450  49.876153  2.587
 87    17.241 55266.06507392  7.36 136.793409  49.940082  2.758
 87    17.201 55266.06507457  7.40 136.791989  49.936852  2.758
 87    16.744 55266.06507521  8.35 136.790569  49.933612  2.758
 87    16.432 55266.06507586  9.11 136.789149  49.930382  2.758
 87    16.609 55266.06507650  8.13 136.787729  49.927142  2.758
 87    16.603 55266.06507714  7.77 136.786319  49.923912  2.758
 87    16.739 55266.06507779  8.29 136.784899  49.920672  2.758
 87    16.878 55266.06507843  7.99 136.783479  49.917442  2.758
 87    17.639 55266.06507908  7.82 136.782059  49.914202  2.758
 87    18.116 55266.06507972  7.60 136.780639  49.910972  2.758
 87    18.627 55266.06508037  7.79 136.779229  49.907732  2.758
 87    18.785 55266.06508101  7.84 136.777809  49.904492  2.758
 88    16.939 55301.06504910  9.04 136.796075  49.961295  7.130
 88    16.985 55301.06504975  9.63 136.794654  49.958066  8.810
 88    17.101 55301.06505039 12.04 136.793234  49.954826  8.810
 88    16.847 55301.06505104 15.94 136.791824  49.951596  8.810
 88    16.722 55301.06505168 17.92 136.790404  49.948356  8.810
 88    17.521 55301.06505233 15.36 136.788984  49.945116  8.810
 88    18.287 55301.06505297 11.76 136.787564  49.941886  8.810
 88    18.321 55301.06505362 12.19 136.786144  49.938646  8.810
 88    18.467 55301.06505426 10.40 136.784724  49.935416  8.810
 88    18.445 55301.06505491 10.36 136.783314  49.932176  8.810
 88    17.398 55301.06505555 11.20 136.781894  49.928946  8.810
 88    16.819 55301.06505620 15.09 136.780474  49.925706  8.810
 88    16.854 55301.06505684 15.91 136.779054  49.922476  8.810
 88    17.053 55301.06505749 11.39 136.777644  49.919236  8.810
 88    17.117 55301.06505813 10.08 136.776224  49.915996  8.810
 88    17.296 55301.06505877 12.39 136.774804  49.912766  8.810
 88    17.310 55301.06505942 14.48 136.773394  49.909526  8.810
 88    18.223 55301.06506006 12.90 136.771974  49.906296  8.810
 88    18.493 55301.06506071 12.88 136.770554  49.903056  8.810
 88    18.576 55301.06506135 14.97 136.769144  49.899826  8.810
 88    19.802 55301.06506587 11.39 136.759237  49.877171  9.988
 89    19.992 55336.06504601 23.03 136.797518  49.957326 10.076
 89    20.102 55336.06504666 29.23 136.796098  49.954086 10.076
 89    20.067 55336.06504730 29.34 136.794678  49.950856 10.076
 89    19.983 55336.06504795 23.59 136.793258  49.947616 10.076
 89    19.645 55336.06504859 23.88 136.791838  49.944386 10.076
 89    19.976 55336.06504924 22.20 136.790418  49.941146 10.076
 89    20.059 55336.06504988 22.61 136.789008  49.937916 10.076
 89    19.800 55336.06505053 20.31 136.787588  49.934676 10.076
 89    19.966 55336.06505117 19.75 136.786168  49.931446 10.076
 89    19.600 55336.06505182 21.32 136.784748  49.928206 10.076
 89    19.558 55336.06505246 21.46 136.783328  49.924976 10.076
 89    19.773 55336.06505311 20.48 136.781918  49.921736 10.076
 89    20.029 55336.06505375 21.36 136.780498  49.918506 10.076
 89    20.182 55336.06505440 21.85 136.779078  49.915266 10.076
 89    20.266 55336.06505504 23.39 136.777658  49.912036 10.076
 89    20.215 55336.06505568 24.90 136.776248  49.908796 10.076
 89    20.319 55336.06505633 25.19 136.774828  49.905556 10.076
 89    20.457 55336.06505697 28.33 136.773408  49.902326 10.076
 90    18.748 55371.06503810 25.49 136.795352  49.949039 13.990
 90    18.894 55371.06503874 20.97 136.793932  49.945809 13.990
 90    19.471 55371.06503939 20.20 136.792512  49.942569 13.990
 90    20.142 55371.06504003 21.98 136.791102  49.939339 13.990
 90    19.973 55371.06504067 21.25 136.789682  49.936099 13.990
 90    19.686 55371.06504132 19.17 136.788262  49.932869 13.990
 90    19.651 55371.06504196 19.97 136.786842  49.929629 13.990
 90    19.386 55371.06504261 19.51 136.785422  49.926399 13.990
 90    20.075 55371.06504325 17.99 136.784002  49.923159 13.990
 90    19.795 55371.06504390 19.44 136.782592  49.919929 13.990
 90    19.587 55371.06504454 21.22 136.781172  49.916689 13.990
 90    19.519 55371.06504519 19.30 136.779752  49.913449 13.990
 90    18.827 55371.06504583 24.93 136.778342  49.910219 13.990
 90    20.428 55371.06504648 23.86 136.776922  49.906979 13.990
 90    20.209 55371.06504712 27.52 136.775502  49.903749 13.990
 91    19.206 55406.06506129 17.96 136.789690  49.925965 32.510
 91    19.949 55406.06506193 17.92 136.788270  49.922725 32.510
 91    20.084 55406.06506258 20.87 136.786860  49.919495 32.510
 91    19.596 55406.06506322 21.87 136.785440  49.916255 32.510
 91    18.765 55406.06506387 28.89 136.784020  49.913025 32.510
 92    21.350 55441.06505520 35.55 136.797869  49.957108 17.496
 92    21.352 55441.06505584 36.56 136.796449  49.953868 17.496
 92    21.368 55441.06505649 35.27 136.795029  49.950638 17.496
 92    21.338 55441.06505713 25.81 136.793609  49.947398 17.496
 92    21.443 55441.06505778 23.25 136.792189  49.944168 17.496
 92    21.467 55441.06505842 24.59 136.790769  49.940928 17.496
 92    21.468 55441.06505907 26.51 136.789359  49.937698 17.496
 92    21.416 55441.06505971 23.53 136.787939  49.934458 17.496
 92    21.383 55441.06506036 23.64 136.786519  49.931228 17.496
 92    21.307 55441.06506100 23.90 136.785099  49.927988 17.496
 92    21.119 55441.06506165 24.68 136.783679  49.924758 17.496
 92    21.176 55441.06506229 24.76 136.782259  49.921518 17.496
 92    21.353 55441.06506294 25.76 136.780849  49.918288 17.496
 92    21.447 55441.06506358 26.64 136.779429  49.915048 17.496
 92    21.555 55441.06506423 26.30 136.778009  49.911808 17.496
 92    21.667 55441.06506487 28.89 136.776599  49.908578 17.496
 92    21.711 55441.06506552 30.70 136.775179  49.905338 17.496
 92    21.741 55441.06506616 31.74 136.773759  49.902108 17.496
 93    19.401 55476.06499746 27.75 136.796334  49.963406 21.719
 93    18.000 55476.06499811 27.65 136.794914  49.960170  7.517
 93    18.367 55476.06499875 20.58 136.793494  49.956930  7.517
 93    17.967 55476.06499940 20.84 136.792084  49.953700  7.517
 93    17.831 55476.06500004 23.14 136.790664  49.950460  7.517
 93    17.791 55476.06500069 24.42 136.789244  49.947220  7.517
 93    18.003 55476.06500133 23.60 136.787824  49.943990  7.517
 93    17.998 55476.06500198 25.61 136.786404  49.940750  7.517
 93    18.681 55476.06500262 23.08 136.784984  49.937520  7.517
 93    18.768 55476.06500327 22.93 136.783574  49.934280  7.517
 93    18.565 55476.06500391 23.70 136.782154  49.931050  7.517
 93    17.969 55476.06500456 24.94 136.780734  49.927810  7.517
 93    17.950 55476.06500520 24.84 136.779314  49.924580  7.517
 93    17.932 55476.06500585 24.57 136.777904  49.921340  7.517
 93    17.870 55476.06500649 23.51 136.776484  49.918110  7.517
 93    17.931 55476.06500713 23.38 136.775064  49.914870  7.517
 93    18.116 55476.06500778 22.84 136.773654  49.911640  7.517
 93    17.985 55476.06500842 23.39 136.772234  49.908400  7.517
 93    17.932 55476.06500907 24.89 136.770814  49.905160  7.517
 93    18.524 55476.06500971 24.96 136.769404  49.901930  7.517
 93    18.027 55476.06501036 28.31 136.767984  49.898690  7.517
 93    20.769 55476.06501423 29.49 136.759498  49.879279 18.970
 93    20.607 55476.06501487 28.83 136.758078  49.876039 18.970
