-321446.222    41.562     0.00    1.36
-321068.610    41.410    -0.40    1.31
-320690.964    41.232    -0.47    1.20
-320313.284    41.118    -0.30    1.44
-319940.938    40.782    -0.90    1.48
-319569.814    40.496    -0.77    1.29
-319198.657    40.421    -0.20    1.41
-318827.468    40.469     0.13    1.60
-318456.247    40.984     1.39    2.85
-318084.993    41.166     0.49    3.15
-317713.706    41.392     0.61    3.17
-317342.388    40.912    -1.29    3.19
-316971.036    41.200     0.78    4.42
-316599.652    41.749     1.48    5.86
-316228.236    41.350    -1.07    5.94
-315856.787    39.734    -4.35    2.80
-315485.305    39.123    -1.64    1.60
-315113.791    38.856    -0.72    1.27
-314742.244    38.782    -0.20    1.27
-314370.665    39.219     1.17    1.54
-313999.053    41.663     6.57    4.87
-313627.409    45.853    11.27    7.69
-313255.732    52.264    17.24   10.20
-312884.022    58.046    15.55    8.80
-312512.280    59.949     5.12    7.08
-312140.505    58.680    -3.41    7.40
-311768.698    54.836   -10.34    6.18
-311396.857    53.138    -4.57    4.31
-311024.985    55.496     6.34    6.56
-310653.079    61.738    16.78    8.96
-310281.141    69.065    19.69    9.99
-309909.170    75.591    17.54   10.25
-309537.166    79.130     9.51    9.89
-309165.130    82.081     7.93    9.08
-308793.061    83.450     3.68    9.86
-308420.959    82.893    -1.50   10.36
-308048.824    83.277     1.03   10.16
-307676.657    81.752    -4.10    9.47
-307304.457    81.027    -1.95    8.16
-306932.224    79.801    -3.29   10.62
-306559.958    74.025   -15.51   10.43
-306187.659    70.345    -9.88   10.04
-305815.328    66.712    -9.76   11.45
-305442.964    63.290    -9.19   12.30
-305070.567    59.185   -11.02   13.38
-304698.137    54.675   -12.10   13.32
-304325.674    47.894   -18.20   11.06
-303953.179    41.308   -17.68    4.95
-303580.650    38.392    -7.82    3.24
-303208.089    37.663    -1.96    2.28
-302835.495    38.402     1.98    2.71
-302462.868    41.653     8.72    4.57
-302090.208    45.527    10.39    5.46
-301717.515    51.023    14.74    7.30
-301344.789    58.891    21.10    9.94
-300972.030    72.515    36.54   22.55
-300599.238    96.666    64.76   41.55
-300226.413   125.704    77.86   53.83
-299853.555   160.839    94.20   60.97
-299480.664   187.700    72.01   61.56
-299107.741   212.421    66.27   57.81
-298734.784   215.180     7.40   52.20
-298361.794   183.817   -84.06   67.65
-297988.771   138.969  -120.19   67.41
-297615.715    98.383  -108.76   40.20
-297242.626    73.006   -68.00   18.89
-296869.504    64.859   -21.83    8.55
-296496.349    63.264    -4.27    8.97
-296123.161    63.007    -0.69    9.03
-295749.939    60.496    -6.73    8.51
-295376.685    56.738   -10.07    9.58
-295003.397    50.341   -17.13    9.25
-294630.077    44.107   -16.69    5.13
-294256.723    41.948    -5.78    3.49
-293883.336    42.761     2.17    5.27
-293509.916    45.097     6.26    6.53
-293136.463    47.985     7.73    6.02
-292762.976    49.308     3.54    4.32
-292389.456    47.752    -4.16    3.94
-292015.903    45.090    -7.12    4.87
-291642.317    41.538    -9.51    5.53
-291268.698    38.232    -8.84    4.33
-290895.045    36.006    -5.96    4.30
-290521.360    33.553    -6.56    4.02
-290147.641    31.401    -5.76    2.73
-289773.888    30.698    -1.88    3.31
-289400.103    30.534    -0.44    4.27
-289026.284    30.723     0.50    5.16
-288652.431    30.597    -0.34    5.10
-288278.546    29.515    -2.89    3.84
-287904.627    28.777    -1.98    2.15
-287530.675    28.704    -0.19    1.95
-287156.689    28.836     0.35    2.11
-286782.670    28.836     0.00    2.40
-286408.618    28.855     0.05    2.33
-286034.533    28.874     0.05    2.37
-285660.413    28.044    -2.22    1.90
-285286.261    27.642    -1.07    2.35
-284912.075    26.704    -2.51    1.50
-284537.856    26.553    -0.40    2.20
-284163.603    26.377    -0.47    2.17
-283789.317    25.911    -1.24    1.35
-283414.998    25.912     0.00    1.28
-283040.645    25.440    -1.26    1.38
-282666.258    25.025    -1.11    1.21
-282291.838    24.609    -1.11    1.25
-281917.385    24.068    -1.45    1.39
-281542.898    23.823    -0.65    1.38
-281168.377    23.723    -0.27    1.41
-280793.823    23.764     0.11    1.31
-280419.236    23.949     0.49    1.46
-280044.614    23.950     0.00    1.41
-279669.960    24.091     0.38    1.47
-279295.271    24.330     0.64    1.46
-278920.550    24.149    -0.49    1.60
-278545.794    23.855    -0.78    1.52
-278171.005    23.723    -0.35    1.49
-277796.183    23.377    -0.92    1.35
-277421.326    23.364    -0.03    1.34
-277046.436    23.163    -0.54    1.11
-276671.513    22.798    -0.97    1.43
-276296.556    22.856     0.15    1.60
-275921.565    22.675    -0.48    1.61
-275546.540    22.345    -0.88    1.57
-275171.482    22.459     0.30    1.26
-274796.390    22.496     0.10    1.25
-274421.264    22.512     0.04    1.29
-274046.105    22.411    -0.27    1.21
-273670.912    22.232    -0.48    1.01
-273295.685    22.160    -0.19    1.15
-272920.424    22.301     0.38    1.34
-272545.130    22.742     1.17    1.65
-272169.802    22.730    -0.03    1.89
-271794.440    23.044     0.83    2.08
-271419.044    23.097     0.14    1.82
-271043.615    23.025    -0.19    1.86
-270668.151    22.715    -0.83    1.92
-270292.654    22.523    -0.51    1.76
-269917.123    22.327    -0.52    1.47
-269541.558    22.466     0.37    1.60
-269165.959    22.345    -0.32    1.46
-268790.327    22.264    -0.22    1.73
-268414.660    22.251    -0.03    1.88
-268038.960    21.874    -1.00    2.18
-267663.225    21.359    -1.37    2.12
-267287.457    21.205    -0.41    2.38
-266911.655    20.895    -0.83    2.37
-266535.819    21.025     0.35    2.40
-266159.949    20.968    -0.15    2.56
-265784.045    20.094    -2.32    2.57
-265408.107    18.911    -3.15    1.84
-265032.135    18.609    -0.80    1.50
-264656.129    18.550    -0.16    1.43
-264280.088    18.634     0.22    1.40
-263904.014    18.893     0.69    1.37
-263527.906    18.628    -0.70    1.39
-263151.764    18.859     0.61    1.78
-262775.588    19.006     0.39    1.83
-262399.378    19.694     1.83    1.95
-262023.134    19.642    -0.14    1.80
-261646.855    18.912    -1.94    2.16
-261270.543    18.195    -1.91    2.03
-260894.196    17.538    -1.74    1.89
-260517.815    17.403    -0.36    1.85
-260141.401    17.553     0.40    1.82
-259764.952    17.579     0.07    2.00
-259388.469    17.028    -1.46    2.19
-259011.951    16.119    -2.41    2.14
-258635.400    15.930    -0.50    1.96
-258258.814    16.523     1.57    2.12
-257882.194    17.345     2.18    2.27
-257505.540    18.180     2.22    1.91
-257128.852    18.628     1.19    2.55
-256752.129    18.993     0.97    2.47
-256375.373    19.356     0.96    2.23
-255998.582    19.383     0.07    2.32
-255621.756    19.694     0.82    2.32
-255244.897    20.062     0.98    2.80
-254868.003    19.560    -1.33    2.56
-254491.075    19.494    -0.18    2.18
-254114.112    19.334    -0.42    1.81
-253737.116    18.839    -1.31    1.68
-253360.085    18.610    -0.61    1.30
-252983.019    18.377    -0.62    1.22
-252605.919    18.185    -0.51    1.23
-252228.785    18.392     0.55    1.88
-251851.617    18.459     0.18    1.99
-251474.414    18.180    -0.74    2.11
-251097.177    18.055    -0.33    2.19
-250719.905    18.270     0.57    2.32
-250342.599    18.694     1.12    2.65
-249965.258    18.875     0.48    2.80
-249587.883    18.308    -1.50    2.89
-249210.474    17.502    -2.13    2.42
-248833.030    16.890    -1.62    2.29
-248455.551    16.270    -1.64    1.88
-248078.039    15.764    -1.34    1.82
-247700.491    15.523    -0.64    1.64
-247322.909    15.294    -0.61    1.57
-246945.293    15.277    -0.05    1.61
-246567.642    15.858     1.54    1.87
-246189.956    16.200     0.91    2.13
-245812.236    16.430     0.61    2.04
-245434.482    16.642     0.56    1.92
-245061.764    16.084    -1.50    1.60
-244690.743    15.984    -0.27    1.24
-244319.690    16.232     0.67    1.39
-243948.602    16.494     0.71    1.46
-243577.482    17.119     1.68    1.13
-243206.328    17.338     0.59    1.14
-242835.141    17.305    -0.09    1.27
-242463.921    17.023    -0.76    1.55
-242092.667    16.647    -1.01    1.68
-241721.380    16.258    -1.05    1.62
-241350.060    16.157    -0.27    1.56
-240978.706    16.395     0.64    1.57
-240607.319    16.469     0.20    2.26
-240235.898    16.296    -0.47    2.60
-239864.444    16.282    -0.04    2.91
-239492.957    16.138    -0.39    2.75
-239121.436    15.949    -0.51    2.25
-238749.882    15.930    -0.05    1.58
-238378.294    16.549     1.66    1.47
-238006.673    16.912     0.98    1.10
-237635.019    17.264     0.95    1.15
-237263.331    17.203    -0.16    1.22
-236891.609    17.161    -0.11    1.20
-236519.854    17.073    -0.24    1.41
-236148.065    16.874    -0.54    1.45
-235776.243    16.402    -1.27    1.30
-235404.388    16.303    -0.27    1.06
-235032.499    16.349     0.12    1.15
-234660.576    16.852     1.35    1.52
-234288.620    17.025     0.46    1.78
-233916.630    17.062     0.10    1.47
-233544.606    16.984    -0.21    1.29
-233172.549    17.142     0.42    1.33
-232800.459    17.476     0.90    1.86
-232428.335    17.819     0.92    1.91
-232056.177    18.171     0.95    1.98
-231683.985    18.603     1.16    2.23
-231311.760    18.370    -0.63    2.37
-230939.501    17.694    -1.82    2.45
-230567.209    17.345    -0.94    2.41
-230194.883    16.585    -2.04    1.92
-229822.523    16.023    -1.51    1.52
-229450.129    15.527    -1.33    1.11
-229077.702    15.270    -0.69    1.01
-228705.241    15.167    -0.28    1.09
-228332.746    15.375     0.56    1.18
-227960.218    15.680     0.82    1.08
-227587.655    15.875     0.52    1.09
-227215.059    16.110     0.63    1.14
-226842.430    16.221     0.30    1.21
-226469.766    16.496     0.74    1.17
-226097.069    16.621     0.33    1.17
-225724.337    16.798     0.47    1.06
-225351.572    17.079     0.75    1.12
-224978.774    17.486     1.09    1.21
-224605.941    17.779     0.79    1.22
-224233.074    18.038     0.69    1.14
-223860.174    18.303     0.71    1.08
-223487.240    18.573     0.72    1.09
-223114.271    18.727     0.41    1.00
-222741.269    18.785     0.16    0.97
-222368.233    18.708    -0.21    0.95
-221995.163    18.761     0.14    0.98
-221622.059    18.930     0.46    1.01
-221248.922    19.027     0.26    0.96
-220875.750    19.180     0.41    0.86
-220502.544    19.161    -0.05    0.78
-220129.304    19.079    -0.22    0.90
-219756.031    18.949    -0.35    0.96
-219382.723    18.815    -0.36    0.96
-219009.381    18.745    -0.19    0.93
-218636.005    18.690    -0.15    0.97
-218262.596    18.653    -0.10    1.16
-217889.152    18.421    -0.62    1.27
-217515.674    18.167    -0.68    1.32
-217142.162    17.969    -0.53    1.28
-216768.616    17.856    -0.30    1.10
-216395.036    17.819    -0.10    1.16
-216021.421    17.734    -0.23    1.15
-215647.773    17.949     0.58    1.23
-215274.091    17.838    -0.30    1.28
-214900.374    17.821    -0.04    1.18
-214526.623    17.666    -0.41    1.20
-214152.838    17.676     0.03    1.09
-213779.019    17.610    -0.18    1.11
-213405.166    17.752     0.38    1.22
-213031.279    18.100     0.93    1.07
-212657.357    18.383     0.76    1.08
-212283.401    18.413     0.08    1.24
-211909.411    18.327    -0.23    1.20
-211535.387    18.038    -0.77    0.97
-211161.328    17.968    -0.19    1.00
-210787.235    18.116     0.39    1.03
-210413.108    18.050    -0.17    1.32
-210038.947    17.430    -1.66    1.71
-209664.751    16.647    -2.09    1.66
-209290.521    16.221    -1.14    1.49
-208916.257    16.006    -0.58    1.38
-208541.959    16.004    -0.00    1.43
-208167.626    16.449     1.19    1.42
-207793.258    16.911     1.23    1.49
-207418.857    17.221     0.83    1.44
-207044.421    17.723     1.34    1.55
-206669.950    18.216     1.32    2.09
-206295.446    18.119    -0.26    2.09
-205920.906    18.004    -0.31    2.03
-205546.333    17.549    -1.22    1.69
-205171.725    17.004    -1.45    1.68
-204797.082    16.770    -0.63    1.81
-204422.406    16.310    -1.23    1.37
-204047.694    16.076    -0.63    1.13
-203672.948    16.176     0.27    1.07
-203298.168    16.467     0.78    1.28
-202923.353    16.859     1.04    1.23
-202548.504    16.949     0.24    1.27
-202173.620    16.823    -0.34    1.22
-201798.702    16.874     0.13    1.06
-201423.749    17.023     0.40    1.07
-201048.761    17.087     0.17    1.03
-200673.740    17.041    -0.12    1.09
-200298.683    17.041     0.00    1.02
-199923.592    16.803    -0.64    0.96
-199548.466    16.610    -0.52    1.16
-199173.306    16.597    -0.03    1.40
-198798.111    16.421    -0.47    1.23
-198422.881    16.334    -0.23    1.33
-198047.617    16.819     1.29    1.78
-197672.318    17.097     0.74    1.83
-197296.984    16.841    -0.68    1.60
-196921.616    16.742    -0.26    1.62
-196546.213    16.440    -0.80    1.53
-196170.776    16.245    -0.52    1.33
-195795.303    16.353     0.29    1.46
-195419.796    16.458     0.28    1.57
-195044.255    16.392    -0.18    1.35
-194668.678    17.020     1.67    1.90
-194293.067    17.330     0.83    1.80
-193917.421    18.100     2.05    2.22
-193541.740    20.984     7.67    4.69
-193166.024    25.046    10.81    7.61
-192790.274    31.341    16.75    9.36
-192414.489    36.661    14.15    7.30
-192038.669    38.712     5.46    4.47
-191662.814    37.523    -3.16    4.94
-191286.924    34.100    -9.10    5.58
-190910.999    30.149   -10.51    4.02
-190535.040    27.836    -6.15    2.47
-190159.046    26.785    -2.80    1.22
-189783.016    26.583    -0.54    0.93
-189406.952    27.112     1.41    1.47
-189030.853    27.666     1.47    1.67
-188654.719    28.712     2.78    2.12
-188278.550    30.836     5.64    3.07
-187902.347    31.838     2.66    2.92
-187526.108    32.549     1.89    2.58
-187149.834    32.584     0.09    2.72
-186773.525    32.221    -0.96    2.23
-186397.181    32.402     0.48    2.28
-186020.803    33.180     2.07    2.41
-185644.389    33.856     1.80    2.49
-185267.940    35.060     3.20    2.56
-184891.456    36.538     3.92    2.86
-184514.937    37.990     3.86    3.39
-184138.383    40.421     6.45    4.38
-183761.794    44.119     9.82    6.07
-183385.170    49.767    14.99    8.75
-183008.511    61.349    30.74   17.10
-182631.816    74.364    34.55   23.33
-182255.087    92.930    49.27   28.66
-181878.322   113.685    55.08   34.67
-181501.522   129.245    41.29   34.11
-181124.687   134.270    13.33   32.01
-180747.817   120.534   -36.44   26.66
-180370.912   102.185   -48.67   22.89
-179993.972    87.504   -38.94   15.98
-179616.996    74.875   -33.50   13.07
-179239.985    64.499   -27.52   11.16
-178862.939    55.680   -23.38    8.41
-178485.858    50.157   -14.65    3.95
-178108.741    49.167    -2.62    2.72
-177731.589    50.430     3.35    4.34
-177354.402    53.676     8.60    6.48
-176977.179    60.412    17.85    9.09
-176599.922    65.146    12.55    8.10
-176222.629    69.252    10.88    6.71
-175845.300    72.383     8.30    7.60
-175467.936    79.288    18.29   12.05
-175090.537    91.779    33.09   18.79
-174713.103   109.439    46.78   27.67
-174335.633   127.930    48.98   28.01
-173958.128   148.565    54.65   32.65
-173580.587   177.538    76.73   46.07
-173203.011   217.081   104.71   61.31
-172825.400   274.530   152.11   83.57
-172447.753   348.330   195.39   96.81
-172070.071   407.004   155.33   83.34
-171692.353   441.609    91.60   62.37
-171314.600   450.930    24.67   57.24
-170936.811   426.323   -65.12   62.18
-170558.987   402.440   -63.20   54.56
-170185.810   386.345   -43.12   43.50
-169814.893   368.949   -46.89   36.01
-169443.943   362.412   -17.62   46.25
-169072.958   347.555   -40.04   48.14
-168701.939   336.356   -30.18   40.27
-168330.886   332.690    -9.88   33.89
-167959.799   340.200    20.23   41.26
-167588.677   350.153    26.81   50.33
-167217.522   365.238    40.64   54.51
-166846.332   371.073    15.72   51.99
-166475.108   368.636    -6.56   43.44
-166103.849   352.877   -42.44   40.76
-165732.557   332.856   -53.91   43.13
-165361.230   308.171   -66.47   36.28
-164989.869   286.448   -58.49   25.17
-164618.474   272.653   -37.14   26.61
-164247.044   260.377   -33.04   32.57
-163875.581   251.138   -24.87   38.06
-163504.082   230.616   -55.23   41.90
-163132.550   206.793   -64.11   40.78
-162760.983   183.385   -62.99   42.40
-162389.382   157.270   -70.27   28.87
-162017.747   141.021   -43.71   22.73
-161646.077   129.004   -32.33   23.59
-161274.373   119.252   -26.23   28.46
-160902.634   104.515   -39.64   29.77
-160530.861    92.044   -33.54   20.58
-160159.054    91.180    -2.32   27.49
-159787.212    93.296     5.69   36.48
-159415.336    92.227    -2.87   42.07
-159043.425    84.353   -21.17   38.07
-158671.480    69.621   -39.60   26.82
-158299.501    59.690   -26.70   12.44
-157927.487    61.046     3.64   16.49
-157555.438    72.948    31.99   26.43
-157183.355    81.190    22.15   25.85
-156811.238    90.180    24.16   23.69
-156439.086    94.486    11.57   21.80
-156066.899    86.413   -21.69   19.30
-155694.678    74.257   -32.65   15.65
-155322.422    66.549   -20.70   13.73
-154950.132    59.459   -19.04   11.16
-154577.808    53.002   -17.34    7.47
-154205.448    51.412    -4.27    5.71
-153833.054    53.448     5.47    6.88
-153460.626    56.484     8.15    6.47
-153088.163    57.294     2.17    5.98
-152715.665    54.788    -6.73    6.07
-152343.132    51.345    -9.24    5.10
-151970.565    50.502    -2.26    5.03
-151597.964    50.892     1.05    6.08
-151225.327    51.239     0.93    5.88
-150852.656    50.338    -2.42    5.91
-150479.950    48.745    -4.27    5.46
-150107.210    46.730    -5.40    5.19
-149734.435    44.512    -5.95    4.47
-149361.625    41.949    -6.87    3.50
-148988.780    39.838    -5.66    3.30
-148615.900    37.782    -5.51    2.62
-148242.986    36.469    -3.52    2.45
-147870.037    35.203    -3.39    2.02
-147497.053    34.244    -2.57    1.81
-147124.035    33.180    -2.85    1.60
-146750.981    32.245    -2.51    1.74
-146377.893    31.375    -2.33    1.54
-146004.770    30.841    -1.43    1.35
-145631.612    30.449    -1.05    1.18
-145258.420    30.073    -1.01    1.14
-144885.192    29.565    -1.36    1.22
-144511.929    29.319    -0.66    1.32
-144138.632    28.912    -1.09    1.54
-143765.300    28.560    -0.94    1.46
-143391.932    28.221    -0.91    1.80
-143018.530    27.749    -1.27    1.78
-142645.093    26.930    -2.19    1.63
-142271.621    26.430    -1.34    1.68
-141898.114    25.730    -1.87    1.74
-141524.572    24.950    -2.09    1.59
-141150.995    24.752    -0.53    1.36
-140777.383    24.296    -1.22    1.34
-140403.736    23.805    -1.31    1.54
-140030.054    23.227    -1.55    1.49
-139656.337    22.603    -1.67    1.25
-139282.585    22.038    -1.51    1.20
-138908.798    21.579    -1.23    1.32
-138534.976    20.984    -1.59    1.52
-138161.119    20.277    -1.89    1.43
-137787.226    19.467    -2.16    1.71
-137413.299    17.727    -4.65    2.52
-137039.336    16.190    -4.11    2.44
-136665.339    14.785    -3.76    1.90
-136291.306    13.858    -2.48    1.17
-135917.238    13.874     0.04    1.13
-135543.135    13.856    -0.05    1.15
-135168.996    13.730    -0.34    1.15
-134794.823    13.661    -0.18    1.12
-134420.614    13.538    -0.33    1.07
-134046.370    13.411    -0.34    1.16
-133672.091    13.413     0.00    1.46
-133297.777    13.208    -0.55    1.47
-132923.427    13.116    -0.25    1.49
-132549.042    13.002    -0.30    1.56
-132174.622    12.757    -0.65    1.46
-131800.167    12.712    -0.12    1.23
-131425.676    12.642    -0.19    1.18
-131051.150    12.476    -0.44    1.09
-130676.589    12.319    -0.42    1.20
-130301.992    11.911    -1.09    1.31
-129927.360    11.294    -1.65    1.16
-129552.693    11.003    -0.78    1.20
-129177.990    11.185     0.49    1.44
-128803.252    11.430     0.65    1.56
-128428.479    11.967     1.43    1.60
-128053.670    12.353     1.03    1.41
-127678.826    12.395     0.11    1.28
-127303.946    12.541     0.39    1.32
-126929.031    12.591     0.13    1.42
-126554.081    12.520    -0.19    1.51
-126179.095    12.319    -0.53    1.66
-125804.074    11.948    -0.99    1.66
-125429.017    11.680    -0.71    1.57
-125053.924    11.466    -0.57    1.37
-124678.796    11.208    -0.69    1.28
-124303.633    11.190    -0.05    1.25
-123928.434    10.984    -0.55    0.94
-123553.200    10.782    -0.54    0.88
-123177.930    10.895     0.30    1.14
-122802.624    10.836    -0.16    1.11
-122427.283    10.716    -0.32    1.17
-122051.906    10.695    -0.06    1.23
-121676.494    10.591    -0.28    1.27
-121301.046    10.412    -0.48    1.31
-120925.563    10.038    -1.00    1.49
-120550.043     9.308    -1.94    1.69
-120174.489     8.801    -1.35    1.83
-119798.898     8.002    -2.13    1.74
-119423.272     7.719    -0.75    1.63
-119047.610     7.841     0.33    1.61
-118671.913     7.764    -0.21    1.46
-118296.180     7.966     0.54    1.29
-117920.411     8.109     0.38    1.29
-117544.606     8.421     0.83    1.23
-117168.766     8.359    -0.17    1.28
-116792.889     8.383     0.06    1.19
-116416.978     8.323    -0.16    1.11
-116041.030     8.353     0.08    1.19
-115665.046     8.349    -0.01    1.29
-115289.027     8.349     0.00    1.33
-114912.972     8.367     0.05    1.37
-114536.881     8.270    -0.26    1.35
-114160.755     8.439     0.45    1.18
-113784.592     8.858     1.11    1.15
-113408.394     8.796    -0.16    1.14
-113032.159     8.966     0.45    1.17
-112655.889     9.003     0.10    1.17
-112279.583     9.038     0.09    1.37
-111903.241     9.252     0.57    1.38
-111526.863     9.208    -0.12    1.25
-111150.449     9.180    -0.07    1.30
-110774.000     9.030    -0.40    1.27
-110397.514     8.948    -0.22    1.43
-110020.992     8.986     0.10    1.45
-109644.434     8.788    -0.53    1.23
-109267.841     8.698    -0.24    1.25
-108891.211     8.658    -0.11    1.08
-108514.545     8.680     0.06    1.05
-108137.844     8.757     0.20    1.06
-107761.106     8.658    -0.26    1.16
-107384.332     8.764     0.28    1.30
-107007.522     8.609    -0.41    1.18
-106630.676     8.730     0.32    1.06
-106253.794     8.767     0.10    1.00
-105876.876     9.094     0.87    0.96
-105499.922     9.315     0.59    1.17
-105122.932     9.716     1.06    1.23
-104745.905    10.023     0.81    1.17
-104368.842    10.484     1.22    1.45
-103991.744    10.541     0.15    1.52
-103614.609    10.439    -0.27    1.36
-103237.437    10.091    -0.92    1.36
-102860.230     9.834    -0.68    1.26
-102482.986     9.913     0.21    1.17
-102105.707     9.874    -0.10    1.13
-101728.391     9.788    -0.23    1.00
-101351.038     9.805     0.05    1.06
-100973.650     9.785    -0.05    1.10
-100596.225     9.823     0.10    1.12
-100218.764     9.950     0.33    1.20
 -99841.266    10.264     0.83    1.26
 -99463.733    10.239    -0.06    1.33
 -99086.163    10.041    -0.52    1.36
 -98708.556     9.858    -0.49    1.25
 -98330.914     9.621    -0.63    1.07
 -97953.235     9.439    -0.48    0.96
 -97575.519     9.546     0.28    1.09
 -97197.767     9.421    -0.33    1.17
 -96819.979     9.523     0.27    1.27
 -96442.155     9.609     0.23    1.16
 -96064.293     9.894     0.75    0.98
 -95686.396    10.039     0.38    0.90
 -95312.674     9.930    -0.29    0.93
 -94941.864     9.761    -0.46    0.94
 -94571.019     9.502    -0.70    0.95
 -94200.140     9.392    -0.30    1.07
 -93829.225     9.073    -0.86    1.12
 -93458.275     8.949    -0.33    1.22
 -93087.290     9.021     0.19    1.29
 -92716.270     9.185     0.44    1.29
 -92345.216     9.413     0.61    1.37
 -91974.126     9.749     0.91    1.47
 -91603.000     9.782     0.09    1.52
 -91231.840     9.039    -2.00    1.83
 -90860.645     8.467    -1.54    1.72
 -90489.415     7.752    -1.93    1.47
 -90118.149     7.411    -0.92    1.23
 -89746.848     7.466     0.15    1.16
 -89375.513     7.440    -0.07    1.09
 -89004.142     7.562     0.33    0.86
 -88632.735     7.549    -0.04    0.93
 -88261.294     7.345    -0.55    0.99
 -87889.818     7.091    -0.68    1.04
 -87518.306     7.058    -0.09    1.02
 -87146.759     7.112     0.15    1.11
 -86775.176     7.393     0.76    1.09
 -86403.559     7.549     0.42    0.95
 -86031.906     7.661     0.30    1.16
 -85660.218     8.002     0.92    1.19
 -85288.495     8.289     0.77    1.19
 -84916.736     8.466     0.48    1.16
 -84544.942     8.767     0.81    1.24
 -84173.113     8.823     0.15    1.14
 -83801.249     8.663    -0.43    1.05
 -83429.349     8.785     0.33    0.95
 -83057.413     8.788     0.01    0.84
 -82685.443     8.690    -0.26    0.85
 -82313.437     8.512    -0.48    0.90
 -81941.395     8.467    -0.12    0.88
 -81569.319     8.698     0.62    1.01
 -81197.206     8.949     0.67    0.93
 -80825.059     9.323     1.00    1.29
 -80452.876     9.712     1.04    1.60
 -80080.657     9.788     0.20    1.80
 -79708.403     9.650    -0.37    1.80
 -79336.114     9.494    -0.42    1.65
 -78963.789     9.216    -0.75    1.45
 -78591.428     9.044    -0.46    0.95
 -78219.032     9.091     0.13    0.93
 -77846.601     9.103     0.03    1.02
 -77474.134     9.123     0.05    1.03
 -77101.631     8.985    -0.37    0.97
 -76729.093     8.913    -0.19    0.96
 -76356.520     9.134     0.59    0.96
 -75983.910     9.109    -0.07    0.97
 -75611.266     8.912    -0.53    0.97
 -75238.585     8.893    -0.05    1.09
 -74865.869     8.966     0.20    1.17
 -74493.117     9.142     0.47    1.16
 -74120.330     9.180     0.10    1.13
 -73747.507     9.100    -0.22    1.05
 -73374.649     8.839    -0.70    0.89
 -73001.754     8.745    -0.25    1.01
 -72628.824     8.694    -0.14    0.96
 -72255.859     8.755     0.16    0.97
 -71882.857     8.634    -0.32    1.00
 -71509.820     8.821     0.50    1.12
 -71136.747     8.855     0.09    1.16
 -70763.639     8.984     0.35    1.18
 -70390.494     9.161     0.47    1.17
 -70017.314     9.288     0.34    0.98
 -69644.098     9.252    -0.10    0.88
 -69270.846     9.270     0.05    0.90
 -68897.559     9.252    -0.05    0.90
 -68524.236     9.185    -0.18    0.97
 -68150.876     9.127    -0.16    0.92
 -67777.481     9.251     0.33    0.96
 -67404.050     9.323     0.19    1.02
 -67030.584     9.527     0.54    1.16
 -66657.081     9.808     0.75    1.21
 -66283.543    10.167     0.96    1.25
 -65909.968    10.579     1.10    1.19
 -65536.358    10.856     0.74    1.21
 -65162.712    11.145     0.77    1.26
 -64789.029    11.039    -0.28    1.31
 -64415.311    11.171     0.35    1.53
 -64041.557    11.377     0.55    1.59
 -63667.767    11.634     0.69    1.89
 -63293.941    11.502    -0.35    1.87
 -62920.079    11.467    -0.09    1.56
 -62546.181    11.520     0.14    1.40
 -62172.247    12.038     1.38    1.29
 -61798.277    12.149     0.30    1.36
 -61424.270    12.299     0.40    1.36
 -61050.228    12.949     1.74    1.92
 -60676.150    13.983     2.76    2.71
 -60302.035    14.969     2.63    2.79
 -59927.885    15.609     1.71    2.74
 -59553.698    15.838     0.61    2.78
 -59179.475    15.663    -0.47    2.54
 -58805.217    15.658    -0.01    2.31
 -58430.922    15.676     0.05    2.03
 -58056.590    15.966     0.78    1.76
 -57682.223    15.912    -0.14    1.56
 -57307.819    15.755    -0.42    1.38
 -56933.380    15.853     0.26    1.31
 -56558.904    15.895     0.11    1.22
 -56184.392    16.021     0.34    1.16
 -55809.843    16.021     0.00    1.25
 -55435.259    16.088     0.18    1.21
 -55060.638    15.913    -0.47    1.17
 -54685.980    15.716    -0.52    1.04
 -54311.287    15.653    -0.17    1.12
 -53936.557    15.645    -0.02    1.12
 -53561.791    15.584    -0.16    1.05
 -53186.989    15.770     0.49    0.97
 -52812.150    15.767    -0.01    1.05
 -52437.275    15.527    -0.64    0.98
 -52062.364    15.562     0.09    1.01
 -51687.416    15.538    -0.07    1.02
 -51312.432    16.038     1.33    1.25
 -50937.411    16.757     1.92    1.20
 -50562.354    17.264     1.35    1.20
 -50187.261    18.076     2.17    1.58
 -49812.131    18.609     1.42    2.00
 -49436.965    19.073     1.24    1.88
 -49061.762    18.913    -0.43    1.97
 -48686.523    18.167    -1.99    1.96
 -48311.248    17.039    -3.00    1.89
 -47935.936    15.520    -4.05    1.91
 -47560.587    14.238    -3.41    1.63
 -47185.202    13.234    -2.67    1.45
 -46809.780    12.458    -2.07    1.17
 -46434.322    12.229    -0.61    1.12
 -46058.827    12.790     1.50    2.07
 -45683.296    13.805     2.70    2.62
 -45307.728    14.913     2.95    3.29
 -44932.124    15.911     2.66    4.13
 -44556.483    15.755    -0.42    4.17
 -44180.805    15.603    -0.40    4.44
 -43805.091    14.860    -1.98    4.72
 -43429.340    14.163    -1.86    4.93
 -43053.552    14.663     1.33    5.58
 -42677.728    15.690     2.73    5.99
 -42301.867    16.967     3.40    6.82
 -41925.969    15.252    -4.56    7.30
 -41550.035    12.527    -7.25    6.97
 -41174.064     9.395    -8.33    4.34
 -40798.056     7.494    -5.05    1.07
 -40422.011     7.474    -0.05    1.20
 -40045.930     8.229     2.01    1.90
 -39669.812     8.716     1.30    2.09
 -39293.657     9.109     1.04    2.25
 -38917.466     8.680    -1.14    2.54
 -38541.237     7.555    -2.99    2.33
 -38164.972     6.859    -1.85    1.68
 -37788.670     6.645    -0.57    1.50
 -37412.331     6.913     0.71    1.52
 -37035.955     7.055     0.38    1.34
 -36659.543     7.264     0.55    1.29
 -36283.093     7.176    -0.23    1.37
 -35906.607     6.930    -0.65    1.29
 -35530.084     6.628    -0.80    1.15
 -35153.523     6.895     0.71    1.31
 -34776.926     7.185     0.77    1.17
 -34400.292     7.149    -0.10    1.27
 -34023.621     7.305     0.42    1.37
 -33646.913     6.967    -0.90    1.37
 -33270.168     6.591    -1.00    1.38
 -32893.386     6.527    -0.17    1.38
 -32516.567     6.246    -0.74    1.30
 -32139.711     5.986    -0.69    1.47
 -31762.818     5.858    -0.34    1.44
 -31385.888     5.983     0.33    1.38
 -31008.921     5.803    -0.48    1.19
 -30631.917     6.106     0.80    1.28
 -30254.876     6.680     1.52    1.30
 -29877.798     7.145     1.23    1.36
 -29500.682     7.805     1.75    1.34
 -29123.530     7.948     0.38    1.42
 -28746.340     8.145     0.52    1.34
 -28369.113     8.097    -0.13    1.30
 -27991.849     7.788    -0.82    1.26
 -27614.548     7.488    -0.79    1.19
 -27237.210     7.395    -0.25    1.26
 -26859.834     6.949    -1.18    1.06
 -26482.421     6.749    -0.53    1.07
 -26104.971     6.877     0.34    1.20
 -25727.484     7.023     0.39    1.28
 -25349.960     7.474     1.20    1.31
 -24972.398     7.639     0.44    1.20
 -24594.799     7.334    -0.81    1.25
 -24217.163     7.039    -0.78    1.20
 -23839.489     6.948    -0.24    1.13
 -23461.779     6.893    -0.15    1.06
 -23084.030     6.839    -0.14    1.08
 -22706.245     7.091     0.67    1.23
 -22328.422     7.200     0.29    1.10
 -21950.562     7.038    -0.43    1.34
 -21572.664     6.930    -0.28    1.43
 -21194.729     6.246    -1.81    1.57
 -20816.757     5.573    -1.78    1.63
 -20442.393     5.502    -0.19    1.58
 -20071.688     5.788     0.77    1.82
 -19700.947     5.817     0.08    1.84
 -19330.171     5.913     0.26    1.88
 -18959.358     5.967     0.15    1.92
 -18588.509     5.913    -0.15    1.76
 -18217.625     6.338     1.15    1.64
 -17846.704     6.609     0.73    1.74
 -17475.748     7.073     1.25    2.18
 -17104.756     7.334     0.70    2.19
 -16733.727     7.246    -0.24    2.03
 -16362.663     6.716    -1.43    1.65
 -15991.562     6.413    -0.82    1.24
 -15620.426     5.838    -1.55    2.12
 -15249.254     4.597    -3.34    2.57
 -14878.045     3.494    -2.97    2.11
 -14506.801     2.879    -1.66    1.44
 -14135.520     2.666    -0.57    1.46
 -13764.203     3.073     1.10    1.43
 -13392.851     2.036    -2.79    2.39
 -13021.462     0.755    -3.45    2.82
 -12650.037     0.359    -1.07    2.84
 -12278.576     0.734     1.01    2.89
 -11907.078     1.966     3.32    2.49
 -11535.545     2.986     2.74    1.50
 -11163.976     2.983    -0.01    1.32
 -10792.370     2.858    -0.34    1.30
 -10420.728     2.860     0.01    1.27
 -10049.050     2.853    -0.02    1.36
  -9677.336     2.448    -1.09    1.81
  -9305.585     1.474    -2.62    2.45
  -8933.798     0.323    -3.10    2.61
  -8561.975    -0.766    -2.93    2.09
  -8190.116    -1.088    -0.87    1.89
  -7818.220    -0.462     1.68    2.36
  -7446.289     0.634     2.95    2.78
  -7074.320     1.860     3.30    2.86
  -6702.316     3.006     3.08    2.62
  -6330.275     3.878     2.34    1.81
  -5958.198     4.142     0.71    1.21
  -5586.085     3.752    -1.05    1.83
  -5213.935     3.716    -0.10    2.18
  -4841.749     3.609    -0.29    2.23
  -4469.526     3.530    -0.21    2.09
  -4097.267     4.112     1.56    1.40
  -3724.972     3.930    -0.49    1.43
  -3352.640     3.658    -0.73    1.45
  -2980.272     3.984     0.88    1.47
  -2607.867     4.257     0.73    1.34
  -2235.426     4.158    -0.27    1.36
  -1862.948     4.221     0.17    1.47
  -1490.434     3.474    -2.01    2.17
  -1117.883     2.145    -3.57    2.77
   -745.296     0.984    -3.12    2.81
   -372.673     0.367    -1.66    2.25
     -0.013     0.913     1.46    2.48
    372.684     1.984     2.87    2.53
    745.417     2.449     1.25    2.49
   1118.187     2.591     0.38    2.75
   1490.994     2.738     0.39    2.95
   1863.837     3.316     1.55    2.96
   2236.716     2.749    -1.52    3.17
   2609.632     3.229     1.29    2.91
   2982.585     2.930    -0.80    2.68
   3355.575     3.109     0.48    2.29
   3728.601     3.788     1.82    1.49
   4101.664     4.041     0.68    1.59
   4474.763     4.877     2.24    1.68
   4847.899     5.616     1.98    1.60
   5221.072     6.145     1.42    1.45
   5594.282     6.987     2.26    2.13
   5967.528     6.702    -0.76    2.37
   6340.812     6.912     0.56    2.51
   6714.131     6.369    -1.46    2.24
   7087.488     5.676    -1.86    2.12
   7460.882     5.858     0.49    2.01
   7834.312     6.281     1.13    2.09
   8207.779     6.553     0.73    2.19
   8581.283     6.323    -0.62    2.15
   8954.823     5.949    -1.00    2.24
   9328.401     5.555    -1.05    1.96
   9702.015     5.395    -0.43    1.78
  10075.667     5.752     0.96    2.00
  10449.355     6.180     1.15    2.18
  10823.080     6.377     0.53    1.96
  11196.842     6.176    -0.54    1.83
  11570.641     6.127    -0.13    1.67
  11944.476     5.744    -1.02    1.72
  12318.349     5.911     0.45    1.91
  12692.259     5.966     0.15    1.71
  13066.205     5.685    -0.75    1.76
  13440.189     5.457    -0.61    1.86
  13814.210     5.609     0.41    2.18
  14188.268     6.680     2.86    2.80
  14562.362     7.966     3.44    2.68
  14936.494     8.875     2.43    1.68
  15310.663     9.071     0.52    1.42
  15684.869     9.039    -0.08    1.49
  16059.112     8.913    -0.34    1.38
  16433.392     8.949     0.10    1.35
  16807.709     9.109     0.43    1.27
  17182.063     9.053    -0.15    1.10
  17556.454     9.073     0.05    1.29
  17930.883     9.158     0.23    1.34
  18305.348     8.875    -0.76    1.34
  18679.851     9.018     0.38    1.29
  19054.391     9.161     0.38    1.15
  19428.968     9.790     1.68    1.63
  19803.583    10.591     2.14    1.70
  20178.234    11.299     1.89    1.69
  20552.923    11.609     0.83    1.60
  20927.649    11.609     0.00    1.79
  21302.412    11.758     0.40    1.87
  21677.213    11.712    -0.12    1.66
  22052.051    11.680    -0.08    1.60
  22426.926    11.227    -1.21    1.33
  22801.838    11.091    -0.36    1.28
  23176.788    10.821    -0.72    1.50
  23551.775    10.859     0.10    1.45
  23926.800    10.627    -0.62    1.46
  24301.861    10.591    -0.10    1.39
  24676.960    10.879     0.77    1.39
  25052.097    10.949     0.19    1.42
  25427.271    11.001     0.14    1.43
  25802.482    11.041     0.11    1.49
  26177.731    10.913    -0.34    1.38
  26553.017    11.073     0.43    1.49
  26928.341    11.457     1.02    1.38
  27303.702    11.913     1.22    1.36
  27679.100    12.338     1.13    1.34
  28054.536    12.466     0.34    1.31
  28430.010    12.930     1.24    1.20
  28805.521    13.562     1.68    1.36
  29181.070    14.294     1.95    1.44
  29556.656    15.141     2.25    1.40
  29932.279    15.825     1.82    1.23
  30307.941    16.377     1.47    1.19
  30683.639    16.965     1.57    1.14
  31059.376    17.403     1.17    1.17
  31435.150    18.091     1.83    1.32
  31810.961    18.745     1.74    1.51
  32186.810    19.234     1.30    1.50
  32562.697    19.858     1.66    1.54
  32938.622    19.627    -0.61    1.41
  33314.584    19.484    -0.38    1.40
  33690.584    19.403    -0.22    1.46
  34066.621    19.597     0.52    1.46
  34442.697    19.616     0.05    1.63
  34818.810    19.158    -1.22    1.72
  35194.960    19.130    -0.07    1.73
  35571.149    19.053    -0.21    1.56
  35947.375    19.680     1.67    2.00
  36323.639    20.858     3.13    2.13
  36699.941    21.913     2.80    2.06
  37076.280    23.084     3.11    2.03
  37452.658    24.334     3.32    2.41
  37829.073    26.251     5.09    2.90
  38205.526    29.036     7.40    4.20
  38582.017    33.770    12.57    6.21
  38958.546    40.246    17.20    9.80
  39335.112    52.790    33.31   19.74
  39711.717    66.198    35.60   25.02
  40088.359    68.527     6.18   22.21
  40465.039    64.639   -10.32   17.38
  40841.758    53.141   -30.52    8.27
  41218.514    46.913   -16.53    6.89
  41595.308    42.645   -11.33    6.32
  41972.140    37.948   -12.46    3.93
  42349.010    35.301    -7.02    2.83
  42725.918    33.127    -5.77    2.78
  43102.864    31.634    -3.96    2.29
  43479.848    30.544    -2.89    1.98
  43856.871    29.476    -2.83    1.39
  44233.931    28.737    -1.96    1.51
  44611.029    27.790    -2.51    1.59
  44988.165    27.094    -1.85    1.60
  45365.340    26.620    -1.26    1.27
  45742.552    26.430    -0.50    1.42
  46119.803    26.071    -0.95    1.48
  46497.092    25.839    -0.61    1.54
  46874.419    25.520    -0.85    1.57
  47251.784    25.573     0.14    1.60
  47629.187    25.966     1.04    1.67
  48006.628    26.466     1.32    1.51
  48384.108    26.634     0.45    1.27
  48761.626    26.448    -0.49    1.16
  49139.182    26.323    -0.33    1.29
  49516.776    26.086    -0.63    1.20
  49894.408    25.965    -0.32    1.35
  50272.079    25.823    -0.38    1.23
  50649.788    26.103     0.74    1.08
  51027.535    26.276     0.46    1.14
  51405.321    26.299     0.06    1.26
  51783.145    26.330     0.08    1.16
  52161.007    26.270    -0.16    1.18
  52538.908    26.163    -0.28    1.08
  52916.847    26.055    -0.28    1.08
  53294.824    26.073     0.05    1.12
  53672.840    25.875    -0.52    1.19
  54050.894    25.770    -0.28    1.19
  54425.975    25.430    -0.90    1.22
  54796.563    25.252    -0.48    1.21
  55167.187    25.112    -0.38    1.17
  55537.848    25.650     1.45    1.21
  55908.546    26.216     1.53    1.52
  56279.281    26.913     1.88    1.61
  56650.053    27.334     1.14    1.70
  57020.861    27.403     0.19    1.81
  57391.707    27.377    -0.07    1.76
  57762.589    27.373    -0.01    1.43
  58133.508    27.482     0.30    1.33
  58504.464    27.803     0.87    1.26
  58875.457    28.219     1.12    1.25
  59246.487    28.752     1.44    1.56
  59617.554    29.430     1.83    1.50
  59988.658    29.913     1.30    1.41
  60359.799    30.194     0.76    1.33
  60730.977    30.387     0.52    1.23
  61102.191    30.808     1.13    1.40
  61473.443    32.020     3.27    2.63
  61844.732    34.949     7.89    5.12
  62216.058    40.846    15.88    8.02
  62587.421    47.377    17.59    8.73
  62958.821    53.219    15.73    7.80
  63330.258    56.968    10.10    5.96
  63701.732    57.591     1.68    6.34
  64073.243    55.716    -5.05    6.29
  64444.792    54.650    -2.87    4.64
  64816.377    54.737     0.24    4.13
  65188.000    56.387     4.44    5.52
  65559.659    59.755     9.06    7.11
  65931.356    63.502    10.08    8.72
  66303.090    64.551     2.82   10.36
  66674.862    64.112    -1.18   10.96
  67046.670    63.091    -2.75    9.54
  67418.516    62.097    -2.67    8.87
  67790.399    63.627     4.11    9.21
  68162.319    67.208     9.63   10.17
  68534.276    70.844     9.78   11.97
  68906.271    79.369    22.92   16.18
  69278.303    89.123    26.22   22.42
  69650.372    95.246    16.46   20.74
  70022.479   100.091    13.02   16.81
  70394.623   100.405     0.84   13.74
  70766.804    95.680   -12.70    6.84
  71139.022    93.805    -5.04    6.68
  71511.278    92.504    -3.49    7.29
  71883.571    92.555     0.14    6.40
  72255.902    90.734    -4.89    7.17
  72628.270    87.741    -8.04    8.76
  73000.676    81.913   -15.65    7.38
  73373.118    79.252    -7.15    7.28
  73745.599    75.053   -11.27    7.92
  74118.116    72.305    -7.38    8.31
  74490.672    68.492   -10.24    7.54
  74863.264    64.950    -9.51    5.02
  75235.894    64.051    -2.41    3.36
  75608.562    64.504     1.22    3.68
  75981.267    66.396     5.08    3.89
  76354.010    69.549     8.46    4.64
  76726.790    72.755     8.60    5.49
  77099.608    77.369    12.38    5.74
  77472.463    80.484     8.36    5.53
  77845.356    80.880     1.06    6.83
  78218.286    77.788    -8.29    9.14
  78591.254    70.544   -19.42    9.04
  78964.260    63.893   -17.83    6.37
  79337.303    59.457   -11.89    4.07
  79710.384    57.239    -5.94    2.16
  80083.503    57.086    -0.41    1.63
  80456.659    58.073     2.65    1.84
  80829.853    59.109     2.78    1.50
  81203.085    59.741     1.69    1.18
  81576.354    59.877     0.36    1.15
  81949.661    60.172     0.79    1.10
  82323.006    60.157    -0.04    1.05
  82696.389    60.509     0.94    1.13
  83069.809    60.967     1.23    1.12
  83443.267    61.275     0.82    1.12
  83816.763    61.821     1.46    1.63
  84190.297    61.685    -0.37    1.69
  84563.868    61.387    -0.80    1.93
  84937.477    61.502     0.31    2.41
  85311.124    61.100    -1.08    2.69
  85684.809    60.805    -0.79    2.75
  86058.532    60.395    -1.10    2.46
  86432.293    60.356    -0.10    1.95
  86806.092    60.680     0.87    1.92
  87179.928    61.094     1.11    1.83
  87553.803    61.534     1.18    1.54
  87927.715    61.650     0.31    1.19
  88301.665    61.723     0.20    1.12
  88675.653    62.258     1.43    1.53
  89049.680    62.538     0.75    1.55
  89423.744    63.134     1.59    1.51
  89797.846    63.123    -0.03    1.16
  90171.986    63.702     1.55    1.48
  90546.164    64.385     1.82    1.41
  90920.381    64.790     1.08    1.36
  91294.635    65.484     1.85    1.46
  91668.927    66.001     1.38    1.61
  92043.258    66.597     1.59    1.73
  92417.626    67.466     2.32    1.81
  92792.033    68.034     1.52    1.62
  93166.478    68.708     1.80    1.60
  93540.961    69.334     1.67    1.57
  93915.482    70.076     1.98    1.81
  94290.041    70.859     2.09    1.83
  94664.638    71.502     1.72    1.70
  95039.274    71.860     0.96    1.55
  95413.947    72.734     2.33    1.72
  95788.659    73.439     1.88    1.77
  96163.409    74.049     1.63    1.67
  96538.198    74.413     0.97    1.41
  96913.024    74.625     0.57    1.37
  97287.889    74.967     0.91    1.36
  97662.792    75.591     1.66    1.46
  98037.734    76.275     1.82    1.95
  98412.714    77.020     1.99    2.11
  98787.732    78.123     2.94    1.98
  99162.788    79.021     2.39    1.87
  99537.883    79.615     1.58    1.76
  99913.016    80.412     2.13    1.66
 100288.187    81.151     1.97    1.70
 100663.397    81.948     2.13    1.87
 101038.645    82.808     2.29    1.90
 101413.932    84.088     3.41    2.16
 101789.257    85.091     2.67    2.08
 102164.621    86.158     2.84    1.69
 102540.023    86.967     2.15    1.53
 102915.463    87.492     1.40    1.36
 103290.942    88.180     1.83    1.64
 103666.459    89.202     2.72    1.91
 104042.015    90.270     2.84    1.96
 104417.610    90.861     1.58    2.02
 104793.242    92.034     3.12    1.87
 105168.914    92.877     2.24    1.71
 105544.624    93.744     2.31    1.84
 105920.373    94.873     3.00    1.83
 106296.160    95.825     2.53    1.92
 106671.986    97.058     3.28    2.02
 107047.850    98.229     3.12    1.96
 107423.753    99.038     2.15    1.83
 107799.695   100.053     2.70    2.25
 108175.675   101.422     3.64    2.92
 108551.694   103.109     4.49    4.33
 108927.752   106.015     7.73    6.33
 109303.848   108.634     6.96    7.12
 109679.983   111.517     7.66    8.22
 110056.157   115.141     9.64    9.44
 110432.369   118.878     9.93    9.75
 110808.621   123.246    11.61    9.68
 111184.911   127.492    11.28   10.17
 111561.239   132.948    14.50   10.87
 111937.607   141.834    23.61   15.12
 112314.013   157.778    42.36   24.24
 112690.459   179.448    57.57   27.17
 113066.943   196.706    45.85   25.32
 113443.466   209.448    33.84   22.49
 113820.027   220.068    28.21   21.02
 114196.628   228.620    22.71   20.60
 114573.267   242.856    37.80   22.99
 114949.946   255.194    32.76   23.28
 115326.663   260.449    13.95   24.75
 115703.419   253.252   -19.10   33.80
 116080.215   234.967   -48.54   43.81
 116457.049   218.206   -44.48   42.07
 116833.922   208.702   -25.22   35.78
 117210.834   206.772    -5.12   30.01
 117587.785   210.591    10.13   28.68
 117964.775   219.967    24.87   31.00
 118341.804   236.001    42.53   41.89
 118718.872   262.194    69.47   46.68
 119095.979   282.299    53.32   48.45
 119473.126   307.457    66.71   53.01
 119850.311   334.071    70.57   64.27
 120227.535   349.305    40.39   58.84
 120604.799   352.553     8.61   53.43
 120982.102   321.541   -82.21   68.50
 121359.443   289.755   -84.25   56.01
 121736.824   288.071    -4.46   58.65
 122114.244   304.361    43.17   69.28
 122491.704   337.520    87.86   64.27
 122869.202   357.659    53.36   72.48
 123246.740   363.171    14.60   73.85
 123624.317   372.825    25.57   67.95
 124001.933   378.467    14.94   68.39
 124379.588   389.292    28.67   71.06
 124757.283   390.844     4.11   76.22
 125135.017   393.758     7.71   71.62
 125512.790   410.863    45.28   64.12
 125890.602   430.221    51.25   63.46
 126268.454   478.252   127.13   75.26
 126646.345   528.967   134.22   68.14
 127024.276   546.127    45.41   50.19
 127402.246   542.155   -10.51   50.01
 127780.255   517.770   -64.52   57.49
 128158.303   501.650   -42.65   47.14
 128536.391   499.858    -4.74   54.65
 128914.519   511.538    30.89   57.46
 129290.441   519.591    21.43   61.40
 129660.917   511.747   -21.18   66.20
 130031.431   505.520   -16.81   60.72
 130401.983   490.825   -39.66   59.54
 130772.573   469.860   -56.58   66.22
 131143.200   438.036   -85.88   70.61
 131513.866   394.615  -117.16   60.45
 131884.569   361.071   -90.50   51.26
 132255.309   334.387   -71.98   47.66
 132626.088   310.698   -63.90   59.15
 132996.905   271.930  -104.56   61.97
 133367.759   235.985   -96.94   42.77
 133738.651   213.246   -61.32   24.86
 134109.581   209.130   -11.10   22.79
 134480.549   213.359    11.40   31.72
 134851.555   219.770    17.28   36.42
 135222.599   211.689   -21.78   38.72
 135593.680   193.482   -49.07   36.04
 135964.800   174.422   -51.37   26.69
 136335.957   157.896   -44.53   15.23
 136707.153   150.538   -19.83   10.99
 137078.386   146.252   -11.54    9.45
 137449.658   143.858    -6.45    5.31
 137820.967   143.163    -1.87    2.02
 138192.315   143.467     0.82    2.10
 138563.700   144.015     1.47    1.87
 138935.124   144.294     0.75    1.46
 139306.586   147.908     9.73   14.49
