-343725.199    40.363     0.00   17.45
-343350.347    50.333    26.59   20.06
-342975.457    66.920    44.23   24.71
-342600.529    93.806    71.69   39.45
-342225.565   121.861    74.79   38.49
-341850.563   141.491    52.33   36.18
-341475.523   163.405    58.41   37.54
-341100.446   189.771    70.27   53.99
-340725.332   226.280    97.29   66.22
-340350.180   278.607   139.43   74.24
-339974.991   332.052   142.40   73.12
-339599.764   368.409    96.86   59.34
-339224.500   384.894    43.92   63.63
-338849.199   380.241   -12.39   78.92
-338473.859   394.418    37.76   84.83
-338098.483   393.333    -2.89   94.99
-337723.069   386.754   -17.52  100.74
-337347.617   407.719    55.82  105.97
-336972.128   417.661    26.47  103.28
-336596.601   444.039    70.22   87.26
-336221.036   480.894    98.10   83.34
-335845.434   489.578    23.11   86.51
-335469.795   482.806   -18.02   89.34
-335094.117   469.262   -36.04   79.09
-334718.403   435.440   -89.99   75.63
-334342.650   395.440  -106.42   78.58
-333966.860   336.423  -157.00   71.85
-333591.032   292.656  -116.41   58.04
-333215.167   265.087   -73.32   45.21
-332839.263   258.548   -17.39   52.19
-332463.322   247.087   -30.47   61.05
-332087.344   228.762   -48.72   63.95
-331711.327   206.684   -58.70   44.45
-331335.273   196.738   -26.44   24.29
-330959.181   212.851    42.83   38.90
-330583.051   258.048   120.12   65.52
-330206.884   317.020   156.72   82.92
-329830.679   349.583    86.53   67.80
-329454.436   349.843     0.69   64.30
-329078.155   339.815   -26.64   61.88
-328701.836   346.655    18.17   73.85
-328325.479   380.280    89.31   91.66
-327949.085   454.022   195.85  101.15
-327572.652   500.649   123.83  100.00
-327196.182   497.280    -8.95  100.54
-326819.674   508.137    28.83   93.36
-326443.128   524.034    42.21  103.74
-326066.544   575.526   136.69  103.55
-325689.922   638.494   167.14   74.64
-325313.262   678.648   106.57   37.50
-324936.564   686.557    20.99   34.14
-324559.828   685.262    -3.43   34.84
-324183.054   674.184   -29.39   44.63
-323806.242   634.140  -106.24   80.94
-323429.392   567.105  -177.82  114.53
-323052.504   501.726  -173.41  110.84
-322675.578   460.122  -110.34   72.46
-322298.614   448.369   -31.17   67.87
-321921.612   468.771    54.10   73.05
-321544.572   484.732    42.32   62.12
-321167.493   478.929   -15.38   50.81
-320790.377   453.999   -66.08   59.66
-320413.222   422.262   -84.12   60.21
-320036.029   386.578   -94.57   68.74
-319658.798   344.588  -111.27   88.89
-319281.529   292.673  -137.57   86.05
-318904.222   250.067  -112.88   53.62
-318526.877   253.504     9.11   56.06
-318149.493   287.207    89.28   67.46
-317772.071   304.491    45.78   55.92
-317394.611   313.280    23.28   41.97
-317017.112   311.315    -5.20   38.41
-316639.576   306.771   -12.03   36.29
-316262.001   311.015    11.23   32.87
-315884.387   299.666   -30.04   39.72
-315506.736   272.087   -73.00   56.08
-315129.046   237.473   -91.62   55.30
-314751.318   202.824   -91.70   32.84
-314373.551   190.661   -32.19   15.45
-313995.746   195.423    12.60   22.07
-313617.903   212.644    45.56   39.30
-313240.021   233.578    55.38   59.04
-312862.101   256.788    61.40   71.19
-312489.282   255.083    -4.57   68.94
-312118.825   247.333   -20.92   57.87
-311748.330   237.494   -26.55   39.11
-311377.799   241.433    10.63   36.36
-311007.231   255.119    36.92   45.58
-310636.626   287.918    88.47   63.27
-310265.985   315.798    75.20   69.96
-309895.306   365.065   132.87   81.47
-309524.591   417.663   141.84   63.70
-309153.838   443.162    68.75   44.52
-308783.049   459.548    44.18   29.93
-308412.223   466.108    17.69   27.80
-308041.360   481.673    41.96   34.01
-307670.460   501.065    52.27   39.79
-307299.523   531.226    81.28   48.23
-306928.549   565.719    92.95   49.98
-306557.538   598.815    89.18   38.31
-306186.490   621.007    59.79   44.28
-305815.405   654.929    91.39   78.17
-305444.283   685.147    81.40  102.09
-305073.125   701.694    44.57  100.54
-304701.929   716.298    39.33   90.69
-304330.696   723.561    19.56   75.59
-303959.425   731.298    20.83   71.27
-303588.118   765.440    91.92   83.65
-303216.774   827.887   168.11   81.24
-302845.393   857.052    78.51   70.43
-302473.974   862.655    15.08   56.88
-302102.519   835.625   -72.75   64.47
-301731.026   792.849  -115.11   68.38
-301359.496   736.970  -150.36   56.46
-300987.929   701.789   -94.65   45.93
-300616.325   687.009   -39.76   38.76
-300244.683   703.333    43.91   47.72
-299873.004   750.543   126.98   67.67
-299501.289   786.403    96.44   66.28
-299129.535   801.780    41.35   55.17
-298757.745   782.543   -51.72   60.95
-298385.918   748.543   -91.41   64.27
-298014.053   717.530   -83.37   57.78
-297642.150   693.539   -64.49   67.50
-297270.211   657.188   -97.70   65.14
-296898.234   632.416   -66.58   54.02
-296526.220   614.240   -48.84   54.34
-296154.169   608.994   -14.10   57.95
-295782.080   599.534   -25.42   56.13
-295409.954   600.122     1.58   63.30
-295037.790   595.869   -11.42   66.56
-294665.589   593.087    -7.47   65.63
-294293.351   588.561   -12.16   56.20
-293921.075   569.734   -50.56   46.10
-293548.762   545.399   -65.34   52.28
-293176.412   524.352   -56.51   49.45
-292804.024   500.333   -64.48   44.83
-292431.598   478.520   -58.55   54.03
-292059.135   439.512  -104.70   58.31
-291686.635   402.762   -98.63   46.11
-291314.097   383.867   -50.71   28.07
-290941.521   381.543    -6.23   28.23
-290568.908   398.824    46.36   46.29
-290196.258   431.298    87.12   64.96
-289823.570   478.708   127.18   82.81
-289450.844   532.874   145.28   90.58
-289078.081   578.124   121.36   93.26
-288705.280   616.175   102.04   99.27
-288332.441   654.970   104.02  110.57
-287959.565   706.841   139.07  111.21
-287586.652   777.101   188.35  111.34
-287213.700   818.192   110.15   97.87
-286840.711   816.491    -4.56   96.42
-286467.684   768.405  -128.87  129.07
-286094.620   643.142  -335.67  151.17
-285721.518   575.877  -180.24  116.54
-285348.378   577.613     4.65  124.01
-284975.201   625.427   128.09  138.88
-284601.985   654.565    78.05  101.82
-284228.732   624.501   -80.52  116.46
-283855.442   535.022  -239.64  129.66
-283482.113   429.192  -283.39  110.63
-283108.747   368.613  -162.20   90.38
-282735.343   318.754  -133.49   64.47
-282361.901   299.101   -52.61   44.95
-281988.421   308.806    25.98   60.09
-281614.903   330.009    56.75   77.75
-281241.348   355.034    66.97   83.63
-280867.754   375.716    55.34   68.34
-280494.123   375.929     0.57   49.13
-280120.454   388.333    33.19   53.74
-279746.747   424.736    97.38   77.25
-279373.002   486.508   165.23   90.59
-278999.219   541.583   147.30   60.26
-278625.398   551.094    25.44   46.45
-278251.539   525.861   -67.47   65.66
-277877.643   463.435  -166.91   90.18
-277503.708   392.043  -190.87   83.61
-277129.735   321.190  -189.41   88.68
-276755.724   259.859  -163.94   66.15
-276381.675   227.210   -87.26   44.31
-276007.589   206.226   -56.08    8.20
-275633.464   213.994    20.76   21.78
-275259.301   252.108   101.84   76.23
-274885.100   318.970   178.63  114.91
-274510.860   412.569   250.03  132.18
-274136.583   510.409   261.34   98.42
-273762.268   556.690   123.61   74.12
-273387.914   580.648    63.98   80.68
-273013.523   605.999    67.69   86.53
-272639.093   627.262    56.77   89.33
-272264.625   658.034    82.15   93.78
-271890.119   702.994   120.02   87.70
-271515.574   754.260   136.84   75.76
-271140.991   784.518    80.76   61.20
-270766.371   811.565    72.18   44.72
-270391.712   843.719    85.80   46.43
-270017.014   875.631    85.14   57.55
-269642.279   906.105    81.30   56.41
-269267.505   913.970    20.98   57.80
-268892.692   915.083     2.97   57.34
-268517.842   914.869    -0.57   54.82
-268142.953   930.112    40.65   67.69
-267768.026   959.264    77.73   69.53
-267393.060   972.631    35.64   73.04
-267018.057   974.976     6.25   72.32
-266643.014   942.155   -87.49   77.07
-266267.934   916.140   -69.34   87.78
-265892.815   871.832  -118.08   85.56
-265517.657   844.387   -73.14   69.85
-265142.461   836.596   -20.76   61.59
-264767.227   843.390    18.10   63.58
-264391.954   876.543    88.32   73.46
-264016.643   925.976   131.68   86.74
-263641.293   968.331   112.81   63.92
-263265.905   982.841    38.64   47.66
-262890.478   962.548   -54.04   56.56
-262515.013   919.664  -114.18   66.14
-262139.509   883.631   -95.93   57.94
-261763.967   838.953  -118.94   55.65
-261388.386   811.779   -72.33   51.92
-261012.766   799.833   -31.79   60.10
-260637.108   776.401   -62.36   75.72
-260261.412   750.608   -68.64   87.49
-259885.676   709.369  -109.73   79.49
-259509.902   697.815   -30.74   64.86
-259134.090   718.687    55.52   73.96
-258758.238   778.170   158.22   76.84
-258382.348   833.755   147.84   57.92
-258006.420   870.661    98.15   26.94
-257630.453   882.859    32.44    8.74
-257254.447   883.403     1.45    6.26
-256878.402   867.119   -43.29   35.26
-256502.318   810.736  -149.88   92.45
-256126.196   735.698  -199.45  114.74
-255750.035   680.958  -145.48   99.80
-255373.835   648.798   -85.47   77.01
-254997.597   673.925    66.77   86.71
-254621.319   679.152    13.89   82.18
-254245.003   655.087   -63.93   84.69
-253868.648   643.815   -29.94   86.66
-253492.254   660.952    45.52  103.82
-253115.821   693.884    87.46  104.47
-252739.349   713.742    52.73   99.84
-252362.839   683.403   -80.56   96.36
-251986.289   662.752   -54.83   78.94
-251609.701   676.746    37.15   82.61
-251233.074   694.140    46.17   87.38
-250856.407   695.349     3.21   87.08
-250479.702   670.179   -66.80   75.94
-250102.958   648.565   -57.35   66.58
-249726.175   635.653   -34.26   53.52
-249349.352   643.427    20.62   63.37
-248972.491   673.208    79.00   80.24
-248595.591   719.918   123.90   82.31
-248218.652   751.012    82.47   69.13
-247841.673   744.929   -16.13   71.50
-247464.656   722.807   -58.66   71.58
-247087.599   712.561   -27.17   58.98
-246710.504   725.861    35.26   60.96
-246333.369   744.648    49.80   62.04
-245956.195   758.227    36.00   60.66
-245578.982   782.841    65.24   58.47
-245201.730   805.098    58.98   55.82
-244824.439   818.798    36.30   55.93
-244447.108   859.771   108.56   62.03
-244069.738   908.464   129.00   71.58
-243692.329   936.561    74.43   54.73
-243314.881   940.994    11.74   44.77
-242937.394   924.832   -42.80   46.93
-242559.867   894.947   -79.14   39.17
-242182.301   884.655   -27.25   36.94
-241804.696   879.281   -14.23   39.97
-241427.052   876.101    -8.42   43.27
-241049.368   879.365     8.64   34.86
-240671.645   872.824   -17.31   27.35
-240293.883   865.473   -19.45   27.17
-239916.081   846.315   -50.70   40.25
-239538.240   816.262   -79.52   60.63
-239160.359   780.798   -93.83   70.82
-238782.439   749.501   -82.79   60.64
-238404.480   741.620   -20.85   54.31
-238026.481   740.601    -2.69   59.33
-237652.943   750.142    25.54   65.83
-237282.597   769.832    53.15   77.03
-236912.213   779.455    25.98   75.97
-236541.791   796.091    44.90   62.67
-236171.331   810.384    38.57   45.70
-235800.834   813.887     9.45   48.84
-235430.298   807.043   -18.47   62.26
-235059.725   807.578     1.44   67.74
-234689.115   805.940    -4.42   66.44
-234318.466   794.501   -30.86   55.47
-233947.779   766.131   -76.52   62.70
-233577.055   714.719  -138.65   71.85
-233206.293   661.824  -142.63   65.51
-232835.493   628.368   -90.21   53.80
-232464.655   594.673   -90.84   44.82
-232093.779   586.912   -20.92   40.98
-231722.865   599.192    33.10   55.35
-231351.913   631.833    87.97   68.54
-230980.924   668.552    98.95   66.56
-230609.896   695.947    73.82   68.00
-230238.831   719.798    64.26   73.34
-229867.727   745.816    70.09   80.90
-229496.585   778.771    88.77   65.46
-229125.406   810.843    86.39   62.52
-228754.188   843.814    88.80   63.41
-228382.932   881.030   100.22   66.23
-228011.639   917.157    97.28   56.34
-227640.307   920.108     7.94   59.88
-227268.937   902.877   -46.39   69.52
-226897.529   853.608  -132.62   85.31
-226526.083   805.543  -129.37   77.84
-226154.599   784.744   -55.98   68.82
-225783.077   778.855   -15.85   63.66
-225411.516   773.416   -14.64   63.82
-225039.918   753.315   -54.08   81.76
-224668.281   690.160  -169.90  100.32
-224296.606   641.101  -131.96   72.67
-223924.893   627.405   -36.84   68.56
-223553.141   632.625    14.04   76.91
-223181.352   613.108   -52.48   82.98
-222809.524   596.030   -45.92   75.74
-222437.658   592.789    -8.71   74.81
-222065.753   627.128    92.31  102.20
-221693.811   671.789   120.05   98.48
-221321.830   733.806   166.68   74.77
-220949.811   773.864   107.65   67.59
-220577.753   798.994    67.53   65.36
-220205.657   804.762    15.50   75.50
-219833.523   820.315    41.78   93.02
-219461.350   852.894    87.52  105.58
-219089.139   903.213   135.16  107.07
-218716.890   962.694   159.75  105.49
-218344.602  1006.601   117.91   90.78
-217972.276  1031.831    67.75   66.73
-217599.912  1018.552   -35.65   87.46
-217227.509   973.877  -119.94  115.30
-216855.067   923.890  -134.18  126.30
-216482.587   884.608  -105.44  110.36
-216110.069   862.806   -58.51  101.79
-215737.512   851.675   -29.87   87.88
-215364.916   814.083  -100.87  100.87
-214992.282   777.578   -97.94  113.43
-214619.610   728.586  -131.43  109.89
-214246.899   691.226  -100.22   97.21
-213874.149   668.982   -59.66  100.25
-213501.361   655.207   -36.94   90.54
-213128.534   630.065   -67.42   89.77
-212755.669   625.788   -11.47   91.36
-212382.765   612.330   -36.08   93.22
-212009.822   587.208   -67.35   95.07
-211636.841   551.631   -95.37   90.68
-211263.821   499.473  -139.80   72.88
-210890.762   458.122  -110.82   68.65
-210517.665   411.964  -123.69   53.50
-210144.529   383.736   -75.63   37.33
-209771.354   364.194   -52.36   19.89
-209398.141   354.186   -26.81   11.20
-209024.889   348.494   -15.25   11.34
-208651.598   341.565   -18.56   11.52
-208278.268   331.824   -26.09   10.75
-207904.900   329.385    -6.53   19.20
-207531.492   338.368    24.05   41.24
-207158.046   362.262    63.97   58.48
-206784.562   389.491    72.89   75.69
-206411.038   416.227    71.57   85.42
-206037.475   433.534    46.32   91.65
-205663.874   469.670    96.70   95.68
-205290.233   511.079   110.80   88.78
-204916.554   558.840   127.79   94.05
-204542.836   605.192   124.00  100.60
-204169.079   661.947   151.82   92.74
-203795.283   732.087   187.60   81.10
-203421.448   767.384    94.40   62.33
-203047.574   770.491     8.31   60.66
-202673.661   746.684   -63.66   71.16
-202299.710   719.755   -72.00   74.59
-201925.719   720.512     2.02   85.96
-201551.689   749.857    78.44  102.06
-201177.620   815.970   176.71  105.66
-200803.512   870.298   145.19   81.92
-200429.365   888.229    47.92   66.70
-200055.179   877.535   -28.57   65.52
-199680.954   851.929   -68.41   77.94
-199306.690   815.175   -98.18   84.18
-198932.386   762.077  -141.83   85.92
-198558.044   724.851   -99.42   83.53
-198183.662   679.637  -120.75   77.32
-197809.241   627.661  -138.79   81.03
-197434.782   599.815   -74.35   72.88
-197060.282   596.815    -8.01   67.00
-196685.744   610.145    35.58   74.30
-196311.167   637.262    72.38   78.27
-195936.550   670.333    88.26   76.40
-195561.894   681.348    29.40   71.61
-195187.199   697.940    44.27   70.97
-194812.464   726.416    75.97   76.61
-194437.690   773.407   125.36   81.53
-194062.877   812.708   104.84   72.03
-193688.025   858.004   120.81   75.04
-193313.133   895.942   101.18   78.10
-192938.202   928.157    85.91   66.77
-192563.232   938.022    26.30   56.56
-192188.222   901.111   -98.41   85.57
-191813.173   842.083  -157.36  104.68
-191438.084   787.348  -145.90   99.55
-191062.956   735.843  -137.27   67.64
-190687.789   703.958   -84.97   62.36
-190312.582   684.935   -50.69   67.76
-189937.336   669.230   -41.85   66.98
-189562.050   637.473   -84.60   73.44
-189186.725   609.746   -73.86   75.26
-188811.360   596.399   -35.55   79.30
-188435.956   607.351    29.17   93.58
-188060.512   620.467    34.93   88.65
-187685.029   632.245    31.36   92.71
-187309.506   568.982  -168.44  119.66
-186933.944   492.884  -202.59   83.27
-186558.342   468.298   -65.45   58.32
-186182.701   496.708    75.62   78.40
-185807.019   559.315   166.62   83.47
-185431.299   632.637   195.11   93.38
-185055.538   697.923   173.71  103.01
-184679.738   760.131   165.51  101.13
-184303.899   811.670   137.11   87.02
-183928.019   854.556   114.07   84.12
-183552.100   864.918    27.56   82.64
-183176.142   845.738   -51.01   90.05
-182800.143   828.137   -46.80   82.79
-182424.105   792.335   -95.19   69.00
-182048.027   753.992  -101.93   84.84
-181671.909   735.315   -49.65   90.46
-181295.752   717.884   -46.33   82.33
-180919.555   707.382   -27.91   79.29
-180543.318   697.039   -27.49   79.27
-180167.041   660.884   -96.07   83.50
-179790.724   618.025  -113.87   59.67
-179414.367   613.245   -12.70   59.56
-179037.971   620.370    18.93   64.82
-178661.535   631.382    29.25   64.93
-178285.059   654.155    60.48   61.20
-177908.543   664.935    28.63   55.29
-177531.987   656.514   -22.36   49.02
-177155.391   658.333     4.83   48.49
-176778.755   670.231    31.58   51.27
-176402.079   678.075    20.82   50.04
-176025.363   706.491    75.42   54.87
-175648.607   738.929    86.08   54.04
-175271.811   769.031    79.87   54.37
-174894.976   809.401   107.11   64.56
-174518.100   837.004    73.23   72.44
-174141.184   862.478    67.57   70.56
-173764.228   870.262    20.65   79.20
-173387.232   873.450     8.46   79.58
-173010.196   880.279    18.11   79.20
-172633.120   891.052    28.56   71.86
-172256.003   889.349    -4.51   63.51
-171878.847   898.213    23.50   54.52
-171501.650   915.789    46.59   52.95
-171124.413   934.315    49.10   61.59
-170747.136   977.348   114.04   70.66
-170369.819  1017.298   105.86   74.31
-169992.462  1060.128   113.48   74.52
-169615.064  1097.912   100.10   50.85
-169237.626  1123.333    67.34   47.51
-168860.148  1150.160    71.06   62.91
-168482.630  1180.929    81.49   81.19
-168105.071  1221.073   106.31   86.07
-167727.472  1255.835    92.04   75.00
-167349.833  1259.412     9.47   63.87
-166972.154  1223.666   -94.63   86.07
-166594.434  1163.561  -159.10  103.36
-166216.674  1081.552  -217.06  100.02
-165838.873  1000.192  -215.31   89.25
-165461.032   928.694  -189.20   80.40
-165083.151   864.149  -170.78   55.93
-164705.229   828.229   -95.03   41.02
-164327.267   814.192   -37.13   32.41
-163949.264   808.874   -14.07   38.07
-163571.221   801.806   -18.69   51.88
-163193.137   793.122   -22.97   57.45
-162818.789   769.921   -61.97   54.94
-162448.560   750.530   -52.37   46.20
-162078.293   734.384   -43.60   44.29
-161707.987   718.168   -43.78   39.60
-161337.642   707.569   -28.62   35.79
-160967.259   703.083   -12.11   39.53
-160596.837   697.331   -15.53   43.87
-160226.376   689.192   -21.97   41.26
-159855.876   682.455   -18.18   36.29
-159485.337   685.247     7.53   40.02
-159114.760   702.418    46.33   45.04
-158744.144   722.368    53.82   42.27
-158373.489   736.573    38.32   33.33
-158002.795   742.573    16.18   35.92
-157632.062   740.508    -5.57   43.51
-157261.291   735.631   -13.15   39.54
-156890.480   734.079    -4.18   32.80
-156519.631   728.453   -15.17   34.98
-156148.743   707.335   -56.93   45.44
-155777.815   665.248  -113.45   68.02
-155406.849   608.690  -152.44   75.88
-155035.844   562.998  -123.14   74.34
-154664.800   504.806  -156.81   61.19
-154293.717   464.263  -109.24   43.01
-153922.595   438.501   -69.41   20.63
-153551.434   430.348   -21.96    4.41
-153180.234   448.083    47.77   38.74
-152808.995   468.867    55.97   49.92
-152437.717   509.416   109.20   60.69
-152066.400   553.798   119.51   56.05
-151695.044   591.450   101.38   62.65
-151323.648   637.134   122.99   73.88
-150952.214   682.833   123.02   69.60
-150580.740   727.884   121.26   62.06
-150209.228   760.181    86.92   56.39
-149837.676   773.194    35.02   46.94
-149466.085   759.039   -38.09   62.90
-149094.455   706.724  -140.75   84.30
-148722.785   650.912  -150.14   71.78
-148351.077   612.433  -103.50   43.68
-147979.329   599.879   -33.76   40.79
-147607.542   600.982     2.96   38.48
-147235.716   616.464    41.63   38.78
-146863.850   630.773    38.47   42.85
-146491.945   645.473    39.52   45.15
-146120.001   652.849    19.83   45.52
-145748.018   654.648     4.84   41.30
-145375.995   657.420     7.45   39.51
-145003.933   669.947    33.66   41.40
-144631.832   695.069    67.51   52.39
-144259.691   729.039    91.27   63.35
-143887.511   762.227    89.16   65.54
-143515.292   808.543   124.41   62.69
-143143.033   846.152   101.01   49.75
-142770.734   877.806    85.01   54.81
-142398.397   913.207    95.06   67.29
-142026.020   975.213   166.49   91.44
-141653.603  1058.994   224.93  100.54
-141281.147  1123.414   172.94   84.66
-140908.651  1157.867    92.48   47.42
-140536.116  1148.999   -23.80   54.28
-140163.542  1113.429   -95.46   60.29
-139790.928  1064.867  -130.31   71.83
-139418.274  1003.905  -163.57   95.37
-139045.581   950.131  -144.26   94.22
-138672.848   905.467  -119.81   77.35
-138300.076   866.504  -104.51   69.33
-137927.264   834.464   -85.93   69.14
-137554.412   792.959  -111.30   61.23
-137181.521   750.694  -113.33   50.05
-136808.590   714.798   -96.24   38.31
-136435.620   698.213   -44.46   31.92
-136062.610   695.105    -8.33   35.11
-135689.560   701.573    17.34   46.09
-135316.470   690.642   -29.30   49.84
-134943.341   690.262    -1.02   51.51
-134570.172   698.131    21.08   59.29
-134196.963   693.243   -13.10   65.39
-133823.715   693.087    -0.42   75.10
-133450.427   693.711     1.67   79.54
-133077.099   672.416   -57.03   67.84
-132703.731   665.543   -18.41   60.65
-132330.323   659.227   -16.91   64.25
-131956.876   644.675   -38.96   65.20
-131583.389   633.798   -29.12   66.50
-131209.862   619.754   -37.59   52.36
-130836.295   612.798   -18.62   47.31
-130462.688   630.908    48.47   55.97
-130089.041   663.754    87.90   57.33
-129715.354   693.986    80.89   61.41
-129341.628   712.953    50.74   60.83
-128967.861   716.091     8.39   65.72
-128594.055   707.740   -22.34   61.85
-128220.208   712.177    11.87   53.36
-127846.322   721.851    25.87   45.18
-127472.395   740.927    51.01   57.40
-127098.429   778.162    99.55   66.33
-126724.422   806.798    76.55   65.44
-126350.376   824.418    47.10   46.34
-125976.289   815.382   -24.15   61.76
-125602.163   801.953   -35.89   71.57
-125227.996   768.798   -88.60   73.73
-124853.789   739.091   -79.38   74.78
-124479.542   711.648   -73.32   66.99
-124105.255   677.315   -91.72   68.90
-123730.928   638.363  -104.05   71.02
-123356.560   607.869   -81.45   61.57
-122982.153   582.884   -66.72   54.74
-122607.705   572.403   -27.99   55.74
-122233.217   564.453   -21.23   68.04
-121858.689   554.684   -26.08   76.51
-121484.121   553.841    -2.25   85.49
-121109.512   539.721   -37.69   73.97
-120734.863   518.388   -56.93   64.00
-120360.174   505.675   -33.93   49.33
-119985.445   507.526     4.94   53.29
-119610.675   532.298    66.09   58.91
-119235.865   552.179    53.04   45.65
-118861.014   548.721    -9.22   47.11
-118486.124   528.487   -53.97   56.14
-118111.192   494.315   -91.13   68.75
-117736.221   436.412  -154.40   79.39
-117361.209   387.030  -131.67   68.69
-116986.157   352.281   -92.64   47.56
-116611.064   333.168   -50.95   24.24
-116235.931   354.789    57.63   48.62
-115860.757   392.450   100.37   67.64
-115485.543   438.134   121.74   81.90
-115110.289   496.526   155.59   81.40
-114734.994   536.349   106.10   77.69
-114359.658   564.183    74.15   64.83
-113984.282   563.461    -1.92   64.01
-113608.866   556.789   -17.77   66.40
-113233.408   526.770   -79.94   68.35
-112857.911   514.022   -33.95   69.23
-112482.372   520.367    16.89   61.44
-112106.794   532.414    32.07   58.15
-111731.174   538.935    17.36   50.68
-111355.514   532.245   -17.81   45.95
-110979.813   519.814   -33.08   47.64
-110604.072   490.458   -78.12   40.40
-110228.290   474.246   -43.14   37.26
-109852.467   475.315     2.85   42.64
-109476.603   476.789     3.92   49.26
-109100.699   451.315   -67.76   56.89
-108724.754   433.976   -46.12   60.25
-108348.769   419.948   -37.31   50.51
-107972.742   407.982   -31.82   34.05
-107596.675   417.064    24.15   40.09
-107220.567   446.186    77.42   60.93
-106844.418   486.160   106.26   79.55
-106468.229   538.504   139.13   86.18
-106091.998   584.281   121.66   72.77
-105715.727   611.280    71.75   57.30
-105339.415   607.128   -11.03   55.39
-104963.062   588.068   -50.64   58.22
-104586.668   570.401   -46.93   55.43
-104210.233   568.884    -4.03   48.87
-103833.757   575.534    17.66   45.74
-103457.240   577.755     5.90   44.30
-103080.683   575.894    -4.94   45.08
-102704.084   563.128   -33.89   46.77
-102327.445   552.281   -28.80   50.22
-101950.764   526.719   -67.85   64.32
-101574.042   488.448  -101.58   57.75
-101197.280   460.020   -75.45   48.12
-100820.476   428.155   -84.56   45.81
-100443.631   409.246   -50.17   45.06
-100066.745   386.625   -60.01   38.31
 -99689.819   364.194   -59.51   31.54
 -99312.851   353.867   -27.39   28.64
 -98935.841   341.134   -33.77   30.77
 -98558.791   327.643   -35.78   27.93
 -98181.700   318.648   -23.85   19.66
 -97804.567   318.716     0.18   22.82
 -97427.393   337.556    49.95   34.47
 -97050.178   367.504    79.39   39.15
 -96672.922   394.823    72.41   42.33
 -96295.625   411.729    44.80   41.04
 -95918.286   416.087    11.55   41.97
 -95540.906   405.904   -26.98   48.15
 -95163.485   399.155   -17.88   49.35
 -94786.023   390.403   -23.18   51.74
 -94408.519   378.552   -31.39   53.87
 -94030.974   369.942   -22.80   51.14
 -93653.388   359.022   -28.92   45.86
 -93275.760   351.504   -19.90   43.47
 -92898.091   333.429   -47.86   41.93
 -92520.380   318.351   -39.91   40.10
 -92142.629   305.731   -33.41   39.39
 -91764.835   288.210   -46.37   33.06
 -91387.001   272.280   -42.16   28.97
 -91009.124   254.625   -46.72   16.92
 -90631.207   245.771   -23.43    9.44
 -90253.248   246.614     2.23   16.86
 -89875.247   266.958    53.82   48.57
 -89497.205   284.937    47.55   53.68
 -89119.122   306.987    58.32   49.56
 -88740.997   332.039    66.25   52.45
 -88362.830   352.948    55.28   59.50
 -87987.561   372.026    50.84   64.30
 -87617.454   406.298    92.59   63.84
 -87247.308   433.435    73.31   68.74
 -86877.122   472.757   106.21   73.35
 -86506.896   512.315   106.84   77.37
 -86136.631   556.552   119.46   84.71
 -85766.326   596.168   106.97   76.87
 -85395.981   617.670    58.06   68.95
 -85025.596   628.022    27.94   73.26
 -84655.171   647.088    51.47   92.55
 -84284.707   698.614   139.07  113.78
 -83914.203   756.771   156.95  108.43
 -83543.659   774.789    48.62   85.28
 -83173.075   744.484   -81.77  102.70
 -82802.452   648.073  -260.11  138.57
 -82431.788   551.331  -260.98  128.82
 -82061.085   498.904  -141.42   97.48
 -81690.342   496.453    -6.61  103.04
 -81319.559   536.448   107.86  118.05
 -80948.736   607.094   190.50  120.09
 -80577.873   646.382   105.93  135.07
 -80206.970   720.543   199.93  145.33
 -79836.028   767.806   127.40  121.93
 -79465.045   786.522    50.45  100.96
 -79094.022   762.073   -65.89  113.27
 -78722.959   687.179  -201.82  114.12
 -78351.857   627.970  -159.54   83.93
 -77980.714   592.280   -96.15   79.24
 -77609.531   566.382   -69.77   86.95
 -77238.308   534.281   -86.47   92.14
 -76867.045   501.953   -87.07   91.14
 -76495.742   455.330  -125.55   77.95
 -76124.399   406.952  -130.27   49.05
 -75753.016   368.815  -102.68   40.30
 -75381.592   335.069   -90.85   38.04
 -75010.129   311.412   -63.68   31.40
 -74638.625   303.754   -20.61   24.49
 -74267.081   312.435    23.37   33.60
 -73895.497   321.839    25.30   30.34
 -73523.873   318.677    -8.51   27.07
 -73152.208   303.798   -40.03   29.25
 -72780.504   282.382   -57.61   21.17
 -72408.759   262.942   -52.29   19.27
 -72036.973   248.177   -39.71   20.35
 -71665.148   233.740   -38.82   16.80
 -71293.282   223.905   -26.45   13.20
 -70921.376   217.504   -17.21    9.00
 -70549.430   214.177    -8.95    2.63
 -70177.443   214.975     2.15    2.45
 -69805.416   218.017     8.18    4.97
 -69433.348   227.608    25.78   20.00
 -69061.240   247.498    53.45   35.38
 -68689.092   269.908    60.21   43.93
 -68316.904   298.108    75.76   44.05
 -67944.675   327.315    78.46   39.34
 -67572.405   346.798    52.33   39.76
 -67200.095   368.280    57.70   51.97
 -66827.745   398.576    81.36   61.80
 -66455.354   421.173    60.67   56.88
 -66082.922   425.137    10.64   56.14
 -65710.450   410.953   -38.08   63.39
 -65337.938   389.986   -56.28   62.30
 -64965.385   365.746   -65.06   36.58
 -64592.792   368.998     8.73   31.01
 -64220.157   383.201    38.11   32.06
 -63847.483   393.384    27.32   28.72
 -63474.767   397.660    11.47   22.31
 -63102.012   390.625   -18.87   24.45
 -62729.215   372.898   -47.55   29.60
 -62356.378   351.494   -57.40   24.23
 -61983.500   342.937   -22.95   19.51
 -61610.581   346.867    10.54   22.26
 -61237.622   367.401    55.05   32.72
 -60864.622   383.603    43.43   26.14
 -60491.582   384.806     3.23   28.28
 -60118.500   367.246   -47.07   39.35
 -59745.378   344.281   -61.54   32.91
 -59372.215   337.314   -18.67   28.81
 -58999.012   351.350    37.61   41.33
 -58625.767   378.498    72.73   47.17
 -58252.482   395.335    45.10   36.89
 -57879.156   404.314    24.05   36.03
 -57505.789   396.140   -21.89   38.32
 -57132.381   375.511   -55.24   49.16
 -56758.933   345.094   -81.44   55.10
 -56385.443   315.332   -79.68   37.30
 -56011.913   301.181   -37.88   17.13
 -55638.341   304.586     9.11   18.76
 -55264.729   323.508    50.64   26.23
 -54891.076   345.210    58.08   27.32
 -54517.382   364.330    51.16   28.38
 -54143.647   389.578    67.55   37.66
 -53769.871   424.401    93.16   49.73
 -53396.054   442.433    48.24   45.05
 -53022.195   441.281    -3.08   48.66
 -52648.296   417.453   -63.72   52.04
 -52274.356   387.772   -79.37   36.80
 -51900.375   360.707   -72.37   36.77
 -51526.352   345.487   -40.69   34.00
 -51152.289   339.433   -16.18   32.08
 -50778.184   344.575    13.74   35.15
 -50404.039   369.281    66.03   46.62
 -50029.852   372.992     9.92   58.78
 -49655.624   350.996   -58.78   68.54
 -49281.355   320.060   -82.65   62.82
 -48907.044   293.060   -72.13   22.54
 -48532.693   290.459    -6.95    6.51
 -48158.300   297.704    19.35   12.20
 -47783.866   310.298    33.63   18.75
 -47409.391   328.905    49.69   22.61
 -47034.874   354.265    67.71   36.89
 -46660.317   388.418    91.18   55.77
 -46285.718   419.871    83.96   56.63
 -45911.077   468.281   129.21   62.16
 -45536.396   518.942   135.20   80.04
 -45161.672   574.780   149.01   97.97
 -44786.908   625.196   134.52   89.85
 -44412.102   670.648   121.26   66.65
 -44037.255   693.369    60.61   52.94
 -43662.367   695.134     4.71   64.95
 -43287.437   702.608    19.93   86.97
 -42912.465   709.332    17.93   86.91
 -42537.453   701.908   -19.80   81.04
 -42162.398   678.363   -62.77   79.51
 -41787.303   638.128  -107.26   77.08
 -41412.165   609.964   -75.07   70.63
 -41036.987   597.150   -34.15   68.53
 -40661.767   590.763   -17.02   62.24
 -40286.505   583.839   -18.45   55.74
 -39911.201   585.807     5.24   57.09
 -39535.857   597.232    30.44   50.93
 -39160.470   631.744    91.93   66.32
 -38785.042   686.798   146.64   96.80
 -38409.572   757.675   188.76  109.40
 -38034.061   823.227   174.56   83.34
 -37658.508   842.981    52.60   68.71
 -37282.913   856.770    36.71   83.08
 -36907.277   852.117   -12.39   88.68
 -36531.599   830.418   -57.76   88.38
 -36155.879   817.540   -34.28   79.73
 -35780.118   782.653   -92.84   77.63
 -35404.315   761.263   -56.92   59.47
 -35028.470   752.921   -22.20   45.98
 -34652.583   765.179    32.61   46.81
 -34276.655   795.964    81.89   52.16
 -33900.685   840.438   118.29   68.65
 -33524.673   900.265   159.10   80.99
 -33148.619   955.247   146.20   74.11
 -32772.523   992.453    98.92   62.56
 -32396.385   995.691     8.61   58.06
 -32020.206   972.214   -62.41   67.47
 -31643.985   940.789   -83.53   73.72
 -31267.721   890.039  -134.88   82.14
 -30891.416   830.701  -157.68   98.35
 -30515.069   772.940  -153.47   98.24
 -30138.680   708.314  -171.70   86.64
 -29762.249   646.976  -162.94   49.46
 -29385.776   612.060   -92.74   38.55
 -29009.261   575.823   -96.24   36.95
 -28632.704   555.642   -53.59   29.43
 -28256.105   551.009   -12.30   33.85
 -27879.464   556.403    14.32   40.75
 -27502.781   579.822    62.17   48.34
 -27126.055   607.017    72.19   51.12
 -26749.288   639.746    86.87   59.82
 -26372.479   638.772    -2.58   67.66
 -25995.627   616.855   -58.16   84.70
 -25618.733   578.331  -102.21   87.82
 -25241.797   536.721  -110.39   73.06
 -24864.819   507.134   -78.48   76.77
 -24487.799   486.142   -55.68   74.55
 -24110.737   460.365   -68.36   79.29
 -23733.632   410.573  -132.03   77.96
 -23356.485   382.014   -75.72   71.83
 -22979.296   372.832   -24.34   73.45
 -22602.065   372.891     0.16   80.45
 -22224.791   354.394   -49.03   78.22
 -21847.475   354.196    -0.53   75.58
 -21470.117   371.494    45.84   74.58
 -21092.716   378.116    17.54   68.90
 -20715.273   360.248   -47.34   70.38
 -20337.788   339.987   -53.67   67.12
 -19960.260   316.433   -62.39   48.59
 -19582.690   302.114   -37.92   45.80
 -19205.077   295.608   -17.23   49.14
 -18827.422   288.216   -19.57   46.65
 -18449.725   274.020   -37.58   34.63
 -18071.985   274.179     0.42   32.49
 -17694.203   274.806     1.66   30.88
 -17316.378   260.134   -38.83   28.67
 -16938.511   250.637   -25.13   19.44
 -16560.601   243.280   -19.47   15.50
 -16182.648   241.314    -5.20   19.09
 -15804.653   239.690    -4.29   25.78
 -15426.616   239.806     0.31   31.60
 -15048.536   234.298   -14.57   35.47
 -14670.413   219.790   -38.37   35.59
 -14292.248   202.942   -44.55   28.04
 -13914.040   187.315   -41.32   24.37
 -13535.789   173.394   -36.80   21.52
 -13159.480   162.824   -28.09   19.64
 -12789.496   153.194   -26.03   15.20
 -12419.471   145.423   -21.00   13.49
 -12049.405   135.462   -26.92   12.34
 -11679.298   131.094   -11.80   14.40
 -11309.151   127.691    -9.19   15.05
 -10938.963   122.781   -13.26   14.51
 -10568.735   120.384    -6.47   12.99
 -10198.465   118.094    -6.18   10.20
  -9828.155   114.314   -10.21    9.38
  -9457.804   107.481   -18.45   10.50
  -9087.413   101.780   -15.39    9.29
  -8716.980    95.937   -15.77    8.46
  -8346.507    90.763   -13.97    9.13
  -7975.992    84.789   -16.12    9.63
  -7605.437    79.561   -14.11    9.59
  -7234.841    72.953   -17.83    8.82
  -6864.204    66.453   -17.54    7.54
  -6493.527    59.467   -18.85    8.38
  -6122.808    52.262   -19.43    7.82
  -5752.048    47.265   -13.48    6.99
  -5381.248    42.473   -12.92    5.46
  -5010.406    38.365   -11.08    5.63
  -4639.523    32.084   -16.93    8.20
  -4268.600    26.569   -14.87    8.44
  -3897.635    20.959   -15.12    6.42
  -3526.630    17.382    -9.64    4.21
  -3155.583    15.232    -5.80    4.38
  -2784.495    11.453   -10.18    7.11
  -2413.366     7.362   -11.02    8.01
  -2042.196     4.351    -8.11    6.94
  -1670.985     3.019    -3.59    5.16
  -1299.733     3.613     1.60    4.25
   -928.440     3.543    -0.19    3.70
   -557.105     1.213    -6.28    3.72
   -185.730     0.298    -2.46    6.01
    185.687     7.806    20.22   17.90
    557.145    19.298    30.94   25.61
    928.644    33.091    37.13   26.08
   1300.185    47.831    39.67   22.18
   1671.766    59.298    30.86   17.73
   2043.389    64.043    12.77   15.53
   2415.053    66.731     7.23   13.72
   2786.759    71.916    13.95   13.56
   3158.506    72.921     2.70   16.24
   3530.294    74.262     3.61   16.13
   3902.123    79.233    13.37   16.10
   4273.994    89.022    26.32   16.37
   4645.906    94.416    14.50   16.16
   5017.860   100.281    15.77   16.45
   5389.855   109.986    26.09   18.79
   5761.891   123.687    36.83   18.71
   6133.969   137.348    36.72   19.53
   6506.088   152.540    40.82   19.21
   6878.249   165.060    33.64   20.62
   7250.451   185.414    54.69   28.89
   7622.695   210.315    66.89   41.80
   7994.980   246.101    96.13   56.37
   8367.307   275.832    79.85   59.09
   8739.675   296.694    56.03   57.35
   9112.085   315.959    51.73   57.82
   9484.536   340.464    65.80   65.24
   9857.029   374.211    90.60   68.02
  10229.564   396.009    58.51   68.27
  10602.140   426.107    80.78   75.82
  10974.758   451.755    68.83   86.35
  11347.417   474.498    61.03   80.31
  11720.118   502.625    75.47   65.34
  12092.861   469.060   -90.05   84.65
  12465.645   413.601  -148.77   77.03
  12838.471   381.217   -86.86   54.86
  13211.339   361.798   -52.08   47.32
  13584.249   338.891   -61.43   61.93
  13957.200   310.464   -76.22   64.56
  14330.193   292.724   -47.56   54.23
  14703.228   314.043    57.15   69.69
  15076.305   367.125   142.28   77.72
  15449.423   436.056   184.74   70.52
  15822.584   496.970   163.24   64.50
  16195.786   560.048   169.02   70.75
  16569.030   602.999   115.08   52.95
  16942.316   632.494    79.02   53.76
  17315.644   658.637    70.03   54.16
  17689.013   684.179    68.41   49.21
  18062.425   698.232    37.63   36.74
  18435.879   688.448   -26.20   52.54
  18809.374   649.142  -105.24   76.89
  19182.912   598.131  -136.57   78.77
  19556.491   547.943  -134.35   69.76
  19930.113   532.556   -41.18   70.39
  20303.776   531.232    -3.54   68.09
  20677.482   539.570    22.31   71.12
  21051.229   512.839   -71.52   92.08
  21425.019   454.976  -154.80  100.36
  21798.851   412.598  -113.36   86.85
  22172.725   413.448     2.27   86.21
  22546.641   445.264    85.09  117.46
  22920.599   501.264   149.75  124.89
  23294.599   526.814    68.32  103.60
  23668.641   548.265    57.35   86.58
  24042.726   538.473   -26.18   80.28
  24416.853   541.199     7.29   71.94
  24791.022   556.332    40.44   68.17
  25165.233   548.077   -22.06   81.72
  25539.486   531.964   -43.05   81.02
  25913.782   528.412    -9.49   77.56
  26288.120   528.881     1.25   69.45
  26662.500   554.247    67.76   78.58
  27036.923   574.298    53.55   78.56
  27411.387   584.694    27.76   72.46
  27785.895   559.707   -66.72   82.36
  28160.444   520.573  -104.49   74.13
  28535.036   512.642   -21.17   77.74
  28909.670   496.315   -43.58   88.83
  29284.347   481.823   -38.68  100.80
  29659.066   467.494   -38.24  101.89
  30033.828   426.857  -108.44   87.69
  30408.632   387.586  -104.78   73.33
  30783.478   370.535   -45.49   65.68
  31158.367   361.248   -24.77   67.25
  31533.298   358.573    -7.13   70.09
  31908.272   346.998   -30.87   66.06
  32283.289   333.052   -37.19   61.42
  32658.347   324.910   -21.71   66.67
  33033.449   303.111   -58.12   67.44
  33408.593   278.148   -66.55   64.47
  33783.780   254.425   -63.23   49.71
  34159.009   243.806   -28.30   31.52
  34534.281   257.614    36.80   45.00
  34909.595   292.530    93.03   59.43
  35284.953   309.953    46.42   67.09
  35660.352   306.746    -8.54   65.95
  36035.795   293.593   -35.04   57.05
  36411.280   289.314   -11.40   49.65
  36786.808   294.631    14.16   51.08
  37162.379   317.755    61.57   62.63
  37537.992   353.976    96.43   67.80
  37913.649   391.685   100.39   63.35
  38289.348   418.815    72.22   62.00
  38665.089   448.314    78.51   61.33
  39040.874   463.476    40.35   61.48
  39416.701   482.660    51.05   65.53
  39792.572   510.981    75.35   61.53
  40168.485   524.740    36.60   52.25
  40544.441   517.598   -19.00   59.15
  40920.440   481.401   -96.27   71.04
  41296.481   453.330   -74.65   59.76
  41672.566   450.476    -7.59   56.71
  42048.694   471.081    54.78   64.09
  42424.864   496.298    67.04   65.86
  42801.078   527.536    83.04   61.49
  43177.335   548.094    54.64   46.00
  43553.634   560.484    32.93   49.72
  43929.977   581.881    56.86   64.63
  44306.363   601.901    53.19   71.51
  44682.791   650.998   130.43   74.84
  45059.263   706.918   148.55   79.63
  45435.778   785.346   208.31  112.88
  45812.336   875.620   239.74  129.92
  46188.937   941.535   175.03  129.58
  46565.581  1027.048   227.05  124.18
  46942.269  1097.773   187.76  122.32
  47318.999  1141.364   115.71   99.50
  47695.773  1114.043   -72.52  115.90
  48072.590  1030.675  -221.25  141.14
  48449.450   920.596  -292.11  115.28
  48826.354   820.484  -265.63  101.76
  49203.301   784.531   -95.38   72.94
  49580.291   806.855    59.22  100.54
  49957.324   849.781   113.86  104.53
  50334.400   881.670    84.57   81.86
  50711.520   899.620    47.60   88.37
  51088.683   891.601   -21.26   92.41
  51465.890   871.052   -54.48   95.05
  51843.140   838.959   -85.08  108.19
  52220.433   782.806  -148.84  123.06
  52597.770   696.839  -227.84   95.65
  52975.150   666.048   -81.60   74.82
  53352.574   678.975    34.25   89.81
  53730.041   719.918   108.47  117.52
  54107.551   746.314    69.92  100.26
  54485.105   749.935     9.59   93.94
  54862.702   725.298   -65.25   81.46
  55240.343   689.864   -93.83   55.16
  55618.028   663.976   -68.55   52.91
  55995.756   635.910   -74.30   47.86
  56373.528   620.501   -40.79   47.36
  56751.343   590.548   -79.28   51.97
  57129.202   557.608   -87.18   47.69
  57507.104   527.199   -80.47   42.38
  57885.050   501.298   -68.54   30.64
  58263.040   487.014   -37.79   20.76
  58641.073   477.707   -24.62   13.46
  59019.150   476.164    -4.08   13.24
  59397.271   473.098    -8.11   11.96
  59775.436   465.349   -20.49   13.16
  60153.644   455.019   -27.32   16.68
  60531.896   456.043     2.71   24.39
  60910.191   473.431    45.97   40.50
  61288.531   501.232    73.49   47.98
  61666.006   534.052    86.95   47.06
  62035.862   561.431    74.03   44.62
  62405.759   577.213    42.67   38.44
  62775.698   576.749    -1.25   40.34
  63145.679   560.315   -44.42   54.02
  63515.702   533.511   -72.44   51.94
  63885.766   509.349   -65.29   49.40
  64255.872   500.543   -23.79   55.75
  64626.020   493.642   -18.65   61.92
  64996.210   480.675   -35.03   63.24
  65366.442   454.755   -70.01   64.11
  65736.715   422.362   -87.49   49.22
  66107.031   407.704   -39.58   36.65
  66477.388   404.281    -9.24   42.13
  66847.787   402.412    -5.05   47.86
  67218.228   387.183   -41.11   42.73
  67588.711   370.014   -46.34   33.49
  67959.235   362.348   -20.69   27.37
  68329.802   381.313    51.18   47.71
  68700.411   415.348    91.84   57.98
  69071.061   458.348   116.02   54.75
  69441.754   491.548    89.57   47.52
  69812.489   512.707    57.08   45.47
  70183.266   521.105    22.65   44.15
  70554.084   511.427   -26.10   47.01
  70924.945   483.660   -74.88   44.23
  71295.848   456.625   -72.89   39.85
  71666.793   438.416   -49.09   33.44
  72037.780   440.491     5.59   41.30
  72408.809   456.881    44.18   57.74
  72779.881   468.738    31.96   56.24
  73150.994   473.064    11.66   48.99
  73522.150   468.560   -12.14   44.04
  73893.348   450.953   -47.44   33.93
  74264.588   429.948   -56.59   32.97
  74635.870   409.685   -54.58   38.02
  75007.195   395.440   -38.36   34.37
  75378.561   390.691   -12.79   36.84
  75749.971   384.884   -15.64   41.06
  76121.422   379.394   -14.78   40.03
  76492.915   370.094   -25.04   37.05
  76864.451   353.931   -43.51   32.32
  77236.030   336.098   -48.00   27.31
  77607.650   320.330   -42.43   18.32
  77979.313   309.871   -28.14    8.81
  78351.018   306.986    -7.76    4.94
  78722.766   307.155     0.45    4.62
  79094.556   309.959     7.54    6.58
  79466.389   314.214    11.45    8.45
  79838.264   323.091    23.87   13.87
  80210.181   332.134    24.32   18.35
  80582.141   340.901    23.57   22.92
  80954.144   356.862    42.91   27.66
  81326.189   375.298    49.56   28.16
  81698.276   387.536    32.89   25.95
  82070.406   395.814    22.25   23.04
  82442.578   388.148   -20.60   33.12
  82814.794   371.478   -44.79   39.36
  83187.051   361.048   -28.02   31.82
  83559.351   357.414    -9.76   27.40
  83931.694   366.094    23.31   33.12
  84304.080   375.593    25.51   35.72
  84676.508   382.418    18.33   36.87
  85048.979   386.035     9.71   34.22
  85421.492   401.105    40.46   38.95
  85794.049   418.685    47.19   41.09
  86166.647   433.814    40.61   40.98
  86539.289   438.781    13.33   37.84
  86911.974   430.396   -22.50   43.30
  87284.701   407.910   -60.33   43.24
  87657.471   383.081   -66.61   31.58
  88030.283   368.031   -40.37   31.09
  88403.139   354.012   -37.60   23.96
  88776.037   351.196    -7.55   21.73
  89148.978   368.429    46.21   32.57
  89521.963   386.976    49.73   25.16
  89894.989   388.072     2.94   24.49
  90268.059   371.814   -43.58   36.52
  90641.172   344.871   -72.22   40.86
  91014.328   318.511   -70.65   28.61
  91387.526   318.052    -1.23   30.40
  91760.768   333.948    42.59   39.84
  92134.052   352.931    50.86   35.16
  92507.380   364.266    30.36   27.06
  92880.750   363.247    -2.73   30.10
  93254.164   357.265   -16.02   26.15
  93627.621   359.958     7.21   26.34
  94001.120   372.855    34.53   32.35
  94374.663   390.748    47.90   35.41
  94748.249   412.888    59.27   43.72
  95121.878   450.593   100.92   46.72
  95495.550   478.136    73.72   38.57
  95869.265   504.481    70.50   30.05
  96243.023   514.014    25.51   24.32
  96616.825   497.155   -45.11   37.71
  96990.669   474.399   -60.87   48.64
  97364.557   440.019   -91.96   48.06
  97738.488   401.958  -101.79   29.64
  98112.462   380.330   -57.84   23.95
  98486.480   364.331   -42.78   18.29
  98860.541   354.822   -25.42   18.07
  99234.645   344.281   -28.18   17.86
  99608.792   334.749   -25.48   15.94
  99982.983   324.798   -26.60   14.38
 100357.217   317.748   -18.84    9.50
 100731.495   318.758     2.70   13.13
 101105.815   320.131     3.67   15.35
 101480.180   321.888     4.69   14.85
 101854.587   325.877    10.65   14.35
 102229.038   329.572     9.87   14.60
 102603.532   339.914    27.62   18.98
 102978.070   356.478    44.23   26.95
 103352.652   383.675    72.61   35.06
 103727.276   410.609    71.90   39.14
 104101.945   429.564    50.60   30.73
 104476.657   429.264    -0.80   34.56
 104851.412   405.604   -63.14   45.06
 105226.211   370.453   -93.80   39.04
 105601.053   343.991   -70.60   29.24
 105975.939   330.211   -36.76   15.08
 106350.869   337.233    18.73   22.30
 106725.842   349.398    32.44   21.85
 107100.859   358.531    24.36   18.42
 107475.920   358.798     0.71   18.91
 107851.024   347.531   -30.04   18.86
 108226.172   339.398   -21.68   18.94
 108601.364   330.160   -24.62   20.10
 108976.599   318.904   -30.00   22.38
 109351.878   307.004   -31.71   22.98
 109727.201   292.199   -39.45   19.78
 110102.567   278.081   -37.62   15.45
 110477.978   268.377   -25.85   11.55
 110853.432   261.232   -19.03    6.30
 111228.930   258.248    -7.95    3.20
 111604.472   256.171    -5.53    3.17
 111980.057   254.832    -3.56    2.51
 112355.687   253.758    -2.86    1.99
 112731.360   253.384    -1.00    1.80
 113107.077   253.511     0.34    1.82
 113482.839   253.535     0.06    1.84
 113858.644   254.564     2.74    2.51
 114234.493   257.019     6.53    4.16
 114610.386   261.002    10.60    6.16
 114986.323   267.822    18.14    8.21
 115362.304   275.681    20.90   10.52
 115738.329   285.975    27.38   15.65
 116114.398   294.601    22.94   16.17
 116490.511   305.169    28.10   15.55
 116866.669   314.806    25.62   12.19
 117242.870   321.980    19.07   10.77
 117619.116   332.504    27.97   14.19
 117995.405   345.120    33.53   17.93
 118371.739   354.506    24.94   17.56
