# NaN NaN NaN ;Mean Elev.(m), Avg Gradient(m/km), RMS Gradient(m/km) - SRTM1     
#   44.681  -0.089   3.181 ;Mean Elev.(m), Avg Gradient(m/km), RMS Gradient(m/km) - ASTER GDEM
#   48.832  -0.274   1.200 ;Mean Elev.(m), Avg Gradient(m/km), RMS Gradient(m/km) - GMTED2010 
  7 131.734487  47.702304    55.169    55.189  5 52473.52453602 30.918
  8 131.745153  47.696194    54.617    54.614  6 52508.52450275 39.274
  9 131.740884  47.699188    53.903    53.938  5 52543.52449237 52.485
 10 131.734200  47.700972    52.859    52.886  5 52578.52453969 46.847
 11 131.741491  47.698220    52.659    52.670  6 52613.52450453 24.344
 12 131.739673  47.699259    52.823    52.822  6 52648.52448673 16.735
 13 131.753274  47.691096    52.992    52.788  6 52683.52446198  8.875
 15 131.731172  47.702518    53.748    53.750  5 52753.52454509 49.742
 16 131.728810  47.704031    53.317    53.223  4 52788.52449215 29.883
 17 131.734685  47.700662    54.725    54.761  5 52823.52456250 22.885
 18 131.737942  47.701224    57.377    57.441  5 52858.52460899 26.415
 19 131.735900  47.701910    56.656    56.652  5 52893.52464067 50.390
 20 131.746420  47.694025    55.200    55.184  6 52928.52458949 42.334
 21 131.738320  47.700609    53.010    53.053  5 52963.52457106 38.996
 22 131.734195  47.701449    54.300    54.324  5 52998.52460921 18.577
 23 131.745768  47.694815    54.125    54.150  6 53033.52456170 10.833
 24 131.739748  47.700168    54.543    54.559  6 53068.52457702  7.726
 25 131.746455  47.694703    53.638    53.603  7 53103.52456358 30.059
 26 131.739609  47.699305    57.205    57.203  5 53138.52458135 51.265
 27 131.735550  47.702065    56.035    56.086  5 53173.52462365 47.328
 28 131.738782  47.699724    55.576    55.495  5 53208.52463909 19.065
 29 131.747589  47.693690    54.849    54.843  7 53243.52460531 50.490
 30 131.730383  47.703142    55.398    55.337  5 53278.52458469 32.648
 31 131.736011  47.701570    53.456    53.482  5 53313.52461206 45.039
 32 131.746289  47.694442    53.074    53.080  6 53348.52457613 25.791
 33 131.733091  47.701650    53.720    53.701  6 53383.52454809 15.909
 34 131.750906  47.692984    53.447    53.397  7 53418.52455531 12.162
 35 131.732927  47.701218    53.458    53.431  5 53453.52456150 21.400
 36 131.728880  47.704043    54.914    54.921  4 53488.52464746 40.375
 37 131.744065  47.695972    56.413    56.414  6 53523.52463401 26.227
 38 131.733378  47.701087    55.474    55.410  5 53558.52466128 21.029
 39 131.756332  47.688761    54.042    54.043  6 53593.52459561 33.863
 40 131.721291  47.708205    53.805    53.803  3 53628.52459195 50.295
 41 131.734265  47.701884    53.243    53.211  5 53663.52461482 31.070
 42 131.746023  47.695052    52.002    52.017  6 53698.52457406 48.313
 43 131.756396  47.688273    54.151    54.183  7 53733.52449495 35.535
 44 131.745026  47.695826    54.092    54.132  6 53768.52447750 41.501
 45 131.752916  47.690182    53.982    53.957  7 53803.52447353 22.063
 46 131.730855  47.703718    54.657    53.956  5 53838.52449343 31.159
 47 131.738665  47.700195    55.651    55.640  6 53873.52454114 39.208
 48 131.731601  47.702709    57.891    57.901  6 53908.52458496 50.221
 49 131.728832  47.704980    56.641    56.600  5 53943.52460969 34.679
 50 131.744656  47.696187    55.297    55.305  7 53978.52455820 47.654
 51 131.732355  47.702366    55.160    55.159  5 54013.52457085 51.655
 52 131.748507  47.693573    52.575    52.590  7 54048.52457615 49.095
 54 131.752827  47.690618    54.043    54.048  7 54118.52449783 17.019
 55 131.738557  47.700654    54.247    54.250  5 54153.52452494  9.695
 56 131.749804  47.693472    53.752    53.753  7 54188.52449299 31.527
 57 131.735752  47.701170    54.622    54.767  6 54223.52453533 23.805
 58 131.740341  47.699380    55.893    55.848  5 54258.52455657 47.907
 59 131.740903  47.699808    54.655    54.597  6 54293.52455930 33.301
 60 131.746749  47.694552    55.790    55.743  7 54328.52455297 26.497
 61 131.751409  47.691350    55.456    55.487  7 54363.52449994 43.021
 62 131.740968  47.699604    53.508    53.502  6 54398.52449412 44.064
 63 131.749867  47.693337    52.932    52.945  7 54433.52445059 24.888
 64 131.738959  47.699580    53.782    53.817  5 54468.52447679 17.721
 65 131.747553  47.694673    53.687    53.702  6 54503.52446655  8.991
 66 131.743805  47.696697    54.125    53.437  7 54538.52449154 26.548
 67 131.750007  47.692929    53.388    53.382  6 54573.52446721 43.126
 68 131.739994  47.700016    53.665    53.702  6 54608.52448553 41.285
 69 131.741483  47.698873    53.376    53.414  6 54643.52449333 46.448
 70 131.739600  47.699567    54.244    54.217  6 54678.52449531 39.244
 71 131.752412  47.691133    53.881    53.887  6 54713.52444605 48.984
 72 131.736964  47.701005    55.075    55.091  5 54748.52446494 52.694
 73 131.746433  47.694502    53.924    53.927  6 54783.52443377 46.321
 74 131.737948  47.700790    54.265    54.259  6 54818.52445742 31.275
 75 131.746984  47.693697    54.433    54.418  6 54853.52443091 13.563
 76 131.738555  47.700842    54.567    54.620  5 54888.52446192  9.778
 77 131.749193  47.693562    54.215    54.196  7 54923.52443065 37.939
 78 131.735672  47.701654    56.158    56.197  5 54958.52445964 37.771
 79 131.737822  47.700226    54.986    54.928  5 54993.52448157 20.507
 80 131.743265  47.697196    56.507    56.508  6 55028.52447091 21.326
 81 131.743392  47.697016    56.850    56.848  6 55063.52446300 26.640
 82 131.750672  47.692416    56.737    56.722  6 55098.52440775 51.870
 83 131.737469  47.701648    54.937    54.902  5 55133.52440770 41.699
 84 131.748629  47.693003    54.553    54.544  7 55168.52437076 28.176
 85 131.737143  47.701753    55.490    55.519  5 55203.52440060 17.183
 86 131.747100  47.694456    55.019    54.993  6 55238.52437844  9.815
 87 131.742354  47.697602    54.831    54.900  6 55273.52439333  9.396
 88 131.750798  47.692489    54.409    54.455  6 55308.52436120 34.094
 89 131.742954  47.696692    56.477    56.499  6 55343.52436219 40.688
 90 131.745715  47.695487    55.835    55.841  6 55378.52435616 51.418
 91 131.737941  47.700777    56.584    56.564  6 55413.52438217 51.605
 92 131.745671  47.695873    56.300    56.315  6 55448.52436992 41.936
 93 131.755173  47.688788    53.793    53.850  7 55483.52429576 34.886
