# NaN NaN NaN ;Mean Elev.(m), Avg Gradient(m/km), RMS Gradient(m/km) - SRTM1     
#   67.831   0.352  42.251 ;Mean Elev.(m), Avg Gradient(m/km), RMS Gradient(m/km) - ASTER GDEM
#   73.502   0.103  39.176 ;Mean Elev.(m), Avg Gradient(m/km), RMS Gradient(m/km) - GMTED2010 
  8    82.265 52492.52671933 29.46 130.552298  48.855852 12.217
  8    82.103 52492.52671997 31.37 130.550928  48.859092 12.217
 10   102.022 52562.52674478 15.10 130.543277  48.851195  5.799
 10   101.739 52562.52674542 18.90 130.541907  48.854435  5.799
 12    80.549 52632.52670660 15.26 130.538902  48.852043  5.204
 12    81.609 52632.52670724 13.56 130.537532  48.855283  5.204
 13    80.715 52667.52672454  9.41 130.542948  48.850823  3.541
 13    81.260 52667.52672519  9.61 130.541588  48.854063  3.541
 14    80.400 52702.52669829  8.15 130.545069  48.853205  3.116
 14    80.024 52702.52669893  8.17 130.543709  48.856445  3.116
 15    92.369 52737.52673903 12.08 130.548393  48.852364 11.047
 15    91.385 52737.52673967 12.17 130.547023  48.855604 11.047
 16    79.892 52772.52670408 49.29 130.552412  48.854662 16.688
 16    80.239 52772.52670472 53.39 130.551042  48.857902 16.688
 17    82.898 52807.52676272 43.93 130.535599  48.852518 19.492
 17    82.009 52807.52676336 48.72 130.534229  48.855758 19.492
 18    85.211 52842.52682095 46.80 130.539171  48.852180 18.601
 18    84.828 52842.52682159 46.32 130.537801  48.855420 18.601
 19    84.838 52877.52685902 45.01 130.540917  48.850601 18.839
 19    85.238 52877.52685966 45.13 130.539547  48.853841 18.839
 20    85.221 52912.52681791 31.08 130.554988  48.855894  8.077
 20    85.093 52912.52681856 32.03 130.553618  48.859134  8.077
 21    80.463 52947.52677441 46.78 130.541547  48.850236 14.179
 21    81.533 52947.52677506 50.81 130.540177  48.853476 14.179
 23    80.041 53017.52680477 24.98 130.548174  48.851401  8.817
 23    80.330 53017.52680542 26.51 130.546814  48.854641  8.817
 24    79.698 53052.52678494 17.60 130.542798  48.850149  6.382
 24    80.348 53052.52678558 16.76 130.541438  48.853389  6.382
 24    79.719 53052.52678623 16.89 130.540068  48.856629  6.382
 25    79.812 53087.52682172  9.03 130.541683  48.850136  5.017
 25    79.983 53087.52682236 10.73 130.540323  48.853376  5.017
 26    81.997 53122.52679219 46.49 130.539773  48.851010 14.587
 26    82.426 53122.52679283 46.19 130.538413  48.854250 14.587
 27    89.751 53157.52684878 27.08 130.535984  48.850235 12.944
 27    90.027 53157.52684943 28.53 130.534616  48.853470 12.653
 28    82.074 53192.52684215 49.08 130.548359  48.853896 11.956
 28    82.121 53192.52684279 53.12 130.546989  48.857136 11.956
 29    85.464 53227.52684156 26.89 130.548906  48.854305 15.240
 29    83.324 53227.52684221 26.22 130.547536  48.857545 15.240
 30    82.538 53262.52681437 40.27 130.547758  48.852561 20.195
 30    83.256 53262.52681501 38.07 130.546398  48.855801 20.195
 31    81.793 53297.52685175 16.39 130.532490  48.850063  4.265
 31    82.330 53297.52685239 22.62 130.531130  48.853303  4.265
 31    82.814 53297.52685304 14.51 130.529760  48.856543  4.265
 32    78.274 53332.52682355 45.03 130.544408  48.852390 12.739
 32    79.881 53332.52682419 44.06 130.543048  48.855630 12.739
 33    80.485 53367.52676852 21.72 130.552042  48.855844  6.484
 33    80.513 53367.52676916 20.50 130.550682  48.859084  6.484
 34    79.831 53402.52679662 17.16 130.541900  48.851249  5.123
 34    80.488 53402.52679727 15.69 130.540530  48.854489  5.123
 35    80.376 53437.52678576 12.58 130.549912  48.853690  3.956
 35    80.528 53437.52678641 12.18 130.548552  48.856930  3.956
 37    83.950 53507.52686806 42.19 130.542401  48.851034 15.847
 37    84.029 53507.52686871 52.71 130.541031  48.854274 15.847
 38    83.645 53542.52687631 40.65 130.541633  48.851516 14.064
 38    84.243 53542.52687696 48.63 130.540263  48.854756 14.064
 39    82.135 53577.52686219 48.52 130.546082  48.852904 15.991
 39    82.939 53577.52686284 52.40 130.544722  48.856144 15.991
 40    80.834 53612.52681455 42.33 130.548238  48.852314 13.812
 40    81.395 53612.52681520 32.16 130.546878  48.855554 13.812
 41    80.720 53647.52681956 43.82 130.541424  48.851192 18.857
 41    80.870 53647.52682021 52.32 130.540054  48.854432 18.857
 42    81.843 53682.52683517 16.68 130.540394  48.852528 15.713
 42    82.843 53682.52683581 19.91 130.539024  48.855768 15.713
 43    81.098 53717.52676248 27.95 130.552025  48.854104  8.576
 43    81.852 53717.52676312 29.98 130.550665  48.857344  8.576
 44    79.944 53752.52668219 25.45 130.544708  48.851769  7.675
 44    80.050 53752.52668283 24.07 130.543338  48.855009  7.675
 45    79.956 53787.52671223 18.90 130.550232  48.852234  5.140
 45    80.818 53787.52671288 18.23 130.548862  48.855474  5.140
 47    82.822 53857.52675890 44.12 130.537552  48.851788 20.447
 47    82.736 53857.52675954 44.80 130.536182  48.855028 20.447
 49    83.051 53927.52683214 22.38 130.534044  48.849836 10.769
 49    83.867 53927.52683279 22.27 130.532684  48.853076 10.769
 49    83.383 53927.52683343 27.90 130.531314  48.856316 10.769
 50    83.312 53962.52681597 39.90 130.540824  48.853003 20.610
 50    83.284 53962.52681661 42.43 130.539454  48.856243 20.610
 51    83.649 53997.52676142 48.37 130.536365  48.851497 20.911
 51    83.090 53997.52676206 53.39 130.534995  48.854737 20.911
 52    80.433 54032.52681180 34.58 130.543227  48.852220  9.381
 52    82.413 54032.52681245 20.74 130.541867  48.855460  9.381
 54    81.854 54102.52676545 18.55 130.549516  48.853595  5.807
 54    82.167 54102.52676609 19.51 130.548146  48.856835  5.807
 55    81.436 54137.52673426 12.95 130.540156  48.852000  4.037
 55    81.739 54137.52673491 12.63 130.538786  48.855240  4.037
 56    82.139 54172.52674263  6.31 130.547635  48.852500  2.715
 56    82.713 54172.52674328  6.30 130.546275  48.855740  2.715
 57   124.572 54207.52673975  2.70 130.538532  48.852181  5.846
 57   107.891 54207.52674040  5.80 130.537162  48.855421  5.846
 58    83.687 54242.52677182 44.88 130.545029  48.850683 21.099
 58    83.372 54242.52677247 46.71 130.543659  48.853923 21.099
 59    82.090 54277.52678600 50.58 130.543823  48.852800 21.225
 59    82.127 54277.52678664 51.50 130.542453  48.856040 21.225
 61    84.886 54347.52675855 49.88 130.550122  48.853560 20.614
 61    84.940 54347.52675920 49.91 130.548762  48.856800 20.614
 62   103.750 54382.52672351 18.48 130.541760  48.851767 11.327
 62   103.629 54382.52672416 19.27 130.540390  48.855007 11.327
 63    79.233 54417.52670762 41.25 130.547348  48.852900 13.839
 63    80.121 54417.52670827 33.47 130.545978  48.856140 13.839
 64    82.048 54452.52669314 20.63 130.538879  48.851541  6.689
 64    81.654 54452.52669379 22.16 130.537519  48.854781  6.689
 65    81.174 54487.52670487 13.27 130.547173  48.851279  3.886
 65    81.380 54487.52670551 13.03 130.545813  48.854519  3.886
 66    80.967 54522.52670614 11.20 130.543323  48.851466  4.158
 66    81.001 54522.52670678 12.78 130.541953  48.854706  4.158
 67    90.952 54557.52671539 16.34 130.547883  48.853235  9.239
 67    89.181 54557.52671604 16.40 130.546513  48.856475  9.239
 68    80.424 54592.52670251 43.87 130.543079  48.851368 13.234
 68    80.291 54592.52670315 49.87 130.541719  48.854608 13.234
 69    81.199 54627.52671748 42.09 130.545652  48.850822 14.908
 69    82.451 54627.52671812 49.57 130.544282  48.854062 14.908
 70    83.775 54662.52672531 46.78 130.541587  48.851860 16.360
 70    81.947 54662.52672596 44.19 130.540217  48.855100 16.360
 71    82.345 54697.52670044 49.95 130.549518  48.853772 22.186
 71    81.725 54697.52670108 54.07 130.548148  48.857012 22.186
 72    90.848 54732.52668223 14.50 130.540037  48.852153  4.540
 72    82.589 54732.52668288 14.46 130.538667  48.855393  4.540
 74    80.725 54802.52667568 22.68 130.539265  48.850760  7.275
 74    81.125 54802.52667632 21.87 130.537905  48.854000  7.275
 75    81.330 54837.52667222 15.73 130.545103  48.851803  4.418
 75    81.394 54837.52667287 15.87 130.543733  48.855043  4.418
 76    81.228 54872.52667486 13.56 130.540358  48.852190  4.666
 76    81.693 54872.52667550 12.65 130.538988  48.855430  4.666
 77    81.147 54907.52667973 10.27 130.547552  48.853863  3.158
 77    81.242 54907.52668037 10.40 130.546182  48.857103  3.158
 78    91.642 54942.52666754 12.09 130.540371  48.849945  7.878
 78    90.303 54942.52666818 13.09 130.539001  48.853185  7.878
 78    89.252 54942.52666883 15.75 130.537631  48.856425  7.878
 79    82.544 54977.52669535 47.53 130.543450  48.851351 15.675
 79    84.487 54977.52669599 48.76 130.542090  48.854591 15.675
 80    90.120 55012.52670270 26.12 130.544902  48.852262 10.403
 80    85.111 55012.52670334 22.14 130.543532  48.855502 10.403
 81    84.564 55047.52669525 44.76 130.544083  48.852625 18.220
 81    84.518 55047.52669590 33.93 130.542713  48.855865 18.220
 82    85.257 55082.52666667 42.51 130.549959  48.854312 18.099
 82    85.302 55082.52666731 49.92 130.548589  48.857552 18.099
 84    79.994 55152.52662399 34.63 130.545691  48.850858 15.612
 84    79.555 55152.52662464 46.45 130.544331  48.854098 15.612
 85    82.736 55187.52661401 15.38 130.540065  48.850050  4.890
 85    82.723 55187.52661465 18.57 130.538705  48.853290  4.890
 86    82.571 55222.52662312 14.18 130.545387  48.852363  4.063
 86    82.506 55222.52662377 14.98 130.544017  48.855603  4.063
 87    81.019 55257.52660992 13.36 130.543613  48.851448  4.048
 87    81.903 55257.52661057 13.14 130.542253  48.854688  4.048
 88    82.247 55292.52661106 19.74 130.549181  48.852273  6.813
 88    82.717 55292.52661170 19.86 130.547811  48.855513  6.813
 89   144.873 55327.52659432  4.15 130.542025  48.851616  3.638
 89   144.310 55327.52659497  7.88 130.540655  48.854856  3.638
 90    82.439 55362.52658981 46.75 130.547063  48.851870 21.411
 90    82.537 55362.52659046 53.35 130.545693  48.855110 21.411
 91    90.679 55397.52659804 21.30 130.540110  48.852151 13.529
 91    82.626 55397.52659868 20.80 130.538740  48.855391 13.529
 92    85.915 55432.52660559 48.89 130.545917  48.853003 19.176
 92    85.968 55432.52660624 53.22 130.544547  48.856243 19.176
 93    82.215 55467.52656444 22.39 130.551603  48.855733 14.425
 93    81.490 55467.52656508 34.84 130.550233  48.858973 14.425
