-292779.769   139.330     0.00    9.24
-292405.081   142.163     7.56   14.49
-292030.356   143.042     2.34   15.84
-291655.594   142.339    -1.88   14.23
-291280.794   139.298    -8.11    4.64
-290905.957   140.251     2.54    5.45
-290531.082   143.453     8.54   11.68
-290156.171   148.356    13.08   17.73
-289781.221   150.899     6.78   19.05
-289406.235   150.828    -0.19   16.29
-289031.211   152.810     5.28   14.04
-288656.149   155.062     6.00   13.88
-288281.051   163.078    21.36   20.52
-287905.914   171.193    21.63   21.18
-287530.740   176.274    13.54   20.30
-287155.529   177.310     2.76   18.67
-286780.280   170.263   -18.77   16.04
-286404.994   162.506   -20.66   13.20
-286029.670   157.435   -13.51   10.73
-285654.309   152.233   -13.85    5.99
-285278.910   151.453    -2.08    6.34
-284903.474   151.251    -0.54    5.57
-284528.000   153.491     5.96    9.81
-284152.488   169.560    42.78   32.08
-283776.939   188.953    51.62   41.72
-283401.352   210.321    56.88   42.32
-283025.728   219.777    25.17   36.59
-282650.066   217.953    -4.86   32.31
-282274.366   204.707   -35.25   26.70
-281898.629   192.424   -32.68   21.34
-281522.854   185.602   -18.15   14.74
-281147.041   182.060    -9.42   14.70
-280771.191   178.023   -10.74   11.99
-280395.303   177.935    -0.23    9.60
-280019.377   178.881     2.52    8.04
-279643.414   181.125     5.97    8.18
-279267.412   184.490     8.95    7.56
-278891.373   185.685     3.18    7.05
-278515.297   185.767     0.22    7.14
-278139.182   187.677     5.08    7.32
-277763.029   188.644     2.57    7.33
-277386.839   189.619     2.59    7.80
-277010.611   189.882     0.70    6.91
-276634.345   188.777    -2.94    5.95
-276258.041   188.263    -1.37    5.32
-275881.700   187.498    -2.03    4.72
-275505.320   186.532    -2.57    4.00
-275128.903   186.045    -1.29    3.78
-274752.448   185.363    -1.81    3.73
-274375.954   185.198    -0.44    3.69
-273999.423   185.506     0.82    3.48
-273622.854   185.524     0.05    2.96
-273246.247   186.225     1.86    2.71
-272869.602   187.203     2.59    3.18
-272492.919   189.082     4.99    4.17
-272116.198   190.884     4.78    4.53
-271739.439   192.935     5.44    4.63
-271362.642   194.435     3.98    4.74
-270985.807   197.040     6.91    4.94
-270608.933   198.917     4.98    4.91
-270232.022   201.146     5.91    5.38
-269855.073   203.049     5.05    5.68
-269478.085   204.810     4.67    6.36
-269101.060   206.006     3.17    6.82
-268723.996   208.040     5.39    7.31
-268346.894   210.882     7.53    8.36
-267969.755   214.321     9.12    9.56
-267592.576   219.777    14.46   10.92
-267215.360   225.337    14.74   11.92
-266838.106   229.211    10.27   12.15
-266460.813   233.680    11.84   10.89
-266083.482   238.163    11.88   11.34
-265706.113   243.075    13.01   11.05
-265328.706   245.953     7.62    9.03
-264951.260   245.304    -1.72    9.83
-264573.776   244.337    -2.56   10.65
-264196.254   247.899     9.43   14.97
-263818.694   253.774    15.56   19.70
-263441.095   258.654    12.92   18.63
-263063.458   265.707    18.67   20.79
-262685.783   268.479     7.34   22.14
-262308.069   273.216    12.54   22.53
-261930.317   275.818     6.89   23.67
-261552.526   278.160     6.20   23.14
-261174.698   276.607    -4.11   22.73
-260796.830   274.760    -4.89   21.72
-260418.925   269.238   -14.61   20.05
-260040.981   265.042   -11.10   16.65
-259668.040   265.461     1.12   16.29
-259297.563   266.895     3.87   16.11
-258927.050   272.847    16.06   18.23
-258556.499   280.990    21.97   14.81
-258185.912   282.882     5.11   13.42
-257815.288   286.625    10.10   16.11
-257444.627   287.194     1.53   18.64
-257073.929   281.060   -16.54   20.28
-256703.194   274.690   -17.18   18.50
-256332.423   265.075   -25.92   16.32
-255961.614   256.453   -23.25   12.93
-255590.768   253.339    -8.39    7.57
-255219.886   257.238    10.51   11.05
-254848.966   265.381    21.95   13.09
-254478.010   278.107    34.30   16.99
-254107.016   294.241    43.48   23.63
-253735.986   309.662    41.55   20.01
-253364.919   321.470    31.81   16.54
-252993.814   326.397    13.27   13.16
-252622.673   321.363   -13.56   17.80
-252251.494   309.075   -33.10   21.84
-251880.278   299.738   -25.15   18.82
-251509.026   298.532    -3.25   17.39
-251137.736   302.672    11.15   18.28
-250766.409   314.093    30.75   19.33
-250395.045   324.490    27.99   17.71
-250023.644   332.258    20.91   18.05
-249652.205   342.805    28.39   18.69
-249280.730   358.111    41.19   21.10
-248909.217   367.175    24.39   15.52
-248537.667   367.506     0.89   12.56
-248166.080   362.096   -14.56   13.94
-247794.456   355.987   -16.43   12.91
-247422.795   348.988   -18.83    8.99
-247051.096   345.810    -8.55    7.98
-246679.360   342.865    -7.92    8.04
-246307.587   341.847    -2.74    8.93
-245935.777   340.091    -4.72   10.04
-245563.929   337.741    -6.32   10.10
-245192.044   332.672   -13.63    9.06
-244820.122   328.662   -10.78    6.62
-244448.162   326.847    -4.88    6.12
-244076.165   326.810    -0.10    7.44
-243704.131   327.058     0.67    8.17
-243332.059   327.023    -0.09    8.55
-242959.950   326.251    -2.07    8.52
-242587.803   322.156   -11.00    7.72
-242215.620   318.471    -9.90    7.52
-241843.398   313.614   -13.05    5.78
-241471.140   310.472    -8.44    3.01
-241098.843   310.185    -0.77    2.57
-240726.510   311.989     4.84    4.46
-240354.139   316.181    11.25    6.85
-239981.730   321.881    15.30    8.43
-239609.284   327.660    15.51    9.17
-239236.801   334.391    18.07   10.60
-238864.280   342.042    20.53   12.46
-238491.721   347.054    13.45   10.02
-238119.125   348.417     3.66    8.48
-237746.491   344.328   -10.97   10.85
-237373.820   336.860   -20.03    9.43
-237001.111   329.863   -18.77    9.34
-236628.365   323.471   -17.14    8.46
-236255.581   317.780   -15.26    8.39
-235882.759   312.128   -15.16    6.29
-235509.900   309.567    -6.87    5.22
-235137.003   306.591    -7.98    3.48
-234764.069   305.238    -3.63    1.93
-234391.096   305.343     0.28    1.65
-234018.086   306.780     3.85    2.81
-233645.039   309.882     8.32    4.78
-233271.953   314.007    11.05    5.82
-232898.830   320.374    17.06    7.68
-232525.669   327.462    18.99    8.24
-232152.471   333.729    16.79    8.35
-231779.235   338.953    13.99    7.27
-231405.960   341.596     7.08    7.86
-231032.649   344.478     7.72    8.05
-230659.299   342.111    -6.34   11.71
-230285.911   335.356   -18.09   15.22
-229912.486   327.934   -19.87   13.27
-229539.023   322.721   -13.96    9.66
-229165.522   323.212     1.32    8.97
-228791.983   326.298     8.26    9.35
-228418.406   332.108    15.55   10.11
-228044.791   337.795    15.22    9.48
-227671.139   343.056    14.08    9.03
-227297.448   347.560    12.05    6.05
-226923.720   350.749     8.53    4.37
-226549.953   352.683     5.17    3.22
-226176.149   353.707     2.74    1.72
-225802.307   354.062     0.95    1.70
-225428.426   353.286    -2.07    2.77
-225054.508   351.524    -4.71    3.66
-224680.552   350.690    -2.23    3.69
-224306.557   350.935     0.66    3.61
-223932.525   351.221     0.76    3.53
-223558.454   352.142     2.46    3.44
-223184.346   354.007     4.98    4.23
-222810.199   358.426    11.81    6.69
-222436.015   364.007    14.91    6.71
-222061.792   369.131    13.69    6.22
-221687.531   374.426    14.15    5.76
-221313.232   378.672    11.34    6.29
-220938.894   384.542    15.68    6.63
-220564.519   388.631    10.92    4.98
-220190.105   390.229     4.27    3.81
-219815.654   388.753    -3.94    5.62
-219441.164   384.698   -10.82    6.35
-219066.636   381.556    -8.39    4.54
-218692.069   381.613     0.15    3.65
-218317.464   383.339     4.60    4.30
-217942.822   385.918     6.88    4.24
-217568.140   390.514    12.27    5.42
-217193.421   395.163    12.40    7.42
-216818.663   401.384    16.60    8.45
-216443.867   408.860    19.94    8.52
-216069.033   415.224    16.97    8.16
-215694.160   423.111    21.03    9.24
-215319.249   431.005    21.05    9.57
-214944.300   436.268    14.03    8.65
-214569.312   438.286     5.38    7.78
-214194.286   437.584    -1.87    8.18
-213819.221   434.846    -7.30    7.68
-213444.118   430.703   -11.04    7.58
-213068.977   426.280   -11.79    7.18
-212693.797   422.648    -9.68    6.44
-212318.578   418.346   -11.46    3.60
-211943.322   416.229    -5.64    3.23
-211568.026   413.637    -6.90    3.81
-211192.692   411.024    -6.96    4.25
-210817.320   407.326    -9.85    3.96
-210441.909   404.267    -8.14    3.45
-210066.460   401.409    -7.61    3.59
-209690.972   398.397    -8.02    3.59
-209315.446   394.918    -9.26    4.54
-208939.881   391.207    -9.88    4.40
-208564.277   386.884   -11.51    5.93
-208188.635   381.602   -14.06    6.42
-207812.954   378.578    -8.05    5.23
-207437.234   378.190    -1.03    4.70
-207061.476   379.080     2.37    4.63
-206685.679   378.792    -0.77    4.39
-206309.844   374.934   -10.26    6.16
-205933.970   369.479   -14.51    7.18
-205558.057   363.685   -15.41    6.93
-205182.105   359.953    -9.93    6.08
-204806.115   357.131    -7.50    6.12
-204430.086   354.767    -6.28    7.44
-204054.018   352.698    -5.50    8.12
-203677.911   353.221     1.39    7.28
-203301.766   356.953     9.92    8.48
-202925.582   363.812    18.23    9.55
-202549.359   369.488    15.08    6.80
-202173.097   373.091     9.57    4.78
-201796.796   373.654     1.50    5.97
-201420.457   373.703     0.13    6.97
-201044.079   373.360    -0.91    7.76
-200667.661   373.725     0.97    7.12
-200291.205   372.374    -3.59    7.99
-199914.710   370.253    -5.63    8.14
-199538.176   365.631   -12.27    7.06
-199161.603   361.988    -9.67    6.24
-198784.992   356.529   -14.49    8.07
-198408.341   351.153   -14.27    9.09
-198031.651   342.971   -21.72   10.55
-197654.922   334.553   -22.34    9.38
-197278.154   326.935   -20.21    8.97
-196901.348   320.721   -16.49    7.35
-196524.502   317.504    -8.53    5.88
-196147.617   315.444    -5.47    4.66
-195770.693   313.971    -3.91    5.01
-195393.730   313.461    -1.35    5.95
-195016.728   311.934    -4.05    7.06
-194639.687   308.681    -8.63    8.27
-194262.607   305.268    -9.05    7.93
-193885.487   303.286    -5.26    6.20
-193508.329   302.642    -1.71    5.54
-193131.131   303.900     3.33    6.88
-192753.894   306.203     6.10    7.04
-192376.618   309.767     9.45    6.06
-191999.303   313.529     9.97    4.90
-191621.948   316.524     7.94    4.44
-191244.555   318.487     5.20    3.43
-190867.122   319.349     2.28    2.35
-190489.650   319.167    -0.48    3.00
-190112.138   317.546    -4.29    4.27
-189734.587   315.491    -5.44    4.69
-189356.997   312.532    -7.84    6.31
-188979.368   308.435   -10.85    7.72
-188601.699   303.707   -12.52    9.64
-188223.991   298.918   -12.68    9.32
-187846.244   297.251    -4.41    8.49
-187468.457   294.654    -6.87    9.28
-187090.631   293.953    -1.86   10.18
-186712.766   290.953    -7.94   12.09
-186334.861   282.810   -21.54   16.51
-185956.917   275.146   -20.27   15.72
-185578.933   267.619   -19.91   15.23
-185200.910   262.471   -13.62   15.47
-184827.222   257.742   -12.65   15.29
-184456.862   252.425   -14.35   14.03
-184086.465   246.444   -16.15   11.90
-183716.031   241.255   -14.01    8.28
-183345.558   242.648     3.76   11.65
-182975.048   247.007    11.76   16.63
-182604.500   251.246    11.44   19.52
-182233.914   254.251     8.11   20.41
-181863.290   255.374     3.03   19.90
-181492.629   259.073     9.98   22.62
-181121.929   265.105    16.27   24.36
-180751.192   273.742    23.29   21.63
-180380.417   276.866     8.42   18.30
-180009.604   278.004     3.07   14.77
-179638.752   274.488    -9.48   15.42
-179267.863   269.614   -13.14   15.89
-178896.937   264.471   -13.86   15.86
-178525.972   262.935    -4.14   16.19
-178154.969   260.134    -7.55   18.41
-177783.928   254.563   -15.01   19.28
-177412.849   250.488   -10.98   18.56
-177041.732   249.177    -3.53   16.13
-176670.577   249.884     1.90   14.52
-176299.385   249.391    -1.33   14.86
-175928.154   246.901    -6.71   17.85
-175556.885   245.556    -3.62   17.81
-175185.578   244.435    -3.02   17.48
-174814.232   241.207    -8.69   19.69
-174442.849   240.292    -2.46   19.68
-174071.428   238.238    -5.53   21.18
-173699.968   238.817     1.56   21.27
-173328.470   239.810     2.67   20.86
-172956.935   243.637    10.30   15.96
-172585.361   244.830     3.21   11.28
-172213.748   245.497     1.79    5.46
-171842.098   245.304    -0.52    6.93
-171470.410   246.567     3.40    7.87
-171098.683   249.461     7.79    5.28
-170726.918   250.111     1.75    4.88
-170355.114   246.369   -10.06    6.24
-169983.273   243.508    -7.69    5.30
-169611.393   241.971    -4.13    4.38
-169239.475   241.389    -1.56    4.85
-168867.518   240.865    -1.41    5.47
-168495.524   239.185    -4.52    6.40
-168123.491   237.919    -3.40    6.44
-167751.419   238.023     0.28    5.24
-167379.309   239.167     3.07    4.95
-167007.161   242.519     9.01    5.64
-166634.975   245.304     7.48    4.50
-166262.750   247.091     4.80    2.67
-165890.486   247.453     0.97    2.45
-165518.185   245.426    -5.44    3.34
-165145.844   242.842    -6.94    4.05
-164773.466   239.836    -8.07    4.92
-164401.049   236.542    -8.84    4.13
-164028.593   235.022    -4.08    3.75
-163656.099   233.935    -2.92    3.35
-163283.566   233.246    -1.85    3.76
-162910.995   230.056    -8.56    6.60
-162538.386   223.988   -16.28   11.16
-162165.737   216.506   -20.08   14.22
-161793.051   206.349   -27.25   17.71
-161420.325   195.919   -27.98   19.28
-161047.561   184.596   -30.37   20.30
-160674.759   175.512   -24.36   19.84
-160301.918   170.401   -13.71   18.48
-159929.038   165.391   -13.43   16.97
-159556.119   160.461   -13.22   16.17
-159183.162   158.580    -5.04   15.89
-158810.167   153.613   -13.31   12.47
-158437.132   151.721    -5.07   11.28
-158064.059   151.868     0.40   11.68
-157690.947   151.863    -0.01   13.09
-157317.797   152.444     1.56   13.84
-156944.607   151.881    -1.51   13.52
-156571.379   151.935     0.14   12.97
-156198.113   153.766     4.91   13.16
-155824.807   156.321     6.84   13.08
-155451.463   160.233    10.48   11.86
-155078.079   163.625     9.08   10.86
-154704.657   168.478    12.99   10.27
-154331.197   173.578    13.65   11.26
-153957.697   177.020     9.22   10.70
-153584.158   178.064     2.79    9.08
-153210.581   176.506    -4.17    9.43
-152836.965   174.444    -5.52   11.07
-152463.309   171.160    -8.79   13.39
-152089.615   165.935   -13.98   14.63
-151715.882   161.139   -12.83   15.12
-151342.110   159.349    -4.79   15.84
-150968.299   159.900     1.47   16.17
-150594.449   166.580    17.86   14.38
-150220.560   173.087    17.40    8.67
-149846.632   173.506     1.12    7.43
-149472.665   171.167    -6.25    8.47
-149098.659   166.729   -11.87    9.06
-148724.614   161.470   -14.06    9.49
-148350.530   156.694   -12.76    9.92
-147976.407   151.935   -12.72    9.86
-147602.245   146.497   -14.53    8.15
-147228.044   141.648   -12.96    6.22
-146853.803   138.462    -8.51    4.65
-146479.524   135.760    -7.22    3.85
-146105.205   133.316    -6.53    3.36
-145730.847   131.866    -3.87    3.09
-145356.450   131.093    -2.07    2.78
-144982.014   130.746    -0.93    2.43
-144607.538   129.573    -3.13    3.88
-144233.024   126.672    -7.75    5.59
-143858.470   120.036   -17.71    9.21
-143483.877   110.286   -26.02   16.38
-143109.245    95.075   -40.60   22.49
-142734.573    85.480   -25.61   20.53
-142359.862    79.091   -17.05   19.60
-141985.112    75.060   -10.75   19.32
-141610.323    73.160    -5.07   21.40
-141235.494    66.573   -17.57   21.23
-140860.626    57.409   -24.44   19.69
-140485.718    46.253   -29.75   15.64
-140110.772    38.045   -21.89    8.72
-139735.785    33.216   -12.88    2.66
-139360.760    31.607    -4.29    2.24
-138985.695    30.591    -2.71    1.81
-138610.590    29.742    -2.26    1.22
-138235.447    29.315    -1.14    1.00
-137860.263    28.832    -1.29    1.33
-137485.041    28.391    -1.17    1.52
-137109.778    28.069    -0.86    1.35
-136734.477    27.619    -1.20    1.17
-136359.136    27.584    -0.09    1.11
-135983.755    27.637     0.14    1.17
-135608.335    27.487    -0.40    1.17
-135232.875    27.321    -0.44    1.20
-134857.375    27.194    -0.34    1.17
-134481.836    27.780     1.56    2.11
-134106.258    32.268    11.95   11.29
-133730.640    45.569    35.41   24.33
-133354.982    59.897    38.14   27.13
-132979.285    73.549    36.33   27.69
-132603.548    79.181    14.99   25.34
-132227.771    80.073     2.38   25.08
-131851.955    80.479     1.08   24.31
-131476.099    80.637     0.42   23.51
-131100.203    80.105    -1.41   22.06
-130724.268    77.789    -6.16   18.21
-130348.292    79.786     5.31   17.34
-129972.277    87.524    20.58   19.23
-129596.223    90.093     6.83   17.78
-129220.128    93.763     9.76   17.02
-128843.994    96.251     6.61   16.11
-128467.820   100.040    10.07   18.94
-128091.606    98.417    -4.31   21.10
-127715.353    87.631   -28.66   24.48
-127339.059    73.096   -38.62   24.72
-126962.726    62.369   -28.50   23.32
-126586.352    47.567   -39.32   23.32
-126209.939    34.181   -35.56   24.86
-125833.486    19.512   -38.96   21.22
-125456.993     7.608   -31.61   14.11
-125080.460    -1.279   -23.60    5.27
-124703.888    -6.844   -14.77    6.06
-124327.275   -10.844   -10.62    5.99
-123950.622   -14.223    -8.97    4.24
-123573.929   -15.900    -4.45    2.14
-123197.197   -15.996    -0.25    1.37
-122820.424   -15.616     1.01    1.40
-122443.611   -15.506     0.29    1.31
-122066.758   -15.398     0.29    1.19
-121689.865   -15.599    -0.53    1.22
-121312.932   -15.751    -0.40    1.11
-120935.959   -16.081    -0.88    1.22
-120558.946   -16.208    -0.34    1.06
-120181.893   -16.081     0.34    1.00
-119804.799   -16.030     0.14    1.00
-119427.666   -15.815     0.57    1.13
-119050.492   -15.539     0.73    1.22
-118673.278   -15.510     0.08    1.19
-118296.024   -15.154     0.94    1.53
-117918.730   -15.556    -1.06    2.42
-117541.395   -15.616    -0.16    2.85
-117164.021   -16.065    -1.19    3.22
-116786.606   -16.369    -0.81    3.21
-116409.150   -16.264     0.28    2.97
-116031.655   -16.333    -0.18    2.84
-115654.119   -16.827    -1.31    3.31
-115276.543   -18.100    -3.37    3.68
-114898.926   -19.223    -2.97    3.46
-114521.270   -18.875     0.92    4.14
-114143.573   -16.895     5.24    5.02
-113765.835   -13.404     9.24    5.42
-113388.057   -10.975     6.43    4.88
-113010.239    -9.895     2.86    3.78
-112632.380    -9.784     0.29    2.81
-112254.481   -11.323    -4.07    2.80
-111876.542   -12.980    -4.38    1.99
-111498.562   -13.275    -0.78    1.56
-111120.541   -12.823     1.20    1.24
-110742.480   -12.484     0.90    1.34
-110364.379   -12.409     0.20    1.17
-109989.820   -12.583    -0.46    1.32
-109619.572   -12.564     0.05    1.36
-109249.286   -12.433     0.35    1.54
-108878.961   -12.271     0.44    1.74
-108508.597   -11.978     0.79    1.63
-108138.194   -12.135    -0.42    1.61
-107767.753   -12.185    -0.14    1.42
-107397.273   -12.188    -0.01    1.55
-107026.754   -12.433    -0.66    1.25
-106656.196   -12.416     0.05    1.19
-106285.599   -12.326     0.24    1.17
-105914.964   -12.011     0.85    0.96
-105544.290   -11.737     0.74    0.98
-105173.577   -11.547     0.51    1.00
-104802.825   -11.323     0.60    1.18
-104432.034   -11.012     0.84    1.30
-104061.204   -11.015    -0.01    1.28
-103690.335   -11.047    -0.09    1.27
-103319.427   -11.065    -0.05    1.26
-102948.481   -11.097    -0.09    1.17
-102577.495   -10.496     1.62    1.99
-102206.471    -8.732     4.75    3.22
-101835.407    -6.940     4.83    3.47
-101464.305    -5.183     4.73    2.61
-101093.163    -4.119     2.87    0.93
-100721.982    -4.015     0.28    1.00
-100350.763    -3.887     0.34    0.91
 -99979.504    -3.922    -0.10    0.88
 -99608.206    -4.029    -0.29    0.80
 -99236.869    -4.185    -0.42    0.76
 -98865.493    -3.854     0.89    1.30
 -98494.078    -3.437     1.12    1.43
 -98122.624    -3.340     0.26    1.44
 -97751.130    -3.333     0.02    1.40
 -97379.598    -3.621    -0.78    1.30
 -97008.026    -3.961    -0.92    1.20
 -96636.415    -3.833     0.34    1.25
 -96264.765    -3.455     1.02    1.50
 -95893.076    -3.335     0.32    1.44
 -95521.347    -3.262     0.20    1.37
 -95149.579    -3.147     0.31    1.30
 -94777.772    -3.081     0.18    1.14
 -94405.926    -3.065     0.04    1.13
 -94034.040    -2.858     0.56    1.12
 -93662.115    -2.471     1.04    1.10
 -93290.151    -2.082     1.04    1.09
 -92918.148    -1.591     1.32    1.20
 -92546.105    -0.714     2.36    1.69
 -92174.023     0.207     2.48    2.30
 -91801.901     2.648     6.56    4.46
 -91429.740     4.879     5.99    5.19
 -91057.539     8.591     9.97    6.89
 -90685.300    12.573    10.70    7.48
 -90313.020    17.066    12.07    8.55
 -89940.702    23.238    16.58    8.15
 -89568.344    27.426    11.25    8.43
 -89195.946    33.069    15.15    7.20
 -88823.509    36.637     9.58    4.89
 -88451.032    36.444    -0.52    4.11
 -88078.516    32.680   -10.10    7.60
 -87705.961    28.698   -10.69    7.91
 -87333.365    26.649    -5.50    7.19
 -86960.731    27.297     1.74    8.13
 -86588.056    30.426     8.40    8.23
 -86215.343    31.426     2.68    9.53
 -85842.589    29.665    -4.73   11.03
 -85469.796    29.522    -0.38   11.11
 -85096.963    27.056    -6.61   11.01
 -84724.091    24.936    -5.69    9.82
 -84351.179    24.203    -1.97    8.74
 -83978.227    23.863    -0.91    7.95
 -83605.236    25.054     3.19    8.35
 -83232.205    27.425     6.36    8.35
 -82859.134    26.792    -1.70    7.62
 -82486.024    27.573     2.09    7.18
 -82112.874    28.219     1.73    7.49
 -81739.684    28.625     1.09    6.58
 -81366.454    29.715     2.92    5.84
 -80993.184    30.919     3.23    5.72
 -80619.875    33.023     5.63    6.08
 -80246.526    35.103     5.57    5.51
 -79873.137    36.638     4.11    5.03
 -79499.708    37.181     1.45    4.60
 -79126.240    38.128     2.54    4.68
 -78752.731    39.576     3.88    4.34
 -78379.183    41.005     3.83    3.57
 -78005.595    42.591     4.24    1.84
 -77631.966    43.292     1.88    1.21
 -77258.298    43.729     1.17    1.08
 -76884.590    44.128     1.07    0.98
 -76510.842    44.298     0.45    1.29
 -76137.054    44.619     0.86    1.48
 -75763.226    44.774     0.41    1.53
 -75389.358    45.067     0.78    1.44
 -75015.451    45.056    -0.03    1.36
 -74641.503    44.619    -1.17    1.21
 -74267.515    44.258    -0.97    1.41
 -73893.486    43.020    -3.31    2.56
 -73519.418    41.608    -3.78    3.42
 -73145.310    40.711    -2.40    3.93
 -72771.162    40.353    -0.96    4.56
 -72396.973    40.381     0.08    5.17
 -72022.745    41.309     2.48    4.52
 -71648.476    41.935     1.67    2.84
 -71274.167    40.882    -2.81    3.37
 -70899.818    39.563    -3.52    3.75
 -70525.429    38.563    -2.67    3.54
 -70151.000    37.304    -3.36    4.53
 -69776.530    34.832    -6.60    6.24
 -69402.020    29.510   -14.21    8.39
 -69027.470    24.498   -13.38    8.95
 -68652.880    19.817   -12.50    8.06
 -68278.249    17.171    -7.06    6.30
 -67903.578    19.763     6.92    8.74
 -67528.867    25.556    15.46   10.63
 -67154.115    31.469    15.78   10.01
 -66779.323    36.677    13.89    7.86
 -66404.491    39.549     7.66    8.15
 -66029.619    43.149     9.60    8.92
 -65654.706    45.711     6.83    7.56
 -65279.752    48.935     8.60    4.01
 -64904.759    48.249    -1.83    3.47
 -64529.724    46.753    -3.99    2.78
 -64154.650    45.613    -3.04    2.69
 -63779.535    44.819    -2.12    2.47
 -63404.379    43.986    -2.22    2.69
 -63029.183    43.506    -1.28    2.96
 -62653.947    43.703     0.52    2.89
 -62278.670    43.045    -1.75    3.49
 -61903.352    41.108    -5.16    4.60
 -61527.994    40.901    -0.55    4.46
 -61152.596    41.854     2.54    4.97
 -60777.157    43.760     5.07    5.01
 -60401.677    45.970     5.89    2.59
 -60026.157    46.453     1.29    1.98
 -59650.596    45.830    -1.66    1.68
 -59274.994    44.648    -3.15    1.94
 -58899.352    43.138    -4.02    2.56
 -58523.669    41.386    -4.66    3.27
 -58147.945    38.865    -6.71    4.12
 -57772.181    37.035    -4.87    4.22
 -57396.376    35.241    -4.77    3.07
 -57020.531    34.453    -2.10    2.30
 -56644.644    34.269    -0.49    2.07
 -56268.717    33.953    -0.84    2.29
 -55892.749    33.131    -2.18    3.24
 -55516.741    32.212    -2.44    3.53
 -55140.691    31.769    -1.18    3.73
 -54764.601    31.444    -0.87    3.51
 -54388.470    30.648    -2.12    3.98
 -54012.298    28.936    -4.55    4.15
 -53636.085    28.216    -1.91    4.21
 -53259.832    28.729     1.36    5.05
 -52883.537    30.153     3.78    5.68
 -52507.202    32.418     6.02    5.01
 -52130.826    33.542     2.99    3.30
 -51754.409    33.100    -1.17    3.24
 -51377.950    31.749    -3.59    3.49
 -51001.451    30.229    -4.04    3.87
 -50624.911    28.149    -5.52    3.62
 -50248.330    27.591    -1.48    2.61
 -49871.708    28.366     2.06    2.96
 -49495.045    29.823     3.87    3.08
 -49118.341    31.563     4.62    2.99
 -48741.596    32.567     2.66    2.75
 -48364.810    32.786     0.58    2.75
 -47987.983    33.326     1.43    1.79
 -47611.114    32.970    -0.94    1.76
 -47234.205    31.985    -2.61    2.01
 -46857.254    30.828    -3.07    2.01
 -46480.263    30.160    -1.77    1.79
 -46103.230    29.366    -2.10    1.82
 -45726.156    28.582    -2.08    1.93
 -45349.041    27.321    -3.34    2.46
 -44971.884    25.987    -3.54    2.51
 -44594.687    24.873    -2.95    2.30
 -44217.448    24.349    -1.39    2.12
 -43840.168    23.665    -1.81    2.03
 -43462.847    23.286    -1.00    2.04
 -43085.484    23.336     0.13    1.99
 -42708.080    23.532     0.52    2.05
 -42330.635    23.412    -0.32    1.94
 -41953.149    22.393    -2.70    2.82
 -41575.621    21.131    -3.34    2.70
 -41198.052    20.100    -2.73    2.38
 -40820.441    18.953    -3.04    2.80
 -40442.790    17.461    -3.95    3.29
 -40065.096    16.039    -3.77    3.62
 -39687.362    16.149     0.29    3.67
 -39309.586    17.091     2.49    3.88
 -38931.768    18.832     4.61    3.37
 -38553.909    20.346     4.01    1.66
 -38176.009    19.934    -1.09    1.77
 -37798.067    19.803    -0.35    2.47
 -37420.083    19.898     0.25    2.79
 -37042.059    20.866     2.56    2.87
 -36663.992    21.763     2.37    2.51
 -36285.884    22.546     2.07    2.39
 -35907.735    23.253     1.87    1.64
 -35529.544    23.042    -0.56    1.88
 -35154.025    22.067    -2.60    2.21
 -34783.904    20.516    -4.19    2.12
 -34413.742    18.760    -4.75    2.12
 -34043.541    17.780    -2.65    1.87
 -33673.300    17.149    -1.70    1.87
 -33303.019    15.426    -4.65    3.31
 -32932.699    14.608    -2.21    3.58
 -32562.339    13.503    -2.98    3.14
 -32191.939    13.020    -1.30    2.47
 -31821.499    13.970     2.56    1.72
 -31451.020    14.401     1.16    1.45
 -31080.500    14.832     1.16    1.50
 -30709.941    14.742    -0.24    1.40
 -30339.342    14.395    -0.94    0.94
 -29968.703    14.060    -0.91    0.89
 -29598.024    14.280     0.59    1.00
 -29227.305    15.116     2.26    2.13
 -28856.547    14.740    -1.02    4.38
 -28485.748    13.374    -3.68    6.75
 -28114.910    10.749    -7.08    8.23
 -27744.031     8.393    -6.35    8.58
 -27373.113     6.022    -6.39    7.55
 -27002.155     4.229    -4.83    5.69
 -26631.156     4.275     0.12    5.77
 -26260.118     3.229    -2.82    3.80
 -25889.039     2.815    -1.12    1.49
 -25517.921     2.805    -0.03    1.33
 -25146.762     2.742    -0.17    1.32
 -24775.564     2.815     0.20    1.25
 -24404.325     3.119     0.82    1.36
 -24033.046     3.169     0.13    1.53
 -23661.728     2.539    -1.70    2.05
 -23290.369     1.674    -2.33    2.11
 -22918.969     0.665    -2.72    1.57
 -22547.530     0.246    -1.13    1.11
 -22176.051     0.241    -0.01    1.46
 -21804.531     0.393     0.41    1.59
 -21432.971     0.177    -0.58    1.78
 -21061.371    -0.030    -0.56    2.06
 -20689.731    -0.342    -0.84    2.00
 -20318.050    -0.661    -0.86    2.00
 -19946.329    -0.670    -0.02    2.12
 -19574.568    -0.788    -0.32    2.30
 -19202.767    -1.064    -0.74    2.37
 -18830.925    -1.416    -0.95    2.41
 -18459.043    -1.883    -1.26    2.21
 -18087.121    -2.420    -1.44    1.69
 -17715.158    -2.840    -1.13    0.87
 -17343.155    -2.590     0.67    1.25
 -16971.112    -2.335     0.68    1.54
 -16599.028    -1.685     1.75    2.17
 -16226.904    -1.115     1.53    2.49
 -15854.739    -0.506     1.64    2.72
 -15482.534     0.108     1.65    2.81
 -15110.289     0.393     0.77    2.96
 -14738.003     0.589     0.53    2.84
 -14365.676     0.753     0.44    2.65
 -13993.309     2.631     5.04    7.34
 -13620.902    11.772    24.55   21.73
 -13248.454    23.071    30.34   28.68
 -12875.965    27.401    11.62   28.94
 -12503.436    24.427    -7.98   26.60
 -12130.866    14.746   -25.99   19.22
 -11758.256     6.495   -22.14    9.67
 -11385.605     2.181   -11.58    2.04
 -11012.914     2.281     0.27    2.34
 -10640.182     2.198    -0.22    2.52
 -10267.409     1.642    -1.49    2.98
  -9894.596     1.139    -1.35    3.17
  -9521.742     0.309    -2.23    2.93
  -9148.847    -0.220    -1.42    2.84
  -8775.912    -0.776    -1.49    2.21
  -8402.936    -1.231    -1.22    1.94
  -8029.919    -1.205     0.07    1.80
  -7656.861    -0.588     1.65    2.41
  -7283.763    -0.344     0.66    2.25
  -6910.624    -0.397    -0.14    1.63
  -6537.444    -0.082     0.85    1.65
  -6164.223     0.592     1.81    2.16
  -5790.961     1.211     1.66    2.28
  -5417.659     1.798     1.57    2.25
  -5044.316     2.653     2.29    2.11
  -4670.932     3.359     1.89    2.12
  -4297.507     3.884     1.40    2.15
  -3924.041     3.935     0.14    2.46
  -3550.534     4.018     0.22    2.57
  -3176.986     3.596    -1.13    2.75
  -2803.397     3.173    -1.13    2.77
  -2429.768     2.363    -2.17    2.82
  -2056.097     1.729    -1.70    2.58
  -1682.386     1.436    -0.78    2.47
  -1308.633     1.117    -0.85    2.30
   -934.839     0.780    -0.90    1.93
   -561.005     0.715    -0.17    1.86
   -187.129     1.630     2.45    5.61
    186.788     1.953     0.86    7.34
    560.745     0.918    -2.77    3.90
    934.744     2.060     3.05    6.59
   1308.784     3.259     3.21    7.71
   1682.865     4.725     3.92    7.94
   2056.988     9.275    12.16   12.71
   2431.151    17.969    23.24   22.15
   2805.356    30.037    32.25   33.36
   3179.601    51.453    57.22   42.91
   3553.888    73.332    58.46   46.84
   3928.217    94.586    56.78   42.21
   4302.586   114.221    52.45   31.58
   4676.997   117.363     8.39   30.63
   5051.449   125.625    22.07   29.92
   5425.942   128.711     8.24   30.11
   5800.476   126.546    -5.78   28.44
   6175.052   135.653    24.31   25.52
   6549.669   139.936    11.43   20.42
   6924.327   138.343    -4.25   17.77
   7299.027   136.117    -5.94   19.07
   7673.768   131.760   -11.63   19.66
   8048.551   131.674    -0.23   22.49
   8423.375   134.238     6.84   22.60
   8798.240   126.756   -19.96   23.29
   9173.147   118.828   -21.15   24.26
   9548.095   106.503   -32.87   23.54
   9923.085    92.543   -37.23   19.39
  10298.116    90.602    -5.18   19.61
  10673.188    92.686     5.56   24.30
  11048.302    98.189    14.67   29.64
  11423.458   113.592    41.06   28.92
  11798.655   123.953    27.61   27.98
  12173.894   133.146    24.50   24.77
  12549.174   136.203     8.14   20.94
  12924.496   136.435     0.62   18.96
  13299.859   134.723    -4.56   19.56
  13675.264   129.309   -14.42   21.91
  14050.711   120.125   -24.46   24.27
  14426.199   113.487   -17.68   24.96
  14801.729   106.969   -17.36   23.06
  15177.301   104.005    -7.89   23.83
  15552.914   104.698     1.85   23.36
  15928.569   118.020    35.46   24.42
  16304.266   127.851    26.17   21.72
  16680.005   135.766    21.07   19.90
  17055.785   140.241    11.91   17.49
  17431.607   142.526     6.08   14.92
  17807.471   143.381     2.27   16.28
  18183.376   138.803   -12.18   16.84
  18559.324   136.953    -4.92   16.89
  18935.313   132.263   -12.47   21.26
  19311.344   122.636   -25.60   21.55
  19687.417   111.133   -30.59   21.42
  20063.531    96.866   -37.93   22.75
  20439.688    86.194   -28.37   21.72
  20815.887    76.084   -26.88   16.73
  21192.127    71.524   -12.12   13.14
  21568.410    70.556    -2.57    9.39
  21944.734    76.376    15.47   12.50
  22321.100    85.873    25.23   14.31
  22697.509    94.936    24.08   17.05
  23073.959   101.903    18.51   20.44
  23450.451   106.334    11.77   20.68
  23826.985   109.919     9.52   21.31
  24203.562   113.053     8.32   21.01
  24580.180   117.225    11.08   22.42
  24956.841   127.871    28.26   23.67
  25333.543   131.774    10.36   22.02
  25710.288   133.353     4.19   20.21
  26087.075   141.149    20.69   16.03
  26463.904   147.332    16.41   14.75
  26840.775   150.903     9.47   13.25
  27217.688   151.212     0.82   13.48
  27594.644   147.019   -11.12   17.51
  27971.642   142.591   -11.75   18.20
  28348.682   139.953    -7.00   19.54
  28725.764   139.648    -0.81   19.40
  29102.888   142.315     7.07   16.69
  29480.055   141.669    -1.71   16.77
  29857.264   136.381   -14.02   18.83
  30234.515   124.281   -32.08   21.56
  30611.809   116.339   -21.05   18.43
  30989.144   119.018     7.10   21.65
  31366.523   129.119    26.77   22.10
  31743.943   142.614    35.76   16.22
  32121.406   146.533    10.38   14.32
  32498.911   143.597    -7.78   16.96
  32876.459   138.332   -13.95   20.23
  33254.049   124.560   -36.48   22.60
  33631.682   114.166   -27.53   21.71
  34009.357   108.591   -14.76   17.21
  34387.075   110.763     5.75   15.20
  34764.835   123.346    33.31   19.60
  35142.637   138.186    39.28   17.83
  35520.482   146.970    23.25   13.42
  35898.370   147.328     0.95   15.22
  36276.300   143.346   -10.54   18.17
  36654.273   144.108     2.02   18.19
  37032.288   145.436     3.51   15.70
  37410.346   144.281    -3.06   13.86
  37788.446   142.359    -5.08   15.44
  38166.589   132.573   -25.88   19.24
  38544.775   118.292   -37.76   21.91
  38923.003   103.071   -40.24   20.93
  39301.275    93.631   -24.96   12.76
  39677.891    96.501     7.62   17.13
  40047.893   106.851    27.97   19.81
  40417.937   117.597    29.04   19.21
  40788.021   124.319    18.17   19.36
  41158.145   127.018     7.29   19.19
  41528.311   134.715    20.79   19.90
  41898.517   140.410    15.38   19.05
  42268.764   143.889     9.40   17.19
  42639.052   146.054     5.85   15.75
  43009.380   142.349   -10.01   18.14
  43379.750   131.935   -28.12   24.74
  43750.160   115.330   -44.83   26.56
  44120.611   102.884   -33.60   21.27
  44491.103    95.586   -19.70   12.20
  44861.636    94.480    -2.99    8.54
  45232.210    97.653     8.56    8.59
  45602.824   104.608    18.77    8.73
  45973.480   110.582    16.12    8.48
  46344.176   116.122    14.95    7.10
  46714.914   119.711     9.68    6.54
  47085.692   123.953    11.44    6.94
  47456.512   127.071     8.41    6.98
  47827.372   130.694     9.77    6.09
  48198.274   133.309     7.05    6.25
  48569.216   135.117     4.87    6.19
  48940.200   135.637     1.40    6.00
  49311.224   133.753    -5.08    6.05
  49682.290   131.453    -6.20    6.39
  50053.397   127.614   -10.34    8.57
  50424.544   126.834    -2.10    9.12
  50795.733   132.869    16.26   15.11
  51166.963   139.641    18.24   17.12
  51538.235   144.241    12.39   16.07
  51909.547   151.732    20.18   12.92
  52280.901   153.309     4.24   12.68
  52652.296   154.969     4.47   10.78
  53023.732   156.694     4.64    8.72
  53395.209   153.592    -8.35   10.35
  53766.727   150.006    -9.65   12.31
  54138.287   143.236   -18.22   16.44
  54509.888   135.522   -20.76   15.26
  54881.530   133.149    -6.38   15.95
  55253.214   129.766    -9.10   17.16
  55624.939   126.376    -9.12   17.31
  55996.705   126.410     0.09   18.29
  56368.513   125.404    -2.71   18.72
  56740.362   127.309     5.12   18.79
  57112.252   133.903    17.73   18.78
  57484.184   141.096    19.34   16.64
  57856.157   146.088    13.42   14.29
  58228.171   147.800     4.60   12.66
  58600.227   136.444   -30.52   20.01
  58972.325   123.494   -34.81   19.52
  59344.464   119.738   -10.09   19.27
  59716.644   123.379     9.78   21.41
  60088.866   135.246    31.88   22.97
  60461.129   147.056    31.73   15.90
  60833.434   154.753    20.67    8.81
  61205.781   155.690     2.52    8.87
  61578.169   150.919   -12.81   11.19
  61950.599   145.286   -15.13   11.55
  62323.070   141.723    -9.57   12.19
  62695.583   141.625    -0.26   13.20
  63068.137   143.519     5.08   13.30
  63440.734   145.625     5.65   12.20
  63813.371   148.248     7.04   10.17
  64186.051   147.125    -3.01   11.49
  64558.772   145.309    -4.87   12.77
  64931.535   141.275   -10.82   14.17
  65304.339   136.243   -13.50   16.14
  65677.186   134.698    -4.14   12.97
  66050.074   129.719   -13.35   15.11
  66423.004   121.619   -21.72   17.36
  66795.975   112.970   -23.19   18.18
  67168.989   102.631   -27.72   17.96
  67542.044    95.096   -20.20   14.44
  67915.141    92.035    -8.20    9.84
  68288.280    93.417     3.70   10.16
  68661.460   104.723    30.30   19.73
  69034.683   120.139    41.31   22.96
  69407.948   129.936    26.25   18.49
  69781.254   137.800    21.07   14.90
  70154.602   140.772     7.96   15.21
  70527.993   142.569     4.81   14.43
  70901.425   146.349    10.12   12.82
  71274.899   145.372    -2.62   14.60
  71648.415   141.185   -11.21   17.51
  72021.973   140.953    -0.62   17.64
  72395.574   140.211    -1.98   17.67
  72769.216   142.856     7.08   17.19
  73142.900   149.136    16.81   16.30
  73516.626   153.546    11.80   15.83
  73890.395   157.686    11.08   11.44
  74264.205   159.139     3.89    9.40
  74638.058   159.800     1.77    9.58
  75011.953   159.139    -1.77   10.61
  75385.890   160.133     2.66   10.59
  75759.869   163.453     8.88    9.40
  76133.890   166.353     7.75    8.89
  76507.953   167.315     2.57    8.45
  76882.059   165.517    -4.81    9.35
  77256.207   158.800   -17.95   11.92
  77630.397   153.536   -14.07   10.10
  78004.629   152.264    -3.40   11.70
  78378.903   152.569     0.82   13.68
  78753.220   155.495     7.82   14.22
  79127.579   153.884    -4.30   16.62
  79501.981   150.920    -7.92   18.57
  79876.425   148.690    -5.96   19.83
  80250.911   145.264    -9.15   19.02
  80625.439   138.819   -17.21   14.74
  81000.010   134.817   -10.69   10.16
  81374.624   134.326    -1.31    6.28
  81749.279   136.546     5.93    5.53
  82123.977   141.469    13.14    6.24
  82498.718   146.071    12.28    5.29
  82873.501   150.887    12.85    5.34
  83248.326   156.249    14.31    5.74
  83623.194   162.386    16.37    7.46
  83998.105   168.553    16.45    7.69
  84373.058   173.146    12.25    7.05
  84748.053   176.088     7.85    7.29
  85123.092   178.122     5.42    8.45
  85498.172   181.269     8.39    8.46
  85873.295   182.919     4.40    7.27
  86248.461   182.636    -0.76    7.00
  86623.670   179.263    -8.99    8.88
  86998.921   173.592   -15.11    9.26
  87374.215   166.660   -18.47    8.99
  87749.551   162.749   -10.42    7.71
  88124.930   162.803     0.14    9.55
  88500.352   165.723     7.78   11.62
  88875.816   171.069    14.24   12.81
  89251.324   177.393    16.84   11.86
  89626.874   183.840    17.17   10.35
  90002.466   188.356    12.03    7.78
  90378.102   188.419     0.17    7.01
  90753.780   185.884    -6.75    7.85
  91129.501   182.127   -10.00    8.09
  91505.265   180.703    -3.79    8.73
  91881.072   182.648     5.18    9.30
  92256.922   181.146    -3.99   11.49
  92632.814   177.819    -8.85   13.25
  93008.750   171.970   -15.56   12.54
  93384.728   169.409    -6.81   11.15
  93760.749   167.428    -5.27   11.68
  94136.814   165.495    -5.14   11.71
  94512.921   163.495    -5.32   10.34
  94889.071   161.658    -4.89    8.90
  95265.264   159.427    -5.93    8.40
  95641.500   155.495   -10.45    8.44
  96017.779   151.580   -10.41    8.63
  96394.102   143.346   -21.88   12.78
  96770.467   135.349   -21.25   12.36
  97146.875   129.786   -14.78    8.00
  97523.327   129.073    -1.89    7.29
  97899.821   130.854     4.73    7.77
  98276.359   131.953     2.92    6.95
  98652.939   131.603    -0.93    6.51
  99029.563   131.365    -0.63    5.67
  99406.230   131.207    -0.42    4.64
  99782.941   131.084    -0.33    3.96
 100159.694   129.863    -3.24    4.72
 100536.491   125.130   -12.56    8.90
 100913.331   119.694   -14.43   10.01
 101290.214   116.019    -9.75    9.03
 101667.140   120.625    12.22   17.08
 102044.110   128.553    21.03   21.38
 102421.123   131.088     6.73   21.05
 102798.179   130.304    -2.08   20.08
 103175.279   125.674   -12.28   17.08
 103552.422   125.769     0.25   14.26
 103929.609   136.269    27.84   16.64
 104306.838   149.608    35.36   14.42
 104684.111   158.690    24.08   11.78
 105061.428   163.207    11.97    7.61
 105438.788   163.088    -0.31    7.86
 105816.191   161.461    -4.31    9.73
 106193.638   158.591    -7.61   10.50
 106571.129   155.953    -6.99   11.57
 106948.663   159.084     8.29   11.03
 107326.240   159.353     0.71    8.71
 107703.861   158.512    -2.23    8.37
 108081.526   158.353    -0.42    7.53
 108459.234   151.420   -18.36   11.72
 108836.985   144.349   -18.72   12.48
 109214.781   140.653    -9.79   11.55
 109592.619   140.725     0.19   12.09
 109970.502   146.953    16.48   11.47
 110348.428   154.486    19.94    8.51
 110726.398   158.103     9.57    6.40
 111104.411   158.318     0.57    6.64
 111482.468   156.529    -4.73    8.60
 111860.569   152.281   -11.24    9.52
 112238.714   147.935   -11.49    8.97
 112616.902   143.904   -10.66    9.71
 112995.134   139.156   -12.56   10.16
 113373.410   134.281   -12.89   10.30
 113751.730   126.524   -20.50    9.54
 114130.094   119.715   -18.00    9.47
 114507.924   114.002   -15.12    7.81
 114877.796   108.756   -14.18    6.59
 115247.710   101.543   -19.50    9.61
 115617.665    96.004   -14.97    9.27
 115987.663    93.428    -6.96    6.49
 116357.702    95.139     4.62    8.13
 116727.783   103.543    22.71   13.73
 117097.905   114.315    29.11   16.08
 117468.070   125.049    29.00   17.52
 117838.276   135.608    28.53   18.51
 118208.524   144.953    25.24   15.19
 118578.814   153.219    22.33   10.11
 118949.146   153.346     0.34   12.31
 119319.520   145.372   -21.53   21.83
 119689.936   140.869   -12.16   22.35
 120060.394   135.630   -14.14   19.98
 120430.893   134.953    -1.83   17.03
 120801.435   136.805     5.00   16.75
 121172.018   141.280    12.08   16.51
 121542.644   146.576    14.29   15.66
 121913.311   150.487    10.55   14.22
 122284.021   156.020    14.93   15.61
 122654.773   162.636    17.85   13.70
 123025.566   166.746    11.09   12.23
 123396.402   168.703     5.28   12.91
 123767.280   170.258     4.19   13.70
 124138.200   171.533     3.44   11.78
 124509.162   172.419     2.39   10.11
 124880.166   171.681    -1.99    8.63
 125251.212   167.410   -11.51   10.54
 125622.301   161.017   -17.23   11.07
 125993.431   157.093   -10.57   10.70
 126364.604   154.734    -6.36   11.51
 126735.819   150.435   -11.58   12.66
 127107.077   148.346    -5.63   12.02
 127478.376   148.681     0.90   13.34
 127849.718   148.173    -1.37   15.36
 128221.102   152.586    11.88   16.48
 128592.529   155.453     7.72   17.46
 128963.997   157.665     5.96   15.99
 129335.508   157.740     0.20   15.10
 129707.062   156.286    -3.91   15.66
 130078.657   152.703    -9.64   15.55
 130450.295   146.444   -16.84   18.14
 130821.976   135.056   -30.64   21.53
 131193.699   124.707   -27.85   18.00
 131565.464   119.711   -13.44   11.28
 131937.272   120.869     3.12    7.89
 132309.122   127.935    19.00   10.26
 132681.015   134.662    18.09   12.88
 133052.950   139.503    13.02   12.60
 133424.928   141.886     6.41   13.17
 133796.948   142.822     2.52   11.59
 134169.010   143.592     2.07   10.77
 134541.116   147.469    10.42   10.19
 134913.264   151.553    10.97   10.42
 135285.454   156.082    12.17    8.09
 135657.687   158.003     5.16    6.12
 136029.962   159.854     4.97    6.42
 136402.281   160.221     0.98    7.61
 136774.642   158.324    -5.09    9.22
 137147.045   156.412    -5.13    9.84
 137519.491   154.162    -6.04   11.32
 137891.980   146.756   -19.89   12.61
 138264.512   141.586   -13.88   15.89
 138637.086   130.353   -30.15   21.32
 139009.703   118.461   -31.92   20.70
 139382.363   104.356   -37.85   12.30
 139755.066   100.986    -9.04    7.91
 140127.811   108.936    21.33   18.76
 140500.599   123.881    40.10   23.56
 140873.430   141.162    46.36   21.11
 141246.304   154.970    37.04   11.09
 141619.221   159.856    13.10    7.97
 141992.181   160.553     1.87    8.02
 142365.183   158.553    -5.36    9.96
 142738.228   155.086    -9.29   11.91
 143111.317   149.674   -14.51   14.56
 143484.448   141.146   -22.86   15.93
 143857.622   134.309   -18.33   17.32
 144230.839   132.182    -5.70   20.13
 144604.100   124.444   -20.73   23.15
 144977.403   116.711   -20.72   22.46
 145350.749   111.798   -13.16   18.61
 145724.138   104.904   -18.46   12.12
 146097.570   101.884    -8.09   10.13
 146471.046    99.543    -6.27    7.67
 146844.564    98.969    -1.54    6.22
 147218.126   102.711    10.02   11.17
 147591.730   112.985    27.50   20.02
 147965.378   119.002    16.11   21.60
 148339.069   122.281     8.78   18.65
 148712.803   126.584    11.52   16.96
 149086.580   136.662    26.97   19.07
 149460.401   147.573    29.19   17.39
 149834.264   157.356    26.17   12.07
 150208.171   158.766     3.77   11.96
 150582.121   151.559   -19.28   16.20
 150956.115   147.636   -10.49   15.23
 151330.151   148.526     2.38   16.75
 151704.231   156.791    22.10   15.42
 152078.355   159.486     7.20   12.98
 152452.521   158.772    -1.91   12.72
 152826.731   158.181    -1.58   12.90
 153200.985   163.211    13.44   12.87
 153575.281   167.315    10.97   10.32
 153949.621   163.356   -10.58   13.21
 154324.005   159.369   -10.65   14.75
 154698.432   157.586    -4.76   15.41
 155072.902   159.822     5.97   16.44
 155447.416   164.576    12.70   15.27
 155821.973   167.856     8.76   14.94
 156196.574   173.953    16.28   14.86
 156571.219   179.501    14.81   13.06
 156945.907   182.023     6.73   10.14
 157320.638   182.033     0.03    9.39
 157695.413   180.625    -3.76    9.28
 158070.232   177.485    -8.38   10.62
 158445.094   177.608     0.33   11.50
 158819.999   178.303     1.85    9.94
 159194.949   169.236   -24.18   18.74
 159569.942   158.035   -29.88   25.21
 159944.979   142.324   -41.90   23.35
 160320.059   131.326   -29.33   13.49
 160695.183   128.572    -7.34    6.86
 161070.351   129.828     3.35    4.81
 161445.562   133.082     8.67    4.68
 161820.818   136.903    10.19    6.14
 162196.117   141.084    11.14    7.51
 162571.460   146.543    14.55    9.42
 162946.846   153.353    18.14   11.81
 163322.277   161.536    21.80   15.09
 163697.751   168.241    17.86   14.34
 164073.269   177.510    24.69   12.80
 164448.831   183.349    15.55    7.45
 164824.437   179.297   -10.79   11.62
 165200.086   175.003   -11.43   14.00
 165575.780   171.334    -9.77   12.66
 165951.518   170.199    -3.02   11.84
 166327.299   173.461     8.68   12.00
 166703.125   177.778    11.49   12.82
 167078.994   184.631    18.23   12.70
 167454.908   189.619    13.27    9.42
 167830.865   191.487     4.97    8.27
 168206.867   189.559    -5.13   10.25
 168582.912   186.512    -8.10   10.88
 168959.002   182.805    -9.86   12.21
 169335.136   178.593   -11.20   15.60
