# NaN NaN NaN ;Mean Elev.(m), Avg Gradient(m/km), RMS Gradient(m/km) - SRTM1     
#   45.095   0.098   7.083 ;Mean Elev.(m), Avg Gradient(m/km), RMS Gradient(m/km) - ASTER GDEM
#   54.878   0.088   2.353 ;Mean Elev.(m), Avg Gradient(m/km), RMS Gradient(m/km) - GMTED2010 
  8 131.035437  47.688719    59.891    59.924  3 52492.52648724 48.991
 10 131.024562  47.688951    57.688    57.688  2 52562.52651366 34.022
 12 131.020226  47.689829    60.320    60.320  2 52632.52647548 10.662
 13 131.024075  47.688563    57.803    57.803  2 52667.52649343 14.561
 14 131.027793  47.687714    57.107    57.107  2 52702.52646653 11.409
 15 131.030095  47.688472    56.858    56.913  3 52737.52650759 26.164
 16 131.035324  47.687501    57.389    57.402  3 52772.52647199 49.056
 17 131.016985  47.690285    59.095    59.095  2 52807.52653160 42.412
 18 131.020522  47.689935    62.010    62.010  2 52842.52658983 39.981
 19 131.021480  47.689970    62.316    62.334  3 52877.52662823 50.278
 20 131.039289  47.685501    62.580    62.648  3 52912.52658518 50.488
 21 131.022340  47.689652    58.330    58.271  3 52947.52654362 47.135
 23 131.029819  47.687504    60.625    60.794  3 53017.52657333 14.889
 24 131.023477  47.689525    59.502    59.497  3 53052.52655414 11.427
 25 131.021957  47.689480    64.668    66.473  3 53087.52659092 22.982
 26 131.021068  47.688771    59.215    59.215  2 53122.52656107 48.632
 27 131.016548  47.689581    64.825    64.817  3 53157.52661799 51.274
 28 131.031501  47.686746    63.260    62.799  3 53192.52661007 19.411
 29 131.031990  47.687165    61.390    61.388  3 53227.52660948 45.819
 30 131.029322  47.688633    60.230    60.184  3 53262.52658293 50.921
 31 131.013085  47.689436    61.601    62.046  3 53297.52662096 28.016
 32 131.026224  47.688509    56.023    56.121  3 53332.52659211 35.252
 33 131.034976  47.688688    58.464    58.393  3 53367.52653643 39.039
 34 131.023145  47.688996    60.764    60.764  2 53402.52656551 13.539
 35 131.032876  47.686544    57.790    57.829  3 53437.52655368 15.665
 36 131.018281  47.689903    57.950    57.950  2 53472.52660873 36.420
 37 131.023539  47.688751    60.905    60.905  2 53507.52663694 51.652
 38 131.022751  47.689215    60.701    60.701  2 53542.52664520 33.337
 39 131.027753  47.688986    59.752    59.748  3 53577.52663076 51.367
 40 131.029795  47.688390    58.669    58.816  3 53612.52658311 32.694
 41 131.022747  47.688949    58.519    58.519  2 53647.52658845 51.585
 42 131.022135  47.688640    60.091    61.403  3 53682.52660373 26.726
 43 131.034983  47.686954    60.892    61.979  3 53717.52653039 19.761
 44 131.026753  47.687928    61.648    61.620  3 53752.52645075 13.982
 45 131.031967  47.688343    61.573    61.625  3 53787.52648080 11.452
 47 131.018810  47.689533    58.505    58.505  2 53857.52652778 52.577
 48 131.029065  47.687163    61.015    59.327  3 53892.52654084 20.878
 49 131.014545  47.689162    59.633    59.607  3 53927.52660135 47.991
 50 131.022519  47.689073    60.829    60.884  3 53962.52658453 46.544
 51 131.017274  47.690907    60.634    60.587  3 53997.52653062 52.405
 52 131.025193  47.688335    58.359    58.368  3 54032.52658036 47.684
 54 131.031764  47.688069    60.393    60.393  2 54102.52653369 20.627
 55 131.021458  47.689737    59.818    59.818  2 54137.52650315 16.308
 56 131.029291  47.688599    61.266    61.272  3 54172.52651119 10.858
 57 131.019849  47.689962    60.579    60.579  2 54207.52650864 30.882
 58 131.026170  47.688398    60.597    60.597  2 54242.52654071 26.187
 59 131.025666  47.688884    59.570    59.567  3 54277.52655456 50.196
 60 131.027759  47.688361    62.526    62.526  2 54312.52655481 53.302
 61 131.032398  47.688017    62.208    62.208  2 54347.52652679 51.763
 62 131.023046  47.689514    59.610    59.610  2 54382.52649240 53.318
 63 131.029034  47.688999    60.763    60.686  3 54417.52647618 24.092
 64 131.020253  47.689309    59.078    59.078  2 54452.52646202 25.914
 65 131.028943  47.687390    58.860    58.822  3 54487.52647343 20.301
 66 131.024567  47.689231    57.751    57.751  2 54522.52647502 30.226
 67 131.030211  47.687712    58.610    58.610  2 54557.52648363 26.991
 68 131.024273  47.689075    57.349    57.349  2 54592.52647139 29.480
 69 131.026747  47.688537    58.633    58.633  2 54627.52648636 32.549
 70 131.022764  47.689603    58.421    58.421  2 54662.52649420 36.991
 71 131.032499  47.686604    59.194    59.229  3 54697.52646835 54.268
 72 131.022021  47.688265    60.064    60.066  3 54732.52645079 42.646
 73 131.027917  47.687338    59.589    58.768  3 54767.52644759 28.640
 74 131.019904  47.690170    59.601    59.578  3 54802.52644488 16.745
 75 131.026898  47.687908    60.380    60.363  3 54837.52644078 15.649
 76 131.022311  47.688323    61.077    60.220  3 54872.52644342  9.938
 77 131.029820  47.688362    65.731    65.731  2 54907.52644797  6.971
 78 131.020970  47.689312    59.297    59.283  3 54942.52643674 25.646
 79 131.024608  47.689048    59.769    59.769  2 54977.52646423 46.233
 80 131.026673  47.688366    63.226    61.470  3 55012.52647126 30.870
 81 131.025926  47.688739    61.665    61.656  3 55047.52646382 50.853
 82 131.032884  47.687122    62.604    62.592  3 55082.52643459 51.778
 84 131.026756  47.688611    57.507    57.507  2 55152.52639288 36.709
 85 131.020696  47.689425    61.135    61.161  3 55187.52638321 15.381
 86 131.027138  47.688467    60.817    60.791  3 55222.52639168 14.971
 87 131.024820  47.689226    61.860    61.860  2 55257.52637881 10.166
 88 131.030782  47.688362    59.658    59.680  3 55292.52637962 25.537
 89 131.023196  47.689315    61.001    61.001  2 55327.52636321 49.717
 90 131.028765  47.687958    60.093    60.079  3 55362.52635837 51.565
 91 131.022067  47.688291    59.778    59.736  3 55397.52636660 35.817
 92 131.027741  47.689095    62.904    62.901  3 55432.52637416 47.216
 93 131.034504  47.688553    60.558    59.242  3 55467.52633235 26.375
