# NaN NaN NaN ;Mean Elev.(m), Avg Gradient(m/km), RMS Gradient(m/km) - SRTM1     
#    7.486  -0.073   2.145 ;Mean Elev.(m), Avg Gradient(m/km), RMS Gradient(m/km) - ASTER GDEM
#    1.012   0.055   2.390 ;Mean Elev.(m), Avg Gradient(m/km), RMS Gradient(m/km) - GMTED2010 
  8     4.500 52487.49736308 18.56 140.075211  51.668127 30.785
  8     4.621 52487.49736372 22.56 140.073701  51.671357 30.785
  8     6.379 52487.49736437 21.03 140.072201  51.674577 30.785
  9     5.677 52522.49733455 20.84 140.075621  51.669352 33.877
  9     5.863 52522.49733520 19.80 140.074121  51.672572 33.877
 11     3.400 52592.49738042 31.50 140.069953  51.662547  8.654
 11     3.286 52592.49738106 30.89 140.068443  51.665777  8.654
 12     2.293 52627.49729992 17.91 140.072318  51.667210  4.134
 12     2.357 52627.49730057 17.84 140.070808  51.670440  4.134
 12     2.714 52627.49730121 17.38 140.069298  51.673670  4.134
 13     3.356 52662.49734399 12.81 140.071910  51.666063  3.763
 13     3.207 52662.49734463 13.56 140.070400  51.669293  3.763
 14     5.835 52697.49732001 11.03 140.069354  51.661400  3.162
 14     5.308 52697.49732066 11.56 140.067844  51.664630  3.162
 15     1.696 52732.49734313 30.02 140.080491  51.669203 10.256
 15     1.584 52732.49734377 31.07 140.078981  51.672423 10.256
 15     3.520 52732.49734442 25.56 140.077471  51.675653 10.256
 16     4.024 52767.49735179 28.88 140.075865  51.667227 32.878
 16     4.079 52767.49735244 40.14 140.074355  51.670457 32.878
 16     3.852 52767.49735308 38.78 140.072845  51.673677 32.878
 18     4.095 52837.49742834 32.40 140.069726  51.665690 20.808
 18     4.014 52837.49742899 23.82 140.068216  51.668920 20.808
 19     5.905 52872.49746839 23.22 140.072387  51.665357 28.112
 19     6.026 52872.49746903 22.96 140.070877  51.668577 28.112
 19     6.101 52872.49746968 24.42 140.069367  51.671807 28.112
 20     6.246 52907.49745737 26.41 140.076313  51.669969 40.910
 20     6.943 52907.49745801 23.85 140.074803  51.673189 40.910
 21     5.182 52942.49738426 28.64 140.070457  51.665965 37.682
 21     5.174 52942.49738491 34.00 140.068947  51.669195 37.682
 23     4.186 53012.49744067 19.98 140.072488  51.664298  4.167
 23     3.185 53012.49744131 20.36 140.070978  51.667518  4.167
 23     3.476 53012.49744196 19.50 140.069468  51.670748  4.167
 25     6.055 53082.49744336 10.92 140.069214  51.664183  2.926
 25     5.470 53082.49744400 10.37 140.067704  51.667413  2.926
 28     7.433 53187.49745099 24.92 140.077823  51.667281 44.288
 28     6.874 53187.49745164 22.43 140.076313  51.670501 44.288
 28     7.328 53187.49745228 27.44 140.074803  51.673731 44.288
 29     6.378 53222.49747266 17.02 140.075687  51.668729 32.900
 29     6.660 53222.49747330 18.82 140.074187  51.671959 32.900
 29     6.969 53222.49747395 26.55 140.072677  51.675179 32.900
 30     6.965 53257.49744828 22.52 140.074277  51.667054 37.324
 30     5.321 53257.49744893 24.24 140.072767  51.670284 37.324
 30     6.413 53257.49744957 22.80 140.071257  51.673514 37.324
 32     3.651 53327.49744047 36.73 140.076044  51.666403 15.150
 32     3.573 53327.49744112 38.02 140.074544  51.669623 15.150
 32     3.435 53327.49744176 42.86 140.073034  51.672853 15.150
 33     2.114 53362.49739626 15.13 140.079364  51.671057  4.065
 33     2.024 53362.49739690 15.89 140.077854  51.674277  4.065
 34     2.813 53397.49741642 15.36 140.068634  51.662293  5.262
 34     2.383 53397.49741707 25.26 140.067124  51.665523  5.262
 35     3.704 53432.49740871 10.01 140.079035  51.669054  2.811
 35     4.144 53432.49740935  8.81 140.077525  51.672274  2.811
 35     3.425 53432.49740999  9.03 140.076025  51.675504  2.811
 37     8.081 53502.49749548 29.66 140.068859  51.662139 31.963
 37     7.557 53502.49749613 27.92 140.067359  51.665369 31.963
 38     7.798 53537.49748930 25.86 140.074020  51.665405 41.794
 38     7.455 53537.49748995 22.67 140.072510  51.668635 41.794
 38     7.295 53537.49749059 23.02 140.071000  51.671865 41.794
 38     7.871 53537.49749124 26.09 140.069490  51.675095 41.794
 39     6.398 53572.49749277 26.53 140.070300  51.665898 29.576
 39     5.365 53572.49749341 26.22 140.068800  51.669128 29.576
 40     6.211 53607.49744212 23.79 140.078746  51.669306 27.401
 40     5.072 53607.49744276 24.80 140.077236  51.672536 27.401
 42     2.835 53677.49746060 41.44 140.069866  51.661650 41.330
 42     2.878 53677.49746125 51.73 140.068356  51.664880 41.330
 43     1.598 53712.49739096 30.07 140.080409  51.670894  8.338
 43     1.366 53712.49739160 22.58 140.078899  51.674114  8.338
 45     2.275 53782.49733402 15.72 140.076790  51.668237  3.931
 45     2.761 53782.49733466  6.91 140.075280  51.671467  3.931
 45     2.571 53782.49733531  7.61 140.073770  51.674687  3.931
 46     3.970 53817.49729916  6.12 140.084280  51.669907  2.606
 46     4.624 53817.49729980  4.96 140.082770  51.673127  2.606
 48     6.087 53887.49737895 21.41 140.078759  51.668791 37.168
 48     6.234 53887.49737959 22.52 140.077249  51.672021 37.168
 48     6.489 53887.49738024 30.16 140.075739  51.675241 37.168
 53     5.804 54062.49742474 20.92 140.077611  51.668197  4.763
 53     5.188 54062.49742539 23.14 140.076101  51.671427  4.763
 53     4.307 54062.49742603 21.24 140.074586  51.674650  6.004
 54     6.011 54097.49739529 13.46 140.076974  51.669984  3.363
 54     6.336 54097.49739593 13.13 140.075464  51.673214  3.363
 56     2.037 54167.49736850 19.47 140.074334  51.668758  5.087
 56     3.376 54167.49736915 11.15 140.072824  51.671988  5.087
 56     4.040 54167.49736979 10.16 140.071314  51.675218  5.087
 58     5.510 54237.49738618 32.95 140.072359  51.665602 30.600
 58     5.257 54237.49738682 25.15 140.070849  51.668832 30.600
 58     5.657 54237.49738747 25.45 140.069339  51.672052 30.600
 59     5.248 54272.49740566 19.30 140.073628  51.667442 31.041
 59     5.640 54272.49740631 20.41 140.072118  51.670672 31.041
 59     6.739 54272.49740695 19.10 140.070608  51.673902 31.041
 60     3.472 54307.49740771 36.58 140.071759  51.667314 35.299
 60     3.675 54307.49740835 39.31 140.070249  51.670544 35.299
 61     5.986 54342.49738780 33.53 140.077285  51.670249 39.036
 61     6.236 54342.49738845 42.72 140.075775  51.673479 39.036
 62     4.688 54377.49734212 50.05 140.070642  51.663218 42.513
 62     4.542 54377.49734276 51.58 140.069132  51.666438 42.513
 62     4.675 54377.49734340 47.74 140.067622  51.669668 42.513
 63     3.100 54412.49733424 47.26 140.074031  51.665841 25.478
 63     2.878 54412.49733488 46.95 140.072521  51.669071 25.478
 63     3.249 54412.49733553 48.15 140.071011  51.672301 25.478
 66     2.425 54517.49732166 18.75 140.069106  51.664426  4.658
 66     2.273 54517.49732230 23.88 140.067596  51.667656  4.658
 67     1.695 54552.49734007 32.27 140.075784  51.669254 12.243
 67     3.487 54552.49734072 24.60 140.074274  51.672474 12.243
 68     4.387 54587.49731766 40.47 140.071484  51.664822 36.859
 68     4.391 54587.49731831 49.86 140.069974  51.668042 36.859
 68     4.380 54587.49731895 48.21 140.068464  51.671272 36.859
 69     4.056 54622.49733634 25.03 140.072425  51.667805 23.468
 69     3.992 54622.49733698 30.03 140.070915  51.671035 23.468
 69     7.039 54622.49733763 21.48 140.069405  51.674265 23.468
 70     2.941 54657.49734536 41.44 140.071349  51.665883 37.969
 70     2.774 54657.49734600 34.77 140.069839  51.669103 37.969
 71     5.577 54692.49732835 18.24 140.075097  51.666838 26.885
 71     4.878 54692.49732899 18.07 140.073587  51.670068 26.885
 71     6.194 54692.49732964 19.63 140.072077  51.673298 26.885
 72     3.745 54727.49729803 39.86 140.069651  51.664208 29.712
 72     3.488 54727.49729868 51.47 140.068131  51.667438 29.712
 73     3.686 54762.49730506 27.43 140.073081  51.664645 24.579
 73     3.643 54762.49730570 28.44 140.071571  51.667875 24.579
 73     3.733 54762.49730635 28.43 140.070061  51.671105 24.579
 75     3.171 54832.49729559 16.36 140.072298  51.667733  3.945
 75     3.130 54832.49729623 15.45 140.070788  51.670963  3.945
 75     3.410 54832.49729688 13.92 140.069272  51.674186  2.950
 76     5.360 54867.49728649 11.10 140.069312  51.661689  2.783
 76     3.491 54867.49728713 12.92 140.067802  51.664909  2.783
 77     5.235 54902.49730505  9.09 140.075100  51.666210  2.451
 77     5.270 54902.49730570  8.24 140.073590  51.669440  2.451
 77     4.193 54902.49730634  8.51 140.072080  51.672660  2.451
 78     2.786 54937.49727717 27.08 140.070865  51.664224 26.329
 78     2.695 54937.49727781 25.67 140.069355  51.667454 26.329
 78     2.575 54937.49727846 23.45 140.067845  51.670684 26.329
 79     6.683 54972.49730975 27.63 140.072152  51.664174 32.160
 79     6.119 54972.49731039 28.86 140.070642  51.667404 32.160
 79     6.195 54972.49731104 29.80 140.069132  51.670634 32.160
 80     4.682 55007.49732673 17.12 140.072661  51.665740 25.662
 80     4.829 55007.49732737 20.02 140.071151  51.668970 25.662
 80     6.291 55007.49732802 17.95 140.069641  51.672190 25.662
 81     7.567 55042.49731586 51.30 140.072780  51.666714 48.036
 81     7.579 55042.49731650 51.57 140.071270  51.669944 48.036
 81     7.604 55042.49731714 51.69 140.069760  51.673164 48.036
 82     8.165 55077.49729517 30.13 140.076399  51.667186 42.515
 82     7.747 55077.49729581 26.17 140.074889  51.670416 42.515
 82     7.832 55077.49729645 26.39 140.073379  51.673646 42.515
 83     7.818 55112.49724772 44.97 140.070829  51.663688 42.188
 83     7.461 55112.49724836 28.26 140.069319  51.666918 42.188
 83     7.588 55112.49724901 27.97 140.067809  51.670138 42.188
 84     4.295 55147.49724929 33.20 140.071979  51.665839 15.451
 84     4.381 55147.49724993 36.74 140.070469  51.669069 15.451
 84     4.340 55147.49725058 36.64 140.068959  51.672299 15.451
 86     4.873 55217.49724599 15.46 140.073639  51.667018  2.948
 86     4.380 55217.49724663 15.57 140.072129  51.670248  2.948
 86     4.390 55217.49724728 15.35 140.070619  51.673478  2.948
 87     4.847 55252.49722404 15.39 140.070822  51.663373  3.375
 87     3.464 55252.49722468 16.36 140.069312  51.666603  3.375
 87     4.488 55252.49722533 13.71 140.067802  51.669833  3.375
 88     3.101 55287.49723766 18.11 140.075985  51.667434  4.425
 88     3.877 55287.49723830 16.54 140.074475  51.670664  4.425
 88     3.429 55287.49723895 16.56 140.072965  51.673884  4.425
 89     6.676 55322.49721335 30.22 140.071946  51.664753 30.586
 89     6.392 55322.49721399 27.18 140.070436  51.667983 30.586
 89     6.311 55322.49721464 29.35 140.068926  51.671203 30.586
 90     8.035 55357.49721298 48.61 140.072180  51.667762 46.044
 90     8.023 55357.49721362 50.05 140.070670  51.670982 46.044
 90     8.002 55357.49721427 47.44 140.069160  51.674212 46.044
 91     7.223 55392.49721427 29.19 140.070558  51.662225 27.458
 91     6.835 55392.49721491 24.34 140.069048  51.665455 27.458
 91     5.498 55392.49721556 25.45 140.067538  51.668675 27.458
 92     7.188 55427.49722929 28.85 140.072382  51.667582 39.861
 92     7.073 55427.49722994 27.61 140.070872  51.670812 39.861
 92     6.960 55427.49723058 27.56 140.069362  51.674042 39.861
 93     7.891 55462.49719420 28.07 140.078985  51.668527 41.984
 93     7.604 55462.49719485 25.80 140.077475  51.671747 41.984
 93     7.789 55462.49719549 26.29 140.075975  51.674977 41.984
