# NaN NaN NaN ;Mean Elev.(m), Avg Gradient(m/km), RMS Gradient(m/km) - SRTM1     
#    5.230  -2.088  17.875 ;Mean Elev.(m), Avg Gradient(m/km), RMS Gradient(m/km) - ASTER GDEM
#   17.092  -1.758  17.272 ;Mean Elev.(m), Avg Gradient(m/km), RMS Gradient(m/km) - GMTED2010 
  8 136.710551  49.569236    21.694    21.678  4 52496.50891085 50.678
  9 136.700218  49.553586    21.656    21.643  4 52531.50889434 51.797
 10 136.707488  49.565800    20.604    20.512  5 52566.50891813 26.386
 11 136.705654  49.562961    19.478    19.465  5 52601.50892941 24.472
 12 136.701240  49.557720    19.521    19.558  4 52636.50889312 12.161
 13 136.706225  49.565066    19.618    19.650  5 52671.50889952 11.528
 14 136.704733  49.561803    19.481    19.548  5 52706.50889704  8.572
 15 136.705491  49.564210    19.428    19.422  5 52741.50893006 44.632
 16 136.714720  49.571842    19.158    19.195  5 52776.50887488 48.086
 17 136.700743  49.556009    19.920    19.817  3 52811.50894982 52.511
 18 136.701900  49.559279    22.489    22.458  5 52846.50900549 51.623
 19 136.704210  49.562262    22.955    22.897  5 52881.50904289 25.026
 20 136.711652  49.569298    22.433    22.315  5 52916.50900112 29.440
 21 136.704273  49.562126    20.545    20.538  5 52951.50896073 45.388
 22 136.710332  49.569229    19.771    19.792  4 52986.50897985 18.327
 23 136.711499  49.569311    19.624    19.653  5 53021.50896935 14.692
 24 136.708142  49.566539    18.908    18.913  4 53056.50895896 17.285
 25 136.705116  49.562722    21.202    21.188  5 53091.50899602 10.298
 26 136.704883  49.562851    21.481    21.481  4 53126.50896684 51.732
 27 136.701488  49.559320    24.181    24.220  4 53161.50902888 25.932
 28 136.707428  49.566121    21.532    21.466  5 53196.50902824 24.015
 29 136.712275  49.569866    21.998    21.988  4 53231.50901074 34.005
 30 136.711881  49.569659    21.185    21.173  4 53266.50898031 47.866
 32 136.706822  49.565662    18.805    18.791  5 53336.50900159 44.458
 33 136.713906  49.570767    19.424    19.430  5 53371.50893891 17.988
 34 136.705076  49.564565    19.309    19.248  5 53406.50897406 12.461
 35 136.711655  49.570336    19.423    19.391  5 53441.50896102 11.367
 36 136.701515  49.556055    20.625    19.825  4 53476.50902677 32.703
 37 136.705351  49.564543    22.759    22.720  5 53511.50904196 49.629
 38 136.704294  49.563642    22.892    22.904  5 53546.50905899 41.116
 39 136.708412  49.566873    21.640    21.605  4 53581.50903164 51.809
 40 136.709626  49.567633    20.921    20.931  4 53616.50898695 21.414
 41 136.705142  49.562521    20.026    20.033  4 53651.50900112 51.087
 42 136.703966  49.561954    18.948    18.941  4 53686.50900674 42.345
 43 136.713784  49.570876    20.003    20.006  4 53721.50893394 11.432
 44 136.707524  49.566826    19.997    20.154  4 53756.50886330  9.598
 45 136.710560  49.569189    20.517    20.593  5 53791.50889000  6.597
 46 136.704236  49.562739    22.039    22.049  4 53826.50885106  8.254
 47 136.701882  49.559497    21.291    21.280  5 53861.50894014 52.481
 48 136.705456  49.564400    20.771    20.636  5 53896.50896136 30.666
 49 136.700696  49.556383    22.215    22.151  4 53931.50901050 28.534
 50 136.704357  49.561380    23.690    23.665  5 53966.50898696 45.180
 51 136.701859  49.559189    22.015    21.868  5 54001.50894862 26.033
 52 136.707062  49.563732    20.707    20.696  5 54036.50898933 21.796
 53 136.707701  49.567019    19.170    19.170  4 54071.50898406 26.995
 54 136.711780  49.569479    19.258    19.283  4 54106.50893592 23.694
 55 136.703462  49.562538    19.213    19.214  5 54141.50891719 15.608
 56 136.708832  49.568350    19.138    19.098  5 54176.50891716 11.618
 57 136.703897  49.560927    21.074    21.087  4 54211.50892377 35.484
 58 136.705251  49.563857    21.555    21.504  5 54246.50895417 21.437
 60 136.708303  49.568473    21.783    21.750  4 54316.50896360 28.117
 61 136.710359  49.568540    21.883    21.837  5 54351.50893058 33.680
 62 136.706032  49.564379    20.465    20.386  4 54386.50890205 24.243
 63 136.709071  49.567047    18.637    18.647  4 54421.50887994 41.832
 64 136.702751  49.561273    18.804    18.787  5 54456.50887453 25.898
 65 136.709211  49.567825    18.853    18.854  4 54491.50888177 20.516
 66 136.706067  49.563750    18.913    18.944  5 54526.50888765 13.561
 67 136.709713  49.567613    19.332    19.326  4 54561.50889020 44.326
 68 136.706362  49.564479    19.675    19.667  5 54596.50888389 50.322
 69 136.706366  49.562561    20.239    20.225  5 54631.50889697 50.542
 70 136.705114  49.564532    19.466    19.448  5 54666.50890346 50.245
 71 136.711310  49.569764    20.707    20.562  5 54701.50887249 50.514
 72 136.703662  49.560437    20.473    20.504  5 54736.50886276 47.420
 73 136.709209  49.567352    19.676    19.756  5 54771.50885245 30.538
 74 136.702585  49.560157    19.153    19.143  5 54806.50885629 21.512
 75 136.707730  49.565430    19.373    19.361  4 54841.50884836 18.887
 76 136.704435  49.562514    19.066    19.076  4 54876.50885812 11.282
 77 136.709091  49.567726    19.061    18.962  4 54911.50885372 24.308
 78 136.703227  49.561355    21.850    21.827  5 54946.50885087 51.536
 79 136.705854  49.563720    21.636    21.514  5 54981.50887723 50.817
 80 136.707067  49.564157    22.728    22.707  5 55016.50887776 51.037
 81 136.708122  49.565550    24.306    24.186  5 55051.50887291 25.513
 82 136.710440  49.569907    23.679    23.653  4 55086.50883836 25.810
 83 136.705068  49.562996    22.062    22.055  5 55121.50880653 22.672
 84 136.708161  49.566370    20.479    20.500  5 55156.50879772 34.061
 85 136.702642  49.560938    20.273    20.265  4 55191.50879590 14.038
 86 136.707868  49.567151    19.862    19.937  5 55226.50879861  9.614
 87 136.706658  49.564525    19.990    20.004  5 55261.50879187  7.565
 88 136.709859  49.568760    19.659    19.748  4 55296.50878403 15.904
 89 136.705710  49.563864    22.417    22.420  4 55331.50877248 21.638
 90 136.708543  49.567394    21.811    21.807  5 55366.50876567 47.518
 91 136.703497  49.561878    21.613    21.617  4 55401.50877817 52.565
 92 136.708609  49.568545    24.224    24.202  4 55436.50878337 52.403
 93 136.712041  49.570176    20.813    20.826  4 55471.50873464 49.046
