# NaN NaN NaN ;Mean Elev.(m), Avg Gradient(m/km), RMS Gradient(m/km) - SRTM1     
#    4.000  -0.003   3.542 ;Mean Elev.(m), Avg Gradient(m/km), RMS Gradient(m/km) - ASTER GDEM
#   18.102   0.003   0.938 ;Mean Elev.(m), Avg Gradient(m/km), RMS Gradient(m/km) - GMTED2010 
  7 136.585161  49.465681    21.632    21.601  5 52466.06529771 27.105
  9 136.592944  49.466532    22.185    22.204  4 52536.06527793 24.135
 11 136.581935  49.464731    20.616    20.613  4 52606.06528023 24.772
 12 136.589424  49.467495    20.399    20.413  5 52641.06527093 15.551
 13 136.582902  49.465998    20.516    20.525  4 52676.06526151 15.002
 14 136.588783  49.466658    20.577    20.554  4 52711.06528618 12.113
 15 136.572400  49.462886    21.299    21.266  5 52746.06531504 35.302
 16 136.591644  49.466735    20.376    20.360  4 52781.06525140 26.885
 17 136.590379  49.467366    20.812    20.769  5 52816.06533239 25.687
 18 136.590578  49.466809    21.705    21.868  4 52851.06538397 25.102
 19 136.580949  49.464900    23.781    23.808  4 52886.06541928 25.821
 20 136.580179  49.465046    23.185    23.121  5 52921.06537497 29.468
 21 136.597461  49.467580    21.520    21.515  3 52956.06533858 44.338
 22 136.593520  49.467154    21.365    21.375  4 52991.06535521 23.325
 23 136.590363  49.467258    20.771    20.730  4 53026.06532141 16.654
 24 136.595840  49.468203    20.524    20.519  4 53061.06533116 16.962
 25 136.572992  49.464580    21.141    21.107  5 53096.06536180  8.611
 26 136.597645  49.468408    22.231    22.225  4 53131.06533284 24.469
 28 136.586302  49.467209    22.057    22.068  4 53201.06540839 39.977
 29 136.589878  49.467123    22.882    22.800  5 53236.06537785 23.577
 30 136.596838  49.467645    21.534    21.491  3 53271.06533757 27.905
 31 136.582724  49.466335    20.913    20.885  4 53306.06540180 27.665
 32 136.581248  49.465133    20.227    20.248  4 53341.06536989 32.583
 33 136.581100  49.465228    20.715    20.724  4 53376.06529968 19.390
 34 136.590657  49.467775    20.762    20.765  4 53411.06534396 12.978
 35 136.576558  49.463819    20.277    20.202  5 53446.06532719 19.279
 36 136.582117  49.464935    21.496    21.527  4 53481.06541134 32.312
 37 136.584972  49.465977    23.338    23.331  5 53516.06541505 23.041
 38 136.576987  49.463559    23.267    23.165  5 53551.06543588 36.939
 39 136.585544  49.466926    22.631    22.588  5 53586.06539248 44.415
 40 136.588040  49.466606    21.857    21.857  4 53621.06535328 46.604
 41 136.588234  49.467099    20.809    20.857  4 53656.06538179 23.365
 42 136.580776  49.465032    20.329    20.305  4 53691.06537195 46.439
 43 136.579372  49.465149    20.633    20.549  5 53726.06529582 20.489
 44 136.599413  49.467011    20.814    20.815  3 53761.06524395 14.595
 45 136.584926  49.466462    20.740    20.778  4 53796.06525956 10.975
 47 136.586798  49.466048    23.579    22.768  5 53866.06531662 22.080
 49 136.574647  49.463828    23.054    23.053  4 53936.06538579 39.521
 50 136.576770  49.464317    23.648    23.807  4 53971.06535281 18.636
 52 136.594434  49.468828    20.504    20.516  4 54041.06536006 28.210
 53 136.583537  49.466248    20.258    20.256  5 54076.06535530 33.223
 54 136.574274  49.462520    20.580    20.621  5 54111.06529801 23.256
 55 136.589837  49.468005    20.443    20.439  4 54146.06529511 18.521
 56 136.577071  49.464287    20.264    20.292  5 54181.06528432 12.492
 57 136.588508  49.467628    23.180    23.108  5 54216.06530330 22.548
 58 136.586418  49.466756    22.784    22.746  5 54251.06533001 26.777
 59 136.585755  49.466291    21.142    21.162  4 54286.06533647 25.705
 60 136.587179  49.467475    22.289    22.315  5 54321.06533322 14.655
 61 136.579651  49.464830    22.163    22.137  5 54356.06529482 17.835
 62 136.587520  49.467338    21.194    21.163  5 54391.06527397 49.777
 63 136.583316  49.465633    20.131    20.163  5 54426.06524477 40.463
 64 136.590572  49.466228    19.958    19.953  4 54461.06525081 30.063
 65 136.583737  49.466060    20.240    20.207  4 54496.06525131 24.005
 66 136.591049  49.468017    20.034    20.023  4 54531.06526350 16.530
 67 136.578235  49.463703    21.170    21.209  4 54566.06525750 38.440
 68 136.587059  49.466902    21.214    21.245  5 54601.06525900 49.173
 69 136.583805  49.465451    20.947    20.902  5 54636.06527151 26.428
 70 136.582824  49.465536    21.019    20.985  4 54671.06527533 25.257
 71 136.582401  49.464700    21.124    21.159  4 54706.06523664 25.605
 72 136.589356  49.467985    21.702    21.674  5 54741.06523875 47.910
 73 136.583996  49.465841    20.910    20.941  4 54776.06521793 52.657
 74 136.591458  49.467170    20.305    20.302  4 54811.06523226 21.460
 75 136.581758  49.464754    20.345    20.347  4 54846.06521758 17.873
 76 136.586873  49.466610    20.234    20.235  4 54881.06523594 11.960
 77 136.577002  49.464933    20.454    20.454  5 54916.06522109 10.382
 78 136.586131  49.466283    21.963    21.766  4 54951.06522882 19.395
 79 136.584669  49.466377    21.375    21.376  4 54986.06525368 19.012
 80 136.586192  49.466446    23.258    23.221  5 55021.06524676 18.514
 81 136.584857  49.466727    24.461    24.468  4 55056.06524361 24.671
 82 136.578636  49.464365    23.704    23.843  4 55091.06520241 25.685
 83 136.588070  49.467185    23.914    23.233  5 55126.06518259 17.226
 85 136.590296  49.466925    21.215    21.249  4 55196.06517298 19.432
 86 136.579009  49.465116    20.742    20.700  5 55231.06516686 12.820
 87 136.587929  49.467586    20.439    20.388  5 55266.06516804 10.880
 88 136.580092  49.464493    21.260    21.258  4 55301.06514806 23.794
 89 136.583582  49.465402    24.986    24.884  5 55336.06514401 20.751
 90 136.585667  49.466832    22.963    23.118  5 55371.06513415 22.753
 91 136.590570  49.468013    22.768    22.762  4 55406.06515251 43.519
 92 136.584646  49.466795    24.297    24.289  4 55441.06515287 26.302
 93 136.579663  49.465003    22.297    22.246  5 55476.06509674 27.055
