# NaN NaN NaN ;Mean Elev.(m), Avg Gradient(m/km), RMS Gradient(m/km) - SRTM1     
#   65.842  -3.333   4.858 ;Mean Elev.(m), Avg Gradient(m/km), RMS Gradient(m/km) - ASTER GDEM
#   74.619  -2.040   6.219 ;Mean Elev.(m), Avg Gradient(m/km), RMS Gradient(m/km) - GMTED2010 
  7 130.569710  48.863470    81.198    81.097  4 52443.08140671 20.513
  8 130.575789  48.866987    82.121    82.112  4 52478.08140063 48.380
  9 130.586505  48.871457    73.429    73.302  3 52513.08134191 42.985
 10 130.587630  48.872643    79.415    79.415  2 52548.08138364 19.419
 11 130.586351  48.871212    78.579    78.571  3 52583.08138550 49.229
 12 130.570098  48.863810    79.589    79.561  3 52618.08136159 16.128
 14 130.576981  48.867103    79.369    79.423  3 52688.08133511  9.204
 15 130.583124  48.869737    81.057    79.280  3 52723.08138092 25.049
 16 130.561101  48.858984    78.896    78.893  3 52758.08140488 52.188
 17 130.594081  48.874669    83.989    83.985  3 52793.08135338 46.479
 18 130.595071  48.874613    84.734    84.734  2 52828.08142127 52.317
 19 130.594551  48.873681    86.200    86.200  2 52863.08146653 41.016
 20 130.577738  48.869055    82.803    82.807  3 52898.08149745 22.289
 21 130.569103  48.862409    81.894    81.835  4 52933.08144464 35.277
 22 130.589784  48.873451    77.959    77.874  3 52968.08144972 43.830
 24 130.569180  48.863486    79.867    79.908  3 53038.08142453 19.538
 25 130.579364  48.869805    79.758    79.802  3 53073.08145008 18.983
 26 130.566940  48.862027    82.692    81.136  4 53108.08142530 32.470
 27 130.585747  48.872138    86.117    86.191  3 53143.08145859 33.168
 28 130.585903  48.872766    83.091    83.035  3 53178.08147976 51.927
 29 130.579545  48.869115    83.435    83.474  3 53213.08150132 42.208
 30 130.577359  48.867314    81.050    81.083  3 53248.08147078 52.334
 31 130.585522  48.871741    82.049    82.049  2 53283.08146086 32.387
 32 130.589088  48.872236    79.571    79.548  3 53318.08145986 50.151
 34 130.589628  48.873803    80.112    80.128  3 53388.08142139 20.782
 35 130.589078  48.872526    80.009    80.009  2 53423.08142216 17.255
 36 130.595992  48.875097    82.853    82.853  2 53458.08142664 17.424
 37 130.575708  48.867627    88.028    88.483  3 53493.08151373 22.002
 38 130.588593  48.873083    86.474    86.422  3 53528.08149075 32.231
 39 130.570331  48.863249    81.800    81.775  4 53563.08152295 52.343
 40 130.581909  48.870082    80.717    80.761  3 53598.08146167 39.463
 41 130.586110  48.872023    81.023    81.023  2 53633.08145676 18.541
 42 130.578171  48.869411    79.591    79.651  3 53668.08147971 23.163
 43 130.585769  48.873102    78.449    78.437  3 53703.08142250 46.591
 44 130.576835  48.868011    80.905    80.924  4 53738.08133323 25.288
 45 130.592613  48.873994    79.931    79.931  2 53773.08134469 20.297
 46 130.580312  48.871390    80.077    80.077  2 53808.08133256 16.397
 48 130.590228  48.873953    82.108    82.125  3 53878.08140106 47.740
 49 130.576217  48.867528    84.892    84.894  3 53913.08145537 27.958
 51 130.575219  48.866458    83.073    82.907  3 53983.08141112 31.314
 53 130.594598  48.875033    78.968    78.968  2 54053.08143219 46.055
 54 130.580300  48.868802    81.724    81.725  3 54088.08142547 21.160
 55 130.568718  48.864301    81.232    81.283  4 54123.08134932 16.977
 56 130.582817  48.871580    80.619    80.649  3 54158.08138786 10.807
 58 130.583732  48.870038    81.648    81.736  3 54228.08139978 49.889
 59 130.585420  48.872020    81.785    81.777  3 54263.08141815 22.257
 60 130.581806  48.869273    81.380    81.267  3 54298.08142415 29.025
 63 130.582650  48.871700    80.237    80.339  3 54403.08135655 50.002
 65 130.588678  48.872085    80.735    80.732  3 54473.08134192 18.725
 66 130.575274  48.867459    80.552    80.591  4 54508.08132537 14.714
 67 130.583965  48.870835    80.338    80.162  3 54543.08135672 25.368
 68 130.573892  48.866544    80.189    79.946  4 54578.08132784 24.747
 69 130.584160  48.871788    79.833    79.711  3 54613.08134708 17.870
 70 130.582373  48.870282    79.731    79.736  3 54648.08135447 52.877
 71 130.580145  48.869698    81.483    81.413  4 54683.08135489 27.718
 72 130.575412  48.867411    81.902    81.775  4 54718.08130284 45.839
 73 130.584800  48.870855    81.430    81.534  3 54753.08132753 27.069
 74 130.576214  48.867362    79.766    79.760  3 54788.08129373 48.987
 75 130.587617  48.872643    81.315    81.315  2 54823.08132153 19.298
 77 130.580082  48.871244    80.215    80.215  2 54893.08132474 14.760
 78 130.570900  48.864103    80.836    80.848  4 54928.08128788 27.786
 80 130.579634  48.869410    82.587    82.674  4 54998.08134505 50.015
 82 130.579749  48.869924    84.143    84.068  3 55068.08132237 37.490
 83 130.571121  48.865320    83.582    83.523  4 55103.08126227 39.442
 84 130.584571  48.871791    81.297    81.310  3 55138.08126909 45.164
 85 130.576617  48.868456    81.670    81.670  3 55173.08123072 23.145
 86 130.585239  48.870596    82.113    82.170  3 55208.08126360 21.149
 88 130.579615  48.869379    80.853    80.844  4 55278.08125776 12.908
 89 130.575101  48.866889    87.182    88.661  3 55313.08122089 21.029
 90 130.581790  48.870007    85.396    85.275  3 55348.08122792 46.768
 91 130.579737  48.870307    81.817    81.872  3 55383.08121852 29.434
 92 130.586916  48.872680    85.201    85.188  3 55418.08124613 43.937
 93 130.578343  48.868479    82.916    82.881  4 55453.08122791 34.162
 94 130.573763  48.865738    81.102    81.113  3 55488.08115017 51.480
