# NaN NaN NaN ;Mean Elev.(m), Avg Gradient(m/km), RMS Gradient(m/km) - SRTM1     
#   50.637  -0.281   3.396 ;Mean Elev.(m), Avg Gradient(m/km), RMS Gradient(m/km) - ASTER GDEM
#   46.609  -0.242   1.347 ;Mean Elev.(m), Avg Gradient(m/km), RMS Gradient(m/km) - GMTED2010 
  7 132.255217  47.709988    51.211    50.994  4 52456.07563094 17.487
 10 132.262796  47.714524    50.317    50.302  4 52561.07563187 47.214
 11 132.249339  47.708088    49.568    49.570  3 52596.07564424 30.958
 12 132.268221  47.719738    49.175    49.184  6 52631.07557892 18.551
 15 132.260436  47.712590    49.330    49.347  4 52736.07561323 32.626
 17 132.265503  47.716771    51.155    51.086  5 52806.07563600 47.168
 18 132.266462  47.717558    53.963    53.965  6 52841.07569588 50.896
 19 132.261257  47.713129    54.028    53.956  5 52876.07573578 36.527
 20 132.262166  47.713666    53.558    53.548  4 52911.07570065 24.563
 23 132.252579  47.708605    50.082    50.101  4 53016.07569049 17.139
 24 132.269746  47.719997    50.132    50.145  6 53051.07566446 17.122
 25 132.245703  47.707914    53.449    54.199  3 53086.07570392  5.851
 26 132.261773  47.713360    51.597    51.191  5 53121.07567235 24.501
 27 132.254557  47.710539    55.430    55.417  4 53156.07572735 51.204
 28 132.266338  47.716744    52.585    52.326  6 53191.07571733 23.268
 29 132.260078  47.711950    52.679    52.683  4 53226.07572418 37.392
 30 132.247802  47.707546    52.451    52.463  3 53261.07569940 41.664
 31 132.252883  47.709690    51.436    51.425  3 53296.07573081 50.168
 32 132.259287  47.711530    48.947    48.970  4 53331.07570284 43.857
 33 132.256152  47.710882    50.145    50.148  4 53366.07565066 17.125
 35 132.256059  47.710493    50.242    50.244  4 53436.07566673 10.456
 36 132.260350  47.712847    50.956    50.242  5 53471.07571495 31.755
 37 132.254764  47.710378    52.422    51.890  3 53506.07575068 20.380
 38 132.254839  47.709276    53.100    53.105  4 53541.07575439 49.959
 39 132.251644  47.708817    52.283    52.271  3 53576.07574580 52.513
 40 132.248323  47.707061    51.412    51.440  3 53611.07569757 17.230
 41 132.267390  47.718007    50.940    50.988  6 53646.07569892 28.465
 42 132.250394  47.708670    49.654    49.673  3 53681.07571777 37.456
 43 132.257303  47.711231    49.858    49.873  4 53716.07564482 30.395
 44 132.279354  47.731285    49.884    49.906 12 53751.07555816 25.891
 45 132.261943  47.713622    49.977    50.004  4 53786.07559223 35.075
 46 132.252045  47.708610    50.384    50.410  3 53821.07555037 10.676
 47 132.257590  47.710984    50.699    50.720  4 53856.07563692 28.262
 48 132.269166  47.719343    51.339    51.321  7 53891.07564642 50.714
 49 132.248084  47.707473    52.763    53.023  3 53926.07571201 27.509
 50 132.246736  47.707044    53.066    53.046  3 53961.07569895 52.481
 51 132.279673  47.730585    52.206    52.185 12 53996.07563293 50.867
 52 132.268808  47.719612    50.961    50.981  6 54031.07568965 46.837
 53 132.260254  47.712560    49.236    49.289  5 54066.07568524 30.895
 54 132.252298  47.708842    50.369    50.363  4 54101.07564873 23.530
 55 132.264559  47.714755    50.467    50.547  5 54136.07561107 17.984
 57 132.263532  47.713473    50.974    50.982  4 54206.07561633 50.220
 58 132.260352  47.712775    51.784    51.458  4 54241.07564957 18.906
 59 132.259904  47.712533    51.474    51.485  5 54276.07566501 25.775
 61 132.253524  47.709621    53.693    53.723  3 54346.07564114 49.279
 62 132.264395  47.715146    51.234    51.217  4 54381.07560224 23.868
 63 132.256249  47.711782    49.563    49.563  4 54416.07558964 50.142
 64 132.266709  47.717713    49.689    49.672  6 54451.07557014 33.717
 65 132.261366  47.713027    49.992    50.043  4 54486.07558532 20.419
 66 132.264888  47.715160    49.840    49.870  5 54521.07558409 31.039
 67 132.254131  47.709417    50.457    50.446  4 54556.07559683 40.357
 68 132.261307  47.713947    49.941    49.759  4 54591.07558011 47.332
 69 132.257559  47.711352    50.461    50.457  4 54626.07559710 22.950
 70 132.257417  47.711246    49.993    50.068  4 54661.07560510 32.199
 71 132.255814  47.709731    51.375    51.397  4 54696.07558261 31.304
 72 132.263918  47.714351    51.570    51.506  4 54731.07555996 24.401
 73 132.258986  47.711775    50.522    50.603  4 54766.07556122 32.312
 75 132.258613  47.712257    50.398    50.374  4 54836.07555270 17.734
 76 132.266130  47.717630    50.461    50.523  6 54871.07555124 12.558
 77 132.250620  47.708382    50.131    50.107  4 54906.07556212 10.630
 78 132.262668  47.713618    51.112    51.134  4 54941.07554393 35.104
 79 132.259348  47.712674    51.369    51.358  4 54976.07557316 24.089
 80 132.256235  47.709967    54.497    54.889  4 55011.07558409 14.220
 81 132.260520  47.712359    53.940    53.939  4 55046.07557463 32.203
 82 132.253219  47.709287    54.436    54.436  4 55081.07554910 44.740
 83 132.263760  47.714393    53.390    53.324  4 55116.07550651 24.459
 84 132.256722  47.710880    50.387    50.394  4 55151.07550611 44.144
 85 132.263583  47.713783    51.938    51.934  5 55186.07549186 24.939
 86 132.256395  47.711134    51.872    51.884  4 55221.07550434 13.999
 87 132.263659  47.713911    51.859    51.865  4 55256.07548811  9.757
 88 132.252510  47.709778    54.741    54.918  3 55291.07549319  8.716
 89 132.257686  47.712093    52.463    52.144  4 55326.07547341 15.660
 90 132.255951  47.710167    52.402    52.414  4 55361.07547100 47.484
 91 132.263268  47.714897    52.026    52.031  4 55396.07547595 36.248
 92 132.261876  47.713903    54.980    54.990  4 55431.07548517 44.995
 93 132.253174  47.709339    52.231    51.647  4 55466.07544725 31.492
