# NaN NaN NaN ;Mean Elev.(m), Avg Gradient(m/km), RMS Gradient(m/km) - SRTM1     
#   65.842  -3.333   4.858 ;Mean Elev.(m), Avg Gradient(m/km), RMS Gradient(m/km) - ASTER GDEM
#   74.619  -2.040   6.219 ;Mean Elev.(m), Avg Gradient(m/km), RMS Gradient(m/km) - GMTED2010 
  7    80.668 52443.08140575 20.76 130.571763  48.868330 22.452
  7    80.835 52443.08140639 20.43 130.570393  48.865090 22.452
  7    81.358 52443.08140704 19.74 130.569023  48.861850 22.452
  7    81.929 52443.08140768 21.02 130.567663  48.858610 22.452
  8    82.038 52478.08139966 48.75 130.577839  48.871847 22.905
  8    82.220 52478.08140031 50.57 130.576469  48.868607 22.905
  8    82.069 52478.08140095 46.97 130.575109  48.865367 22.905
  8    82.156 52478.08140160 45.64 130.573739  48.862127 22.905
  9    73.302 52513.08134126 44.00 130.587875  48.874697 18.302
  9    73.688 52513.08134191 39.22 130.586505  48.871457 18.302
  9    73.296 52513.08134255 44.18 130.585135  48.868217 18.302
 10    79.583 52548.08138332 17.01 130.588315  48.874263 22.305
 10    79.247 52548.08138396 20.96 130.586945  48.871023 22.305
 11    78.698 52583.08138486 48.91 130.587714  48.874452 16.897
 11    78.571 52583.08138550 51.94 130.586354  48.871212 16.897
 11    78.466 52583.08138615 42.32 130.584984  48.867972 16.897
 12    79.498 52618.08136095 15.77 130.571468  48.867050  5.671
 12    79.709 52618.08136159 15.31 130.570098  48.863810  5.671
 12    79.561 52618.08136224 17.10 130.568728  48.860570  5.671
 14    79.159 52688.08133446  9.64 130.578351  48.870343  3.467
 14    79.423 52688.08133511  8.62 130.576981  48.867103  3.467
 14    79.525 52688.08133575  9.29 130.575611  48.863863  3.467
 15    84.856 52723.08138028 22.66 130.584494  48.872977  7.670
 15    79.035 52723.08138092 26.01 130.583124  48.869737  7.670
 15    79.280 52723.08138157 25.75 130.581754  48.866497  7.670
 16    78.916 52758.08140424 49.40 130.562468  48.862224 19.925
 16    78.881 52758.08140488 55.12 130.561098  48.858984 19.925
 16    78.893 52758.08140553 49.26 130.559738  48.855744 19.925
 17    83.956 52793.08135273 46.53 130.595451  48.877909 17.214
 17    84.025 52793.08135338 46.83 130.594081  48.874669 17.214
 17    83.985 52793.08135402 46.04 130.592711  48.871429 17.214
 18    84.883 52828.08142094 52.85 130.595756  48.876233 26.465
 18    84.584 52828.08142159 51.71 130.594386  48.872993 26.465
 19    86.200 52863.08146620 41.66 130.595231  48.875301 13.978
 19    86.199 52863.08146685 40.26 130.593871  48.872061 13.978
 20    82.761 52898.08149680 18.17 130.579108  48.872295 15.433
 20    82.807 52898.08149745 21.37 130.577738  48.869055 15.433
 20    82.840 52898.08149809 24.85 130.576368  48.865815 15.433
 21    81.804 52933.08144367 32.12 130.571153  48.867269 16.283
 21    81.798 52933.08144431 30.63 130.569783  48.864029 16.283
 21    81.867 52933.08144496 36.77 130.568423  48.860789 16.283
 21    82.109 52933.08144560 37.74 130.567053  48.857549 16.283
 22    78.241 52968.08144907 44.76 130.591154  48.876691 18.706
 22    77.874 52968.08144972 44.19 130.589784  48.873451 18.706
 22    77.763 52968.08145036 42.12 130.588414  48.870211 18.706
 24    79.767 53038.08142388 18.77 130.570550  48.866726  8.731
 24    79.925 53038.08142453 19.32 130.569180  48.863486  8.731
 24    79.908 53038.08142517 20.37 130.567810  48.860246  8.731
 25    79.863 53073.08144944 19.87 130.580734  48.873045  7.679
 25    79.802 53073.08145008 18.52 130.579364  48.869805  7.679
 25    79.609 53073.08145073 18.40 130.577994  48.866565  7.679
 26    87.414 53108.08142434 28.26 130.568993  48.866887 15.535
 26    81.083 53108.08142498 36.29 130.567623  48.863647 15.535
 26    81.137 53108.08142562 32.42 130.566253  48.860407 15.535
 26    81.134 53108.08142627 25.93 130.564893  48.857167 15.535
 27    85.845 53143.08145795 35.31 130.587117  48.875378 15.927
 27    86.191 53143.08145859 30.68 130.585747  48.872138 15.927
 27    86.313 53143.08145924 32.19 130.584377  48.868898 15.927
 28    83.035 53178.08147911 51.03 130.587273  48.876006 19.641
 28    83.205 53178.08147976 51.57 130.585903  48.872766 19.641
 28    83.031 53178.08148040 52.95 130.584533  48.869526 19.641
 29    83.489 53213.08150067 45.46 130.580908  48.872355 20.549
 29    83.474 53213.08150132 37.16 130.579548  48.869115 20.549
 29    83.344 53213.08150196 39.79 130.578178  48.865875 20.549
 30    80.964 53248.08147013 54.16 130.578729  48.870554 19.828
 30    81.083 53248.08147078 52.00 130.577359  48.867314 19.828
 30    81.102 53248.08147142 49.75 130.575989  48.864074 19.828
 31    82.102 53283.08146053 27.54 130.586207  48.873361 27.896
 31    81.996 53283.08146118 34.62 130.584837  48.870121 27.896
 32    79.662 53318.08145922 52.05 130.590458  48.875476 16.916
 32    79.548 53318.08145986 51.08 130.589088  48.872236 16.916
 32    79.505 53318.08146051 43.44 130.587718  48.868996 16.916
 34    80.024 53388.08142075 19.13 130.590998  48.877043  7.601
 34    80.185 53388.08142139 20.67 130.589628  48.873803  7.601
 34    80.128 53388.08142204 22.06 130.588258  48.870563  7.601
 35    80.010 53423.08142183 17.74 130.589763  48.874146  5.785
 35    80.007 53423.08142248 16.71 130.588393  48.870906  5.785
 36    86.106 53458.08142632 16.58 130.596677  48.876717  6.485
 36    79.599 53458.08142697 18.13 130.595307  48.873477  6.485
 37    87.032 53493.08151309 24.23 130.577078  48.870867 11.539
 37    88.483 53493.08151373 19.42 130.575708  48.867627 11.539
 37    88.569 53493.08151438 20.91 130.574338  48.864387 11.539
 38    86.422 53528.08149010 30.32 130.589963  48.876323 15.077
 38    86.307 53528.08149075 29.46 130.588593  48.873083 15.077
 38    86.694 53528.08149139 34.85 130.587223  48.869843 15.077
 39    81.661 53563.08152199 53.72 130.572386  48.868109 19.793
 39    81.695 53563.08152263 53.65 130.571016  48.864869 19.793
 39    81.855 53563.08152327 52.77 130.569646  48.861629 19.793
 39    81.988 53563.08152392 44.70 130.568276  48.858389 19.793
 40    80.622 53598.08146103 41.90 130.583272  48.873322 15.124
 40    80.761 53598.08146167 38.99 130.581912  48.870082 15.124
 40    80.769 53598.08146231 34.91 130.580542  48.866842 15.124
 41    81.120 53633.08145644 18.22 130.586795  48.873643 13.517
 41    80.927 53633.08145708 18.84 130.585425  48.870403 13.517
 42    79.464 53668.08147907 20.44 130.579541  48.872651 16.768
 42    79.657 53668.08147971 21.04 130.578171  48.869411 16.768
 42    79.651 53668.08148036 25.84 130.576801  48.866171 16.768
 43    78.596 53703.08142185 36.86 130.587139  48.876342 18.813
 43    78.312 53703.08142250 50.00 130.585769  48.873102 18.813
 43    78.437 53703.08142314 45.05 130.584399  48.869862 18.813
 44    80.733 53738.08133226 23.96 130.578886  48.872871  6.187
 44    80.949 53738.08133291 24.98 130.577516  48.869631  6.187
 44    80.900 53738.08133355 26.44 130.576154  48.866391  6.850
 44    81.039 53738.08133420 25.41 130.574784  48.863151  6.850
 45    79.957 53773.08134437 20.16 130.593298  48.875614  5.433
 45    79.904 53773.08134501 20.43 130.591928  48.872374  5.433
 46    80.150 53808.08133224 16.52 130.580997  48.873010  5.273
 46    80.003 53808.08133289 16.27 130.579627  48.869770  5.273
 48    82.125 53878.08140042 45.16 130.591591  48.877193 17.955
 48    82.133 53878.08140106 48.86 130.590231  48.873953 17.955
 48    82.066 53878.08140171 48.36 130.588861  48.870713 17.955
 49    84.759 53913.08145472 26.87 130.577587  48.870768 15.382
 49    84.894 53913.08145537 27.93 130.576217  48.867528 15.382
 49    85.024 53913.08145601 28.85 130.574847  48.864288 15.382
 51    83.617 53983.08141048 32.76 130.576589  48.869698 12.646
 51    82.694 53983.08141112 28.65 130.575219  48.866458 12.646
 51    82.907 53983.08141177 31.58 130.573849  48.863218 12.646
 53    79.057 54053.08143187 46.85 130.595283  48.876653  8.879
 53    78.880 54053.08143251 45.08 130.593913  48.873413  8.879
 54    81.725 54088.08142483 20.59 130.581670  48.872042  6.382
 54    81.698 54088.08142547 22.08 130.580300  48.868802  6.382
 54    81.750 54088.08142612 20.64 130.578930  48.865562  6.382
 55    81.266 54123.08134836 17.42 130.570768  48.869161  5.456
 55    81.301 54123.08134900 17.21 130.569398  48.865921  5.456
 55    81.053 54123.08134965 17.71 130.568038  48.862681  5.456
 55    81.308 54123.08135029 15.13 130.566668  48.859441  5.456
 56    80.292 54158.08138721 10.85 130.584180  48.874820  4.050
 56    80.914 54158.08138786 10.35 130.582820  48.871580  4.050
 56    80.649 54158.08138850 11.18 130.581450  48.868340  4.050
 58    81.736 54228.08139914 49.87 130.585095  48.873278 18.704
 58    81.742 54228.08139978 49.48 130.583735  48.870038 18.704
 58    81.465 54228.08140042 50.28 130.582365  48.866798 18.704
 59    81.898 54263.08141751 24.86 130.586787  48.875260 13.472
 59    81.777 54263.08141815 21.07 130.585417  48.872020 13.472
 59    81.679 54263.08141880 18.47 130.584057  48.868780 13.472
 60    81.619 54298.08142350 31.34 130.583169  48.872513 22.041
 60    81.255 54298.08142415 23.05 130.581809  48.869273 22.041
 60    81.267 54298.08142479 29.21 130.580439  48.866033 22.041
 63    80.417 54403.08135591 43.02 130.584020  48.874940 15.207
 63    79.956 54403.08135655 51.61 130.582650  48.871700 15.207
 63    80.339 54403.08135720 51.31 130.581280  48.868460 15.207
 65    80.755 54473.08134127 18.50 130.590048  48.875325  5.228
 65    80.732 54473.08134192 18.68 130.588678  48.872085  5.228
 65    80.718 54473.08134256 18.98 130.587308  48.868845  5.228
 66    80.190 54508.08132441 15.10 130.577324  48.872319  4.522
 66    80.836 54508.08132505 14.56 130.575954  48.869079  4.522
 66    80.505 54508.08132570 14.94 130.574594  48.865839  4.522
 66    80.676 54508.08132634 14.20 130.573224  48.862599  4.522
 67    80.115 54543.08135608 27.95 130.585335  48.874075 15.190
 67    80.162 54543.08135672 25.42 130.583965  48.870835 15.190
 67    80.735 54543.08135737 17.81 130.582595  48.867595 15.190
 68    80.057 54578.08132687 26.58 130.575945  48.871404  8.528
 68    81.172 54578.08132752 23.75 130.574575  48.868164  8.528
 68    79.692 54578.08132816 24.33 130.573205  48.864924  8.528
 68    79.835 54578.08132881 23.62 130.571845  48.861684  8.528
 69    80.124 54613.08134643 11.89 130.585530  48.875028 13.609
 69    79.663 54613.08134708 15.86 130.584160  48.871788 13.609
 69    79.711 54613.08134772 21.13 130.582790  48.868548 13.609
 70    79.720 54648.08135383 48.57 130.583743  48.873522 19.543
 70    79.739 54648.08135447 55.06 130.582373  48.870282 19.543
 70    79.736 54648.08135512 52.77 130.581003  48.867042 19.543
 71    81.664 54683.08135392 32.13 130.582200  48.874558 13.512
 71    81.970 54683.08135456 26.03 130.580830  48.871318 13.512
 71    81.163 54683.08135521 22.70 130.579460  48.868078 13.512
 71    81.135 54683.08135585 21.61 130.578090  48.864838 13.512
 72    81.790 54718.08130187 46.91 130.577460  48.872271 16.524
 72    82.335 54718.08130251 46.97 130.576100  48.869031 16.524
 72    81.760 54718.08130316 42.56 130.574730  48.865791 16.524
 72    81.724 54718.08130380 45.63 130.573360  48.862551 16.524
 73    81.718 54753.08132688 30.00 130.586170  48.874095 25.099
 73    81.534 54753.08132753 24.86 130.584800  48.870855 25.099
 73    81.040 54753.08132817 23.45 130.583430  48.867615 25.099
 74    79.760 54788.08129308 48.90 130.577581  48.870602 21.927
 74    79.800 54788.08129373 49.64 130.576211  48.867362 21.927
 74    79.737 54788.08129437 48.32 130.574851  48.864122 21.927
 75    81.335 54823.08132121 19.03 130.588302  48.874263  6.858
 75    81.296 54823.08132186 19.55 130.586932  48.871023  6.858
 77    80.129 54893.08132441 14.73 130.580767  48.872864  5.649
 77    80.300 54893.08132506 14.79 130.579397  48.869624  5.649
 78    80.745 54928.08128692 28.05 130.572950  48.868963 16.320
 78    80.837 54928.08128756 29.01 130.571580  48.865723 16.320
 78    80.860 54928.08128821 27.32 130.570220  48.862483 16.320
 78    80.904 54928.08128885 26.32 130.568850  48.859243 16.320
 80    82.232 54998.08134408 47.15 130.581687  48.874270 25.899
 80    82.583 54998.08134472 51.39 130.580317  48.871030 25.899
 80    82.768 54998.08134537 51.15 130.578947  48.867790 25.899
 80    82.764 54998.08134601 49.11 130.577587  48.864550 25.899
 82    84.040 55068.08132172 39.90 130.581119  48.873164 17.307
 82    84.321 55068.08132237 35.22 130.579749  48.869924 17.307
 82    84.068 55068.08132301 35.72 130.578379  48.866684 17.307
 83    83.324 55103.08126130 40.07 130.573173  48.870180 18.469
 83    83.959 55103.08126195 38.42 130.571803  48.866940 18.469
 83    83.422 55103.08126259 39.88 130.570433  48.863700 18.469
 83    83.624 55103.08126324 39.21 130.569073  48.860460 18.469
 84    81.335 55138.08126845 39.42 130.585941  48.875031 16.243
 84    81.246 55138.08126909 44.68 130.584571  48.871791 16.243
 84    81.310 55138.08126974 47.81 130.583201  48.868551 16.243
 85    81.791 55173.08123008 22.43 130.577987  48.871696  8.756
 85    81.547 55173.08123072 23.11 130.576617  48.868456  8.756
 85    81.670 55173.08123137 23.79 130.575247  48.865216  8.756
 86    82.170 55208.08126295 20.02 130.586609  48.873836  8.828
 86    82.178 55208.08126360 20.23 130.585239  48.870596  8.828
 86    81.991 55208.08126424 22.67 130.583869  48.867356  8.828
 88    80.848 55278.08125680 12.51 130.581667  48.874239  4.485
 88    80.840 55278.08125744 12.65 130.580297  48.870999  4.485
 88    80.815 55278.08125809 13.37 130.578927  48.867759  4.485
 88    80.908 55278.08125873 13.05 130.577567  48.864519  4.485
 89    88.661 55313.08121981 19.86 130.577384  48.872289 15.695
 89    80.347 55313.08122110 23.38 130.574644  48.865809 15.695
 89    92.539 55313.08122175 18.17 130.573274  48.862569 15.695
 90    85.275 55348.08122728 47.75 130.583160  48.873247 23.314
 90    85.694 55348.08122792 44.99 130.581790  48.870007 23.314
 90    85.219 55348.08122856 47.11 130.580420  48.866767 23.314
 91    81.872 55383.08121788 33.50 130.581107  48.873547 17.464
 91    81.689 55383.08121852 22.55 130.579737  48.870307 17.464
 91    81.889 55383.08121917 23.32 130.578367  48.867067 17.464
 92    85.157 55418.08124548 44.14 130.588286  48.875920 22.677
 92    85.257 55418.08124613 43.95 130.586916  48.872680 22.677
 92    85.188 55418.08124677 43.71 130.585546  48.869440 22.677
 93    83.055 55453.08122695 35.61 130.580398  48.873339 13.997
 93    82.860 55453.08122759 32.14 130.579028  48.870099 13.997
 93    82.849 55453.08122824 31.99 130.577658  48.866859 13.997
 93    82.901 55453.08122888 35.53 130.576288  48.863619 13.997
 94    81.113 55488.08114953 50.05 130.575126  48.868978 16.834
 94    81.285 55488.08115017 51.99 130.573766  48.865738 16.834
 94    80.907 55488.08115082 52.11 130.572396  48.862498 16.834
