# NaN NaN NaN ;Mean Elev.(m), Avg Gradient(m/km), RMS Gradient(m/km) - SRTM1     
#    4.000  -0.003   3.542 ;Mean Elev.(m), Avg Gradient(m/km), RMS Gradient(m/km) - ASTER GDEM
#   18.102   0.003   0.938 ;Mean Elev.(m), Avg Gradient(m/km), RMS Gradient(m/km) - GMTED2010 
  7    21.684 52466.06529642 23.46 136.587955  49.472151  8.395
  7    21.642 52466.06529706 21.11 136.586555  49.468921  8.395
  7    21.525 52466.06529771 21.95 136.585165  49.465681  8.395
  7    21.524 52466.06529835 28.02 136.583765  49.462441  8.395
  7    21.787 52466.06529899 31.54 136.582365  49.459201  8.395
  9    22.259 52536.06527696 27.57 136.595044  49.471385 14.842
  9    22.150 52536.06527761 21.78 136.593644  49.468155 14.842
  9    21.900 52536.06527825 21.13 136.592244  49.464915 14.842
  9    22.432 52536.06527890 22.66 136.590844  49.461675 14.842
 11    20.570 52606.06527926 25.41 136.584030  49.469589  5.111
 11    20.706 52606.06527991 24.54 136.582630  49.466349  5.111
 11    20.655 52606.06528055 24.57 136.581240  49.463109  5.111
 11    20.533 52606.06528120 24.50 136.579840  49.459879  5.111
 12    20.178 52641.06526964 15.48 136.592220  49.473975  3.237
 12    20.147 52641.06527029 16.47 136.590820  49.470735  3.237
 12    20.586 52641.06527093 15.14 136.589420  49.467495  3.237
 12    20.530 52641.06527158 15.70 136.588030  49.464255  3.237
 12    20.556 52641.06527222 14.77 136.586630  49.461025  3.237
 13    20.661 52676.06526054 15.82 136.584992  49.470858  3.127
 13    20.644 52676.06526118 14.19 136.583602  49.467618  3.127
 13    20.352 52676.06526183 15.22 136.582202  49.464378  3.127
 13    20.406 52676.06526247 14.60 136.580812  49.461138  3.127
 14    20.700 52711.06528521 12.00 136.590878  49.471513  2.971
 14    20.523 52711.06528585 12.68 136.589478  49.468273  2.971
 14    20.498 52711.06528650 12.03 136.588088  49.465043  2.971
 14    20.586 52711.06528714 11.68 136.586688  49.461803  2.971
 15    21.360 52746.06531375 32.19 136.575187  49.469366 14.620
 15    21.282 52746.06531439 35.45 136.573797  49.466126 14.620
 15    21.240 52746.06531504 35.68 136.572397  49.462886 14.620
 15    21.251 52746.06531568 35.87 136.571007  49.459646 14.620
 15    21.363 52746.06531633 36.26 136.569607  49.456416 14.620
 16    20.596 52781.06525044 28.53 136.593741  49.471592 18.361
 16    20.376 52781.06525108 24.88 136.592341  49.468352 18.361
 16    20.189 52781.06525173 26.15 136.590941  49.465112 18.361
 16    20.343 52781.06525237 27.16 136.589551  49.461882 18.361
 17    20.919 52816.06533110 28.39 136.593173  49.473842 18.260
 17    20.896 52816.06533175 23.15 136.591773  49.470602 18.260
 17    20.768 52816.06533239 19.28 136.590383  49.467362 18.260
 17    20.608 52816.06533304 23.95 136.588983  49.464132 18.260
 17    20.871 52816.06533368 27.94 136.587583  49.460892 18.260
 18    22.831 52851.06538300 29.57 136.592676  49.471667 12.235
 18    22.122 52851.06538364 22.24 136.591276  49.468427 12.235
 18    21.614 52851.06538429 19.87 136.589876  49.465187 12.235
 18    20.253 52851.06538493 20.96 136.588486  49.461957 12.235
 19    23.815 52886.06541831 27.85 136.583046  49.469755 10.277
 19    23.524 52886.06541896 26.54 136.581646  49.466515 10.277
 19    23.802 52886.06541960 24.17 136.580246  49.463285 10.277
 19    23.983 52886.06542025 23.15 136.578856  49.460045 10.277
 20    23.739 52921.06537368 36.10 136.582972  49.471522 15.671
 20    23.311 52921.06537433 24.09 136.581572  49.468282 15.671
 20    23.121 52921.06537497 14.29 136.580182  49.465042 15.671
 20    22.614 52921.06537562 16.01 136.578782  49.461812 15.671
 20    23.139 52921.06537626 14.31 136.577392  49.458572 15.671
 21    21.573 52956.06533793 43.32 136.598861  49.470820 18.356
 21    21.515 52956.06533858 42.31 136.597461  49.467580 18.356
 21    21.473 52956.06533922 46.33 136.596061  49.464340 18.356
 22    21.259 52991.06535424 20.86 136.595615  49.472006  6.922
 22    21.366 52991.06535489 23.87 136.594215  49.468776  6.922
 22    21.451 52991.06535553 24.01 136.592825  49.465536  6.922
 22    21.384 52991.06535618 23.85 136.591425  49.462296  6.922
 23    20.567 53026.06532044 16.66 136.592455  49.472109  3.228
 23    20.626 53026.06532108 16.52 136.591065  49.468879  3.228
 23    20.835 53026.06532173 16.94 136.589667  49.465641  3.249
 23    21.057 53026.06532237 16.48 136.588267  49.462401  3.249
 24    20.320 53061.06533019 17.35 136.597935  49.473058  4.294
 24    20.470 53061.06533084 16.99 136.596535  49.469818  4.294
 24    20.568 53061.06533148 16.94 136.595145  49.466588  4.294
 24    20.737 53061.06533213 16.53 136.593745  49.463348  4.294
 25    21.003 53096.06536051  9.52 136.575785  49.471056  2.310
 25    20.937 53096.06536116  9.11 136.574385  49.467816  2.310
 25    21.107 53096.06536180  8.81 136.572995  49.464576  2.310
 25    21.076 53096.06536245  8.21 136.571595  49.461346  2.310
 25    21.584 53096.06536309  6.98 136.570205  49.458106  2.310
 26    22.286 53131.06533187 28.12 136.599737  49.473268 39.554
 26    22.392 53131.06533252 23.04 136.598345  49.470021 17.056
 26    22.165 53131.06533316 22.30 136.596945  49.466791 17.056
 26    22.083 53131.06533381 19.98 136.595555  49.463551 17.056
 28    22.105 53201.06540743 40.29 136.588397  49.472064 19.283
 28    22.032 53201.06540807 41.32 136.586997  49.468824 19.283
 28    21.964 53201.06540872 38.22 136.585607  49.465594 19.283
 28    22.127 53201.06540936 39.50 136.584207  49.462354 19.283
 29    23.142 53236.06537656 28.77 136.592671  49.473599  9.120
 29    22.884 53236.06537720 20.58 136.591271  49.470359  9.120
 29    22.720 53236.06537785 19.75 136.589881  49.467119  9.120
 29    22.715 53236.06537849 20.33 136.588481  49.463889  9.120
 29    22.948 53236.06537914 18.41 136.587091  49.460649  9.120
 30    21.645 53271.06533692 32.22 136.598235  49.470885 17.041
 30    21.465 53271.06533757 19.57 136.596835  49.467645 17.041
 30    21.491 53271.06533821 19.74 136.595445  49.464405 17.041
 31    20.951 53306.06540083 25.10 136.584822  49.471193 20.151
 31    21.130 53306.06540148 24.25 136.583422  49.467953 20.151
 31    20.819 53306.06540212 27.53 136.582022  49.464713 20.151
 31    20.752 53306.06540277 30.72 136.580632  49.461483 20.151
 32    20.031 53341.06536892 29.55 136.583343  49.469991  9.117
 32    20.175 53341.06536956 30.00 136.581943  49.466751  9.117
 32    20.380 53341.06537021 34.58 136.580553  49.463511  9.117
 32    20.320 53341.06537085 33.94 136.579153  49.460281  9.117
 33    20.730 53376.06529871 19.22 136.583190  49.470086  4.171
 33    20.674 53376.06529935 19.05 136.581800  49.466846  4.171
 33    20.718 53376.06530000 19.68 136.580400  49.463606  4.171
 33    20.739 53376.06530064 19.58 136.579010  49.460376  4.171
 34    20.773 53411.06534299 13.47 136.592752  49.472627  2.661
 34    20.927 53411.06534364 12.78 136.591352  49.469397  2.661
 34    20.756 53411.06534428 12.69 136.589962  49.466157  2.661
 34    20.591 53411.06534493 12.93 136.588562  49.462917  2.661
 35    20.489 53446.06532590 20.05 136.579345  49.470295  5.173
 35    20.239 53446.06532655 20.10 136.577955  49.467055  5.173
 35    20.188 53446.06532719 19.55 136.576555  49.463815  5.173
 35    20.105 53446.06532784 18.68 136.575165  49.460585  5.173
 35    20.365 53446.06532848 17.49 136.573765  49.457345  5.173
 36    21.592 53481.06541037 34.90 136.584207  49.469788 20.583
 36    21.502 53481.06541101 31.57 136.582817  49.466558 20.583
 36    21.340 53481.06541166 30.69 136.581417  49.463318 20.583
 36    21.551 53481.06541230 30.47 136.580027  49.460078 20.583
 37    23.453 53516.06541376 27.69 136.587767  49.472456 17.795
 37    23.272 53516.06541441 22.31 136.586367  49.469216 17.795
 37    23.036 53516.06541505 20.20 136.584967  49.465976 17.795
 37    23.389 53516.06541569 18.89 136.583577  49.462736 17.795
 37    23.538 53516.06541634 18.27 136.582177  49.459506 17.795
 38    23.698 53551.06543459 25.51 136.579783  49.470034 10.357
 38    23.162 53551.06543524 30.50 136.578383  49.466794 10.357
 38    23.165 53551.06543588 39.26 136.576983  49.463564 10.357
 38    23.138 53551.06543653 40.88 136.575593  49.460324 10.357
 38    23.173 53551.06543717 34.07 136.574193  49.457084 10.357
 39    22.749 53586.06539119 49.16 136.588333  49.473405 27.210
 39    22.576 53586.06539183 42.03 136.586936  49.470167 17.869
 39    22.588 53586.06539248 39.30 136.585546  49.466927 17.869
 39    22.594 53586.06539312 41.27 136.584146  49.463687 17.869
 39    22.647 53586.06539377 42.53 136.582756  49.460447 17.869
 40    21.867 53621.06535231 48.87 136.590132  49.471463 27.834
 40    21.880 53621.06535296 42.48 136.588742  49.468223 27.834
 40    21.833 53621.06535360 45.15 136.587342  49.464983 27.834
 40    21.846 53621.06535425 47.44 136.585942  49.461753 27.834
 41    20.847 53656.06538082 26.56 136.590329  49.471957 20.170
 41    20.892 53656.06538147 20.50 136.588929  49.468717 20.170
 41    20.629 53656.06538211 20.74 136.587539  49.465477 20.170
 41    20.867 53656.06538275 22.66 136.586139  49.462247 20.170
 42    20.254 53691.06537099 42.46 136.582871  49.469890 16.761
 42    20.357 53691.06537163 44.96 136.581471  49.466650 16.761
 42    20.248 53691.06537228 48.12 136.580081  49.463410 16.761
 42    20.457 53691.06537292 47.95 136.578681  49.460180 16.761
 43    20.330 53726.06529453 18.13 136.582163  49.471628  5.732
 43    20.302 53726.06529517 18.57 136.580763  49.468388  5.732
 43    20.504 53726.06529582 19.47 136.579373  49.465148  5.732
 43    20.796 53726.06529646 20.91 136.577973  49.461908  5.732
 43    21.233 53726.06529710 23.24 136.576583  49.458678  5.732
 44    20.815 53761.06524331 13.96 136.600810  49.470251  3.362
 44    20.754 53761.06524395 14.93 136.599410  49.467011  3.362
 44    20.872 53761.06524460 14.83 136.598020  49.463771  3.362
 45    20.321 53796.06525860 11.59 136.587021  49.471320  2.592
 45    20.743 53796.06525924 11.08 136.585621  49.468080  2.592
 45    20.813 53796.06525989 10.89 136.584231  49.464840  2.592
 45    21.082 53796.06526053 10.23 136.582831  49.461610  2.592
 47    23.591 53866.06531533 20.20 136.589589  49.472521 31.205
 47    23.011 53866.06531598 19.43 136.588189  49.469281 31.205
 47    22.599 53866.06531662 19.47 136.586799  49.466051 31.205
 47    26.428 53866.06531727 19.33 136.585405  49.462804 24.082
 47    22.265 53866.06531791 26.44 136.584005  49.459574 24.082
 49    23.078 53936.06538483 41.08 136.576743  49.468680 33.229
 49    23.082 53936.06538547 40.58 136.575343  49.465450 33.229
 49    23.027 53936.06538612 38.84 136.573947  49.462212 12.679
 49    23.028 53936.06538676 35.93 136.572557  49.458972 12.679
 50    23.928 53971.06535184 21.09 136.578864  49.469172 43.149
 50    22.949 53971.06535249 18.80 136.577464  49.465932 43.149
 50    23.687 53971.06535313 17.12 136.576074  49.462702 43.149
 50    24.027 53971.06535378 15.60 136.574679  49.459463 10.132
 52    20.679 54041.06535909 29.31 136.596529  49.473685 13.306
 52    20.657 54041.06535974 25.50 136.595129  49.470445 13.306
 52    20.375 54041.06536038 27.37 136.593739  49.467205 13.306
 52    20.307 54041.06536103 29.52 136.592339  49.463975 13.306
 53    20.058 54076.06535401 30.56 136.586331  49.472721  6.736
 53    20.162 54076.06535466 32.31 136.584931  49.469481  6.736
 53    20.304 54076.06535530 33.73 136.583541  49.466251  6.736
 53    20.351 54076.06535595 34.56 136.582141  49.463004  7.635
 53    20.417 54076.06535659 33.88 136.580741  49.459774  7.635
 54    20.374 54111.06529672 22.37 136.577061  49.468997  4.209
 54    20.549 54111.06529737 23.94 136.575671  49.465757  4.209
 54    20.621 54111.06529801 22.93 136.574271  49.462517  4.209
 54    20.765 54111.06529866 23.06 136.572878  49.459285  4.101
 54    20.591 54111.06529930 23.79 136.571488  49.456045  4.101
 55    20.398 54146.06529415 18.16 136.591931  49.472862  3.583
 55    20.355 54146.06529479 18.85 136.590531  49.469622  3.583
 55    20.479 54146.06529544 18.35 136.589141  49.466392  3.583
 55    20.542 54146.06529608 18.69 136.587746  49.463146  3.496
 56    20.273 54181.06528303 13.22 136.579862  49.470766  3.150
 56    20.340 54181.06528368 13.08 136.578462  49.467526  3.150
 56    20.323 54181.06528432 12.44 136.577072  49.464286  3.150
 56    20.218 54181.06528497 11.86 136.575672  49.461046  3.150
 56    20.168 54181.06528561 11.63 136.574282  49.457816  3.150
 57    23.306 54216.06530201 24.84 136.591299  49.474098 17.083
 57    23.207 54216.06530266 23.37 136.589899  49.470868 17.083
 57    23.021 54216.06530330 21.75 136.588509  49.467628 17.083
 57    22.922 54216.06530395 20.45 136.587109  49.464388 17.083
 57    23.444 54216.06530459 20.66 136.585719  49.461158 17.083
 58    22.935 54251.06532872 30.77 136.589212  49.473235  8.307
 58    22.713 54251.06532937 25.69 136.587812  49.469995  8.307
 58    22.591 54251.06533001 24.85 136.586422  49.466755  8.307
 58    22.779 54251.06533065 24.60 136.585022  49.463515  8.307
 58    22.904 54251.06533130 23.46 136.583622  49.460285  8.307
 59    21.111 54286.06533550 18.28 136.587845  49.471151 19.173
 59    20.860 54286.06533615 19.21 136.586455  49.467911 19.173
 59    21.212 54286.06533679 20.83 136.585055  49.464671 19.173
 59    21.383 54286.06533744 30.85 136.583665  49.461431 19.173
 60    22.326 54321.06533193 14.49 136.589971  49.473953 34.904
 60    22.194 54321.06533258 14.45 136.588579  49.470706  9.997
 60    22.285 54321.06533322 14.67 136.587179  49.467476  9.997
 60    22.334 54321.06533387 14.75 136.585779  49.464236  9.997
 60    22.305 54321.06533451 14.90 136.584389  49.460996  9.997
 61    22.543 54356.06529353 19.62 136.582444  49.471310 43.258
 61    22.165 54356.06529417 19.11 136.581047  49.468070  9.667
 61    21.852 54356.06529482 16.95 136.579647  49.464830  9.667
 61    22.175 54356.06529546 15.72 136.578257  49.461590  9.667
 61    22.082 54356.06529611 16.41 136.576857  49.458360  9.667
 62    21.226 54391.06527268 52.47 136.590310  49.473811 23.546
 62    21.093 54391.06527332 51.91 136.588920  49.470571 23.546
 62    21.163 54391.06527397 48.03 136.587520  49.467341 23.546
 62    21.232 54391.06527461 44.47 136.586122  49.464095 13.748
 62    21.254 54391.06527525 47.13 136.584732  49.460865 13.748
 63    19.835 54426.06524348 32.61 136.586110  49.472109  7.703
 63    20.077 54426.06524413 33.78 136.584710  49.468869  7.703
 63    20.164 54426.06524477 36.89 136.583320  49.465629  7.703
 63    20.249 54426.06524541 42.91 136.581921  49.462401  9.594
 63    20.332 54426.06524606 44.31 136.580521  49.459161  9.594
 64    19.943 54461.06524984 29.76 136.592662  49.471081  6.840
 64    19.962 54461.06525048 31.10 136.591272  49.467851  6.840
 64    20.154 54461.06525113 29.89 136.589876  49.464605  6.298
 64    19.771 54461.06525177 29.29 136.588476  49.461375  6.298
 65    20.172 54496.06525034 24.05 136.585827  49.470915  5.277
 65    20.198 54496.06525098 24.92 136.584437  49.467675  5.277
 65    20.373 54496.06525163 23.97 136.583037  49.464445  5.277
 65    20.217 54496.06525227 22.83 136.581647  49.461205  5.277
 66    19.949 54531.06526253 16.48 136.593144  49.472877  8.430
 66    19.915 54531.06526317 17.55 136.591744  49.469637  8.430
 66    20.097 54531.06526382 16.93 136.590354  49.466397  8.430
 66    20.174 54531.06526446 14.66 136.588954  49.463157  8.430
 67    21.186 54566.06525653 32.10 136.580325  49.468563 23.706
 67    20.993 54566.06525718 31.39 136.578935  49.465323 23.706
 67    21.233 54566.06525782 41.19 136.577535  49.462083 23.706
 67    21.270 54566.06525847 40.71 136.576145  49.458843 23.706
 68    21.228 54601.06525771 45.07 136.589855  49.473372 34.293
 68    21.156 54601.06525836 42.07 136.588455  49.470142 34.293
 68    21.277 54601.06525900 51.71 136.587055  49.466902 34.293
 68    21.253 54601.06525965 50.33 136.585665  49.463662 34.293
 68    21.158 54601.06526029 50.37 136.584265  49.460422 34.293
 69    20.836 54636.06527022 18.96 136.586596  49.471931 26.494
 69    20.642 54636.06527086 18.92 136.585196  49.468691 26.494
 69    20.851 54636.06527151 20.34 136.583806  49.465451 26.494
 69    21.102 54636.06527215 24.59 136.582406  49.462211 26.494
 69    21.303 54636.06527280 32.16 136.581016  49.458981 26.494
 70    20.813 54671.06527436 20.29 136.584919  49.470396 21.483
 70    20.798 54671.06527501 20.35 136.583519  49.467156 21.483
 70    21.158 54671.06527565 21.03 136.582129  49.463916 21.483
 70    21.306 54671.06527630 30.00 136.580729  49.460676 21.483
 71    20.679 54706.06523567 17.74 136.584496  49.469553 21.494
 71    21.003 54706.06523631 18.94 136.583096  49.466323 21.494
 71    21.315 54706.06523696 24.56 136.581706  49.463083 21.494
 71    21.500 54706.06523760 30.13 136.580306  49.459843 21.494
 72    21.779 54741.06523746 50.21 136.592152  49.474455 25.786
 72    21.752 54741.06523811 49.00 136.590752  49.471225 25.786
 72    21.629 54741.06523875 45.53 136.589352  49.467985 25.786
 72    21.622 54741.06523940 47.18 136.587962  49.464745 25.786
 72    21.727 54741.06524004 45.64 136.586562  49.461515 25.786
 73    20.949 54776.06521696 52.29 136.586091  49.470701 24.606
 73    20.957 54776.06521761 53.13 136.584691  49.467461 24.606
 73    20.803 54776.06521825 53.48 136.583301  49.464221 24.606
 73    20.932 54776.06521890 51.45 136.581901  49.460981 24.606
 74    20.419 54811.06523129 20.91 136.593553  49.472030  4.158
 74    20.368 54811.06523193 21.16 136.592153  49.468790  4.158
 74    20.198 54811.06523258 22.25 136.590763  49.465550  4.158
 74    20.236 54811.06523322 21.40 136.589363  49.462310  4.158
 75    20.248 54846.06521662 18.06 136.583851  49.469614  3.740
 75    20.362 54846.06521726 18.28 136.582461  49.466374  3.740
 75    20.331 54846.06521790 17.68 136.581061  49.463134  3.740
 75    20.439 54846.06521855 17.42 136.579661  49.459894  3.740
 76    20.233 54881.06523497 11.57 136.588966  49.471467  2.941
 76    20.087 54881.06523562 12.52 136.587576  49.468227  2.941
 76    20.238 54881.06523626 11.76 136.586176  49.464987  2.941
 76    20.379 54881.06523691 11.93 136.584776  49.461757  2.941
 77    20.392 54916.06521980 10.35 136.579793  49.471413  2.584
 77    20.418 54916.06522045 10.48 136.578393  49.468173  2.584
 77    20.401 54916.06522109 10.90 136.577003  49.464933  2.584
 77    20.546 54916.06522174 10.37 136.575603  49.461693  2.584
 77    20.516 54916.06522238  9.73 136.574213  49.458463  2.584
 78    23.207 54951.06522785 16.53 136.588229  49.471136 23.083
 78    21.113 54951.06522850 20.11 136.586829  49.467906 23.083
 78    21.702 54951.06522914 19.23 136.585429  49.464666 23.083
 78    21.830 54951.06522979 20.67 136.584039  49.461426 23.083
 79    21.135 54986.06525271 19.17 136.586764  49.471237 25.606
 79    21.060 54986.06525336 18.58 136.585364  49.467997 25.606
 79    21.617 54986.06525400 17.74 136.583974  49.464757 25.606
 79    21.689 54986.06525465 20.19 136.582574  49.461517 25.606
 80    23.689 55021.06524548 18.78 136.588988  49.472916 27.566
 80    23.382 55021.06524612 19.06 136.587588  49.469686 27.566
 80    23.154 55021.06524676 17.81 136.586188  49.466446 27.566
 80    23.165 55021.06524741 17.56 136.584798  49.463206 27.566
 80    22.898 55021.06524805 19.12 136.583398  49.459966 27.566
 81    24.922 55056.06524264 26.83 136.586955  49.471579 20.269
 81    24.617 55056.06524329 25.42 136.585555  49.468349 20.269
 81    24.318 55056.06524393 24.32 136.584155  49.465109 20.269
 81    23.987 55056.06524458 18.57 136.582765  49.461869 20.269
 82    24.333 55091.06520145 29.91 136.580731  49.469218 32.795
 82    23.727 55091.06520209 24.08 136.579331  49.465988 32.795
 82    22.799 55091.06520274 22.11 136.577941  49.462748 32.795
 82    23.959 55091.06520338 19.20 136.576541  49.459508 32.795
 83    23.374 55126.06518130 19.39 136.590865  49.473665 22.219
 83    23.482 55126.06518195 17.56 136.589465  49.470425 22.219
 83    23.360 55126.06518259 16.35 136.588075  49.467185 22.219
 83    22.769 55126.06518324 15.67 136.586675  49.463945 22.219
 83    26.584 55126.06518388 16.02 136.585275  49.460715 22.219
 85    21.051 55196.06517201 19.53 136.592391  49.471782  3.707
 85    21.231 55196.06517266 19.57 136.590991  49.468542  3.707
 85    21.267 55196.06517330 19.41 136.589601  49.465302  3.707
 85    21.311 55196.06517395 19.21 136.588201  49.462072  3.707
 86    20.658 55231.06516557 12.73 136.581799  49.471596  2.947
 86    20.554 55231.06516622 13.92 136.580409  49.468356  2.947
 86    20.632 55231.06516686 12.98 136.579009  49.465116  2.947
 86    20.846 55231.06516751 12.44 136.577609  49.461876  2.947
 86    21.019 55231.06516815 11.73 136.576219  49.458646  2.947
 87    20.354 55266.06516675 10.55 136.590724  49.474061  2.812
 87    20.319 55266.06516740 11.32 136.589324  49.470821  2.812
 87    20.388 55266.06516804 11.05 136.587934  49.467581  2.812
 87    20.411 55266.06516869 10.55 136.586534  49.464351  2.812
 87    20.725 55266.06516933 10.88 136.585134  49.461111  2.812
 88    21.179 55301.06514710 21.68 136.582187  49.469346 10.160
 88    21.289 55301.06514774 23.90 136.580787  49.466116 10.160
 88    21.345 55301.06514838 24.99 136.579397  49.462876 10.160
 88    21.227 55301.06514903 23.98 136.577997  49.459636 10.160
 89    23.850 55336.06514272 24.65 136.586378  49.471872 28.298
 89    23.578 55336.06514336 19.47 136.584978  49.468642 28.298
 89    23.536 55336.06514401 19.30 136.583578  49.465402 28.298
 89    26.475 55336.06514465 18.02 136.582188  49.462162 28.298
 89    27.492 55336.06514529 18.17 136.580788  49.458922 28.298
 90    23.283 55371.06513286 25.92 136.588463  49.473302 28.398
 90    23.580 55371.06513351 22.54 136.587063  49.470072 28.398
 90    23.118 55371.06513415 21.64 136.585663  49.466832 28.398
 90    22.525 55371.06513480 20.20 136.584273  49.463592 28.398
 90    22.311 55371.06513544 20.85 136.582873  49.460352 28.398
 91    22.659 55406.06515154 36.19 136.592668  49.472865 32.001
 91    22.709 55406.06515219 44.74 136.591268  49.469635 32.001
 91    22.815 55406.06515283 45.85 136.589868  49.466395 32.001
 91    22.890 55406.06515348 42.44 136.588478  49.463155 32.001
 92    24.886 55441.06515190 30.49 136.586744  49.471648 33.321
 92    24.611 55441.06515255 25.17 136.585344  49.468418 33.321
 92    23.967 55441.06515319 22.19 136.583944  49.465178 33.321
 92    23.723 55441.06515384 19.69 136.582554  49.461938 33.321
 93    23.738 55476.06509546 29.39 136.582456  49.471473 32.136
 93    23.322 55476.06509610 25.63 136.581056  49.468243 32.136
 93    21.334 55476.06509674 20.91 136.579666  49.465003 32.136
 93    21.498 55476.06509739 23.92 136.578266  49.461763 32.136
 93    21.595 55476.06509803 29.70 136.576876  49.458523 32.136
