-308942.666    -1.012     0.00    0.00
-308571.397    -1.012     0.00    0.00
-308200.090    -1.012     0.00    0.00
-307828.746    -1.012     0.00    0.00
-307457.362    -1.012     0.00    0.00
-307085.941    -1.012     0.00    0.00
-306714.482    -1.012     0.00    0.00
-306342.985    -1.012     0.00    0.00
-305971.449    -1.012     0.00    0.00
-305599.876    -1.012     0.00    0.00
-305228.264    -1.012     0.00    0.00
-304856.614    -1.012     0.00    0.00
-304484.925    -1.012     0.00    0.00
-304113.199    -1.012     0.00    0.00
-303741.434    -1.012     0.00    0.00
-303369.631    -1.012     0.00    0.00
-302997.790    -1.012     0.00    0.00
-302625.911    -1.012     0.00    0.00
-302253.993    -1.012     0.00    0.00
-301882.037    -1.012     0.00    0.00
-301510.043    -1.012     0.00    0.00
-301138.010    -1.012     0.00    0.00
-300765.939    -1.012     0.00    0.00
-300393.830    -1.012     0.00    0.00
-300021.682    -1.012     0.00    0.00
-299649.496    -1.012     0.00    0.00
-299277.272    -1.012     0.00    0.00
-298905.009    -1.012     0.00    0.00
-298532.707    -1.012     0.00    0.00
-298160.368    -1.012     0.00    0.00
-297787.990    -1.012     0.00    0.00
-297415.573    -1.012     0.00    0.00
-297043.118    -1.012     0.00    0.00
-296670.624    -1.012     0.00    0.00
-296298.092    -1.012     0.00    0.00
-295925.522    -1.012     0.00    0.00
-295552.913    -1.012     0.00    0.00
-295180.265    -1.012     0.00    0.00
-294807.579    -1.012     0.00    0.00
-294434.854    -1.012     0.00    0.00
-294062.091    -1.012     0.00    0.00
-293689.289    -1.012     0.00    0.00
-293316.449    -1.012     0.00    0.00
-292943.570    -1.012     0.00    0.00
-292570.652    -1.012     0.00    0.00
-292197.696    -1.012     0.00    0.00
-291824.701    -1.012     0.00    0.00
-291451.667    -1.012     0.00    0.00
-291078.595    -1.012     0.00    0.00
-290705.483    -1.012     0.00    0.00
-290332.334    -1.012     0.00    0.00
-289959.145    -1.012     0.00    0.00
-289585.918    -1.012     0.00    0.00
-289212.652    -1.012     0.00    0.00
-288839.347    -1.012     0.00    0.00
-288466.003    -1.012     0.00    0.00
-288092.621    -1.012     0.00    0.00
-287719.200    -1.012     0.00    0.00
-287345.740    -1.012     0.00    0.00
-286972.241    -1.012     0.00    0.00
-286598.703    -1.012     0.00    0.00
-286225.127    -1.012     0.00    0.00
-285851.511    -1.012     0.00    0.00
-285477.857    -1.012     0.00    0.00
-285104.164    -1.012     0.00    0.00
-284730.432    -1.012     0.00    0.00
-284356.661    -1.012     0.00    0.00
-283982.851    -1.012     0.00    0.00
-283609.002    -1.012     0.00    0.00
-283235.114    -1.012     0.00    0.00
-282861.187    -1.012     0.00    0.00
-282487.221    -1.012     0.00    0.00
-282113.216    -1.012     0.00    0.00
-281739.172    -1.012     0.00    0.00
-281365.089    -1.012     0.00    0.00
-280990.967    -1.012     0.00    0.00
-280616.805    -1.012     0.00    0.00
-280242.605    -1.012     0.00    0.00
-279868.366    -1.012     0.00    0.00
-279494.087    -1.012     0.00    0.00
-279119.770    -1.012     0.00    0.00
-278745.413    -1.012     0.00    0.00
-278371.017    -1.012     0.00    0.00
-277996.582    -1.012     0.00    0.00
-277622.108    -1.012     0.00    0.00
-277247.594    -1.012     0.00    0.00
-276873.042    -1.012     0.00    0.00
-276498.450    -1.012     0.00    0.00
-276123.819    -1.012     0.00    0.00
-275749.148    -1.012     0.00    0.00
-275374.439    -1.012     0.00    0.00
-274999.690    -1.012     0.00    0.00
-274624.902    -1.012     0.00    0.00
-274250.074    -1.012     0.00    0.00
-273875.207    -1.012     0.00    0.00
-273500.301    -1.012     0.00    0.00
-273125.356    -1.012     0.00    0.00
-272750.371    -1.012     0.00    0.00
-272375.346    -1.012     0.00    0.00
-272000.283    -1.012     0.00    0.00
-271625.180    -1.012     0.00    0.00
-271250.037    -1.012     0.00    0.00
-270874.855    -1.012     0.00    0.00
-270499.634    -1.012     0.00    0.00
-270124.373    -1.012     0.00    0.00
-269749.073    -1.012     0.00    0.00
-269373.733    -1.012     0.00    0.00
-268998.354    -1.012     0.00    0.00
-268622.935    -1.012     0.00    0.00
-268247.476    -1.012     0.00    0.00
-267871.979    -1.012     0.00    0.00
-267496.441    -1.012     0.00    0.00
-267120.864    -1.012     0.00    0.00
-266745.247    -1.012     0.00    0.00
-266369.591    -1.012     0.00    0.00
-265993.895    -1.012     0.00    0.00
-265618.160    -1.012     0.00    0.00
-265242.385    -1.012     0.00    0.00
-264866.570    -1.012     0.00    0.00
-264490.715    -1.012     0.00    0.00
-264114.821    -1.012     0.00    0.00
-263738.887    -1.012     0.00    0.00
-263362.914    -1.012     0.00    0.00
-262986.900    -1.012     0.00    0.00
-262610.847    -1.012     0.00    0.00
-262234.755    -1.012     0.00    0.00
-261858.622    -1.012     0.00    0.00
-261482.450    -1.012     0.00    0.00
-261106.237    -1.012     0.00    0.00
-260729.985    -1.012     0.00    0.00
-260353.693    -1.012     0.00    0.00
-259977.362    -1.012     0.00    0.00
-259600.990    -1.012     0.00    0.00
-259224.579    -1.012     0.00    0.00
-258848.127    -1.012     0.00    0.00
-258471.636    -1.012     0.00    0.00
-258095.105    -1.012     0.00    0.00
-257718.534    -1.012     0.00    0.00
-257341.923    -1.012     0.00    0.00
-256965.272    -1.012     0.00    0.00
-256588.581    -1.012     0.00    0.00
-256211.850    -1.012     0.00    0.00
-255835.079    -1.012     0.00    0.00
-255458.268    -1.012     0.00    0.00
-255081.417    -1.012     0.00    0.00
-254704.526    -1.012     0.00    0.00
-254327.595    -1.012     0.00    0.00
-253950.624    -1.012     0.00    0.00
-253573.613    -1.012     0.00    0.00
-253196.561    -1.012     0.00    0.00
-252819.470    -1.012     0.00    0.00
-252442.338    -1.012     0.00    0.00
-252065.166    -1.012     0.00    0.00
-251687.954    -1.012     0.00    0.00
-251310.702    -1.012     0.00    0.00
-250933.410    -1.012     0.00    0.00
-250556.077    -1.012     0.00    0.00
-250178.705    -1.012     0.00    0.00
-249801.292    -1.012     0.00    0.00
-249423.838    -1.012     0.00    0.00
-249046.345    -1.012     0.00    0.00
-248668.811    -1.012     0.00    0.00
-248291.237    -1.012     0.00    0.00
-247913.623    -1.012     0.00    0.00
-247535.968    -1.012     0.00    0.00
-247158.273    -1.012     0.00    0.00
-246780.537    -1.012     0.00    0.00
-246402.762    -1.012     0.00    0.00
-246024.946    -1.012     0.00    0.00
-245647.089    -1.012     0.00    0.00
-245269.192    -1.012     0.00    0.00
-244891.255    -1.012     0.00    0.00
-244513.277    -1.012     0.00    0.00
-244135.259    -1.012     0.00    0.00
-243757.200    -1.012     0.00    0.00
-243383.772    -1.012     0.00    0.00
-243013.566    -1.012     0.00    0.00
-242643.321    -1.012     0.00    0.00
-242273.038    -1.012     0.00    0.00
-241902.716    -1.012     0.00    0.00
-241532.355    -1.012     0.00    0.00
-241161.955    -1.012     0.00    0.00
-240791.517    -1.012     0.00    0.00
-240421.039    -1.012     0.00    0.00
-240050.523    -1.012     0.00    0.00
-239679.969    -1.012     0.00    0.00
-239309.375    -1.012     0.00    0.00
-238938.742    -1.012     0.00    0.00
-238568.071    -1.012     0.00    0.00
-238197.361    -1.012     0.00    0.00
-237826.612    -1.012     0.00    0.00
-237455.824    -1.012     0.00    0.00
-237084.997    -1.012     0.00    0.00
-236714.131    -1.012     0.00    0.00
-236343.227    -1.012     0.00    0.00
-235972.283    -1.012     0.00    0.00
-235601.301    -1.012     0.00    0.00
-235230.279    -1.012     0.00    0.00
-234859.219    -1.012     0.00    0.00
-234488.119    -1.012     0.00    0.00
-234116.981    -1.012     0.00    0.00
-233745.803    -1.012     0.00    0.00
-233374.587    -1.012     0.00    0.00
-233003.331    -1.012     0.00    0.00
-232632.036    -1.012     0.00    0.00
-232260.703    -1.012     0.00    0.00
-231889.330    -1.012     0.00    0.00
-231517.918    -1.012     0.00    0.00
-231146.467    -1.012     0.00    0.00
-230774.977    -1.012     0.00    0.00
-230403.447    -1.012     0.00    0.00
-230031.879    -1.012     0.00    0.00
-229660.271    -1.012     0.00    0.00
-229288.624    -1.012     0.00    0.00
-228916.938    -1.012     0.00    0.00
-228545.213    -1.012     0.00    0.00
-228173.448    -1.012     0.00    0.00
-227801.645    -1.012     0.00    0.00
-227429.802    -1.012     0.00    0.00
-227057.919    -1.012     0.00    0.00
-226685.998    -1.012     0.00    0.00
-226314.037    -1.012     0.00    0.00
-225942.037    -1.012     0.00    0.00
-225569.997    -1.012     0.00    0.00
-225197.918    -1.012     0.00    0.00
-224825.800    -1.012     0.00    0.00
-224453.642    -1.012     0.00    0.00
-224081.445    -1.012     0.00    0.00
-223709.209    -1.012     0.00    0.00
-223336.933    -1.012     0.00    0.00
-222964.618    -1.012     0.00    0.00
-222592.263    -1.012     0.00    0.00
-222219.869    -1.012     0.00    0.00
-221847.436    -1.012     0.00    0.00
-221474.963    -1.012     0.00    0.00
-221102.450    -1.012     0.00    0.00
-220729.898    -1.012     0.00    0.00
-220357.306    -1.012     0.00    0.00
-219984.675    -1.012     0.00    0.00
-219612.004    -1.012     0.00    0.00
-219239.294    -1.012     0.00    0.00
-218866.544    -1.012     0.00    0.00
-218493.755    -1.012     0.00    0.00
-218120.926    -1.012     0.00    0.00
-217748.057    -1.012     0.00    0.00
-217375.149    -1.012     0.00    0.00
-217002.201    -1.012     0.00    0.00
-216629.213    -1.012     0.00    0.00
-216256.186    -1.012     0.00    0.00
-215883.118    -1.012     0.00    0.00
-215510.012    -1.012     0.00    0.00
-215136.865    -1.012     0.00    0.00
-214763.679    -1.012     0.00    0.00
-214390.453    -1.012     0.00    0.00
-214017.187    -1.012     0.00    0.00
-213643.882    -1.012     0.00    0.00
-213270.536    -1.012     0.00    0.00
-212897.151    -1.012     0.00    0.00
-212523.726    -1.012     0.00    0.00
-212150.261    -1.012     0.00    0.00
-211776.757    -1.012     0.00    0.00
-211403.212    -1.012     0.00    0.00
-211029.628    -1.012     0.00    0.00
-210656.003    -1.012     0.00    0.00
-210282.339    -1.012     0.00    0.00
-209908.635    -1.012     0.00    0.00
-209534.891    -1.012     0.00    0.00
-209161.107    -1.012     0.00    0.00
-208787.283    -1.012     0.00    0.00
-208413.419    -1.012     0.00    0.00
-208039.515    -1.012     0.00    0.00
-207665.571    -1.012     0.00    0.00
-207291.587    -1.012     0.00    0.00
-206917.563    -1.012     0.00    0.00
-206543.498    -1.012     0.00    0.00
-206169.394    -1.012     0.00    0.00
-205795.250    -1.012     0.00    0.00
-205421.065    -1.012     0.00    0.00
-205046.841    -1.012     0.00    0.00
-204672.576    -1.012     0.00    0.00
-204298.272    -1.012     0.00    0.00
-203923.927    -1.012     0.00    0.00
-203549.541    -1.012     0.00    0.00
-203175.116    -1.012     0.00    0.00
-202800.651    -1.012     0.00    0.00
-202426.145    -1.012     0.00    0.00
-202051.599    -1.012     0.00    0.00
-201677.013    -1.012     0.00    0.00
-201302.386    -1.012     0.00    0.00
-200927.719    -1.012     0.00    0.00
-200553.012    -1.012     0.00    0.00
-200178.265    -1.012     0.00    0.00
-199803.477    -1.012     0.00    0.00
-199428.649    -1.012     0.00    0.00
-199053.781    -1.012     0.00    0.00
-198678.872    -1.012     0.00    0.00
-198303.923    -1.012     0.00    0.00
-197928.934    -1.012     0.00    0.00
-197553.904    -1.012     0.00    0.00
-197178.834    -1.012     0.00    0.00
-196803.723    -1.012     0.00    0.00
-196428.572    -1.012     0.00    0.00
-196053.380    -1.012     0.00    0.00
-195678.148    -1.012     0.00    0.00
-195302.875    -1.012     0.00    0.00
-194927.562    -1.012     0.00    0.00
-194552.208    -1.012     0.00    0.00
-194176.814    -1.012     0.00    0.00
-193801.379    -1.012     0.00    0.00
-193425.904    -1.012     0.00    0.00
-193050.388    -1.012     0.00    0.00
-192674.832    -1.012     0.00    0.00
-192299.235    -1.012     0.00    0.00
-191923.597    -1.012     0.00    0.00
-191547.919    -1.012     0.00    0.00
-191172.199    -1.012     0.00    0.00
-190796.440    -1.012     0.00    0.00
-190420.639    -1.012     0.00    0.00
-190044.798    -1.012     0.00    0.00
-189668.916    -1.012     0.00    0.00
-189292.994    -1.012     0.00    0.00
-188917.031    -1.012     0.00    0.00
-188541.027    -1.012     0.00    0.00
-188164.982    -1.012     0.00    0.00
-187788.896    -1.012     0.00    0.00
-187412.770    -1.012     0.00    0.00
-187036.602    -1.012     0.00    0.00
-186660.394    -1.012     0.00    0.00
-186284.145    -1.012     0.00    0.00
-185907.856    -1.012     0.00    0.00
-185531.525    -1.012     0.00    0.00
-185155.153    -1.012     0.00    0.00
-184778.741    -1.012     0.00    0.00
-184402.287    -1.012     0.00    0.00
-184025.793    -1.012     0.00    0.00
-183649.258    -1.012     0.00    0.00
-183272.682    -1.012     0.00    0.00
-182896.064    -1.012     0.00    0.00
-182519.406    -1.012     0.00    0.00
-182142.707    -1.012     0.00    0.00
-181765.966    -1.012     0.00    0.00
-181389.185    -1.012     0.00    0.00
-181012.363    -1.012     0.00    0.00
-180635.499    -1.012     0.00    0.00
-180258.595    -1.012     0.00    0.00
-179881.649    -1.012     0.00    0.00
-179504.662    -1.012     0.00    0.00
-179127.634    -1.012     0.00    0.00
-178750.565    -1.012     0.00    0.00
-178373.455    -1.012     0.00    0.00
-177996.304    -1.012     0.00    0.00
-177619.111    -1.012     0.00    0.00
-177241.877    -1.012     0.00    0.00
-176864.602    -1.012     0.00    0.00
-176487.286    -1.012     0.00    0.00
-176109.928    -1.012     0.00    0.00
-175732.529    -1.012     0.00    0.00
-175355.089    -1.012     0.00    0.00
-174977.608    -1.012     0.00    0.00
-174600.085    -1.012     0.00    0.00
-174222.521    -1.012     0.00    0.00
-173844.916    -1.012     0.00    0.00
-173467.269    -1.012     0.00    0.00
-173089.581    -1.012     0.00    0.00
-172711.851    -1.012     0.00    0.00
-172334.080    -1.012     0.00    0.00
-171956.268    -1.012     0.00    0.00
-171578.414    -1.012     0.00    0.00
-171200.519    -1.012     0.00    0.00
-170822.582    -1.012     0.00    0.00
-170444.604    -1.012     0.00    0.00
-170066.584    -1.012     0.00    0.00
-169688.523    -1.012     0.00    0.00
-169310.420    -1.012     0.00    0.00
-168932.276    -1.012     0.00    0.00
-168557.886    -1.012     0.00    0.00
-168187.802    -1.012     0.00    0.00
-167817.678    -1.012     0.00    0.00
-167447.515    -1.012     0.00    0.00
-167077.311    -1.012     0.00    0.00
-166707.069    -1.012     0.00    0.00
-166336.786    -1.012     0.00    0.00
-165966.464    -1.012     0.00    0.00
-165596.101    -1.012     0.00    0.00
-165225.700    -1.012     0.00    0.00
-164855.258    -1.012     0.00    0.00
-164484.776    -1.012     0.00    0.00
-164114.255    -1.012     0.00    0.00
-163743.694    -1.012     0.00    0.00
-163373.093    -1.012     0.00    0.00
-163002.452    -1.012     0.00    0.00
-162631.771    -1.012     0.00    0.00
-162261.051    -1.012     0.00    0.00
-161890.290    -1.012     0.00    0.00
-161519.490    -1.012     0.00    0.00
-161148.650    -1.012     0.00    0.00
-160777.769    -1.012     0.00    0.00
-160406.849    -1.012     0.00    0.00
-160035.889    -1.012     0.00    0.00
-159664.889    -1.012     0.00    0.00
-159293.849    -1.012     0.00    0.00
-158922.768    -1.012     0.00    0.00
-158551.648    -1.012     0.00    0.00
-158180.488    -1.012     0.00    0.00
-157809.288    -1.012     0.00    0.00
-157438.047    -1.012     0.00    0.00
-157066.767    -1.012     0.00    0.00
-156695.446    -1.012     0.00    0.00
-156324.085    -1.012     0.00    0.00
-155952.685    -1.012     0.00    0.00
-155581.244    -1.012     0.00    0.00
-155209.762    -1.012     0.00    0.00
-154838.241    -1.012     0.00    0.00
-154466.680    -1.012     0.00    0.00
-154095.078    -1.012     0.00    0.00
-153723.436    -1.012     0.00    0.00
-153351.754    -1.012     0.00    0.00
-152980.031    -1.012     0.00    0.00
-152608.269    -1.012     0.00    0.00
-152236.466    -1.012     0.00    0.00
-151864.623    -1.012     0.00    0.00
-151492.739    -1.012     0.00    0.00
-151120.815    -1.012     0.00    0.00
-150748.851    -1.012     0.00    0.00
-150376.846    -1.012     0.00    0.00
-150004.801    -1.012     0.00    0.00
-149632.716    -1.012     0.00    0.00
-149260.590    -1.012     0.00    0.00
-148888.424    -1.012     0.00    0.00
-148516.218    -1.012     0.00    0.00
-148143.971    -1.012     0.00    0.00
-147771.683    -1.012     0.00    0.00
-147399.356    -1.012     0.00    0.00
-147026.987    -1.012     0.00    0.00
-146654.578    -1.012     0.00    0.00
-146282.129    -1.012     0.00    0.00
-145909.639    -1.012     0.00    0.00
-145537.109    -1.012     0.00    0.00
-145164.538    -1.012     0.00    0.00
-144791.926    -1.012     0.00    0.00
-144419.274    -1.012     0.00    0.00
-144046.581    -1.012     0.00    0.00
-143673.848    -1.012     0.00    0.00
-143301.074    -1.012     0.00    0.00
-142928.259    -1.012     0.00    0.00
-142555.404    -1.012     0.00    0.00
-142182.508    -1.012     0.00    0.00
-141809.571    -1.012     0.00    0.00
-141436.594    -1.012     0.00    0.00
-141063.575    -1.012     0.00    0.00
-140690.517    -1.012     0.00    0.00
-140317.417    -1.012     0.00    0.00
-139944.277    -1.012     0.00    0.00
-139571.095    -1.012     0.00    0.00
-139197.874    -1.012     0.00    0.00
-138824.611    -1.012     0.00    0.00
-138451.307    -1.012     0.00    0.00
-138077.963    -1.012     0.00    0.00
-137704.578    -1.012     0.00    0.00
-137331.151    -1.012     0.00    0.00
-136957.684    -1.012     0.00    0.00
-136584.176    -1.012     0.00    0.00
-136210.628    -1.012     0.00    0.00
-135837.038    -1.012     0.00    0.00
-135463.407    -1.012     0.00    0.00
-135089.735    -1.012     0.00    0.00
-134716.023    -1.012     0.00    0.00
-134342.269    -1.012     0.00    0.00
-133968.475    -1.012     0.00    0.00
-133594.639    -1.012     0.00    0.00
-133220.762    -1.012     0.00    0.00
-132846.844    -1.012     0.00    0.00
-132472.886    -1.012     0.00    0.00
-132098.886    -1.012     0.00    0.00
-131724.845    -1.012     0.00    0.00
-131350.763    -1.012     0.00    0.00
-130976.640    -1.012     0.00    0.00
-130602.475    -1.012     0.00    0.00
-130228.270    -1.012     0.00    0.00
-129854.023    -1.012     0.00    0.00
-129479.735    -1.012     0.00    0.00
-129105.406    -1.012     0.00    0.00
-128731.036    -1.012     0.00    0.00
-128356.624    -1.012     0.00    0.00
-127982.171    -1.012     0.00    0.00
-127607.677    -1.012     0.00    0.00
-127233.142    -1.012     0.00    0.00
-126858.566    -1.012     0.00    0.00
-126483.948    -1.012     0.00    0.00
-126109.288    -1.012     0.00    0.00
-125734.588    -1.012     0.00    0.00
-125359.846    -1.012     0.00    0.00
-124985.063    -1.012     0.00    0.00
-124610.238    -1.012     0.00    0.00
-124235.372    -1.012     0.00    0.00
-123860.465    -1.012     0.00    0.00
-123485.516    -1.012     0.00    0.00
-123110.525    -1.012     0.00    0.00
-122735.493    -1.012     0.00    0.00
-122360.420    -1.012     0.00    0.00
-121985.305    -1.012     0.00    0.00
-121610.149    -1.012     0.00    0.00
-121234.951    -1.012     0.00    0.00
-120859.712    -1.012     0.00    0.00
-120484.431    -1.012     0.00    0.00
-120109.109    -1.012     0.00    0.00
-119733.745    -1.012     0.00    0.00
-119358.339    -1.012     0.00    0.00
-118982.892    -1.012     0.00    0.00
-118607.403    -1.012     0.00    0.00
-118231.872    -1.012     0.00    0.00
-117856.300    -1.012     0.00    0.00
-117480.686    -1.012     0.00    0.00
-117105.031    -1.012     0.00    0.00
-116729.333    -1.012     0.00    0.00
-116353.594    -1.012     0.00    0.00
-115977.814    -1.012     0.00    0.00
-115601.991    -1.012     0.00    0.00
-115226.127    -1.012     0.00    0.00
-114850.221    -1.012     0.00    0.00
-114474.273    -1.012     0.00    0.00
-114098.284    -1.012     0.00    0.00
-113722.252    -1.012     0.00    0.00
-113346.179    -1.012     0.00    0.00
-112970.064    -1.012     0.00    0.00
-112593.907    -1.012     0.00    0.00
-112217.708    -1.012     0.00    0.00
-111841.467    -1.012     0.00    0.00
-111465.184    -1.012     0.00    0.00
-111088.859    -1.012     0.00    0.00
-110712.493    -1.012     0.00    0.00
-110336.084    -1.012     0.00    0.00
-109959.633    -1.012     0.00    0.00
-109583.141    -1.012     0.00    0.00
-109206.606    -1.012     0.00    0.00
-108830.030    -1.012     0.00    0.00
-108453.411    -1.012     0.00    0.00
-108076.750    -1.012     0.00    0.00
-107700.047    -1.012     0.00    0.00
-107323.302    -1.012     0.00    0.00
-106946.515    -1.012     0.00    0.00
-106569.686    -1.012     0.00    0.00
-106192.815    -1.012     0.00    0.00
-105815.901    -1.012     0.00    0.00
-105438.946    -1.012     0.00    0.00
-105061.948    -1.012     0.00    0.00
-104684.908    -1.012     0.00    0.00
-104307.825     0.327     3.55    8.08
-103930.701    22.283    58.21   56.86
-103553.534    60.919   102.43  100.78
-103176.325   111.971   135.33  125.55
-102799.074   171.784   158.53  136.51
-102421.780   224.073   138.57  123.35
-102044.444   258.581    91.44  106.70
-101667.066   314.578   148.37   71.82
-101289.645   364.429   132.07   47.03
-100912.182   392.076    73.24   49.01
-100534.677   409.262    45.52   51.23
-100157.129   402.202   -18.70   72.66
 -99779.539   365.581   -96.98   85.85
 -99401.906   338.208   -72.48   78.84
 -99024.231   321.813   -43.41   63.18
 -98646.514   341.615    52.42   62.38
 -98268.754   369.564    73.98   64.52
 -97890.951   406.988    99.05   71.34
 -97513.107   443.532    96.71   71.21
 -97135.219   446.850     8.78   64.28
 -96757.289   437.178   -25.59   73.17
 -96379.316   398.875  -101.33   84.52
 -96001.301   340.463  -154.51   68.72
 -95623.244   299.021  -109.61   60.41
 -95245.143   257.623  -109.48   63.27
 -94867.000   248.695   -23.61   61.75
 -94488.815   252.054     8.88   70.90
 -94110.586   260.006    21.02   72.81
 -93735.107   256.562    -9.17   66.08
 -93365.146   229.076   -74.29   71.51
 -92995.145   213.771   -41.36   64.65
 -92625.103   203.920   -26.62   57.63
 -92255.020   211.954    21.71   60.70
 -91884.896   255.497   117.63   66.85
 -91514.732   291.381    96.93   67.52
 -91144.526   316.734    68.48   68.97
 -90774.281   334.936    49.16   70.43
 -90403.994   357.778    61.68   84.80
 -90033.666   392.747    94.42   94.58
 -89663.298   447.395   147.54   96.45
 -89292.889   499.952   141.88  107.13
 -88922.439   578.365   211.65  109.93
 -88551.948   644.395   178.21   84.30
 -88181.417   670.242    69.75   72.48
 -87810.844   681.327    29.91   67.98
 -87440.231   674.429   -18.61   64.87
 -87069.576   661.158   -35.80   66.34
 -86698.881   645.349   -42.64   72.86
 -86328.145   616.988   -76.49   70.10
 -85957.367   593.885   -62.31   61.95
 -85586.549   553.005  -110.23   56.50
 -85215.690   520.333   -88.09   51.26
 -84844.790   482.405  -102.25   47.22
 -84473.849   448.178   -92.26   40.89
 -84102.867   421.054   -73.11   48.33
 -83731.843   400.655   -54.98   47.64
 -83360.779   385.988   -39.52   50.38
 -82989.674   373.276   -34.25   48.30
 -82618.527   366.246   -18.94   44.92
 -82247.340   355.954   -27.72   40.07
 -81876.111   350.497   -14.70   35.82
 -81504.841   347.840    -7.15   29.10
 -81133.530   350.288     6.59   27.85
 -80762.178   360.920    28.63   32.30
 -80390.784   379.107    48.96   35.97
 -80019.350   402.553    63.12   44.91
 -79647.874   419.040    44.38   48.96
 -79276.357   427.955    24.00   46.87
 -78904.799   428.099     0.39   39.03
 -78533.199   415.038   -35.15   36.47
 -78161.559   394.056   -56.45   38.17
 -77789.876   384.585   -25.48   47.58
 -77418.153   373.421   -30.03   55.85
 -77046.388   368.816   -12.39   57.06
 -76674.582   361.852   -18.73   54.27
 -76302.735   363.421     4.22   47.76
 -75930.846   365.497     5.58   38.10
 -75558.916   364.429    -2.87   28.98
 -75186.944   357.906   -17.53   26.21
 -74814.931   342.023   -42.69   34.80
 -74442.877   316.103   -69.66   42.90
 -74070.781   275.970  -107.85   44.70
 -73698.644   241.762   -91.92   48.34
 -73326.465   210.073   -85.14   46.16
 -72954.245   184.971   -67.43   40.22
 -72581.983   161.218   -63.80   29.86
 -72209.680   146.688   -39.02   16.56
 -71837.335   137.615   -24.37    7.93
 -71464.949   133.530   -10.97    1.90
 -71092.521   132.037    -4.01    2.00
 -70720.051   130.660    -3.70    1.95
 -70347.540   129.343    -3.54    1.89
 -69974.987   128.170    -3.15    1.53
 -69602.393   127.119    -2.82    1.93
 -69229.757   126.141    -2.63    1.82
 -68857.079   125.117    -2.75    1.44
 -68484.360   124.371    -2.00    1.69
 -68111.599   124.141    -0.62    2.75
 -67738.796   124.649     1.36    4.26
 -67365.952   127.480     7.59    8.49
 -66993.065   133.242    15.45   13.63
 -66620.137   137.886    12.45   14.80
 -66247.168   139.972     5.59   13.45
 -65874.156   136.532    -9.22   12.55
 -65501.103   130.267   -16.79    9.69
 -65128.008   125.827   -11.90    6.87
 -64754.871   123.391    -6.53    4.08
 -64381.692   124.695     3.49    5.52
 -64008.471   131.649    18.63   13.06
 -63635.209   148.677    45.62   24.51
 -63261.904   166.086    46.63   25.28
 -62888.558   171.276    13.90   21.16
 -62515.170   163.005   -22.15   27.02
 -62141.739   145.988   -45.57   25.01
 -61768.267   133.577   -33.23    9.37
 -61394.753   137.759    11.19   12.64
 -61021.197   151.661    37.21   18.64
 -60647.599   180.621    77.51   39.11
 -60273.959   217.039    97.46   47.13
 -59900.276   250.149    88.60   42.57
 -59526.552   279.488    78.50   28.77
 -59152.786   298.281    50.28   26.89
 -58778.978   312.505    38.05   26.51
 -58405.127   320.850    22.32   23.98
 -58031.235   317.521    -8.90   33.61
 -57657.300   300.971   -44.26   42.48
 -57283.323   270.185   -82.32   52.96
 -56909.304   231.643  -103.04   52.81
 -56535.243   188.768  -114.62   51.37
 -56161.139   150.208  -103.07   39.08
 -55786.994   124.004   -70.03   29.32
 -55412.806   102.920   -56.34   17.23
 -55038.576    93.338   -25.60   10.38
 -54664.303   104.544    29.94   33.08
 -54289.989   131.747    72.67   54.33
 -53915.632   173.742   112.17   61.75
 -53541.233   208.077    91.70   41.59
 -53166.791   212.198    11.00   35.58
 -52792.308   202.540   -25.79   41.06
 -52417.781   182.547   -53.38   39.35
 -52043.213   158.349   -64.60   28.28
 -51668.602   140.105   -48.70   26.38
 -51293.949   123.937   -43.15   26.69
 -50919.253   111.310   -33.70   27.79
 -50544.515    97.859   -35.89   23.71
 -50169.734    91.385   -17.27   23.04
 -49794.911    86.332   -13.48   20.90
 -49420.045    85.321    -2.70   20.16
 -49045.137    84.571    -2.00   18.34
 -48670.187    85.521     2.53   19.59
 -48295.194    92.201    17.81   28.25
 -47920.158   103.278    29.54   37.49
 -47545.080   108.954    15.13   38.01
 -47169.959   109.398     1.18   35.81
 -46794.796   111.606     5.89   36.55
 -46419.590   112.505     2.39   37.05
 -46044.341   108.521   -10.61   35.77
 -45669.050   103.520   -13.33   31.36
 -45293.716    96.259   -19.34   27.61
 -44918.340    89.412   -18.24   22.47
 -44542.921    79.395   -26.68   18.17
 -44167.459    72.371   -18.71   13.65
 -43791.954    66.121   -16.64    8.16
 -43416.407    62.419    -9.86    2.68
 -43040.816    61.726    -1.85    2.32
 -42665.184    60.660    -2.84    1.86
 -42289.508    59.564    -2.92    1.62
 -41913.789    59.138    -1.13    1.56
 -41538.028    58.972    -0.44    1.93
 -41162.224    59.638     1.77    3.24
 -40786.377    61.700     5.49    4.61
 -40410.487    67.617    15.74   10.58
 -40034.555    78.251    28.29   18.21
 -39658.579   102.709    65.05   34.83
 -39282.561   133.557    82.03   39.16
 -38906.499   164.623    82.61   37.67
 -38530.395   194.888    80.47   29.64
 -38154.247   213.395    49.20   26.99
 -37778.057   230.149    44.54   28.99
 -37401.824   245.666    41.24   31.41
 -37025.547   250.205    12.06   30.82
 -36649.228   248.540    -4.42   34.58
 -36272.866   236.070   -33.13   34.13
 -35896.460   208.513   -73.21   37.81
 -35520.012   177.768   -81.67   45.72
 -35143.520   144.381   -88.67   47.01
 -34766.985   111.191   -88.14   33.53
 -34390.408    87.802   -62.11   20.44
 -34013.787    75.395   -32.94   13.38
 -33637.122    69.513   -15.62    7.34
 -33260.415    68.471    -2.77    5.29
 -32883.665    70.921     6.50    5.69
 -32506.871    74.683     9.98    5.04
 -32130.034    78.907    11.21    6.32
 -31753.154    86.191    19.33   11.16
 -31376.231    97.355    29.62   18.22
 -30999.264   113.472    42.75   24.56
 -30622.254   129.816    43.35   28.98
 -30245.201   139.759    26.37   30.73
 -29868.104   142.333     6.83   32.39
 -29490.964   134.698   -20.24   33.07
 -29113.781   125.488   -24.42   33.34
 -28736.554   119.644   -15.49   35.98
 -28359.284   116.956    -7.12   41.05
 -27981.971   110.954   -15.91   38.34
 -27604.614    96.746   -37.65   35.82
 -27227.214    81.163   -41.29   24.46
 -26849.770    67.472   -36.27   19.03
 -26472.283    54.649   -33.97   13.43
 -26094.752    46.871   -20.60   12.72
 -25717.178    38.775   -21.44    7.57
 -25339.560    33.838   -13.07    4.68
 -24961.899    30.621    -8.52    3.68
 -24584.194    28.427    -5.81    2.73
 -24206.446    27.168    -3.33    2.60
 -23828.654    28.271     2.92    5.63
 -23450.818    34.321    16.01   13.20
 -23072.939    46.349    31.83   25.89
 -22695.016    55.021    22.95   35.32
 -22317.050    53.305    -4.54   35.85
 -21939.040    41.764   -30.53   28.73
 -21560.986    27.365   -38.09   14.61
 -21182.888    20.344   -18.57    6.01
 -20804.747    17.649    -7.13    3.39
 -20426.562    16.218    -3.79    3.14
 -20048.333    15.124    -2.89    3.27
 -19670.061    13.920    -3.18    3.28
 -19291.745    12.819    -2.91    3.14
 -18915.049    11.611    -3.21    3.28
 -18545.215    10.143    -3.97    2.85
 -18175.339     8.611    -4.14    2.03
 -17805.422     7.462    -3.11    1.49
 -17435.463     6.585    -2.37    1.51
 -17065.462     5.888    -1.88    1.19
 -16695.419     5.529    -0.97    1.03
 -16325.334     4.545    -2.66    1.85
 -15955.208     3.421    -3.04    2.24
 -15585.040     2.073    -3.64    1.91
 -15214.830     1.288    -2.12    1.17
 -14844.578     0.988    -0.81    0.00
 -14474.284     0.988     0.00    0.00
 -14103.949     0.988     0.00    0.00
 -13733.571     0.988     0.00    0.00
 -13363.152     0.988     0.00    0.00
 -12992.691     0.988     0.00    0.00
 -12622.187     0.988     0.00    0.00
 -12251.642     0.988     0.00    0.00
 -11881.055     0.988     0.00    0.00
 -11510.426     0.988     0.00    0.00
 -11139.755     0.988     0.00    0.00
 -10769.042     0.988     0.00    0.00
 -10398.287     0.988     0.00    0.00
 -10027.489     0.988     0.00    0.00
  -9656.650     0.988     0.00    0.00
  -9285.769     0.988     0.00    0.00
  -8914.845     0.988     0.00    0.00
  -8543.880     2.891     5.13    4.48
  -8172.872     5.564     7.20    6.02
  -7801.822     7.037     3.97    5.70
  -7430.731     7.988     2.56    4.74
  -7059.596     6.759    -3.31    4.11
  -6688.420     5.057    -4.58    1.58
  -6317.202     5.198     0.38    1.49
  -5945.941     4.581    -1.66    1.48
  -5574.638     4.311    -0.73    1.56
  -5203.293     4.105    -0.55    1.63
  -4831.905     3.788    -0.85    1.53
  -4460.476     3.791     0.01    1.53
  -4089.003     4.073     0.76    1.45
  -3717.489     4.438     0.98    1.40
  -3345.932     4.688     0.67    1.20
  -2974.333     5.036     0.94    1.43
  -2602.692     5.174     0.37    1.49
  -2231.008     5.085    -0.24    1.50
  -1859.282     5.006    -0.21    1.66
  -1487.513     5.332     0.88    1.79
  -1115.702     3.683    -4.44    2.94
   -743.849     2.201    -3.98    3.37
   -371.953     0.840    -3.66    3.08
     -0.015     1.421     1.56    3.55
    371.966     3.371     5.24    3.60
    743.989     4.545     3.16    2.95
   1116.055     5.417     2.34    2.33
   1488.164     5.305    -0.30    2.17
   1860.315     5.039    -0.71    2.42
   2232.508     4.557    -1.29    2.81
   2604.744     4.746     0.51    2.87
   2977.023     4.419    -0.88    2.93
   3349.345     4.827     1.09    2.44
   3721.709     5.549     1.94    1.36
   4094.115     5.633     0.22    1.28
   4466.564     5.581    -0.14    1.10
   4839.056     5.843     0.70    1.34
   5211.591     5.726    -0.31    2.54
   5584.169     4.431    -3.48    3.69
   5956.789     2.955    -3.96    4.21
   6329.452     1.338    -4.34    3.87
   6702.157    -0.302    -4.40    2.18
   7074.906    -0.667    -0.98    1.49
   7447.697    -0.689    -0.06    1.45
   7820.531     0.149     2.25    2.54
   8193.408     1.149     2.68    3.08
   8566.327     1.755     1.62    3.17
   8939.290     6.778    13.47   12.50
   9312.295    22.119    41.13   27.13
   9685.344    36.038    37.31   33.02
  10058.435    51.021    40.16   30.92
  10431.569    59.234    22.01   28.67
  10804.746    60.036     2.15   24.46
  11177.966    64.365    11.60   23.85
  11551.229    72.407    21.55   24.61
  11924.535    81.309    23.85   22.15
  12297.884    92.069    28.82   23.14
  12671.276   106.938    39.82   19.38
  13044.712   120.262    35.68   20.65
  13418.190   144.267    64.27   30.60
  13791.711   173.938    79.44   45.62
  14165.275   217.855   117.56   56.86
  14538.883   250.742    88.03   53.20
  14912.533   262.424    31.26   64.38
  15286.227   241.447   -56.13   85.05
  15659.964   190.053  -137.52   92.03
  16033.744   139.559  -135.09   63.66
  16407.567   111.246   -75.74   44.21
  16781.433    87.455   -63.64   24.68
  17155.343    78.117   -24.97   21.08
  17529.296    71.316   -18.19   21.19
  17903.292    65.221   -16.30   22.10
  18277.331    60.955   -11.41   20.52
  18651.414    59.873    -2.89   19.45
  19025.540    49.778   -26.98   19.01
  19399.709    40.205   -25.59   21.94
  19773.922    27.859   -32.99   21.31
  20148.178    14.690   -35.19    6.48
  20522.477     9.794   -13.08    5.79
  20896.820     7.405    -6.38    4.37
  21271.206     6.553    -2.28    3.54
  21645.635     6.627     0.20    2.97
  22020.108     7.693     2.85    2.19
  22394.625     8.355     1.77    1.40
  22769.185     8.398     0.12    1.16
  23143.788     8.553     0.41    0.92
  23518.435     8.574     0.06    0.73
  23893.125     8.391    -0.49    0.71
  24267.859     8.128    -0.70    0.79
  24642.637     7.924    -0.55    0.83
  25017.458     7.496    -1.14    0.94
  25392.322     7.020    -1.27    1.02
  25767.231     6.488    -1.42    1.40
  26142.182     5.221    -3.38    2.24
  26517.178     4.375    -2.26    2.52
  26892.217     3.902    -1.26    2.61
  27267.300     4.185     0.75    2.91
  27642.426     4.660     1.27    2.98
  28017.596     4.778     0.31    2.95
  28392.810     5.775     2.66    3.13
  28768.068     7.131     3.61    2.58
  29143.369     8.388     3.35    1.67
  29518.715     9.171     2.09    1.64
  29894.103     9.686     1.37    1.79
  30269.536     9.805     0.31    2.00
  30645.013     9.877     0.19    1.81
  31020.533     9.865    -0.03    1.62
  31396.097    10.036     0.46    1.49
  31771.706    10.038     0.00    1.28
  32147.358    10.021    -0.04    1.22
  32523.053     9.922    -0.26    1.03
  32898.793     9.855    -0.18    0.96
  33274.577     9.871     0.04    0.87
  33650.405    10.090     0.58    0.80
  34026.276    10.218     0.34    0.88
  34402.192    10.385     0.44    0.90
  34778.152    10.417     0.09    0.86
  35154.155    10.293    -0.33    0.84
  35530.203    10.179    -0.30    0.86
  35906.295     9.906    -0.72    0.84
  36282.431     9.595    -0.83    1.04
  36658.611     8.798    -2.12    1.47
  37034.835     8.242    -1.48    1.49
  37411.103     8.099    -0.38    1.66
  37787.415     8.333     0.62    1.96
  38163.772     8.198    -0.36    2.23
  38540.172     8.056    -0.38    2.59
  38916.617     8.338     0.75    3.09
  39293.106    10.906     6.82    5.86
  39669.640    15.808    13.02    8.30
  40046.217    22.198    16.97    7.71
  40422.839    23.840     4.36    6.81
  40799.505    22.890    -2.52    7.56
  41176.215    20.514    -6.31    6.95
  41552.970    19.827    -1.83    5.91
  41929.769    19.785    -0.11    5.71
  42306.612    21.633     4.91    6.18
  42683.500    24.665     8.05    6.33
  43060.432    26.446     4.72    5.36
  43437.408    27.545     2.92    4.38
  43814.429    27.760     0.57    3.22
  44191.495    28.714     2.53    4.15
  44568.604    30.553     4.88    5.66
  44945.759    33.875     8.81    6.87
  45322.957    40.250    16.90    9.74
  45700.201    47.136    18.25   11.23
  46077.488    50.738     9.55    8.69
  46454.820    49.497    -3.29    9.75
  46832.197    43.677   -15.42   12.38
  47209.619    35.798   -20.87    9.14
  47587.085    30.258   -14.68    8.59
  47964.595    27.316    -7.79    8.43
  48342.150    28.165     2.25    9.03
  48719.750    32.021    10.21    9.24
  49097.395    38.738    17.79   12.12
  49475.084    49.214    27.74   18.04
  49852.818    57.444    21.79   21.17
  50230.596    56.488    -2.53   22.91
  50608.419    48.819   -20.30   28.06
  50986.287    32.369   -43.53   27.12
  51364.200    13.605   -49.65   19.32
  51742.158     3.742   -26.10   11.43
  52120.160    -0.914   -12.32    0.77
  52498.207    -1.012    -0.26    0.00
  52876.299    -1.012     0.00    0.00
  53254.436    -1.012     0.00    0.00
  53632.618    -1.012     0.00    0.00
  54010.844    -1.012     0.00    0.00
  54389.116    -1.012     0.00    0.00
  54767.432    -1.012     0.00    0.00
  55145.793    -1.012     0.00    0.00
  55524.199    -0.964     0.13    0.38
  55902.243    -0.667     0.78    0.97
  56271.944    -0.139     1.43    1.37
  56641.688     0.795     2.53    1.60
  57011.474     1.601     2.18    1.26
  57381.304     2.036     1.18    0.93
  57751.176     2.198     0.44    0.83
  58121.091     2.168    -0.08    0.97
  58491.048     2.311     0.38    1.04
  58861.049     2.595     0.77    1.13
  59231.093     2.861     0.72    1.25
  59601.179     3.300     1.18    1.12
  59971.308     3.655     0.96    1.05
  60341.480     4.004     0.94    1.06
  60711.695     4.371     0.99    1.14
  61081.954     4.972     1.62    1.41
  61452.255     5.521     1.48    1.59
  61822.599     6.337     2.20    1.74
  62192.986     6.795     1.24    1.47
  62563.416     7.168     1.01    1.65
  62933.889     7.523     0.96    1.60
  63304.405     7.875     0.95    1.52
  63674.964     8.107     0.62    1.43
  64045.566     8.794     1.86    1.76
  64416.211     9.496     1.89    1.93
  64786.900    10.136     1.72    2.02
  65157.631    10.627     1.33    1.73
  65528.406    10.988     0.97    1.74
  65899.224    11.755     2.07    1.76
  66270.085    12.321     1.53    1.73
  66640.989    12.877     1.50    1.62
  67011.937    13.395     1.40    1.67
  67382.927    13.730     0.90    1.60
  67753.961    14.109     1.02    1.51
  68125.038    14.742     1.71    1.62
  68496.159    15.109     0.99    1.67
  68867.323    15.829     1.94    1.73
  69238.530    16.505     1.82    1.89
  69609.780    17.085     1.56    1.99
  69981.074    17.497     1.11    1.72
  70352.411    18.283     2.12    1.41
  70723.791    18.924     1.72    1.39
  71095.215    19.447     1.41    1.34
  71466.682    20.234     2.12    1.41
  71838.193    20.688     1.22    1.46
  72209.747    21.194     1.36    1.46
  72581.345    21.530     0.90    1.49
  72952.986    21.845     0.85    1.37
  73324.670    22.350     1.36    1.61
  73696.398    22.922     1.54    1.89
  74068.170    23.436     1.38    1.96
  74439.985    24.067     1.70    2.06
  74811.844    25.124     2.84    2.33
  75183.746    26.242     3.01    2.91
  75555.692    28.055     4.87    3.75
  75927.681    31.627     9.60    9.12
  76299.715    39.179    20.30   15.01
  76671.791    45.267    16.36   16.82
  77043.912    52.359    19.06   18.02
  77416.076    56.536    11.23   18.84
  77788.283    56.633     0.26   18.21
  78160.535    53.174    -9.29   17.78
  78532.830    48.496   -12.57   12.23
  78905.169    47.038    -3.92    9.99
  79277.552    47.020    -0.05    8.06
  79649.978    49.188     5.82    8.78
  80022.449    51.988     7.52   10.86
  80394.963    57.840    15.71   12.65
  80767.521    62.262    11.87   14.76
  81140.122    65.294     8.14   15.72
  81512.768    66.455     3.11   13.47
  81885.457    69.182     7.32   11.54
  82258.191    75.738    17.59   14.11
  82630.968    92.117    43.94   23.88
  83003.789   112.471    54.60   26.98
  83376.654   132.191    52.89   28.15
  83749.564   148.436    43.57   19.85
  84122.517   149.811     3.69   18.64
  84495.514   140.496   -24.97   24.10
  84868.555   125.021   -41.49   25.22
  85241.640   110.529   -38.85   21.85
  85614.769   102.242   -22.21   20.04
  85987.943    98.250   -10.70   17.59
  86361.160    95.688    -6.87    9.39
  86734.421    97.242     4.16    7.37
  87107.727   108.747    30.82   21.12
  87481.077   138.019    78.41   44.85
  87854.470   179.126   110.10   58.03
  88227.909   236.578   153.86   66.63
  88601.391   281.344   119.87   48.25
  88974.917   303.595    59.57   47.12
  89348.488   321.888    48.97   54.76
  89722.103   324.940     8.17   68.88
  90095.762   314.798   -27.15   87.00
  90469.465   287.582   -72.83   92.66
  90843.213   256.020   -84.45   74.66
  91217.005   230.513   -68.24   64.79
  91590.841   212.230   -48.91   50.58
  91964.722   207.771   -11.93   42.34
  92338.647   199.682   -21.64   29.04
  92712.616   207.709    21.47   32.99
  93086.630   217.988    27.48   32.41
  93460.688   230.829    34.33   31.34
  93834.790   243.591    34.12   32.96
  94208.937   265.133    57.58   40.26
  94583.129   296.571    84.02   49.85
  94957.365   343.004   124.09   71.92
  95331.645   418.598   201.99  100.34
  95705.970   481.332   167.61   89.19
  96080.340   499.523    48.59   73.65
  96454.754   454.131  -121.25   99.59
  96829.212   397.751  -150.58   84.16
  97203.716   360.972   -98.22   70.96
  97578.263   339.171   -58.21   59.56
  97952.856   356.873    47.26   59.85
  98327.493   366.274    25.09   53.95
  98702.175   362.569    -9.89   55.40
  99076.901   365.115     6.80   56.89
  99451.672   359.905   -13.90   62.40
  99826.488   364.004    10.94   62.19
 100201.348   362.850    -3.08   61.84
 100576.253   348.528   -38.21   50.40
 100951.203   349.824     3.46   39.84
 101326.198   364.198    38.33   43.00
 101701.237   400.824    97.67   49.88
 102076.322   433.447    86.98   56.05
 102451.451   454.972    57.39   55.97
 102826.625   470.055    40.21   56.62
 103201.844   465.375   -12.47   55.85
 103577.107   456.281   -24.24   58.68
 103952.416   463.265    18.61   66.10
 104327.769   478.955    41.80   64.32
 104703.168   496.925    47.87   62.00
 105078.611   503.971    18.77   66.18
 105454.100   500.407    -9.49   71.27
 105829.633   488.214   -32.47   64.11
 106205.211   469.778   -49.09   59.18
 106580.835   439.394   -80.90   67.80
 106956.503   399.717  -105.63   64.36
 107332.216   363.365   -96.76   56.34
 107707.975   326.073   -99.26   48.71
 108083.779   299.238   -71.41   47.11
 108459.627   275.004   -64.48   45.73
 108835.521   254.020   -55.83   39.12
 109211.460   230.859   -61.61   34.14
 109587.444   212.021   -50.11   31.52
 109963.473   191.782   -53.83   32.01
 110339.548   171.751   -53.27   25.19
 110715.668   153.775   -47.80   18.99
 111091.833   150.954    -7.50   22.54
 111468.043   175.671    65.71   47.66
 111844.298   213.069    99.41   57.49
 112220.599   246.085    87.75   48.27
 112596.945   277.746    84.14   43.71
 112973.336   303.218    67.68   43.49
 113349.773   327.827    65.38   47.43
 113726.255   350.971    61.48   49.46
 114102.782   368.379    46.24   47.06
 114479.355   375.821    19.77   49.65
 114855.973   390.520    39.03   43.81
 115232.637   385.391   -13.62   51.12
 115609.346   365.020   -54.08   60.74
 115986.100   323.791  -109.44   73.02
 116362.900   287.391   -96.61   62.28
 116739.746   262.069   -67.20   59.51
 117116.637   254.281   -20.66   65.52
 117493.574   243.246   -29.28   62.27
 117870.556   221.225   -58.42   57.16
 118247.583   191.258   -79.49   58.03
 118624.657   152.905  -101.72   44.53
 119001.775   124.020   -76.60   32.18
 119378.940   101.544   -59.60   19.80
 119756.150    87.762   -36.54   14.37
 120133.406    76.019   -31.13   10.41
 120510.707    68.755   -19.26    6.68
 120888.054    66.246    -6.65    5.81
 121265.447    64.811    -3.80    6.05
 121642.886    64.198    -1.62    6.50
 122020.370    66.702     6.64    6.02
 122397.900    69.730     8.02    6.44
 122775.476    72.210     6.57    6.17
 123153.098    72.038    -0.46    6.98
 123530.765    65.879   -16.31   12.53
 123908.479    56.316   -25.32   13.93
 124286.238    44.194   -32.09   15.04
 124664.043    32.138   -31.92   12.15
 125041.894    25.069   -18.71    8.22
 125419.791    21.544    -9.33    4.64
 125797.733    22.182     1.69    4.99
 126175.722    25.972    10.03    5.32
 126553.757    29.388     9.04    5.59
 126931.838    31.230     4.87    5.81
 127309.964    33.873     6.99    7.24
 127688.137    36.798     7.73    8.78
 128066.356    39.617     7.46   10.16
 128444.621    43.578    10.47   10.44
 128822.931    49.004    14.34   12.73
 129201.288    54.158    13.62   16.50
 129579.692    59.301    13.59   17.47
 129958.141    64.971    14.98   20.18
 130336.636    68.337     8.90   23.78
 130715.178    75.278    18.34   29.61
 131085.749    76.529     3.38   31.09
 131455.362    76.644     0.31   27.39
 131825.019    83.168    17.65   29.27
 132194.720   101.988    50.91   40.79
 132564.466   114.099    32.76   39.36
 132934.254   115.004     2.45   35.90
 133304.087   101.230   -37.25   35.78
 133673.964    78.311   -61.97   33.71
 134043.885    61.472   -45.53   21.30
 134413.849    51.557   -26.80   18.67
 134783.858    49.855    -4.60   25.97
 135153.911    45.267   -12.40   29.21
 135524.007    36.655   -23.27   31.88
 135894.148    25.957   -28.90   30.68
 136264.333    13.022   -34.95   14.53
 136634.562     7.988   -13.60    9.84
 137004.835     5.250    -7.39    7.67
 137375.152     3.311    -5.24    3.89
 137745.513     2.714    -1.61    1.66
 138115.918     2.778     0.17    1.19
 138486.368     2.785     0.02    2.12
 138856.861     2.353    -1.17    2.89
 139227.399     1.290    -2.87    2.56
 139597.981     0.472    -2.21    1.35
 139968.607     0.258    -0.58    1.05
 140339.278     0.294     0.10    1.02
 140709.993     0.133    -0.44    1.07
 141080.752    -0.046    -0.48    1.16
 141451.555    -0.488    -1.19    0.82
 141822.402    -0.762    -0.74    0.60
 142193.294    -0.544     0.59    0.76
 142564.231    -0.389     0.42    0.93
 142935.211    -0.028     0.97    1.05
 143306.236     0.327     0.96    1.12
 143677.306     0.464     0.37    1.19
 144048.419     0.536     0.19    1.22
 144419.578     0.369    -0.45    1.26
 144790.780     0.218    -0.41    1.16
 145162.028     0.250     0.09    1.15
 145533.319     0.083    -0.45    1.17
 145904.655     0.152     0.19    1.31
 146276.036     0.097    -0.15    1.16
 146647.461     0.447     0.94    1.35
 147018.931     0.601     0.41    1.27
 147390.445     0.805     0.55    1.19
 147762.004     0.588    -0.58    1.14
 148133.608     0.218    -1.00    1.10
 148505.256     0.182    -0.10    1.13
 148876.949     0.085    -0.26    1.26
 149248.686     0.210     0.34    1.25
 149620.468     0.401     0.51    1.20
 149992.295     0.417     0.04    1.10
 150364.166     0.359    -0.15    1.10
 150736.083     0.201    -0.42    1.16
 151108.043     0.262     0.16    1.27
 151480.049     0.395     0.36    1.31
 151852.100     0.829     1.17    1.18
 152224.195     0.902     0.19    1.01
 152596.335     1.124     0.60    0.93
 152968.520     0.867    -0.69    1.09
 153340.750     0.456    -1.11    1.22
 153713.024     0.128    -0.88    1.21
