-199172.331   475.164     0.00   50.53
-198795.096   468.835   -16.78   56.45
-198417.902   447.478   -56.63   63.88
-198040.749   416.467   -82.24   61.62
-197663.637   374.706  -110.76   61.57
-197286.565   341.818   -87.24   46.52
-196909.535   322.467   -51.33   35.54
-196532.546   307.489   -39.74   28.73
-196155.597   292.641   -39.40   29.14
-195778.689   275.582   -45.27   28.58
-195401.822   261.184   -38.21   23.58
-195024.996   248.549   -33.54   12.67
-194648.211   243.991   -12.10    6.75
-194271.467   243.167    -2.19    3.94
-193894.763   243.870     1.87    4.05
-193518.100   244.467     1.58    3.37
-193141.478   244.806     0.90    2.68
-192764.897   244.641    -0.44    2.54
-192388.356   242.783    -4.94    3.66
-192011.856   241.978    -2.14    4.39
-191635.397   242.067     0.24    5.85
-191258.978   241.062    -2.67    6.97
-190882.600   239.150    -5.08    7.22
-190506.263   236.765    -6.34    7.26
-190129.967   236.944     0.47   11.66
-189753.711   238.625     4.47   15.73
-189377.495   241.344     7.23   19.52
-189001.320   245.692    11.56   20.76
-188625.186   249.366     9.77   21.45
-188249.092   253.214    10.23   19.95
-187873.039   255.047     4.87   15.83
-187497.027   256.870     4.85   18.19
-187121.055   255.760    -2.95   22.13
-186745.123   251.879   -10.33   23.43
-186369.232   246.978   -13.04   20.80
-185993.381   241.633   -14.22   19.40
-185617.571   237.811   -10.17   17.52
-185241.802   236.223    -4.23   18.47
-184866.072   234.947    -3.40   18.56
-184490.383   233.651    -3.45   19.55
-184114.735   231.547    -5.60   17.33
-183739.127   229.319    -5.93   17.69
-183363.559   225.286   -10.74   17.96
-182988.032   219.590   -15.17   15.78
-182612.545   215.495   -10.91   13.69
-182237.098   210.952   -12.10    9.59
-181861.692   209.491    -3.89   10.37
-181486.326   206.930    -6.83   10.03
-181111.000   205.291    -4.37    8.78
-180735.714   203.906    -3.69    8.61
-180360.469   203.030    -2.33    9.14
-179985.264   202.484    -1.45    8.48
-179610.099   201.306    -3.14    7.41
-179234.975   200.348    -2.55    7.10
-178859.890   198.673    -4.47    6.92
-178484.846   196.348    -6.20    5.96
-178109.842   193.765    -6.89    3.82
-177734.878   191.993    -4.73    2.96
-177359.954   190.668    -3.54    3.22
-176985.071   190.030    -1.70    3.95
-176610.227   189.743    -0.76    4.48
-176235.424   190.523     2.08    4.98
-175860.660   190.219    -0.81    5.01
-175485.937   189.692    -1.41    4.55
-175111.254   187.171    -6.73    4.17
-174736.610   185.723    -3.86    3.82
-174362.007   184.014    -4.56    4.39
-173987.444   183.082    -2.49    4.86
-173612.921   181.737    -3.59    4.78
-173238.438   180.726    -2.70    4.50
-172863.994   179.624    -2.94    4.11
-172489.591   178.344    -3.42    3.50
-172115.228   176.794    -4.14    3.32
-171740.904   175.394    -3.74    3.62
-171366.621   174.011    -3.70    3.60
-170992.377   173.788    -0.59    4.39
-170618.173   173.477    -0.83    4.32
-170244.009   172.426    -2.81    3.47
-169869.885   171.572    -2.28    3.10
-169495.801   171.052    -1.39    4.39
-169121.757   169.625    -3.81    4.16
-168747.752   168.777    -2.27    4.17
-168373.787   167.968    -2.16    3.62
-167999.862   166.478    -3.98    3.97
-167625.977   165.759    -1.92    3.87
-167252.131   165.542    -0.58    3.77
-166878.326   165.046    -1.33    3.28
-166504.560   165.046     0.00    2.56
-166130.833   164.583    -1.24    2.47
-165757.147   163.788    -2.13    2.97
-165383.500   162.309    -3.96    3.98
-165009.892   160.680    -4.36    4.10
-164636.325   158.947    -4.64    4.31
-164262.797   157.187    -4.71    3.89
-163889.308   157.249     0.17    4.23
-163515.859   156.467    -2.10    4.46
-163142.450   155.800    -1.79    4.46
-162769.080   155.675    -0.33    4.16
-162395.750   155.202    -1.27    3.93
-162022.460   154.432    -2.06    4.11
-161649.209   153.633    -2.14    4.31
-161275.997   153.616    -0.05    4.37
-160902.825   153.420    -0.53    4.28
-160529.693   152.879    -1.45    4.71
-160156.600   152.777    -0.27    4.04
-159783.546   156.437     9.81   18.33
-159410.532   174.184    47.58   48.69
-159037.558   196.269    59.22   60.09
-158664.622   230.306    91.28   61.50
-158291.727   262.472    86.27   58.86
-157918.870   291.649    78.27   61.41
-157546.053   312.432    55.75   64.37
-157173.276   333.633    56.88   53.59
-156800.537   338.135    12.08   43.84
-156427.838   330.064   -21.66   39.25
-156055.179   321.223   -23.73   42.32
-155682.558   309.198   -32.28   44.82
-155309.977   289.384   -53.19   49.96
-154937.435   269.306   -53.90   46.25
-154564.933   258.489   -29.04   32.13
-154192.470   273.011    38.99   40.35
-153820.046   287.823    39.78   41.18
-153447.661   287.420    -1.08   34.78
-153075.315   271.306   -43.28   36.61
-152703.009   240.246   -83.44   28.64
-152330.742   224.821   -41.44   23.94
-151958.514   213.443   -30.57   24.97
-151586.325   205.082   -22.47   25.38
-151214.175   198.467   -17.78   26.59
-150842.064   191.432   -18.91   22.24
-150469.993   187.080   -11.70   18.28
-150097.961   191.064    10.71   21.94
-149725.967   196.853    15.56   25.86
-149354.013   206.958    27.17   32.23
-148982.098   210.034     8.27   32.81
-148610.222   211.187     3.10   33.72
-148238.385   213.323     5.74   35.31
-147866.587   216.153     7.61   35.42
-147494.828   219.047     7.79   32.57
-147123.107   223.695    12.51   29.97
-146751.426   226.739     8.19   30.05
-146379.784   236.555    26.42   29.30
-146008.181   246.537    26.87   30.52
-145636.617   260.149    36.64   33.28
-145265.091   275.392    41.03   33.19
-144893.605   288.783    36.05   27.98
-144522.157   292.045     8.78   24.72
-144150.749   291.743    -0.81   24.91
-143779.379   294.848     8.36   30.22
-143408.048   293.575    -3.43   32.77
-143036.756   302.616    24.35   32.14
-142665.503   321.818    51.73   27.73
-142294.288   322.748     2.51   24.52
-141923.112   321.909    -2.26   25.47
-141551.975   317.537   -11.78   29.47
-141180.877   316.557    -2.64   33.83
-140809.818   333.461    45.56   41.39
-140438.797   342.473    24.29   40.02
-140067.815   345.067     6.99   38.66
-139696.872   347.783     7.32   38.95
-139325.968   344.607    -8.56   39.12
-138955.102   339.060   -14.96   39.32
-138584.275   323.150   -42.91   40.37
-138213.486   306.884   -43.87   41.19
-137842.736   294.283   -33.99   39.50
-137472.025   277.995   -43.94   39.76
-137101.353   261.169   -45.40   35.06
-136730.719   257.930    -8.74   40.23
-136360.123   268.357    28.14   56.58
-135989.566   291.409    62.22   60.86
-135619.048   301.421    27.03   52.47
-135248.568   296.495   -13.30   40.64
-134878.127   274.312   -59.89   45.84
-134507.725   244.252   -81.17   48.06
-134132.568   222.875   -56.99   31.41
-133754.348   227.695    12.74   31.28
-133376.169   246.884    50.75   41.38
-132998.030   267.323    54.06   41.12
-132619.932   283.513    42.82   36.82
-132241.874   294.319    28.59   44.07
-131863.855   309.349    39.77   48.88
-131485.877   316.277    18.33   43.33
-131107.940   325.692    24.92   33.78
-130730.042   325.835     0.38   29.10
-130352.185   312.906   -34.22   32.08
-129974.368   299.099   -36.55   34.98
-129596.591   288.235   -28.76   32.72
-129218.854   283.920   -11.42   36.67
-128841.157   277.971   -15.75   40.11
-128463.500   276.777    -3.16   40.32
-128085.883   263.271   -35.77   46.22
-127708.307   235.909   -72.48   43.39
-127330.770   216.353   -51.81   34.25
-126953.274   205.633   -28.40   28.69
-126575.817   196.444   -24.35   26.30
-126198.401   180.662   -41.82   26.98
-125821.024   167.288   -35.44   29.04
-125443.688   153.752   -35.88   33.91
-125066.391   137.183   -43.92   35.68
-124689.134   116.866   -53.86   24.87
-124311.918   104.404   -33.04   14.04
-123934.741    98.082   -16.77    8.76
-123557.604    94.277   -10.09    3.02
-123180.507    92.489    -4.74    2.46
-122803.450    91.338    -3.05    2.48
-122426.433    89.866    -3.91    2.54
-122049.456    88.828    -2.75    2.10
-121672.518    88.116    -1.89    2.22
-121295.620    87.478    -1.69    2.20
-120918.762    87.523     0.12    2.80
-120541.944    91.666    11.00   15.79
-120165.166   103.134    30.44   29.82
-119788.427   117.709    38.69   36.14
-119411.729   138.134    54.23   40.57
-119035.070   143.991    15.55   36.37
-118658.450   146.641     7.04   29.47
-118281.871   155.944    24.70   28.19
-117905.331   164.402    22.47   31.12
-117528.830   172.589    21.75   29.51
-117152.370   175.133     6.76   34.25
-116775.949   171.455    -9.77   35.49
-116399.568   171.249    -0.55   33.89
-116023.226   167.438   -10.13   31.92
-115646.924   166.219    -3.24   29.06
-115270.661   165.340    -2.34   25.18
-114894.438   164.794    -1.45   22.09
-114518.255   169.277    11.92   21.47
-114142.111   178.986    25.82   25.31
-113766.007   187.608    22.92   25.91
-113389.942   197.062    25.14   24.16
-113013.917   211.616    38.71   27.83
-112637.931   222.651    29.35   25.40
-112261.985   233.616    29.17   23.04
-111886.078   246.421    34.07   20.72
-111510.211   256.098    25.75   19.90
-111134.383   272.291    43.09   28.77
-110758.595   294.301    58.58   35.31
-110382.846   327.980    89.64   46.38
-110007.136   369.116   109.50   58.75
-109631.466   410.913   111.27   71.69
-109255.835   470.030   157.40   84.51
-108880.243   498.384    75.50   81.07
-108504.691   495.167    -8.57   79.35
-108129.178   464.912   -80.58   83.64
-107753.705   401.513  -168.87   87.33
-107378.271   340.134  -163.50   73.86
-107002.876   290.151  -133.16   59.86
-106627.520   255.063   -93.49   43.41
-106252.203   233.421   -57.67   40.80
-105876.926   207.082   -70.19   34.01
-105501.688   185.402   -57.78   27.57
-105126.489   165.366   -53.41   22.74
-104751.330   150.286   -40.20   18.13
-104376.210   136.099   -37.82   16.17
-104001.128   123.807   -32.77   12.72
-103626.086   113.081   -28.60   11.56
-103251.083   103.187   -26.39    9.55
-102876.120    95.685   -20.01    8.37
-102501.195    88.344   -19.58    7.67
-102126.309    81.853   -17.32    6.72
-101751.463    75.566   -16.77    6.37
-101376.656    76.468     2.41   17.62
-101001.887    83.414    18.54   24.74
-100627.158    91.152    20.65   26.51
-100252.468   100.046    23.74   24.81
 -99877.817   102.080     5.43   19.95
 -99503.204    96.520   -14.85   20.27
 -99128.631    85.572   -29.23   19.27
 -98754.097    74.812   -28.73   14.25
 -98379.602    64.821   -26.68   10.39
 -98005.145    58.898   -15.82   10.64
 -97630.728    52.271   -17.70   12.32
 -97256.350    44.625   -20.43    9.53
 -96882.010    38.011   -17.67    7.24
 -96507.709    32.491   -14.75    5.69
 -96133.448    28.375   -11.00    5.44
 -95759.225    24.432   -10.54    4.63
 -95385.041    22.277    -5.76    3.88
 -95010.895    21.383    -2.39    3.57
 -94636.789    21.407     0.06    3.52
 -94262.722    20.449    -2.56    3.86
 -93888.693    18.371    -5.56    4.39
 -93514.703    15.695    -7.15    3.97
 -93140.752    13.730    -5.25    1.92
 -92766.839    13.065    -1.78    1.09
 -92392.965    13.116     0.14    1.66
 -92019.131    13.082    -0.09    1.83
 -91645.334    12.574    -1.36    2.21
 -91271.577    12.062    -1.37    2.42
 -90897.858    11.353    -1.90    1.96
 -90524.178    10.727    -1.68    1.48
 -90150.536    10.598    -0.35    1.16
 -89776.933    10.993     1.06    1.21
 -89403.369    10.633    -0.96    1.39
 -89029.844    10.599    -0.09    1.48
 -88656.357    10.237    -0.97    1.36
 -88282.908    10.599     0.97    2.23
 -87909.498    11.027     1.15    2.40
 -87536.127    10.997    -0.08    2.10
 -87162.794    10.598    -1.07    1.48
 -86789.500    10.818     0.59    2.04
 -86416.245    11.334     1.38    2.54
 -86043.028    11.582     0.66    2.62
 -85669.849    11.545    -0.10    2.63
 -85296.709    11.031    -1.38    2.22
 -84923.607    10.461    -1.53    2.04
 -84550.544    10.116    -0.92    1.83
 -84177.519     9.523    -1.59    1.68
 -83804.533     9.431    -0.25    1.55
 -83431.585     9.677     0.66    1.50
 -83058.675     9.931     0.68    1.47
 -82685.804     9.892    -0.10    1.31
 -82312.972     9.467    -1.14    1.25
 -81940.177     9.449    -0.05    1.22
 -81567.421     9.384    -0.18    1.31
 -81194.704     9.099    -0.77    1.36
 -80822.024     8.964    -0.36    1.31
 -80449.383     8.884    -0.21    1.43
 -80076.781     8.730    -0.41    1.26
 -79704.216     8.934     0.55    1.28
 -79331.690     8.723    -0.57    1.38
 -78959.202     8.690    -0.09    1.55
 -78586.752     8.749     0.16    1.50
 -78214.341     8.509    -0.65    1.64
 -77841.968     8.239    -0.73    1.65
 -77469.633     8.309     0.19    1.53
 -77097.336     8.765     1.23    1.97
 -76725.077     9.379     1.65    1.63
 -76352.857     9.765     1.04    1.55
 -75980.674     9.920     0.42    1.24
 -75608.530    10.320     1.08    1.42
 -75236.424    10.896     1.55    1.50
 -74864.356    11.205     0.83    1.31
 -74492.326    11.271     0.18    0.97
 -74120.334    11.437     0.45    0.86
 -73748.381    11.527     0.24    0.76
 -73376.465    11.754     0.61    0.74
 -73004.587    11.875     0.32    0.76
 -72632.748    11.973     0.26    0.72
 -72260.946    11.906    -0.18    0.75
 -71889.183    11.862    -0.12    0.80
 -71517.457    11.660    -0.54    0.85
 -71145.770    11.387    -0.73    0.98
 -70774.120    11.212    -0.47    1.16
 -70402.508    11.309     0.26    1.86
 -70030.934    11.516     0.56    2.49
 -69659.399    11.274    -0.65    2.38
 -69287.901    10.625    -1.75    2.41
 -68916.441     9.944    -1.83    2.29
 -68545.019     9.239    -1.90    2.92
 -68173.634     8.348    -2.40    2.19
 -67802.288     7.845    -1.36    2.04
 -67430.979     7.491    -0.95    1.58
 -67059.709     7.047    -1.20    1.14
 -66688.476     6.783    -0.71    1.10
 -66317.281     6.795     0.03    1.38
 -65946.123     6.833     0.10    1.39
 -65575.004     6.666    -0.45    1.37
 -65203.922     6.695     0.08    1.53
 -64832.878     6.572    -0.33    1.58
 -64461.872     7.642     2.88    2.77
 -64090.903     8.993     3.64    3.38
 -63719.972    10.204     3.26    3.04
 -63349.079    10.432     0.61    2.84
 -62978.224     9.295    -3.07    2.47
 -62607.406     8.449    -2.28    2.10
 -62236.626     7.896    -1.49    1.97
 -61865.884     7.312    -1.57    2.03
 -61495.179     6.625    -1.86    2.10
 -61124.511     5.795    -2.24    1.61
 -60753.882     5.491    -0.82    1.50
 -60383.290     5.973     1.30    1.87
 -60012.735     6.254     0.76    1.88
 -59642.219     6.616     0.98    1.86
 -59267.674     6.651     0.09    1.66
 -58889.538     6.677     0.07    1.40
 -58511.440     6.555    -0.32    1.10
 -58133.382     6.421    -0.35    0.84
 -57755.363     6.890     1.24    1.56
 -57377.383     7.853     2.55    2.89
 -56999.443     7.607    -0.65    2.87
 -56621.541     7.590    -0.05    2.81
 -56243.679     7.590     0.00    2.77
 -55865.856     7.789     0.53    2.41
 -55488.072     7.976     0.49    2.11
 -55110.327     8.267     0.77    1.87
 -54732.621     9.014     1.98    2.54
 -54354.955     9.807     2.10    3.03
 -53977.327     9.941     0.35    3.11
 -53599.739     9.461    -1.27    3.14
 -53222.189     8.437    -2.71    2.46
 -52844.679     7.806    -1.67    1.65
 -52467.207     8.431     1.66    1.84
 -52089.775     8.241    -0.50    2.13
 -51712.381     8.028    -0.56    2.29
 -51335.027     7.495    -1.41    1.96
 -50957.711     7.473    -0.06    1.97
 -50580.435     7.414    -0.16    1.84
 -50203.197     7.168    -0.65    1.43
 -49825.998     7.152    -0.04    1.46
 -49448.838     7.133    -0.05    1.38
 -49071.718     7.080    -0.14    1.28
 -48694.635     7.063    -0.04    1.09
 -48317.592     7.133     0.19    1.05
 -47940.588     7.414     0.75    1.36
 -47563.623     8.151     1.95    2.15
 -47186.696     8.486     0.89    2.29
 -46809.808     8.520     0.09    2.13
 -46432.959     7.812    -1.88    2.18
 -46056.149     6.883    -2.47    1.50
 -45679.377     6.449    -1.15    1.53
 -45302.645     6.277    -0.46    1.32
 -44925.951     6.319     0.11    1.52
 -44549.295     6.397     0.21    1.39
 -44172.679     6.625     0.60    1.30
 -43796.101     6.589    -0.09    1.59
 -43419.562     6.580    -0.02    1.85
 -43043.061     6.520    -0.16    1.85
 -42666.599     6.432    -0.23    1.93
 -42290.176     6.277    -0.41    1.81
 -41913.792     6.598     0.85    1.65
 -41537.446     7.239     1.70    1.55
 -41161.139     7.670     1.14    1.81
 -40784.870     7.828     0.42    1.65
 -40408.640     7.920     0.24    1.66
 -40032.448     7.572    -0.92    1.63
 -39656.295     7.555    -0.05    1.56
 -39280.181     7.795     0.64    1.57
 -38904.105     8.011     0.57    1.81
 -38528.067     8.746     1.95    2.19
 -38152.068    10.080     3.55    2.81
 -37776.108    11.135     2.80    2.76
 -37400.186    12.013     2.34    2.14
 -37024.303    12.473     1.23    1.38
 -36648.457    12.420    -0.14    1.13
 -36272.651    12.340    -0.21    1.11
 -35896.883    12.509     0.45    1.11
 -35521.153    12.513     0.01    1.23
 -35145.461    12.405    -0.29    1.38
 -34769.808    12.366    -0.10    1.37
 -34394.194    12.298    -0.18    1.11
 -34018.617    12.099    -0.53    1.13
 -33643.079    11.941    -0.42    1.14
 -33267.580    12.134     0.51    1.26
 -32892.118    12.099    -0.09    1.27
 -32516.695    12.045    -0.14    1.25
 -32141.311    12.099     0.15    1.07
 -31765.964    12.022    -0.21    0.97
 -31390.656    11.835    -0.50    1.01
 -31015.386    11.695    -0.37    1.00
 -30640.154    11.695     0.00    0.89
 -30264.960    11.765     0.19    0.92
 -29889.805    11.976     0.56    0.81
 -29514.688    11.973    -0.01    0.86
 -29139.609    11.866    -0.29    0.93
 -28764.568    11.658    -0.55    0.93
 -28389.565    11.295    -0.97    0.92
 -28014.601    11.455     0.43    0.92
 -27639.675    11.555     0.27    1.09
 -27264.786    11.484    -0.19    1.11
 -26889.936    11.202    -0.75    1.03
 -26515.124    10.866    -0.90    1.05
 -26140.350    10.848    -0.05    1.04
 -25765.614    10.820    -0.08    1.06
 -25390.916    11.009     0.50    1.12
 -25016.256    11.009     0.00    1.02
 -24641.634    10.997    -0.03    1.05
 -24267.050    10.884    -0.30    1.14
 -23892.504    10.884     0.00    1.06
 -23517.996    10.806    -0.21    1.03
 -23143.526    10.462    -0.92    1.13
 -22769.094    10.309    -0.41    0.97
 -22394.700    10.135    -0.47    0.92
 -22020.344     9.958    -0.47    0.94
 -21646.026     9.833    -0.33    1.03
 -21271.746     9.530    -0.81    0.92
 -20897.503     9.702     0.46    1.09
 -20523.299     9.906     0.54    1.36
 -20149.132    10.291     1.03    1.44
 -19775.003    10.455     0.44    1.43
 -19400.912    10.252    -0.54    1.48
 -19026.859     9.674    -1.54    1.18
 -18652.843     9.397    -0.74    1.00
 -18278.866     9.407     0.03    1.13
 -17904.926     9.853     1.19    1.97
 -17531.024     9.705    -0.39    2.34
 -17157.160     9.204    -1.34    1.97
 -16783.333     8.572    -1.69    2.02
 -16409.544     8.384    -0.50    2.13
 -16035.793     8.082    -0.81    1.89
 -15662.080     7.952    -0.35    1.64
 -15288.404     8.116     0.44    1.74
 -14914.766     8.324     0.56    1.66
 -14541.165     8.009    -0.84    1.78
 -14167.603     8.187     0.48    1.91
 -13794.077     8.046    -0.38    2.19
 -13420.590     7.713    -0.89    2.34
 -13047.140     7.748     0.09    2.60
 -12673.728     7.870     0.33    2.48
 -12300.353     7.795    -0.20    2.16
 -11927.016     7.204    -1.58    1.88
 -11553.716     6.560    -1.72    2.09
 -11180.454     6.478    -0.22    2.10
 -10807.230     6.652     0.47    2.02
 -10434.043     7.437     2.11    1.79
 -10060.893     8.241     2.15    1.13
  -9687.781     8.484     0.65    1.03
  -9314.707     8.580     0.26    1.19
  -8941.670     8.616     0.10    1.50
  -8568.670     8.502    -0.31    1.73
  -8195.708     8.116    -1.03    1.73
  -7822.783     8.370     0.68    1.83
  -7449.896     8.192    -0.48    1.71
  -7077.046     8.027    -0.44    2.13
  -6704.233     7.906    -0.33    2.22
  -6331.458     7.818    -0.24    2.16
  -5958.721     7.484    -0.89    1.60
  -5586.020     7.309    -0.47    1.09
  -5213.357     7.705     1.06    1.30
  -4840.731     7.968     0.70    1.66
  -4468.143     7.743    -0.60    2.57
  -4095.592     7.348    -1.06    2.92
  -3723.078     5.186    -5.80    4.22
  -3350.601     2.801    -6.40    4.51
  -2978.162     1.848    -2.56    4.61
  -2605.760     1.420    -1.15    4.00
  -2233.395     1.537     0.32    3.48
  -1861.067     2.800     3.39    3.12
  -1488.777     3.695     2.40    2.49
  -1116.524     4.327     1.70    2.19
   -744.308     3.407    -2.47    2.99
   -372.129     2.134    -3.42    3.34
      0.013     0.616    -4.08    3.01
    372.117    -0.182    -2.15    2.03
    744.185     0.670     2.29    2.71
   1116.215     2.223     4.18    3.17
   1488.208     3.580     3.65    2.75
   1860.164     4.705     3.02    1.98
   2232.083     5.152     1.20    1.56
   2603.965     5.045    -0.29    1.45
   2975.810     5.379     0.90    1.46
   3347.618     5.327    -0.14    1.29
   3719.389     5.353     0.07    1.28
   4091.123     5.385     0.09    1.01
   4462.820     5.713     0.88    1.18
   4834.479     5.734     0.06    1.16
   5206.102     5.616    -0.32    1.14
   5577.688     5.348    -0.72    1.22
   5949.237     5.098    -0.67    1.27
   6320.749     5.221     0.33    1.25
   6692.224     5.402     0.49    1.34
   7063.662     5.288    -0.31    1.37
   7435.063     5.348     0.16    1.28
   7806.428     5.455     0.29    1.47
   8177.755     5.366    -0.24    1.72
   8549.046     4.853    -1.38    2.53
   8920.300     4.425    -1.15    3.05
   9291.516     3.853    -1.54    3.15
   9662.696     3.425    -1.15    3.41
  10033.840     3.256    -0.45    3.37
  10404.946     3.011    -0.66    3.26
  10776.016     3.187     0.48    3.36
  11147.049     4.011     2.22    3.07
  11518.045     4.316     0.82    2.70
  11889.004     4.958     1.73    1.84
  12259.927     4.946    -0.03    1.31
  12630.813     4.976     0.08    1.08
  13001.662     5.192     0.58    1.09
  13372.474     5.221     0.08    1.05
  13743.250     5.295     0.20    1.21
  14113.989     5.288    -0.02    1.17
  14484.692     5.545     0.69    1.32
  14855.358     5.572     0.07    1.34
  15225.987     5.642     0.19    1.40
  15600.009     5.848     0.55    1.26
  15978.061     5.888     0.11    1.28
  16356.075     6.248     0.95    1.14
  16734.050     6.384     0.36    0.88
  17111.988     6.375    -0.02    0.96
  17489.887     6.432     0.15    0.95
  17867.748     6.414    -0.05    1.09
  18245.570     6.580     0.44    1.08
  18623.355     6.695     0.30    1.07
  19001.102     6.588    -0.28    0.97
  19378.810     6.835     0.66    0.88
  19756.480     6.884     0.13    0.95
  20134.112     7.239     0.94    1.02
  20511.707     7.152    -0.23    1.09
  20889.263     7.509     0.95    1.58
  21266.781     7.572     0.17    1.63
  21644.261     7.616     0.12    1.65
  22021.703     7.906     0.77    1.33
  22399.107     8.041     0.36    1.77
  22776.473     8.011    -0.08    1.74
  23153.801     8.046     0.09    1.58
  23531.091     7.923    -0.33    1.48
  23908.343     7.800    -0.33    1.21
  24285.557     7.598    -0.54    1.06
  24662.733     7.555    -0.11    1.02
  25039.871     7.880     0.86    0.96
  25416.971     7.818    -0.16    1.15
  25794.034     7.955     0.36    1.26
  26171.058     7.937    -0.05    1.39
  26548.045     8.274     0.89    1.93
  26924.994     8.607     0.88    1.95
  27301.905     9.309     1.86    2.37
  27678.778     9.801     1.31    2.16
  28055.614    10.291     1.30    1.94
  28432.411    10.402     0.29    1.67
  28809.171     9.976    -1.13    1.59
  29185.893     9.362    -1.63    1.31
  29562.577     9.227    -0.36    1.30
  29939.224     9.353     0.33    1.28
  30315.832     9.898     1.45    1.67
  30692.403    10.204     0.81    1.76
  31068.937    10.189    -0.04    1.74
  31445.432    10.045    -0.38    2.00
  31821.890     9.670    -1.00    2.26
  32198.311     8.937    -1.94    2.22
  32574.693     8.652    -0.76    2.04
  32951.038     8.968     0.84    2.34
  33327.346     9.366     1.06    2.47
  33703.615    11.357     5.29    4.23
  34079.848    13.116     4.68    4.69
  34456.042    14.941     4.85    4.39
  34832.199    16.687     4.64    3.47
  35208.319    17.397     1.89    2.03
  35584.400    16.634    -2.03    1.36
  35960.445    16.489    -0.39    1.38
  36336.451    16.212    -0.74    1.14
  36712.421    16.223     0.03    1.07
  37088.353    16.186    -0.10    1.08
  37464.247    16.256     0.19    1.13
  37840.104    16.362     0.28    1.27
  38215.923    16.562     0.53    1.29
  38591.705    16.920     0.95    1.38
  38967.449    17.289     0.98    1.35
  39343.156    17.572     0.75    1.24
  39718.826    17.670     0.26    1.04
  40094.458    17.660    -0.03    1.04
  40470.053    17.330    -0.88    1.22
  40845.611    17.027    -0.81    1.39
  41221.131    16.219    -2.15    1.77
  41596.613    15.579    -1.71    1.78
  41972.059    14.616    -2.56    1.29
  42347.467    14.042    -1.53    0.99
  42722.838    13.670    -0.99    0.89
  43098.171    13.480    -0.51    0.89
  43473.468    13.443    -0.10    0.94
  43848.727    13.652     0.56    1.06
  44223.948    13.795     0.38    1.13
  44599.133    13.926     0.35    1.00
  44974.280    14.022     0.25    0.88
  45349.390    13.818    -0.54    0.91
  45724.463    13.616    -0.54    0.95
  46099.498    13.467    -0.40    1.13
  46474.497    13.384    -0.22    1.12
  46849.458    13.256    -0.34    1.19
  47224.382    13.011    -0.66    1.23
  47599.269    12.616    -1.05    1.19
  47974.119    12.491    -0.33    1.09
  48348.932    12.443    -0.13    0.96
  48723.708    12.670     0.60    0.85
  49098.446    12.752     0.22    0.78
  49473.148    12.701    -0.14    0.89
  49847.812    13.099     1.06    1.30
  50222.439    13.134     0.09    1.43
  50597.030    13.449     0.84    1.46
  50971.583    13.687     0.64    1.43
  51346.099    13.976     0.77    1.51
  51720.579    14.193     0.58    1.31
  52095.021    14.152    -0.11    1.26
  52469.426    14.259     0.29    1.26
  52843.795    14.169    -0.24    0.99
  53218.126    14.432     0.70    0.98
  53592.420    14.537     0.28    0.94
  53966.678    14.491    -0.12    0.93
  54340.899    14.456    -0.09    0.90
  54715.082    14.302    -0.41    0.94
  55089.229    14.098    -0.55    0.89
  55463.339    13.958    -0.37    1.00
  55837.412    13.968     0.03    0.92
  56211.448    13.884    -0.22    0.95
  56585.448    14.027     0.38    0.84
  56959.410    14.062     0.10    0.84
  57333.336    14.116     0.14    0.83
  57707.225    14.189     0.19    0.92
  58081.077    14.169    -0.05    0.89
  58454.893    14.443     0.73    0.96
  58828.672    14.713     0.72    1.03
  59202.413    14.741     0.08    0.95
  59576.119    14.625    -0.31    0.95
  59949.787    14.580    -0.12    0.91
  60323.419    14.670     0.24    0.89
  60697.014    14.848     0.48    0.86
  61070.572    15.009     0.43    0.82
  61444.094    15.241     0.62    0.81
  61817.579    15.424     0.49    0.83
  62191.027    15.455     0.08    0.96
  62564.439    15.449    -0.02    1.01
  62937.814    15.379    -0.19    1.04
  63311.153    15.259    -0.32    0.98
  63684.455    15.295     0.10    0.92
  64057.720    15.291    -0.01    0.87
  64430.949    15.371     0.21    0.87
  64804.141    15.151    -0.59    0.84
  65177.296    15.210     0.16    0.88
  65550.416    15.205    -0.01    0.96
  65923.498    15.173    -0.09    1.01
  66296.544    15.455     0.76    0.94
  66669.554    15.589     0.36    0.94
  67042.527    15.748     0.43    1.01
  67415.463    15.866     0.32    0.96
  67788.364    15.920     0.14    0.88
  68161.227    15.902    -0.05    0.87
  68534.055    16.078     0.47    1.02
  68906.845    16.151     0.20    1.10
  69279.600    16.243     0.25    1.11
  69652.318    16.134    -0.29    1.09
  70024.999    16.153     0.05    0.97
  70397.645    16.223     0.19    1.12
  70770.254    16.366     0.38    1.15
  71142.826    16.670     0.81    1.14
  71515.362    16.777     0.29    1.13
  71887.862    16.993     0.58    1.25
  72260.326    17.259     0.71    1.24
  72632.753    17.443     0.49    1.25
  73005.144    17.754     0.84    0.99
  73377.499    17.875     0.33    1.01
  73749.817    17.723    -0.41    1.02
  74122.099    17.625    -0.26    1.00
  74494.345    17.652     0.07    1.09
  74866.555    17.920     0.72    1.15
  75238.728    18.420     1.34    1.25
  75610.866    18.993     1.54    1.23
  75982.967    19.342     0.94    1.20
  76355.032    19.509     0.45    1.26
  76727.061    19.366    -0.38    1.23
  77099.053    19.169    -0.53    1.19
  77471.010    19.116    -0.14    1.09
  77842.930    19.449     0.90    1.14
  78214.814    19.759     0.83    1.20
  78586.662    19.870     0.30    1.26
  78958.474    19.866    -0.01    1.19
  79330.250    19.795    -0.19    1.28
  79701.990    19.537    -0.69    1.28
  80073.694    19.283    -0.68    1.22
  80445.362    19.170    -0.30    1.35
  80816.993    18.924    -0.66    1.40
  81188.589    18.723    -0.54    1.40
  81560.149    18.542    -0.49    1.31
  81931.673    18.151    -1.05    1.21
  82303.160    17.752    -1.07    1.32
  82674.612    17.221    -1.43    1.45
  83046.028    16.505    -1.93    1.28
  83417.408    16.134    -1.00    1.16
  83788.752    15.705    -1.15    1.09
  84160.060    15.653    -0.14    1.11
  84531.332    15.598    -0.15    1.08
  84902.568    15.505    -0.25    1.14
  85273.768    15.598     0.25    1.29
  85644.933    15.520    -0.21    1.39
  86016.061    15.309    -0.57    1.41
  86387.154    15.280    -0.08    1.38
  86758.211    15.170    -0.30    1.27
  87129.232    15.116    -0.14    1.39
  87500.217    15.312     0.53    1.34
  87871.166    15.480     0.45    1.42
  88242.080    15.843     0.98    1.16
  88612.958    15.937     0.25    1.15
  88983.800    15.838    -0.27    1.19
  89354.606    15.660    -0.48    1.21
  89725.377    15.405    -0.69    1.32
  90096.112    15.169    -0.64    1.16
  90469.685    15.243     0.20    1.06
  90847.662    15.256     0.03    0.99
  91225.602    15.221    -0.09    1.11
  91603.504    15.098    -0.33    1.18
  91981.370    15.134     0.09    1.13
  92359.198    15.267     0.35    1.22
  92736.989    15.366     0.26    1.25
  93114.743    15.412     0.12    1.21
  93492.459    15.366    -0.12    1.21
  93870.139    15.338    -0.07    1.14
  94247.781    15.171    -0.44    0.99
  94625.386    15.062    -0.29    0.94
  95002.955    14.783    -0.74    0.91
  95380.486    14.687    -0.25    1.11
  95757.980    14.560    -0.34    1.02
  96135.437    14.705     0.38    1.07
  96512.856    14.795     0.24    1.10
  96890.239    14.771    -0.06    1.06
  97267.585    14.955     0.49    0.93
  97644.894    14.905    -0.13    1.02
  98022.165    14.958     0.14    0.98
  98399.400    14.971     0.03    0.87
  98776.598    15.186     0.57    1.03
  99153.759    15.449     0.70    1.01
  99530.883    15.616     0.44    1.00
  99907.970    15.562    -0.14    1.08
 100285.020    15.655     0.24    1.02
 100662.033    15.937     0.75    1.10
 101039.009    16.443     1.34    1.35
 101415.948    17.348     2.40    1.37
 101792.851    17.789     1.17    1.12
 102169.716    17.971     0.48    1.24
 102546.545    18.045     0.20    1.08
 102923.337    17.984    -0.16    1.04
 103300.092    17.973    -0.03    1.07
 103676.810    18.280     0.81    1.08
 104053.491    18.862     1.54    1.42
 104430.136    19.580     1.91    1.39
 104806.744    19.734     0.41    1.56
 105183.315    20.571     2.22    1.66
 105559.849    21.170     1.59    1.91
 105936.347    22.116     2.51    1.77
 106312.807    22.943     2.20    1.62
 106689.232    24.027     2.88    2.01
 107065.619    24.402     1.00    1.96
 107441.970    24.660     0.69    1.87
 107818.284    24.976     0.84    1.73
 108194.561    24.968    -0.02    1.50
 108570.802    25.152     0.49    1.48
 108947.006    24.962    -0.50    1.88
 109323.173    24.062    -2.39    2.53
 109699.304    21.825    -5.95    2.81
 110075.398    19.931    -5.04    2.71
 110451.456    18.384    -4.11    1.91
 110827.477    17.542    -2.24    1.37
 111203.462    17.134    -1.09    1.12
 111579.410    17.209     0.20    1.19
 111955.321    17.045    -0.44    1.20
 112331.196    16.968    -0.20    1.32
 112707.034    16.527    -1.17    1.23
 113082.836    16.207    -0.85    1.21
 113458.601    15.902    -0.81    1.06
 113834.330    15.835    -0.18    0.98
 114210.023    15.852     0.04    0.98
 114585.679    15.759    -0.25    0.96
 114961.298    15.924     0.44    0.97
 115336.881    16.080     0.42    1.03
 115712.428    15.789    -0.78    1.53
 116087.938    15.007    -2.08    1.78
 116463.412    14.134    -2.32    1.83
 116838.850    13.209    -2.46    1.43
 117214.251    12.527    -1.82    1.35
 117589.616    12.023    -1.34    1.34
 117964.944    11.534    -1.30    1.40
 118340.236    11.209    -0.87    1.43
 118715.492    11.098    -0.29    1.42
 119090.711    11.225     0.34    1.51
 119465.894    11.348     0.33    1.39
 119841.041    11.449     0.27    1.35
 120216.152    11.550     0.27    1.23
 120591.226    11.330    -0.59    1.33
 120966.264    11.308    -0.06    1.51
 121341.266    11.205    -0.27    1.35
 121716.232    11.316     0.30    1.42
 122091.161    11.375     0.16    1.38
 122466.055    11.527     0.40    1.32
 122840.912    11.862     0.89    1.29
 123215.733    11.902     0.11    1.40
 123590.517    12.041     0.37    1.36
 123965.266    12.186     0.39    1.32
 124339.978    12.531     0.92    1.22
 124714.655    12.580     0.13    0.93
 125089.295    12.825     0.65    0.96
 125463.899    12.812    -0.03    0.99
 125838.467    12.866     0.14    1.01
 126212.999    12.894     0.07    1.11
 126587.495    13.009     0.31    1.22
 126961.955    13.212     0.54    1.35
 127336.379    13.741     1.41    1.67
 127710.766    15.116     3.67    2.58
 128085.118    18.116     8.01    5.70
 128459.434    26.389    22.10   14.38
 128833.714    37.320    29.20   21.12
 129207.958    45.991    23.17   18.96
 129582.165    47.516     4.07   15.07
 129956.337    44.607    -7.77   10.68
 130330.473    42.328    -6.09    8.44
 130704.573    45.259     7.83    9.49
 131078.637    52.023    18.08   10.19
 131452.665    59.437    19.82   12.34
 131826.658    64.598    13.80   11.49
 132200.614    63.734    -2.31   12.12
 132574.535    58.170   -14.88   15.01
 132948.419    52.833   -14.27   17.25
 133322.268    50.777    -5.50   17.14
 133696.081    51.039     0.70   13.01
 134069.858    56.205    13.82   12.91
 134443.600    62.025    15.57   13.51
 134817.305    65.243     8.61   14.65
 135190.975    67.207     5.25   14.79
 135564.609    67.991     2.10   13.15
 135938.207    71.098     8.31   12.55
 136311.770    78.443    19.66   13.90
 136685.297    91.187    34.11   17.94
 137058.788   105.347    37.91   22.44
 137432.243   119.062    36.72   22.30
 137805.663   131.946    34.50   20.56
 138179.047   142.670    28.72   20.31
 138552.395   148.371    15.27   19.11
 138925.708   153.042    12.51   21.59
 139298.985   157.759    12.63   24.92
 139672.226   158.338     1.55   24.23
 140045.432   161.437     8.30   24.90
 140418.602   163.597     5.79   25.60
 140791.736   164.695     2.94   24.05
 141164.835   173.135    22.62   27.34
 141537.898   189.414    43.63   30.66
 141910.926   196.734    19.62   25.56
 142283.918   201.955    14.00   26.01
 142656.875   202.246     0.78   27.74
 143029.796   193.338   -23.88   29.09
 143402.681   191.170    -5.82   27.89
 143775.532   194.003     7.60   28.16
 144148.346   207.080    35.07   34.49
 144521.125   225.405    49.15   28.04
 144893.869   231.277    15.75   22.45
 145266.577   220.752   -28.23   22.54
 145639.250   206.135   -39.22   21.90
 146011.887   200.562   -14.95   23.59
 146384.489   199.625    -2.52   27.46
 146757.055   206.931    19.61   34.97
 147129.586   225.225    49.10   45.17
 147502.082   234.634    25.25   44.45
 147874.542   244.443    26.33   43.52
 148246.967   245.407     2.59   39.70
 148619.356   250.890    14.72   40.53
 148991.710   248.723    -5.82   41.28
 149364.029   245.579    -8.44   40.57
 149736.313   238.986   -17.71   35.33
 150108.561   227.652   -30.44   27.59
 150480.774   213.189   -38.85   29.85
 150852.951   189.741   -62.99   34.89
 151225.094   162.192   -74.02   34.45
 151597.201   142.958   -51.68   27.19
 151969.273   134.003   -24.07   20.88
 152341.309   143.777    26.27   28.81
 152713.311   161.523    47.70   32.13
 153085.277   179.402    48.06   32.23
 153457.208   190.783    30.59   36.86
 153829.103   193.652     7.71   42.73
 154200.964   202.274    23.18   50.15
 154572.789   202.843     1.53   44.24
 154944.580   199.402    -9.26   41.66
 155316.335   184.231   -40.80   46.50
 155688.055   153.098   -83.74   43.62
 156059.740   128.501   -66.17   33.86
 156431.389   117.241   -30.29   29.65
 156803.004   106.843   -27.98   29.73
 157174.583   103.062   -10.17   28.31
 157546.128   104.005     2.54   33.35
 157917.637   111.437    20.00   39.17
 158289.112   121.616    27.40   42.11
 158660.551   129.338    20.79   42.43
 159031.955   129.652     0.84   36.92
 159403.325   122.731   -18.63   34.08
 159774.659   116.902   -15.70   32.11
 160145.958   107.135   -26.30   31.29
 160517.222    94.723   -33.43   34.51
 160888.452    77.880   -45.36   34.97
 161259.646    68.946   -24.06   33.69
 161630.806    59.080   -26.58   19.46
 162001.930    56.007    -8.28   16.47
 162373.020    52.937    -8.27   15.32
 162744.074    49.209   -10.05   11.35
 163115.094    44.498   -12.69    4.44
 163486.079    43.493    -2.71    4.27
 163857.029    44.295     2.16   10.66
 164227.944    44.251    -0.12    7.83
 164598.824    47.366     8.40   17.32
 164969.670    49.801     6.57   24.25
 165342.893    49.152    -1.74   22.90
 165720.788    44.752   -11.64   14.79
 166098.648    43.534    -3.22    8.87
 166476.471    46.527     7.92   14.76
 166854.258    49.866     8.84   23.06
 167232.009    47.894    -5.22   22.73
 167609.723    44.425    -9.18   18.83
 167987.402    38.210   -16.45    6.12
 168365.044    40.116     5.05    6.70
 168742.650    45.752    14.92   10.94
 169120.220    64.334    49.21   29.45
 169497.753    86.655    59.11   38.80
 169875.251   106.412    52.33   35.63
 170252.712   114.579    21.63   29.55
 170630.137   107.848   -17.83   34.83
 171007.526    88.443   -51.41   25.60
 171384.879    75.916   -33.19   19.82
 171762.196    67.820   -21.45   22.86
 172139.477    66.674    -3.04   27.13
 172516.722    56.295   -27.51   25.26
 172893.931    46.682   -25.48   20.87
 173271.103    42.920    -9.97   21.07
 173648.240    35.352   -20.06   13.95
 174025.341    31.625    -9.88    4.57
 174402.405    31.509    -0.31    1.94
 174779.434    33.789     6.05    4.54
 175156.427    38.437    12.33    9.89
 175533.384    48.361    26.32   18.15
 175910.304    67.039    49.54   34.55
 176287.189    93.580    70.41   46.65
 176664.038   111.542    47.65   43.19
 177040.851   113.098     4.13   39.84
 177417.628   104.332   -23.26   32.01
 177794.370   110.509    16.39   27.27
 178171.075   117.625    18.89   28.05
 178547.744   121.527    10.36   24.58
 178924.378   115.172   -16.87   27.51
 179300.976   109.986   -13.77   27.43
 179677.538   107.246    -7.28   26.05
 180054.064   109.286     5.42   28.19
 180430.554   114.062    12.68   29.38
 180807.009   109.946   -10.93   25.56
 181183.427   111.527     4.20   22.28
 181559.810   118.005    17.21   25.48
 181936.157   129.443    30.39   32.32
 182312.469   146.491    45.29   33.35
 182688.745   157.885    30.28   31.28
 183064.985   161.348     9.20   28.90
 183441.189   161.866     1.38   25.35
 183817.357   164.080     5.89   19.66
 184193.490   168.912    12.84   18.96
 184569.588   171.644     7.26   17.38
 184945.649   173.723     5.53   18.65
 185321.675   169.078   -12.35   26.43
 185697.665   157.371   -31.13   27.98
 186073.620   150.405   -18.53   23.89
 186449.539   155.043    12.34   22.16
 186825.422   170.078    39.99   24.21
 187201.270   180.848    28.65   24.64
 187577.082   184.475     9.65   28.92
 187952.859   180.412   -10.81   36.36
 188328.600   168.771   -30.98   31.13
 188704.306   166.712    -5.48   23.74
 189079.976   175.027    22.13   22.72
 189455.610   190.847    42.11   26.13
 189831.209   216.866    69.26   39.74
 190206.773   250.880    90.55   48.30
 190582.301   282.023    82.92   51.93
 190957.793   300.723    49.79   40.30
 191333.250   304.871    11.04   39.76
 191708.672   287.062   -47.43   46.19
 192084.058   257.539   -78.63   34.82
 192459.409   235.062   -59.87   30.68
 192834.724   209.690   -67.59   24.53
 193210.004   195.172   -38.68   21.72
 193585.249   194.009    -3.10   31.04
 193960.458   189.264   -12.64   32.65
 194335.632   191.443     5.81   28.20
 194710.770   199.626    21.81   26.00
 195085.873   218.971    51.56   36.35
 195460.941   244.682    68.54   36.42
 195835.973   264.705    53.38   31.31
 196210.971   273.412    23.21   24.33
 196585.932   274.607     3.19   27.26
 196960.859   270.189   -11.78   31.33
 197335.750   264.041   -16.40   30.36
 197710.606   259.866   -11.13   31.12
 198085.427   262.731     7.64   34.43
 198460.213   274.152    30.47   38.80
 198834.963   293.380    51.30   57.46
 199209.678   312.625    51.35   55.59
 199584.358   327.580    39.91   46.12
 199959.003   328.625     2.79   44.35
 200333.612   323.170   -14.56   40.41
 200708.186   322.828    -0.91   33.76
 201082.726   324.884     5.49   30.85
 201457.230   322.366    -6.72   30.47
 201831.699   310.116   -32.71   34.16
 202206.132   304.172   -15.87   29.36
 202580.531   309.009    12.92   27.55
 202954.895   307.943    -2.85   32.75
 203329.223   306.468    -3.94   36.61
 203703.516   305.807    -1.77   36.19
 204077.775   312.174    17.01   36.02
 204451.998   326.866    39.25   35.74
 204826.186   340.789    37.20   39.40
 205200.340   360.652    53.08   46.48
 205574.458   364.807    11.10   46.36
 205948.541   359.672   -13.72   53.58
 206322.589   356.830    -7.59   50.30
 206696.602   351.746   -13.59   42.48
 207070.581   352.741     2.66   40.01
 207444.524   358.366    15.04   35.29
 207818.432   353.880   -12.00   31.94
 208192.306   345.468   -22.49   30.77
 208566.144   336.357   -24.37   32.82
 208939.948   321.752   -39.06   40.24
 209313.716   312.262   -25.39   44.16
 209687.450   294.607   -47.23   45.15
 210061.149   288.789   -15.56   49.84
 210434.813   294.727    15.89   48.25
 210808.442   287.251   -20.01   52.16
 211182.037   272.491   -39.50   53.98
 211555.596   252.763   -52.80   49.60
 211929.121   227.812   -66.78   41.35
 212302.611   207.968   -53.12   32.14
 212676.066   198.449   -25.48   27.82
 213049.486   195.205    -8.69   28.03
 213422.872   194.635    -1.53   31.70
 213796.222   194.880     0.65   37.31
 214169.538   189.328   -14.87   43.20
 214542.820   178.227   -29.73   43.89
 214916.066   156.357   -58.58   48.70
 215289.278   132.795   -63.12   44.73
 215662.455   109.134   -63.39   37.67
 216035.597    91.662   -46.82   21.20
 216408.705    85.644   -16.12   12.46
 216781.778    90.616    13.32   16.09
 217154.817   100.862    27.46   16.84
 217527.820   111.039    27.28   15.97
 217900.789   113.866     7.58   23.89
 218273.724   108.943   -13.20   24.73
 218646.624   109.312     0.99   22.13
 219019.489   117.727    22.56   23.18
 219392.320   127.098    25.13   26.53
 219765.116   133.937    18.34   25.93
 220137.877   126.361   -20.32   31.33
 220510.604   106.670   -52.82   31.45
 220883.297    86.366   -54.47   23.50
 221255.954    73.394   -34.80   15.37
 221628.578    65.783   -20.42    8.12
 222001.167    66.746     2.58   10.94
 222373.721    70.023     8.80   17.01
 222746.241    75.545    14.82   23.56
 223118.726    80.468    13.21   30.66
 223491.177    87.820    19.73   36.10
 223863.594    87.727    -0.25   34.03
 224235.976    86.418    -3.52   31.03
 224608.323    78.616   -20.95   25.28
 224980.636    70.155   -22.72   18.94
 225352.915    62.812   -19.72   14.17
 225725.159    57.347   -14.68    9.45
 226097.369    55.527    -4.89    6.54
 226469.545    56.734     3.24    8.47
 226841.686    57.569     2.24    8.96
 227213.793    57.277    -0.78    8.47
 227585.865    55.643    -4.39    6.97
 227957.903    53.152    -6.69    4.77
 228329.907    51.616    -4.13    2.79
 228701.877    52.264     1.74    3.75
 229073.812    54.449     5.87    7.45
 229445.713    57.862     9.17    9.94
 229817.580    64.871    18.84   17.68
 230189.412    70.598    15.40   20.13
 230561.210    69.588    -2.72   20.61
 230932.974    67.098    -6.70   19.53
 231304.704    69.153     5.53   20.39
 231676.399    74.949    15.59   23.90
 232048.060    83.880    24.02   22.59
 232419.687    89.436    14.95   18.66
 232791.280    82.934   -17.49   19.45
 233162.839    72.701   -27.53   14.24
 233534.364    64.875   -21.06   11.62
 233905.854    59.324   -14.94    7.14
 234277.310    58.489    -2.25    7.02
 234648.732    60.884     6.45    7.42
 235020.120    63.079     5.91    6.93
 235391.474    62.402    -1.82    8.86
 235762.794    58.116   -11.54   10.51
 236134.079    51.764   -17.10    7.78
 236505.331    47.808   -10.65    3.62
 236876.549    47.280    -1.42    3.84
 237247.732    48.399     3.01    5.07
 237618.882    50.509     5.68    6.17
 237989.997    51.984     3.97    5.93
 238361.078    53.062     2.91    5.42
 238732.126    53.407     0.93    4.50
 239103.139    53.190    -0.58    4.24
 239474.119    53.384     0.52    4.37
 239845.064    52.550    -2.25    4.85
 240217.995    50.498    -5.50    5.56
 240595.817    47.981    -6.66    4.39
 240973.604    45.989    -5.27    3.29
 241351.355    44.375    -4.27    2.47
 241729.071    43.814    -1.49    2.20
 242106.752    42.812    -2.65    2.10
 242484.398    42.324    -1.29    1.85
 242862.008    41.986    -0.89    2.18
 243239.583    42.157     0.45    2.37
 243617.123    41.898    -0.69    2.99
 243994.627    41.338    -1.48    3.09
 244372.097    39.898    -3.82    2.34
 244749.531    38.456    -3.82    1.60
 245126.930    37.875    -1.54    1.47
 245504.294    37.135    -1.96    1.46
 245881.622    36.674    -1.22    1.19
 246258.916    36.455    -0.58    1.20
 246636.174    36.764     0.82    1.90
 247013.397    38.330     4.15    3.60
 247390.585    41.644     8.78    5.63
 247767.738    45.644    10.60    6.50
 248144.856    48.437     7.40    5.95
 248521.938    50.802     6.27    5.91
 248898.986    52.348     4.10    5.96
 249275.999    52.418     0.18    5.55
 249652.976    50.552    -4.95    7.00
 250029.918    45.366   -13.76    9.37
 250406.826    39.251   -16.22    8.51
 250783.698    34.280   -13.19    5.63
 251160.536    31.789    -6.61    3.36
 251537.338    30.598    -3.16    2.72
 251914.105    30.079    -1.38    2.19
 252290.838    29.475    -1.60    1.49
 252667.535    29.259    -0.57    1.26
 253044.197    29.286     0.07    1.30
 253420.825    29.098    -0.50    1.30
 253797.418    29.116     0.05    1.28
 254173.975    29.098    -0.05    1.24
 254550.498    29.042    -0.15    1.32
 254926.986    28.875    -0.44    1.21
 255303.439    28.716    -0.42    1.06
 255679.857    28.437    -0.74    0.94
 256056.240    28.443     0.02    0.90
 256432.588    28.606     0.43    0.99
 256808.902    28.746     0.37    0.92
 257185.181    29.041     0.78    1.03
 257561.425    29.187     0.39    1.25
 257937.634    29.116    -0.19    1.06
 258313.808    29.116     0.00    1.18
 258689.947    29.079    -0.10    1.21
 259066.052    29.078    -0.00    1.22
 259442.122    28.989    -0.24    1.11
 259818.157    29.059     0.19    1.06
 260194.158    29.187     0.34    1.04
 260570.123    29.172    -0.04    1.11
 260946.055    29.449     0.74    1.17
 261321.951    29.670     0.59    1.22
 261697.812    30.156     1.29    1.48
 262073.639    30.497     0.91    1.41
