# NaN NaN NaN ;Mean Elev.(m), Avg Gradient(m/km), RMS Gradient(m/km) - SRTM1     
#    0.435  -0.838  11.503 ;Mean Elev.(m), Avg Gradient(m/km), RMS Gradient(m/km) - ASTER GDEM
#    9.022  -0.993  12.559 ;Mean Elev.(m), Avg Gradient(m/km), RMS Gradient(m/km) - GMTED2010 
  7    21.430 52466.06508625 14.64 137.051465  50.526787 10.525
  7    14.993 52466.06508948 14.09 137.044225  50.510627 10.525
  7    16.754 52466.06509012 13.14 137.042780  50.507391 10.641
  7    13.816 52466.06509076 13.17 137.041330  50.504161 10.641
  7    14.035 52466.06509141 13.11 137.039890  50.500931 10.641
  7    14.098 52466.06509205 13.24 137.038440  50.497691 10.641
  7    14.110 52466.06509270 14.90 137.036990  50.494461 10.641
  7    14.137 52466.06509334 16.65 137.035550  50.491231 10.641
  7    14.159 52466.06509399 15.56 137.034100  50.487991 10.641
  7    14.198 52466.06509463 16.31 137.032650  50.484761 10.641
  7    14.373 52466.06509528 16.64 137.031210  50.481531 10.641
  7    14.568 52466.06509592 17.87 137.029760  50.478301 10.641
  7    14.464 52466.06509657 14.05 137.028320  50.475061 10.641
  7    17.006 52466.06509721 12.34 137.026870  50.471831 10.641
  9    14.771 52536.06506293 22.42 137.067579  50.545361 12.430
  9    14.662 52536.06506357 19.34 137.066129  50.542131 12.430
  9    14.597 52536.06506422 16.70 137.064679  50.538891 12.430
  9    20.932 52536.06506486 15.39 137.063229  50.535661 12.430
  9    21.196 52536.06506551 13.80 137.061779  50.532431 12.430
  9    15.189 52536.06506615 16.10 137.060329  50.529201 12.430
  9    14.627 52536.06506680 18.63 137.058879  50.525961 12.430
  9    15.161 52536.06506744 15.39 137.057429  50.522731 12.430
  9    18.409 52536.06506809 15.90 137.055979  50.519501 12.430
  9    14.629 52536.06506873 15.86 137.054529  50.516271 12.430
  9    14.712 52536.06506938 15.41 137.053079  50.513031 12.430
  9    17.567 52536.06507002 14.37 137.051629  50.509801 12.430
  9    17.867 52536.06507067 14.30 137.050184  50.506568 19.951
  9    17.354 52536.06507131 14.50 137.048734  50.503338 19.951
  9    16.369 52536.06507196 15.44 137.047284  50.500108 19.951
  9    16.228 52536.06507260 15.69 137.045844  50.496868 19.951
  9    15.245 52536.06507324 20.34 137.044394  50.493638 19.951
  9    15.011 52536.06507389 32.59 137.042944  50.490408 19.951
  9    15.016 52536.06507453 35.93 137.041494  50.487178 19.951
  9    15.108 52536.06507518 31.21 137.040054  50.483938 19.951
  9    15.125 52536.06507582 25.23 137.038604  50.480708 19.951
  9    14.926 52536.06507647 12.71 137.037154  50.477478 19.951
  9    14.946 52536.06507711 12.61 137.035714  50.474238 19.951
  9    15.352 52536.06507776 12.38 137.034264  50.471008 19.951
  9    15.541 52536.06507840 12.47 137.032814  50.467778 19.951
  9    15.435 52536.06507905 17.01 137.031374  50.464548 19.951
 11    11.941 52606.06506845 34.70 137.048809  50.527464 10.613
 11    12.062 52606.06506910 33.85 137.047359  50.524234 10.613
 11    12.297 52606.06506974 35.41 137.045909  50.520998 16.426
 11    12.052 52606.06507039 35.62 137.044469  50.517768 16.426
 11    12.040 52606.06507103 34.90 137.043019  50.514538 16.426
 11    11.956 52606.06507168 34.99 137.041569  50.511298 16.426
 11    11.932 52606.06507232 34.40 137.040119  50.508068 16.426
 11    12.042 52606.06507297 33.87 137.038679  50.504838 16.426
 11    12.083 52606.06507361 31.86 137.037229  50.501598 16.426
 11    12.276 52606.06507426 31.41 137.035789  50.498368 16.426
 11    12.234 52606.06507490 29.95 137.034339  50.495138 16.426
 11    12.213 52606.06507555 30.30 137.032889  50.491908 16.426
 11    12.384 52606.06507619 31.86 137.031449  50.488668 16.426
 11    12.274 52606.06507684 35.84 137.029999  50.485438 16.426
 11    12.333 52606.06507748 40.97 137.028559  50.482208 16.426
 11    12.522 52606.06507812 35.33 137.027109  50.478968 16.426
 11    12.746 52606.06507877 33.32 137.025669  50.475738 16.426
 12    11.979 52641.06505625 20.03 137.063187  50.544722  6.100
 12    12.075 52641.06505690 19.83 137.061737  50.541492  6.100
 12    12.087 52641.06505754 20.71 137.060297  50.538262  6.100
 12    12.173 52641.06505819 21.86 137.058847  50.535032  6.100
 12    11.945 52641.06505883 22.16 137.057397  50.531792  6.100
 12    11.864 52641.06505948 22.97 137.055947  50.528562  6.100
 12    11.920 52641.06506012 22.63 137.054497  50.525332  6.100
 12    12.165 52641.06506077 22.39 137.053047  50.522102  6.100
 12    11.907 52641.06506141 23.83 137.051597  50.518862  6.100
 12    12.031 52641.06506206 23.63 137.050147  50.515632  6.100
 12    12.052 52641.06506270 24.07 137.048705  50.512398  5.510
 12    12.079 52641.06506335 23.61 137.047255  50.509168  5.510
 12    12.076 52641.06506399 22.60 137.045805  50.505938  5.510
 12    11.952 52641.06506463 22.13 137.044355  50.502698  5.510
 12    11.952 52641.06506528 22.75 137.042915  50.499468  5.510
 12    11.844 52641.06506592 22.27 137.041465  50.496238  5.510
 12    11.887 52641.06506657 22.13 137.040015  50.492998  5.510
 12    11.873 52641.06506721 21.53 137.038575  50.489768  5.510
 12    12.139 52641.06506786 20.21 137.037125  50.486538  5.510
 12    12.192 52641.06506850 20.60 137.035675  50.483308  5.510
 12    12.430 52641.06506915 20.05 137.034235  50.480068  5.510
 12    12.424 52641.06506979 20.14 137.032785  50.476838  5.510
 12    12.633 52641.06507044 19.50 137.031345  50.473608  5.510
 12    12.315 52641.06507108 19.46 137.029895  50.470368  5.510
 12    12.368 52641.06507173 18.89 137.028445  50.467138  5.510
 13    11.838 52676.06505037 20.79 137.048345  50.525494  7.086
 13    12.052 52676.06505102 20.86 137.046905  50.522264  7.086
 13    12.014 52676.06505166 21.48 137.045455  50.519034  7.086
 13    12.035 52676.06505231 21.16 137.044005  50.515794  7.086
 13    12.002 52676.06505295 21.45 137.042555  50.512564  7.086
 13    11.919 52676.06505360 22.09 137.041115  50.509334  7.086
 13    11.894 52676.06505424 21.40 137.039670  50.506097  5.590
 13    11.846 52676.06505489 21.42 137.038220  50.502867  5.590
 13    11.755 52676.06505553 20.67 137.036770  50.499637  5.590
 13    11.834 52676.06505618 20.80 137.035330  50.496397  5.590
 13    11.742 52676.06505682 21.18 137.033880  50.493167  5.590
 13    11.846 52676.06505747 21.61 137.032440  50.489937  5.590
 13    11.987 52676.06505811 21.95 137.030990  50.486707  5.590
 13    12.151 52676.06505875 20.70 137.029540  50.483467  5.590
 13    12.380 52676.06505940 21.62 137.028100  50.480237  5.590
 13    12.709 52676.06506004 18.83 137.026650  50.477007  5.590
 13    12.365 52676.06506069 18.42 137.025210  50.473767  5.590
 14    15.132 52711.06507182 18.60 137.061790  50.542264  5.353
 14    14.212 52711.06507247 18.21 137.060340  50.539034  5.353
 14    11.818 52711.06507375 19.19 137.057440  50.532564  5.353
 14    11.639 52711.06507440 19.09 137.055990  50.529334  5.353
 14    11.631 52711.06507504 19.05 137.054540  50.526104  5.353
 14    12.052 52711.06507569 18.03 137.053090  50.522874  5.353
 14    12.180 52711.06507633 18.13 137.051640  50.519634  5.353
 14    12.203 52711.06507698 18.66 137.050200  50.516404  5.353
 14    12.114 52711.06507762 18.52 137.048749  50.513171  5.463
 14    11.955 52711.06507827 19.75 137.047299  50.509941  5.463
 14    11.859 52711.06507891 18.92 137.045849  50.506711  5.463
 14    11.840 52711.06507956 18.37 137.044399  50.503471  5.463
 14    11.826 52711.06508020 18.16 137.042959  50.500241  5.463
 14    11.727 52711.06508085 17.64 137.041509  50.497011  5.463
 14    11.838 52711.06508149 17.54 137.040059  50.493771  5.463
 14    11.859 52711.06508214 18.18 137.038619  50.490541  5.463
 14    11.888 52711.06508278 17.27 137.037169  50.487311  5.463
 14    12.026 52711.06508342 18.64 137.035719  50.484081  5.463
 14    12.266 52711.06508407 16.85 137.034279  50.480841  5.463
 14    12.230 52711.06508471 17.96 137.032829  50.477611  5.463
 14    12.385 52711.06508536 15.96 137.031389  50.474381  5.463
 14    12.498 52711.06508600 15.41 137.029939  50.471141  5.463
 14    12.344 52711.06508665 14.88 137.028489  50.467911  5.463
 15    13.279 52746.06510423 33.41 137.037080  50.520773 16.480
 15    12.946 52746.06510487 36.89 137.035633  50.517537 24.806
 15    12.693 52746.06510552 34.13 137.034183  50.514307 24.806
 15    12.956 52746.06510616 27.69 137.032743  50.511077 24.806
 15    13.168 52746.06510681 26.91 137.031293  50.507837 24.806
 15    13.294 52746.06510745 25.68 137.029843  50.504607 24.806
 15    13.230 52746.06510810 28.43 137.028403  50.501377 24.806
 16    12.404 52781.06503640 30.19 137.066230  50.545584 14.258
 16    12.322 52781.06503705 25.92 137.064780  50.542354 14.258
 16    12.520 52781.06503769 23.74 137.063330  50.539114 14.258
 16    12.655 52781.06503834 21.92 137.061880  50.535884 14.258
 16    12.491 52781.06503898 23.51 137.060430  50.532654 14.258
 16    12.475 52781.06503963 24.10 137.058980  50.529424 14.258
 16    12.323 52781.06504027 25.64 137.057530  50.526184 14.258
 16    12.512 52781.06504092 27.53 137.056080  50.522954 14.258
 16    12.038 52781.06504156 28.78 137.054630  50.519724 14.258
 16    11.559 52781.06504221 30.34 137.053180  50.516494 14.258
 16    11.573 52781.06504285 32.84 137.051740  50.513254 14.258
 16    11.931 52781.06504350 32.63 137.050290  50.510024 14.258
 16    12.197 52781.06504414 34.16 137.048840  50.506794 14.258
 16    12.459 52781.06504479 34.43 137.047390  50.503554 14.258
 16    12.686 52781.06504543 41.43 137.045940  50.500324 14.258
 16    12.797 52781.06504607 44.27 137.044500  50.497094 14.258
 16    12.730 52781.06504672 43.77 137.043050  50.493864 14.258
 16    12.791 52781.06504736 43.10 137.041600  50.490624 14.258
 16    12.754 52781.06504801 35.59 137.040150  50.487394 14.258
 16    12.236 52781.06504865 32.78 137.038710  50.484164 14.258
 16    11.981 52781.06504930 32.57 137.037264  50.480927 11.321
 16    11.607 52781.06504994 31.15 137.035814  50.477697 11.321
 16    12.123 52781.06505059 30.05 137.034364  50.474467 11.321
 16    12.733 52781.06505123 30.58 137.032924  50.471227 11.321
 16    12.491 52781.06505188 26.66 137.031474  50.467997 11.321
 16    15.692 52781.06505252 25.98 137.030034  50.464767 11.321
 17    34.648 52816.06511771 17.24 137.064238  50.544588  9.405
 17    33.315 52816.06511836 17.83 137.062788  50.541358  9.405
 17    22.043 52816.06511900 18.93 137.061338  50.538128  9.405
 17    21.447 52816.06511965 19.14 137.059888  50.534898  9.405
 17    21.386 52816.06512029 17.33 137.058438  50.531658  9.405
 17    13.123 52816.06512094 18.99 137.056988  50.528428  9.405
 17    12.899 52816.06512158 21.80 137.055538  50.525198  9.405
 17    13.207 52816.06512223 17.80 137.054088  50.521968  9.405
 17    12.766 52816.06512287 18.58 137.052638  50.518728  9.405
 17    12.416 52816.06512352 18.51 137.051188  50.515498  9.405
 17    16.079 52816.06512416 15.26 137.049741  50.512265  5.672
 17    17.347 52816.06512481 14.07 137.048291  50.509035  5.672
 17    17.231 52816.06512545 14.30 137.046841  50.505805  5.672
 17    16.919 52816.06512610 14.34 137.045401  50.502565  5.672
 17    16.158 52816.06512674 13.94 137.043951  50.499335  5.672
 17    15.740 52816.06512738 13.24 137.042501  50.496105  5.672
 17    14.892 52816.06512803 14.72 137.041061  50.492865  5.672
 17    14.421 52816.06512867 14.70 137.039611  50.489635  5.672
 17    15.637 52816.06512932 17.19 137.038161  50.486405  5.672
 17    15.854 52816.06512996 16.79 137.036711  50.483175  5.672
 17    12.850 52816.06513061 16.30 137.035271  50.479935  5.672
 17    13.825 52816.06513125 14.95 137.033821  50.476705  5.672
 17    14.010 52816.06513190 14.75 137.032371  50.473475  5.672
 17    15.341 52816.06513254 12.97 137.030931  50.470235  5.672
 17    15.490 52816.06513319 16.00 137.029481  50.467005  5.672
 18    15.412 52851.06516897 30.74 137.065034  50.545673 12.168
 18    33.545 52851.06516961 22.64 137.063594  50.542433 12.168
 18    22.891 52851.06517026 20.13 137.062144  50.539203 12.168
 18    22.966 52851.06517090 18.97 137.060694  50.535973 12.168
 18    23.427 52851.06517155 18.32 137.059244  50.532743 12.168
 18    23.095 52851.06517219 17.53 137.057794  50.529503 12.168
 18    20.578 52851.06517283 20.93 137.056344  50.526273 12.168
 18    20.153 52851.06517348 19.52 137.054894  50.523043 12.168
 18    18.808 52851.06517412 20.71 137.053444  50.519803 12.168
 18    18.779 52851.06517477 18.30 137.051994  50.516573 12.168
 18    18.026 52851.06517541 17.70 137.050554  50.513343 12.168
 18    16.793 52851.06517606 19.96 137.049106  50.510109 15.951
 18    15.355 52851.06517670 19.65 137.047656  50.506879 15.951
 18    15.235 52851.06517735 19.18 137.046206  50.503649 15.951
 18    15.313 52851.06517799 18.21 137.044756  50.500409 15.951
 18    15.398 52851.06517864 16.71 137.043316  50.497179 15.951
 18    15.398 52851.06517928 17.35 137.041866  50.493949 15.951
 18    15.557 52851.06517993 18.05 137.040416  50.490709 15.951
 18    15.699 52851.06518057 22.71 137.038976  50.487479 15.951
 18    15.681 52851.06518122 24.72 137.037526  50.484249 15.951
 18    15.634 52851.06518186 19.35 137.036076  50.481019 15.951
 18    15.589 52851.06518250 20.16 137.034636  50.477779 15.951
 18    15.680 52851.06518315 14.80 137.033186  50.474549 15.951
 18    15.627 52851.06518379 13.98 137.031736  50.471319 15.951
 18    15.237 52851.06518444 18.25 137.030296  50.468079 15.951
 18    15.264 52851.06518508 22.17 137.028846  50.464849 15.951
 19    21.906 52886.06520750 20.19 137.047963  50.527626 16.244
 19    16.360 52886.06520815 24.07 137.046513  50.524396 16.244
 19    16.750 52886.06520879 23.09 137.045073  50.521156 16.244
 19    16.269 52886.06520944 26.08 137.043623  50.517926 16.244
 19    16.054 52886.06521008 29.45 137.042173  50.514696 16.244
 19    15.524 52886.06521073 37.25 137.040724  50.511460 20.768
 19    16.168 52886.06521137 28.00 137.039274  50.508230 20.768
 19    16.508 52886.06521202 23.49 137.037834  50.505000 20.768
 19    16.341 52886.06521266 23.90 137.036384  50.501760 20.768
 19    16.534 52886.06521330 21.77 137.034934  50.498530 20.768
 19    16.507 52886.06521395 22.98 137.033494  50.495300 20.768
 19    16.651 52886.06521459 23.53 137.032044  50.492060 20.768
 19    16.459 52886.06521524 27.07 137.030594  50.488830 20.768
 19    16.535 52886.06521588 26.14 137.029154  50.485600 20.768
 19    16.752 52886.06521653 26.11 137.027704  50.482370 20.768
 19    16.925 52886.06521717 26.43 137.026264  50.479130 20.768
 19    17.160 52886.06521782 30.28 137.024814  50.475900 20.768
 20    15.885 52921.06516352 21.15 137.046297  50.526176 18.719
 20    15.985 52921.06516416 25.21 137.044847  50.522946 18.719
 20    16.312 52921.06516481 22.38 137.043397  50.519706 18.719
 20    15.906 52921.06516545 23.24 137.041947  50.516476 18.719
 20    15.786 52921.06516610 24.91 137.040507  50.513246 18.719
 20    15.707 52921.06516674 25.83 137.039060  50.510009 23.283
 20    15.254 52921.06516739 27.73 137.037610  50.506779 23.283
 20    14.588 52921.06516803 26.87 137.036160  50.503549 23.283
 20    14.240 52921.06516867 26.43 137.034720  50.500309 23.283
 20    15.044 52921.06516932 23.11 137.033270  50.497079 23.283
 20    15.244 52921.06516996 25.09 137.031830  50.493849 23.283
 20    15.577 52921.06517061 27.89 137.030380  50.490619 23.283
 20    15.686 52921.06517125 30.53 137.028930  50.487379 23.283
 20    16.029 52921.06517190 25.32 137.027490  50.484149 23.283
 20    16.344 52921.06517254 25.76 137.026040  50.480919 23.283
 20    16.556 52921.06517319 26.72 137.024600  50.477679 23.283
 21    13.918 52956.06512325 42.87 137.072703  50.548032 20.220
 21    14.066 52956.06512390 42.15 137.071253  50.544802 20.220
 21    13.831 52956.06512454 44.09 137.069813  50.541562 20.220
 21    13.777 52956.06512519 39.93 137.068363  50.538332 20.220
 21    13.846 52956.06512583 41.28 137.066913  50.535102 20.220
 21    13.748 52956.06512648 40.76 137.065463  50.531872 20.220
 21    13.449 52956.06512712 43.22 137.064013  50.528632 20.220
 21    13.613 52956.06512777 45.13 137.062563  50.525402 20.220
 21    13.465 52956.06512841 39.67 137.061113  50.522172 20.220
 21    13.348 52956.06513228 41.28 137.052423  50.502779 29.661
 21    13.538 52956.06513292 46.50 137.050973  50.499539 29.661
 21    13.516 52956.06513357 42.70 137.049533  50.496309 29.661
 21    13.559 52956.06513873 37.62 137.037953  50.470449 29.661
 21    13.493 52956.06513937 40.80 137.036513  50.467219 29.661
 21    13.437 52956.06514002 34.98 137.035063  50.463979 29.661
 21    13.424 52956.06514066 41.27 137.033623  50.460749 29.661
 21    13.461 52956.06514131 38.09 137.032173  50.457519 29.661
 22    13.788 52991.06514021 15.39 137.067869  50.546005  5.128
 22    13.740 52991.06514085 16.69 137.066419  50.542775  5.128
 22    13.445 52991.06514150 18.13 137.064969  50.539535  5.128
 22    13.428 52991.06514214 18.51 137.063519  50.536305  5.128
 22    13.392 52991.06514279 19.21 137.062069  50.533075  5.128
 22    13.497 52991.06514343 18.10 137.060619  50.529845  5.128
 22    13.476 52991.06514408 18.49 137.059169  50.526605  5.128
 22    13.153 52991.06514472 18.82 137.057729  50.523375  5.128
 22    13.310 52991.06514537 17.10 137.056278  50.520142  5.724
 22    13.148 52991.06514601 17.25 137.054828  50.516912  5.724
 22    13.106 52991.06514666 17.32 137.053378  50.513682  5.724
 22    13.108 52991.06514730 16.81 137.051928  50.510442  5.724
 22    13.204 52991.06514794 16.89 137.050488  50.507212  5.724
 22    13.574 52991.06514859 15.68 137.049038  50.503982  5.724
 22    13.559 52991.06514923 16.31 137.047588  50.500742  5.724
 22    13.482 52991.06514988 15.97 137.046148  50.497512  5.724
 22    13.257 52991.06515052 15.91 137.044698  50.494282  5.724
 22    13.077 52991.06515117 17.11 137.043248  50.491052  5.724
 22    13.294 52991.06515181 16.17 137.041808  50.487812  5.724
 22    13.155 52991.06515246 16.44 137.040358  50.484582  5.724
 22    13.413 52991.06515310 16.14 137.038918  50.481352  5.724
 22    13.488 52991.06515375 15.74 137.037468  50.478112  5.724
 22    13.732 52991.06515439 14.88 137.036018  50.474882  5.724
 22    13.669 52991.06515504 15.01 137.034578  50.471652  5.724
 22    13.743 52991.06515568 15.19 137.033128  50.468422  5.724
 22    13.474 52991.06515633 16.35 137.031688  50.465182  5.724
 23    14.868 53026.06510705 13.52 137.063031  50.542919  4.708
 23    13.920 53026.06510770 14.66 137.061581  50.539689  4.708
 23    14.178 53026.06510834 14.65 137.060131  50.536459  4.708
 23    13.780 53026.06510898 15.20 137.058691  50.533219  4.708
 23    13.909 53026.06510963 14.34 137.057241  50.529989  4.708
 23    14.193 53026.06511027 14.11 137.055791  50.526759  4.708
 23    14.040 53026.06511092 13.70 137.054341  50.523519  4.708
 23    13.831 53026.06511156 13.28 137.052901  50.520289  4.708
 23    13.436 53026.06511221 13.10 137.051451  50.517059  4.708
 23    13.277 53026.06511285 12.69 137.050001  50.513829  4.708
 23    13.287 53026.06511350 12.04 137.048561  50.510589  4.708
 23    13.245 53026.06511414 12.51 137.047111  50.507359  4.708
 23    13.297 53026.06511479 12.21 137.045661  50.504129  4.708
 23    13.344 53026.06511543 11.51 137.044214  50.500891  3.427
 23    13.277 53026.06511608 12.64 137.042774  50.497661  3.427
 23    13.307 53026.06511672 11.43 137.041324  50.494431  3.427
 23    13.424 53026.06511737 11.92 137.039874  50.491191  3.427
 23    13.545 53026.06511801 12.43 137.038434  50.487961  3.427
 23    13.582 53026.06511865 11.83 137.036984  50.484731  3.427
 23    13.749 53026.06511930 11.32 137.035544  50.481501  3.427
 23    13.794 53026.06511994 11.34 137.034094  50.478261  3.427
 23    13.730 53026.06512059 11.83 137.032654  50.475031  3.427
 23    13.874 53026.06512123 11.44 137.031204  50.471801  3.427
 23    13.899 53026.06512188 11.16 137.029764  50.468561  3.427
 23    13.766 53026.06512252 11.59 137.028314  50.465331  3.427
 24    21.172 53061.06511616  9.29 137.070217  50.547046  5.939
 24    19.369 53061.06511680 10.74 137.068767  50.543816  5.939
 24    16.293 53061.06511745 10.95 137.067317  50.540586  5.939
 24    15.102 53061.06511809 11.15 137.065867  50.537356  5.939
 24    18.168 53061.06511874 10.10 137.064417  50.534116  5.939
 24    14.917 53061.06511938 10.75 137.062967  50.530886  5.939
 24    14.970 53061.06512003 10.66 137.061517  50.527656  5.939
 24    13.251 53061.06512067 13.43 137.060067  50.524426  5.939
 24    17.384 53061.06512132  9.10 137.058627  50.521186  5.939
 24    14.799 53061.06512196  9.79 137.057177  50.517956  5.939
 24    14.844 53061.06512261  9.13 137.055731  50.514722  3.752
 24    13.910 53061.06512325  9.95 137.054281  50.511492  3.752
 24    13.081 53061.06512390  9.43 137.052831  50.508262  3.752
 24    14.150 53061.06512454  8.95 137.051381  50.505022  3.752
 24    12.461 53061.06512518  9.19 137.049941  50.501792  3.752
 24    12.897 53061.06512583  9.54 137.048491  50.498562  3.752
 24    13.089 53061.06512647  9.33 137.047041  50.495322  3.752
 24    13.132 53061.06512712  9.60 137.045601  50.492092  3.752
 24    13.161 53061.06513034  9.90 137.038371  50.475932  3.752
 24    13.399 53061.06513099  9.63 137.036921  50.472692  3.752
 24    13.476 53061.06513163 10.37 137.035471  50.469462  3.752
 24    12.612 53061.06513228 10.22 137.034031  50.466232  3.752
 24    12.627 53061.06513292  9.83 137.032581  50.463002  3.752
 25    13.513 53096.06515164 14.09 137.036180  50.519246 13.927
 25    13.476 53096.06515228 13.74 137.034730  50.516016 13.927
 25    13.349 53096.06515293 13.47 137.033290  50.512786 13.927
 25    13.406 53096.06515357 13.13 137.031845  50.509548  4.533
 25    13.343 53096.06515422 12.56 137.030395  50.506318  4.533
 25    13.363 53096.06515486 11.58 137.028945  50.503088  4.533
 26    15.933 53131.06511784 23.29 137.072107  50.547289 15.974
 26    15.351 53131.06511849 22.41 137.070657  50.544059 15.974
 26    15.127 53131.06511913 21.39 137.069207  50.540829 15.974
 26    14.763 53131.06511977 20.22 137.067757  50.537589 15.974
 26    15.346 53131.06512042 16.84 137.066317  50.534359 15.974
 26    20.454 53131.06512106 15.32 137.064867  50.531129 15.974
 26    19.979 53131.06512171 14.27 137.063417  50.527889 15.974
 26    19.571 53131.06512235 13.77 137.061967  50.524659 15.974
 26    18.010 53131.06512300 14.60 137.060517  50.521429 15.974
 26    18.300 53131.06512687 19.77 137.051835  50.502032 21.491
 26    16.970 53131.06512751 25.89 137.050385  50.498802 21.491
 26    16.800 53131.06512816 29.24 137.048935  50.495562 21.491
 26    16.142 53131.06513331 15.16 137.037365  50.469702 21.491
 26    16.810 53131.06513396 15.73 137.035925  50.466472 21.491
 26    16.931 53131.06513460 20.22 137.034475  50.463242 21.491
 26    17.200 53131.06513525 27.47 137.033025  50.460002 21.491
 28    14.322 53201.06519726 22.65 137.051938  50.526684  8.835
 28    14.320 53201.06519791 22.83 137.050488  50.523444  8.835
 28    14.268 53201.06519855 23.57 137.049048  50.520214  8.835
 28    14.367 53201.06519920 24.79 137.047598  50.516984  8.835
 28    14.479 53201.06519984 25.91 137.046154  50.513749 12.275
 28    14.614 53201.06520049 26.35 137.044704  50.510519 12.275
 28    14.692 53201.06520113 27.32 137.043254  50.507289 12.275
 28    14.894 53201.06520178 28.50 137.041804  50.504049 12.275
 28    15.013 53201.06520242 28.52 137.040364  50.500819 12.275
 28    14.965 53201.06520307 30.50 137.038914  50.497589 12.275
 28    14.876 53201.06520371 29.96 137.037464  50.494349 12.275
 28    14.900 53201.06520435 29.99 137.036024  50.491119 12.275
 28    14.971 53201.06520500 29.90 137.034574  50.487889 12.275
 28    14.918 53201.06520564 29.52 137.033124  50.484659 12.275
 28    14.924 53201.06520629 28.73 137.031684  50.481419 12.275
 28    14.879 53201.06520693 28.27 137.030234  50.478189 12.275
 28    14.981 53201.06520758 27.98 137.028794  50.474959 12.275
 28    15.233 53201.06520822 30.56 137.027344  50.471719 12.275
 29    15.752 53236.06516317 19.89 137.063316  50.544404 15.853
 29    22.502 53236.06516382 18.72 137.061866  50.541174 15.853
 29    22.641 53236.06516446 15.61 137.060416  50.537944 15.853
 29    23.505 53236.06516511 13.29 137.058966  50.534714 15.853
 29    23.230 53236.06516575 13.65 137.057516  50.531474 15.853
 29    21.223 53236.06516640 13.86 137.056076  50.528244 15.853
 29    20.385 53236.06516704 14.49 137.054626  50.525014 15.853
 29    16.212 53236.06516769 16.56 137.053176  50.521774 15.853
 29    15.696 53236.06516833 17.90 137.051726  50.518544 15.853
 29    14.802 53236.06516897 20.43 137.050276  50.515314 15.853
 29    14.854 53236.06516962 20.94 137.048835  50.512077 15.696
 29    14.105 53236.06517026 22.56 137.047385  50.508847 15.696
 29    13.992 53236.06517091 21.71 137.045945  50.505617 15.696
 29    16.083 53236.06517155 18.18 137.044495  50.502377 15.696
 29    16.128 53236.06517220 17.60 137.043045  50.499147 15.696
 29    16.035 53236.06517284 22.56 137.041605  50.495917 15.696
 29    16.250 53236.06517349 21.31 137.040155  50.492687 15.696
 29    16.185 53236.06517413 23.76 137.038705  50.489447 15.696
 29    16.172 53236.06517478 24.16 137.037265  50.486217 15.696
 29    16.154 53236.06517542 22.01 137.035815  50.482987 15.696
 29    16.282 53236.06517607 19.28 137.034375  50.479747 15.696
 29    16.299 53236.06517671 18.61 137.032925  50.476517 15.696
 29    17.374 53236.06517736 17.06 137.031485  50.473287 15.696
 29    17.419 53236.06517800 18.28 137.030035  50.470047 15.696
 29    17.010 53236.06517864 24.30 137.028595  50.466817 15.696
 30    14.156 53271.06512225 30.52 137.072217  50.548093 10.518
 30    14.130 53271.06512289 28.80 137.070767  50.544863 10.518
 30    14.068 53271.06512353 31.38 137.069317  50.541633 10.518
 30    14.038 53271.06512418 31.96 137.067867  50.538393 10.518
 30    14.046 53271.06512482 33.09 137.066417  50.535163 10.518
 30    14.203 53271.06512547 31.30 137.064967  50.531933 10.518
 30    14.236 53271.06512611 32.47 137.063527  50.528703 10.518
 30    14.486 53271.06512676 36.15 137.062077  50.525463 10.518
 30    14.328 53271.06512740 36.79 137.060627  50.522233 10.518
 30    14.377 53271.06513127 31.66 137.051929  50.502840  6.803
 30    14.490 53271.06513192 29.83 137.050489  50.499600  6.803
 30    14.504 53271.06513256 29.29 137.049039  50.496370  6.803
 30    14.180 53271.06513772 23.93 137.037459  50.470510  6.803
 30    14.416 53271.06513836 23.39 137.036019  50.467280  6.803
 30    16.253 53271.06513901 22.99 137.034569  50.464040  6.803
 30    16.850 53271.06513965 24.64 137.033119  50.460810  6.803
 31    13.507 53306.06519067 41.15 137.048445  50.525789 18.026
 31    13.294 53306.06519131 36.41 137.046995  50.522559 18.026
 31    13.071 53306.06519196 29.39 137.045545  50.519319 18.026
 31    12.615 53306.06519260 27.65 137.044105  50.516089 18.026
 31    11.909 53306.06519325 26.19 137.042655  50.512859 18.026
 31    10.872 53306.06519389 25.55 137.041210  50.509625 16.885
 31    13.113 53306.06519454 24.68 137.039760  50.506395 16.885
 31    12.539 53306.06519518 23.41 137.038310  50.503165 16.885
 31    12.997 53306.06519583 22.20 137.036860  50.499925 16.885
 31    13.356 53306.06519647 23.07 137.035420  50.496695 16.885
 31    13.620 53306.06519711 25.41 137.033970  50.493465 16.885
 31    13.651 53306.06519776 34.44 137.032520  50.490225 16.885
 31    14.119 53306.06519840 37.43 137.031070  50.486995 16.885
 31    13.952 53306.06519905 39.08 137.029630  50.483765 16.885
 31    13.904 53306.06519969 30.47 137.028180  50.480535 16.885
 31    15.808 53306.06520034 28.45 137.026740  50.477295 16.885
 31    16.602 53306.06520098 25.62 137.025290  50.474065 16.885
 32    12.185 53341.06515811 26.93 137.048143  50.527858 16.392
 32    12.011 53341.06515875 31.54 137.046693  50.524628 16.392
 32    12.218 53341.06515940 29.89 137.045253  50.521398 16.392
 32    12.373 53341.06516004 29.50 137.043803  50.518158 16.392
 32    12.355 53341.06516069 30.99 137.042353  50.514928 16.392
 32    12.405 53341.06516133 32.22 137.040913  50.511698 16.392
 32    12.577 53341.06516198 32.03 137.039465  50.508461 14.570
 32    12.640 53341.06516262 32.39 137.038015  50.505231 14.570
 32    12.562 53341.06516327 32.92 137.036565  50.502001 14.570
 32    12.602 53341.06516391 32.99 137.035125  50.498761 14.570
 32    12.504 53341.06516456 37.32 137.033675  50.495531 14.570
 32    12.630 53341.06516520 36.82 137.032235  50.492301 14.570
 32    12.727 53341.06516585 30.24 137.030785  50.489071 14.570
 32    12.597 53341.06516649 29.55 137.029335  50.485831 14.570
 32    12.511 53341.06516714 26.42 137.027895  50.482601 14.570
 32    12.444 53341.06516778 23.80 137.026445  50.479371 14.570
 32    12.324 53341.06516842 25.10 137.025005  50.476131 14.570
 33    12.572 53376.06508790 20.27 137.047838  50.527971  6.452
 33    12.884 53376.06508854 20.11 137.046398  50.524741  6.452
 33    13.020 53376.06508919 20.19 137.044948  50.521511  6.452
 33    13.004 53376.06508983 21.18 137.043498  50.518271  6.452
 33    13.031 53376.06509048 21.55 137.042058  50.515041  6.452
 33    12.986 53376.06509112 22.26 137.040608  50.511811  6.452
 33    13.178 53376.06509177 22.84 137.039159  50.508573  6.045
 33    13.207 53376.06509241 23.69 137.037719  50.505343  6.045
 33    13.086 53376.06509306 23.45 137.036269  50.502113  6.045
 33    13.175 53376.06509370 23.34 137.034819  50.498873  6.045
 33    13.302 53376.06509435 22.77 137.033379  50.495643  6.045
 33    13.238 53376.06509499 21.98 137.031929  50.492413  6.045
 33    13.091 53376.06509564 22.37 137.030489  50.489173  6.045
 33    13.226 53376.06509628 21.06 137.029039  50.485943  6.045
 33    13.237 53376.06509692 20.35 137.027599  50.482713  6.045
 33    13.441 53376.06509757 20.67 137.026149  50.479483  6.045
 33    14.116 53376.06509821 19.83 137.024709  50.476243  6.045
 34    14.661 53411.06512960 15.27 137.063550  50.543407  4.247
 34    13.128 53411.06513025 14.99 137.062100  50.540167  4.247
 34    12.820 53411.06513089 16.35 137.060650  50.536937  4.247
 34    12.978 53411.06513154 14.91 137.059200  50.533707  4.247
 34    12.305 53411.06513218 14.75 137.057750  50.530477  4.247
 34    12.362 53411.06513283 13.49 137.056300  50.527237  4.247
 34    12.300 53411.06513347 14.09 137.054850  50.524007  4.247
 34    12.469 53411.06513412 13.81 137.053410  50.520777  4.247
 34    12.464 53411.06513476 13.46 137.051960  50.517537  4.247
 34    12.478 53411.06513541 13.73 137.050510  50.514307  4.247
 34    12.369 53411.06513605 14.44 137.049060  50.511077  4.247
 34    12.378 53411.06513669 14.11 137.047613  50.507842  3.581
 34    12.302 53411.06513734 15.03 137.046163  50.504612  3.581
 34    12.215 53411.06513798 15.45 137.044723  50.501382  3.581
 34    12.215 53411.06513863 15.05 137.043273  50.498142  3.581
 34    12.204 53411.06513927 15.41 137.041823  50.494912  3.581
 34    12.273 53411.06513992 15.33 137.040383  50.491682  3.581
 34    12.447 53411.06514056 15.98 137.038933  50.488452  3.581
 34    12.496 53411.06514121 15.91 137.037483  50.485212  3.581
 34    12.725 53411.06514185 16.04 137.036043  50.481982  3.581
 34    13.135 53411.06514250 15.74 137.034593  50.478752  3.581
 34    13.738 53411.06514314 15.11 137.033153  50.475512  3.581
 34    14.124 53411.06514379 14.88 137.031703  50.472282  3.581
 34    14.400 53411.06514443 14.99 137.030263  50.469052  3.581
 34    15.847 53411.06514508 14.60 137.028813  50.465822  3.581
 35    21.139 53446.06511574 15.68 137.042519  50.524970  8.885
 35    19.585 53446.06511638 14.82 137.041069  50.521740  8.885
 35    16.885 53446.06511703 14.85 137.039629  50.518500  8.885
 35    12.799 53446.06511767 15.82 137.038179  50.515270  8.885
 35    12.736 53446.06511832 16.34 137.036729  50.512040  8.885
 35    12.451 53446.06511896 17.07 137.035283  50.508801  5.465
 35    12.481 53446.06511961 16.97 137.033843  50.505571  5.465
 35    12.621 53446.06512025 16.70 137.032393  50.502341  5.465
 35    12.574 53446.06512089 16.73 137.030943  50.499101  5.465
 35    12.592 53446.06512154 16.69 137.029503  50.495871  5.465
 35    12.541 53446.06512218 17.59 137.028053  50.492641  5.465
 35    12.520 53446.06512283 17.89 137.026613  50.489411  5.465
 36    13.809 53481.06519956 34.88 137.049276  50.527650 22.814
 36    13.697 53481.06520020 34.22 137.047826  50.524410 22.814
 36    13.612 53481.06520085 32.41 137.046376  50.521180 22.814
 36    13.583 53481.06520149 34.96 137.044926  50.517950 22.814
 36    13.587 53481.06520214 27.29 137.043485  50.514715 23.655
 36    13.980 53481.06520278 24.70 137.042035  50.511485 23.655
 36    14.820 53481.06520343 24.11 137.040585  50.508255 23.655
 36    13.704 53481.06520407 24.79 137.039145  50.505015 23.655
 36    14.016 53481.06520472 25.43 137.037695  50.501785 23.655
 36    14.310 53481.06520536 24.63 137.036245  50.498555 23.655
 36    15.399 53481.06520601 24.56 137.034795  50.495325 23.655
 36    14.854 53481.06520665 24.02 137.033355  50.492085 23.655
 36    15.119 53481.06520730 24.20 137.031905  50.488855 23.655
 36    15.105 53481.06520794 25.85 137.030455  50.485625 23.655
 36    14.860 53481.06520859 29.32 137.029015  50.482385 23.655
 36    13.713 53481.06520923 40.69 137.027565  50.479155 23.655
 36    13.824 53481.06520987 46.32 137.026125  50.475925 23.655
 37    17.248 53516.06520360 17.05 137.051259  50.527108 17.996
 37    15.942 53516.06520424 19.46 137.049809  50.523878 17.996
 37    15.961 53516.06520489 20.50 137.048369  50.520648 17.996
 37    16.028 53516.06520553 22.18 137.046919  50.517408 17.996
 37    15.750 53516.06520617 23.62 137.045469  50.514178 17.996
 37    15.683 53516.06520682 24.38 137.044019  50.510948 17.996
 37    15.858 53516.06520746 24.34 137.042575  50.507710 19.834
 37    15.951 53516.06520811 23.22 137.041125  50.504480 19.834
 37    16.075 53516.06520875 22.11 137.039685  50.501250 19.834
 37    15.984 53516.06520940 19.99 137.038235  50.498010 19.834
 37    16.313 53516.06521004 19.05 137.036785  50.494780 19.834
 37    16.378 53516.06521069 18.79 137.035345  50.491550 19.834
 37    16.480 53516.06521133 18.65 137.033895  50.488320 19.834
 37    16.420 53516.06521198 19.60 137.032445  50.485080 19.834
 37    16.479 53516.06521262 21.34 137.031005  50.481850 19.834
 37    16.658 53516.06521327 21.82 137.029555  50.478620 19.834
 37    17.103 53516.06521391 22.35 137.028115  50.475380 19.834
 37    17.014 53516.06521456 27.33 137.026665  50.472150 19.834
 38    16.311 53551.06522443 20.27 137.043203  50.524674 17.195
 38    16.369 53551.06522507 23.77 137.041753  50.521444 17.195
 38    16.373 53551.06522572 25.27 137.040303  50.518204 17.195
 38    16.465 53551.06522636 26.33 137.038853  50.514974 17.195
 38    16.374 53551.06522701 28.88 137.037408  50.511738 20.746
 38    16.362 53551.06522765 28.72 137.035958  50.508508 20.746
 38    16.329 53551.06522830 28.26 137.034518  50.505278 20.746
 38    16.714 53551.06522894 24.44 137.033068  50.502038 20.746
 38    16.672 53551.06522959 21.94 137.031618  50.498808 20.746
 38    16.528 53551.06523023 20.90 137.030178  50.495578 20.746
 38    16.421 53551.06523088 21.79 137.028728  50.492348 20.746
 38    16.347 53551.06523152 23.33 137.027278  50.489108 20.746
 38    16.780 53551.06523345 31.89 137.022948  50.479408 20.746
 39    20.778 53586.06518102 14.83 137.051751  50.528035 14.642
 39    20.115 53586.06518167 13.84 137.050301  50.524805 14.642
 39    19.959 53586.06518231 13.91 137.048861  50.521575 14.642
 39    19.491 53586.06518296 13.21 137.047411  50.518345 14.642
 39    15.344 53586.06518360 14.33 137.045961  50.515105 14.642
 39    15.163 53586.06518425 16.31 137.044511  50.511875 14.642
 39    14.955 53586.06518489 16.65 137.043071  50.508645 14.642
 39    14.926 53586.06518554 17.21 137.041625  50.505408 20.216
 39    15.116 53586.06518618 17.03 137.040175  50.502178 20.216
 39    15.322 53586.06518683 15.81 137.038725  50.498948 20.216
 39    15.179 53586.06518747 17.42 137.037285  50.495708 20.216
 39    15.153 53586.06518812 18.83 137.035835  50.492478 20.216
 39    15.136 53586.06518876 20.36 137.034395  50.489248 20.216
 39    15.106 53586.06518941 21.11 137.032945  50.486018 20.216
 39    15.076 53586.06519005 21.86 137.031495  50.482778 20.216
 39    15.194 53586.06519069 20.29 137.030055  50.479548 20.216
 39    15.516 53586.06519134 18.07 137.028605  50.476318 20.216
 39    17.364 53586.06519198 16.46 137.027165  50.473078 20.216
 40    22.786 53621.06513892 15.82 137.061205  50.542204 10.052
 40    20.808 53621.06513957 16.60 137.059755  50.538974 10.052
 40    16.139 53621.06514150 16.83 137.055405  50.529274 10.052
 40    15.959 53621.06514215 17.85 137.053965  50.526044 10.052
 40    15.654 53621.06514279 19.97 137.052514  50.522812  9.910
 40    15.473 53621.06514344 17.04 137.051064  50.519582  9.910
 40    15.312 53621.06514408 16.24 137.049614  50.516352  9.910
 40    15.419 53621.06514473 14.66 137.048164  50.513112  9.910
 40    14.093 53621.06514537 16.04 137.046714  50.509882  9.910
 40    13.212 53621.06514602 17.55 137.045274  50.506652  9.910
 40    13.948 53621.06514666 16.77 137.043824  50.503412  9.910
 40    14.451 53621.06514730 17.17 137.042374  50.500182  9.910
 40    14.211 53621.06514795 19.22 137.040924  50.496952  9.910
 40    14.342 53621.06514859 17.59 137.039474  50.493722  9.910
 40    14.354 53621.06514924 19.89 137.038034  50.490482  9.910
 40    15.227 53621.06514988 19.35 137.036584  50.487252  9.910
 40    14.874 53621.06515053 19.01 137.035134  50.484022  9.910
 40    14.773 53621.06515117 18.68 137.033684  50.480792  9.910
 40    14.964 53621.06515182 16.26 137.032244  50.477552  9.910
 40    15.439 53621.06515246 15.21 137.030794  50.474322  9.910
 40    16.891 53621.06515311 14.89 137.029354  50.471092  9.910
 40    16.615 53621.06515375 23.55 137.027904  50.467852  9.910
 41    14.604 53656.06516743 18.68 137.061222  50.542715  8.915
 41    13.767 53656.06516808 18.40 137.059772  50.539485  8.915
 41    20.940 53656.06517001 15.00 137.055422  50.529785  8.915
 41    13.359 53656.06517066 19.66 137.053972  50.526555  8.915
 41    13.337 53656.06517130 18.97 137.052522  50.523325  8.915
 41    13.444 53656.06517195 16.88 137.051072  50.520085  8.915
 41    17.919 53656.06517259 15.01 137.049632  50.516855  8.915
 41    16.791 53656.06517323 13.65 137.048183  50.513621 10.161
 41    16.140 53656.06517388 13.76 137.046733  50.510391 10.161
 41    16.257 53656.06517452 15.06 137.045283  50.507161 10.161
 41    12.827 53656.06517517 15.94 137.043833  50.503921 10.161
 41    12.943 53656.06517581 15.44 137.042393  50.500691 10.161
 41    13.388 53656.06517646 16.34 137.040943  50.497461 10.161
 41    13.766 53656.06517710 15.96 137.039493  50.494231 10.161
 41    14.309 53656.06517775 16.88 137.038053  50.490991 10.161
 41    14.614 53656.06517839 16.62 137.036603  50.487761 10.161
 41    14.495 53656.06517904 17.62 137.035153  50.484531 10.161
 41    13.867 53656.06517968 19.72 137.033713  50.481291 10.161
 41    13.256 53656.06518033 23.92 137.032263  50.478061 10.161
 41    13.235 53656.06518097 26.78 137.030813  50.474831 10.161
 41    12.965 53656.06518162 25.45 137.029373  50.471601 10.161
 41    16.346 53656.06518226 22.57 137.027923  50.468361 10.161
 42    11.936 53691.06516018 28.27 137.047707  50.527747 15.786
 42    12.033 53691.06516082 28.07 137.046257  50.524517 15.786
 42    12.115 53691.06516147 29.14 137.044817  50.521287 15.786
 42    12.118 53691.06516211 28.77 137.043367  50.518047 15.786
 42    12.259 53691.06516276 30.51 137.041917  50.514817 15.786
 42    12.181 53691.06516340 32.91 137.040467  50.511587 15.786
 42    12.113 53691.06516404 35.09 137.039026  50.508351 17.362
 42    12.087 53691.06516469 33.63 137.037576  50.505121 17.362
 42    12.302 53691.06516533 32.38 137.036126  50.501891 17.362
 42    12.281 53691.06516598 30.97 137.034686  50.498651 17.362
 42    12.280 53691.06516662 27.99 137.033236  50.495421 17.362
 42    12.266 53691.06516727 30.31 137.031796  50.492191 17.362
 42    12.290 53691.06516791 33.45 137.030346  50.488961 17.362
 42    12.373 53691.06516856 39.08 137.028896  50.485721 17.362
 42    12.308 53691.06516920 38.35 137.027456  50.482491 17.362
 42    12.172 53691.06516985 30.77 137.026006  50.479261 17.362
 42    12.116 53691.06517049 29.68 137.024566  50.476021 17.362
 43    21.894 53726.06508436 13.56 137.045358  50.526289  6.222
 43    12.148 53726.06508501 14.39 137.043908  50.523059  6.222
 43    12.171 53726.06508565 12.92 137.042458  50.519829  6.222
 43    12.079 53726.06508630 13.81 137.041018  50.516589  6.222
 43    12.015 53726.06508694 15.62 137.039568  50.513359  6.222
 43    11.931 53726.06508759 15.12 137.038118  50.510129  6.222
 43    12.315 53726.06508823 13.56 137.036673  50.506891  4.598
 43    12.300 53726.06508887 13.58 137.035223  50.503661  4.598
 43    12.391 53726.06508952 13.43 137.033783  50.500431  4.598
 43    12.468 53726.06509016 13.81 137.032333  50.497191  4.598
 43    12.425 53726.06509081 13.98 137.030893  50.493961  4.598
 43    12.785 53726.06509145 14.07 137.029443  50.490731  4.598
 43    12.599 53726.06509210 14.51 137.028003  50.487501  4.598
 43    12.850 53726.06509274 14.38 137.026553  50.484261  4.598
 43    12.868 53726.06509339 15.30 137.025113  50.481031  4.598
 43    12.749 53726.06509403 14.89 137.023663  50.477801  4.598
 44    18.864 53761.06502799 10.76 137.076099  50.550699  5.960
 44    17.441 53761.06502863 10.57 137.074649  50.547469  5.960
 44    16.162 53761.06502927 10.73 137.073209  50.544229  5.960
 44    14.198 53761.06502992 11.54 137.071759  50.540999  5.960
 44    14.093 53761.06503056 11.55 137.070309  50.537769  5.960
 44    13.451 53761.06503121 11.93 137.068859  50.534539  5.960
 44    13.364 53761.06503185 11.53 137.067409  50.531299  5.960
 44    13.496 53761.06503250 10.74 137.065959  50.528069  5.960
 44    14.466 53761.06504475 10.70 137.038456  50.466646  3.343
 44    14.336 53761.06504539 11.14 137.037016  50.463416  3.343
 44    14.380 53761.06504604 11.17 137.035566  50.460186  3.343
 44    13.702 53761.06504668 10.87 137.034126  50.456946  3.343
 44    13.415 53761.06504733 10.72 137.032676  50.453716  3.343
 45    21.014 53796.06504843  9.81 137.050351  50.525966  6.519
 45    20.400 53796.06504908  9.00 137.048901  50.522736  6.519
 45    18.876 53796.06504972  9.30 137.047451  50.519496  6.519
 45    16.468 53796.06505037  9.30 137.046001  50.516266  6.519
 45    16.428 53796.06505101  9.08 137.044561  50.513036  6.519
 45    12.563 53796.06505165  9.91 137.043114  50.509799  3.021
 45    14.647 53796.06505230  9.62 137.041664  50.506569  3.021
 45    12.153 53796.06505294 10.13 137.040214  50.503339  3.021
 45    12.488 53796.06505359  9.48 137.038774  50.500109  3.021
 45    14.178 53796.06505423  9.34 137.037324  50.496869  3.021
 45    12.427 53796.06505488  9.27 137.035884  50.493639  3.021
 45    12.154 53796.06505552  9.86 137.034434  50.490409  3.021
 45    12.330 53796.06505617  9.24 137.032984  50.487169  3.021
 45    12.639 53796.06505681  9.35 137.031544  50.483939  3.021
 45    12.829 53796.06505746 10.04 137.030094  50.480709  3.021
 45    13.493 53796.06505810  9.25 137.028654  50.477469  3.021
 45    14.003 53796.06505875  9.10 137.027204  50.474239  3.021
 45    14.003 53796.06505939  8.55 137.025764  50.471009  3.021
 47    21.546 53866.06510517 20.25 137.053254  50.527138  6.633
 47    20.520 53866.06510581 20.56 137.051804  50.523908  6.633
 47    19.658 53866.06510646 20.23 137.050354  50.520678  6.633
 47    19.618 53866.06510710 19.28 137.048904  50.517438  6.633
 47    18.697 53866.06510775 17.99 137.047454  50.514208  6.633
 47    17.833 53866.06510839 17.72 137.046014  50.510978  6.633
 47    20.861 53866.06510904 17.52 137.044564  50.507738  6.633
 47    15.921 53866.06510968 18.08 137.043114  50.504508  6.633
 47    14.972 53866.06511033 17.16 137.041664  50.501278  6.633
 47    15.949 53866.06511097 16.54 137.040220  50.498042 14.534
 47    15.369 53866.06511162 17.06 137.038770  50.494812 14.534
 47    14.998 53866.06511226 19.65 137.037330  50.491582 14.534
 47    15.118 53866.06511290 20.80 137.035880  50.488342 14.534
 47    15.367 53866.06511355 21.17 137.034430  50.485112 14.534
 47    15.310 53866.06511419 20.61 137.032990  50.481882 14.534
 47    15.301 53866.06511484 19.08 137.031540  50.478642 14.534
 47    15.306 53866.06511548 17.68 137.030090  50.475412 14.534
 47    18.062 53866.06511613 18.49 137.028650  50.472182 14.534
 47    17.520 53866.06511677 23.60 137.027200  50.468952 14.534
 49    16.413 53936.06517466 45.54 137.040213  50.523335 21.989
 49    16.478 53936.06517530 48.32 137.038763  50.520105 21.989
 49    16.481 53936.06517595 47.68 137.037313  50.516865 21.989
 49    16.463 53936.06517659 46.98 137.035873  50.513635 21.989
 49    16.321 53936.06517724 46.57 137.034423  50.510405 21.989
 49    16.364 53936.06517788 41.18 137.032973  50.507165 21.989
 49    16.178 53936.06517853 39.29 137.031523  50.503935 21.989
 49    16.419 53936.06517917 39.79 137.030083  50.500705 21.989
 49    16.397 53936.06517982 38.13 137.028638  50.497467 22.435
 49    16.443 53936.06518046 35.39 137.027188  50.494237 22.435
 50    17.404 53971.06514168 24.04 137.042193  50.523822 20.259
 50    17.306 53971.06514232 28.77 137.040743  50.520592 20.259
 50    17.305 53971.06514297 30.63 137.039293  50.517352 20.259
 50    17.175 53971.06514361 34.50 137.037853  50.514122 20.259
 50    17.363 53971.06514425 32.74 137.036403  50.510892 20.259
 50    17.493 53971.06514490 31.03 137.034953  50.507662 20.259
 50    17.384 53971.06514554 31.69 137.033513  50.504422 20.259
 50    17.541 53971.06514619 30.45 137.032063  50.501192 20.259
 50    17.671 53971.06514683 29.80 137.030613  50.497962 20.259
 50    17.814 53971.06514748 30.08 137.029170  50.494723 29.152
 50    17.572 53971.06514812 29.07 137.027720  50.491493 29.152
 50    17.740 53971.06515006 28.45 137.023390  50.481793 29.152
 52    16.511 54041.06514570 17.95 137.067437  50.544438  9.284
 52    20.573 54041.06514635 16.47 137.065987  50.541198  9.284
 52    13.103 54041.06514699 16.65 137.064537  50.537968  9.284
 52    20.653 54041.06514764 16.25 137.063087  50.534738  9.284
 52    20.803 54041.06514828 13.93 137.061637  50.531508  9.284
 52    19.640 54041.06514893 14.25 137.060197  50.528268  9.284
 52    13.608 54041.06514957 16.30 137.058747  50.525038  9.284
 52    15.145 54041.06515022 16.02 137.057297  50.521808  9.284
 52    16.332 54041.06515086 15.39 137.055847  50.518578  9.284
 52    16.930 54041.06515151 15.93 137.054397  50.515338  9.284
 52    17.455 54041.06515215 15.48 137.052957  50.512108  9.284
 52    17.689 54041.06515279 22.16 137.051507  50.508878  9.284
 52    17.641 54041.06515344 25.31 137.050057  50.505638  9.284
 52    17.604 54041.06515408 21.38 137.048607  50.502408  9.284
 52    17.201 54041.06515473 19.48 137.047157  50.499178  9.284
 52    12.400 54041.06515537 24.29 137.045716  50.495943 15.337
 52    11.983 54041.06515602 30.58 137.044266  50.492713 15.337
 52    11.650 54041.06515666 29.09 137.042826  50.489483 15.337
 52    12.177 54041.06515731 19.11 137.041376  50.486243 15.337
 52    13.269 54041.06515795 19.34 137.039926  50.483013 15.337
 52    12.609 54041.06515860 24.84 137.038486  50.479783 15.337
 52    12.931 54041.06515924 25.59 137.037036  50.476553 15.337
 52    12.819 54041.06515989 25.88 137.035586  50.473313 15.337
 52    15.929 54041.06516053 23.36 137.034146  50.470083 15.337
 52    16.049 54041.06516118 26.68 137.032696  50.466853 15.337
 52    16.340 54041.06516182 26.53 137.031256  50.463613 15.337
 53    12.371 54076.06514385 21.43 137.049746  50.527349  8.097
 53    12.680 54076.06514449 20.27 137.048296  50.524119  8.097
 53    12.715 54076.06514513 20.40 137.046846  50.520889  8.097
 53    12.712 54076.06514578 21.21 137.045396  50.517649  8.097
 53    12.696 54076.06514642 21.59 137.043956  50.514419  8.097
 53    12.753 54076.06514707 22.94 137.042506  50.511189  8.097
 53    12.737 54076.06514771 23.41 137.041056  50.507949  8.097
 53    12.767 54076.06514836 23.03 137.039616  50.504719  8.097
 53    12.688 54076.06514900 24.51 137.038166  50.501489  8.097
 53    12.652 54076.06514965 24.47 137.036717  50.498252  9.041
 53    12.445 54076.06515029 25.23 137.035277  50.495022  9.041
 53    12.556 54076.06515094 26.47 137.033827  50.491792  9.041
 53    12.712 54076.06515158 32.01 137.032377  50.488552  9.041
 53    13.090 54076.06515223 28.85 137.030937  50.485322  9.041
 53    12.903 54076.06515287 25.44 137.029487  50.482092  9.041
 53    12.875 54076.06515352 23.15 137.028047  50.478862  9.041
 53    12.685 54076.06515416 23.43 137.026597  50.475622  9.041
 53    12.610 54076.06515480 23.29 137.025157  50.472392  9.041
 54    13.563 54111.06508656 16.19 137.040201  50.523693 10.728
 54    13.911 54111.06508720 16.42 137.038751  50.520463 10.728
 54    13.511 54111.06508785 17.56 137.037311  50.517223 10.728
 54    13.886 54111.06508849 17.62 137.035861  50.513993 10.728
 54    13.613 54111.06508914 18.34 137.034411  50.510763 10.728
 54    14.629 54111.06508978 17.39 137.032971  50.507533 10.728
 54    13.013 54111.06509043 18.89 137.031521  50.504293 10.728
 54    13.160 54111.06509107 18.70 137.030071  50.501063 10.728
 54    13.155 54111.06509172 20.04 137.028631  50.497833 10.728
 54    13.353 54111.06509236 19.23 137.027180  50.494592  4.816
 55    12.469 54146.06508076 18.47 137.062831  50.543627  7.226
 55    12.468 54146.06508140 18.15 137.061381  50.540397  7.226
 55    12.694 54146.06508205 17.43 137.059931  50.537167  7.226
 55    12.397 54146.06508269 17.26 137.058481  50.533937  7.226
 55    12.508 54146.06508334 16.29 137.057031  50.530697  7.226
 55    12.331 54146.06508398 16.61 137.055591  50.527467  7.226
 55    12.444 54146.06508463 15.21 137.054141  50.524237  7.226
 55    12.734 54146.06508527 15.14 137.052691  50.520997  7.226
 55    12.599 54146.06508592 15.02 137.051241  50.517767  7.226
 55    12.652 54146.06508656 15.20 137.049791  50.514537  7.226
 55    12.491 54146.06508720 16.62 137.048351  50.511307  7.226
 55    12.357 54146.06508785 16.90 137.046901  50.508067  7.226
 55    12.433 54146.06508849 16.92 137.045451  50.504837  7.226
 55    12.455 54146.06508914 16.76 137.044001  50.501607  7.226
 55    12.348 54146.06508978 16.28 137.042557  50.498371  5.352
 55    12.306 54146.06509043 16.75 137.041107  50.495141  5.352
 55    12.259 54146.06509107 17.08 137.039667  50.491911  5.352
 55    12.332 54146.06509172 17.14 137.038217  50.488671  5.352
 55    12.407 54146.06509236 17.22 137.036767  50.485441  5.352
 55    12.777 54146.06509301 16.40 137.035327  50.482211  5.352
 55    13.033 54146.06509365 16.01 137.033877  50.478971  5.352
 55    13.234 54146.06509430 15.40 137.032427  50.475741  5.352
 55    13.098 54146.06509494 15.87 137.030987  50.472511  5.352
 55    12.905 54146.06509559 15.69 137.029537  50.469281  5.352
 55    12.824 54146.06509623 15.42 137.028097  50.466041  5.352
 56    13.109 54181.06507287 25.18 137.043082  50.525413 11.900
 56    12.666 54181.06507351 27.13 137.041632  50.522183 11.900
 56    12.669 54181.06507416 22.99 137.040182  50.518953 11.900
 56    12.820 54181.06507480 19.85 137.038742  50.515713 11.900
 56    12.702 54181.06507545 17.59 137.037292  50.512483 11.900
 56    12.492 54181.06507609 17.10 137.035842  50.509253 11.900
 56    12.567 54181.06507674 16.60 137.034396  50.506015  8.871
 56    12.727 54181.06507738 15.70 137.032956  50.502785  8.871
 56    12.704 54181.06507803 15.20 137.031506  50.499555  8.871
 56    12.917 54181.06507867 14.85 137.030056  50.496315  8.871
 56    13.386 54181.06507931 14.39 137.028616  50.493085  8.871
 56    13.481 54181.06507996 15.31 137.027166  50.489855  8.871
 56    13.751 54181.06508189 21.35 137.022836  50.480155  8.871
 57    16.377 54216.06508927 26.12 137.060774  50.541659 24.675
 57    16.596 54216.06508992 24.98 137.059324  50.538429 24.675
 57    16.576 54216.06509185 25.99 137.054974  50.528729 24.675
 57    16.556 54216.06509250 33.50 137.053524  50.525499 24.675
 57    16.572 54216.06509314 32.39 137.052074  50.522269 24.675
 57    16.722 54216.06509378 35.22 137.050624  50.519029 24.675
 57    16.480 54216.06509443 32.76 137.049184  50.515799 24.675
 57    16.362 54216.06509507 28.72 137.047734  50.512569 24.675
 57    16.317 54216.06509572 27.41 137.046289  50.509333 26.234
 57    16.111 54216.06509636 26.89 137.044839  50.506103 26.234
 57    16.182 54216.06509701 26.78 137.043389  50.502873 26.234
 57    16.178 54216.06509765 27.58 137.041939  50.499633 26.234
 57    16.166 54216.06509830 28.65 137.040499  50.496403 26.234
 57    16.251 54216.06509894 29.11 137.039049  50.493173 26.234
 57    16.383 54216.06509959 31.26 137.037599  50.489933 26.234
 57    16.508 54216.06510023 33.24 137.036159  50.486703 26.234
 57    16.637 54216.06510088 36.14 137.034709  50.483473 26.234
 57    16.716 54216.06510152 38.10 137.033259  50.480243 26.234
 57    16.636 54216.06510217 35.68 137.031819  50.477003 26.234
 57    16.677 54216.06510281 37.94 137.030369  50.473773 26.234
 57    16.562 54216.06510345 35.43 137.028929  50.470543 26.234
 57    16.646 54216.06510410 34.81 137.027479  50.467303 26.234
 58    15.289 54251.06511856 52.53 137.052796  50.527873 23.194
 58    15.180 54251.06511920 47.86 137.051346  50.524643 23.194
 58    15.268 54251.06511985 41.95 137.049896  50.521413 23.194
 58    15.431 54251.06512049 44.25 137.048456  50.518173 23.194
 58    15.422 54251.06512114 45.95 137.047006  50.514943 23.194
 58    15.347 54251.06512178 48.28 137.045556  50.511713 23.194
 58    15.494 54251.06512242 44.65 137.044107  50.508476 35.356
 58    15.480 54251.06512307 44.63 137.042667  50.505246 35.356
 58    15.468 54251.06512371 47.11 137.041217  50.502016 35.356
 58    15.472 54251.06512436 46.66 137.039767  50.498776 35.356
 58    15.519 54251.06512500 48.13 137.038317  50.495546 35.356
 58    15.587 54251.06512565 48.81 137.036877  50.492316 35.356
 58    15.498 54251.06512629 49.15 137.035427  50.489086 35.356
 58    15.440 54251.06512694 46.02 137.033977  50.485846 35.356
 58    15.465 54251.06512758 42.55 137.032537  50.482616 35.356
 58    15.542 54251.06512823 41.99 137.031087  50.479386 35.356
 58    15.567 54251.06512887 43.87 137.029647  50.476146 35.356
 58    15.602 54251.06512952 46.35 137.028197  50.472916 35.356
 58    15.546 54251.06513016 46.46 137.026757  50.469686 35.356
 59    20.314 54286.06512469 16.31 137.052736  50.529011  9.351
 59    20.285 54286.06512534 16.30 137.051286  50.525771  9.351
 59    14.858 54286.06512598 15.94 137.049836  50.522541  9.351
 59    18.960 54286.06512663 14.13 137.048396  50.519311  9.351
 59    16.595 54286.06512727 14.38 137.046946  50.516071  9.351
 59    15.198 54286.06512792 14.71 137.045496  50.512841  9.351
 59    13.923 54286.06512856 14.86 137.044046  50.509611  9.351
 59    13.204 54286.06512921 17.04 137.042605  50.506375 12.335
 59    13.452 54286.06512985 15.79 137.041155  50.503145 12.335
 59    13.368 54286.06513050 16.31 137.039705  50.499915 12.335
 59    13.678 54286.06513114 16.14 137.038265  50.496675 12.335
 59    14.070 54286.06513178 15.53 137.036815  50.493445 12.335
 59    14.202 54286.06513243 16.71 137.035375  50.490215 12.335
 59    14.569 54286.06513307 18.04 137.033925  50.486985 12.335
 59    14.189 54286.06513372 17.95 137.032475  50.483745 12.335
 59    13.952 54286.06513436 19.53 137.031035  50.480515 12.335
 59    13.948 54286.06513501 18.01 137.029585  50.477285 12.335
 59    17.427 54286.06513565 16.68 137.028145  50.474045 12.335
 59    18.188 54286.06513630 16.78 137.026695  50.470815 12.335
 60    15.000 54321.06512177 17.55 137.053487  50.528573 12.957
 60    20.213 54321.06512241 16.96 137.052037  50.525343 12.957
 60    15.031 54321.06512306 16.90 137.050587  50.522113 12.957
 60    15.078 54321.06512370 16.81 137.049147  50.518883 12.957
 60    16.406 54321.06512435 15.09 137.047697  50.515643 12.957
 60    15.383 54321.06512499 15.16 137.046247  50.512413 12.957
 60    14.144 54321.06512564 18.98 137.044797  50.509183 12.957
 60    14.644 54321.06512628 18.41 137.043355  50.505946 18.128
 60    14.957 54321.06512693 14.47 137.041905  50.502716 18.128
 60    15.319 54321.06512757 13.68 137.040455  50.499486 18.128
 60    15.125 54321.06512822 15.80 137.039015  50.496246 18.128
 60    15.076 54321.06512886 17.52 137.037565  50.493016 18.128
 60    15.311 54321.06512951 18.85 137.036125  50.489786 18.128
 60    15.412 54321.06513015 19.79 137.034675  50.486556 18.128
 60    15.242 54321.06513080 19.72 137.033225  50.483316 18.128
 60    15.124 54321.06513144 15.59 137.031785  50.480086 18.128
 60    15.138 54321.06513208 13.98 137.030335  50.476856 18.128
 60    17.955 54321.06513273 13.96 137.028895  50.473616 18.128
 60    18.141 54321.06513337 19.92 137.027445  50.470386 18.128
 61    21.449 54356.06508336 16.51 137.045691  50.525989 15.887
 61    20.021 54356.06508401 17.19 137.044251  50.522749 15.887
 61    15.351 54356.06508465 18.27 137.042801  50.519519 15.887
 61    15.534 54356.06508530 16.81 137.041351  50.516289 15.887
 61    15.424 54356.06508594 18.05 137.039911  50.513049 15.887
 61    15.313 54356.06508659 17.27 137.038461  50.509819 15.887
 61    15.425 54356.06508723 15.66 137.037011  50.506589 15.887
 61    15.374 54356.06508788 16.01 137.035566  50.503350 25.847
 61    15.373 54356.06508852 16.13 137.034116  50.500120 25.847
 61    15.430 54356.06508916 16.14 137.032676  50.496890 25.847
 61    15.281 54356.06508981 17.50 137.031226  50.493650 25.847
 61    15.312 54356.06509045 18.36 137.029786  50.490420 25.847
 61    15.326 54356.06509110 20.35 137.028336  50.487190 25.847
 61    15.480 54356.06509174 19.07 137.026896  50.483960 25.847
 61    15.699 54356.06509239 24.85 137.025446  50.480720 25.847
 61    15.690 54356.06509303 25.16 137.024006  50.477490 25.847
 62    14.825 54391.06505993 20.03 137.059657  50.541359  9.931
 62    14.399 54391.06506251 16.82 137.053867  50.528429  9.931
 62    13.975 54391.06506315 19.58 137.052417  50.525199  9.931
 62    13.241 54391.06506380 21.92 137.050967  50.521969  9.931
 62    14.160 54391.06506444 18.35 137.049517  50.518729  9.931
 62    17.062 54391.06506509 15.48 137.048077  50.515499  9.931
 62    13.548 54391.06506573 15.54 137.046627  50.512269  9.931
 62    15.548 54391.06506638 16.06 137.045177  50.509029  9.931
 62    16.328 54391.06506702 15.57 137.043727  50.505799  9.931
 62    15.918 54391.06506767 15.16 137.042287  50.502569  9.931
 62    15.825 54391.06506831 15.26 137.040840  50.499333 15.093
 62    13.674 54391.06506896 16.60 137.039390  50.496103 15.093
 62    13.799 54391.06506960 17.84 137.037940  50.492873 15.093
 62    14.303 54391.06507025 16.42 137.036500  50.489633 15.093
 62    14.839 54391.06507089 15.91 137.035050  50.486403 15.093
 62    14.581 54391.06507154 17.60 137.033610  50.483173 15.093
 62    14.792 54391.06507218 18.01 137.032160  50.479933 15.093
 62    14.838 54391.06507282 20.21 137.030710  50.476703 15.093
 62    17.196 54391.06507347 19.01 137.029270  50.473473 15.093
 62    16.020 54391.06507411 20.85 137.027820  50.470243 15.093
 63    12.185 54426.06503331 34.19 137.049509  50.526750 17.441
 63    12.024 54426.06503396 43.03 137.048059  50.523520 17.441
 63    11.685 54426.06503460 35.81 137.046609  50.520290 17.441
 63    11.871 54426.06503525 32.42 137.045169  50.517050 17.441
 63    12.118 54426.06503589 32.27 137.043719  50.513820 17.441
 63    11.950 54426.06503654 33.94 137.042269  50.510590 17.441
 63    12.336 54426.06503718 35.85 137.040819  50.507350 17.441
 63    12.035 54426.06503783 33.97 137.039379  50.504120 17.441
 63    12.036 54426.06503847 31.66 137.037929  50.500890 17.441
 63    12.117 54426.06503912 32.15 137.036481  50.497652 13.998
 63    12.349 54426.06503976 34.31 137.035041  50.494422 13.998
 63    12.281 54426.06504041 30.13 137.033591  50.491192 13.998
 63    12.133 54426.06504105 30.25 137.032141  50.487952 13.998
 63    12.358 54426.06504170 31.17 137.030701  50.484722 13.998
 63    12.389 54426.06504234 32.63 137.029251  50.481492 13.998
 63    12.220 54426.06504298 33.75 137.027811  50.478262 13.998
 63    12.360 54426.06504363 32.14 137.026361  50.475022 13.998
 64    12.057 54461.06503580 21.90 137.064991  50.545083  7.970
 64    12.390 54461.06503645 22.57 137.063541  50.541853  7.970
 64    12.315 54461.06503709 21.99 137.062091  50.538623  7.970
 64    12.335 54461.06503774 22.57 137.060641  50.535393  7.970
 64    12.376 54461.06503838 21.28 137.059191  50.532153  7.970
 64    12.426 54461.06503903 20.05 137.057751  50.528923  7.970
 64    12.232 54461.06503967 20.94 137.056301  50.525693  7.970
 64    12.316 54461.06504032 20.38 137.054851  50.522463  7.970
 64    12.266 54461.06504096 22.33 137.053401  50.519223  7.970
 64    12.316 54461.06504161 21.46 137.051951  50.515993  7.970
 64    12.222 54461.06504225 23.18 137.050501  50.512763  7.970
 64    12.238 54461.06504290 23.16 137.049061  50.509523  7.970
 64    12.317 54461.06504354 22.53 137.047611  50.506293  7.970
 64    12.450 54461.06504419 22.52 137.046161  50.503063  7.970
 64    12.574 54461.06504483 21.34 137.044715  50.499828  6.380
 64    12.715 54461.06504547 20.66 137.043265  50.496598  6.380
 64    12.609 54461.06504612 21.10 137.041825  50.493368  6.380
 64    12.559 54461.06504676 20.10 137.040375  50.490128  6.380
 64    12.695 54461.06504741 20.52 137.038925  50.486898  6.380
 64    12.761 54461.06504805 20.76 137.037485  50.483668  6.380
 64    12.793 54461.06504870 21.62 137.036035  50.480438  6.380
 64    12.711 54461.06504934 21.87 137.034585  50.477198  6.380
 64    12.678 54461.06504999 22.59 137.033145  50.473968  6.380
 64    12.742 54461.06505063 21.20 137.031695  50.470738  6.380
 64    12.604 54461.06505128 21.69 137.030255  50.467498  6.380
 65    12.217 54496.06503953 15.88 137.050646  50.528777  5.120
 65    12.215 54496.06504017 15.56 137.049196  50.525547  5.120
 65    19.959 54496.06504082 15.24 137.047746  50.522317  5.120
 65    12.312 54496.06504146 16.90 137.046296  50.519077  5.120
 65    12.282 54496.06504211 16.71 137.044856  50.515847  5.120
 65    12.287 54496.06504275 16.77 137.043406  50.512617  5.120
 65    12.340 54496.06504340 16.71 137.041956  50.509387  5.120
 65    12.398 54496.06504404 17.87 137.040516  50.506147  5.120
 65    12.368 54496.06504469 17.17 137.039066  50.502917  5.120
 65    12.398 54496.06504533 16.38 137.037616  50.499687  5.120
 65    12.440 54496.06504598 17.24 137.036176  50.496447  5.120
 65    12.279 54496.06504662 16.96 137.034726  50.493217  5.120
 65    12.227 54496.06504727 17.48 137.033276  50.489987  5.120
 65    12.242 54496.06504791 17.25 137.031836  50.486757  5.120
 65    12.410 54496.06504856 17.46 137.030386  50.483517  5.120
 65    12.789 54496.06504920 17.24 137.028946  50.480287  5.120
 65    12.909 54496.06504984 17.23 137.027496  50.477057  5.120
 65    13.406 54496.06505049 17.67 137.026053  50.473817  3.313
 66    11.896 54531.06504914 25.34 137.063994  50.543647  7.540
 66    11.998 54531.06504979 20.74 137.062544  50.540417  7.540
 66    12.450 54531.06505043 17.84 137.061094  50.537177  7.540
 66    12.079 54531.06505108 18.63 137.059654  50.533947  7.540
 66    11.766 54531.06505172 20.63 137.058204  50.530717  7.540
 66    11.738 54531.06505236 19.26 137.056754  50.527477  7.540
 66    11.951 54531.06505301 17.37 137.055304  50.524247  7.540
 66    13.791 54531.06505365 14.78 137.053854  50.521017  7.540
 66    12.389 54531.06505430 16.26 137.052404  50.517787  7.540
 66    12.144 54531.06505494 17.16 137.050964  50.514547  7.540
 66    12.250 54531.06505559 17.67 137.049514  50.511317  7.540
 66    11.976 54531.06505623 17.12 137.048064  50.508087  7.540
 66    11.972 54531.06505688 16.58 137.046614  50.504857  7.540
 66    12.023 54531.06505752 16.49 137.045174  50.501617  7.540
 66    12.010 54531.06505817 16.37 137.043724  50.498387  7.540
 66    12.172 54531.06505881 16.41 137.042274  50.495157  7.540
 66    11.952 54531.06505946 15.81 137.040834  50.491917  7.540
 66    11.990 54531.06506010 16.12 137.039384  50.488687  7.540
 66    12.165 54531.06506075 16.55 137.037934  50.485457  7.540
 66    12.207 54531.06506139 16.93 137.036489  50.482220  4.703
 66    12.439 54531.06506203 17.44 137.035039  50.478990  4.703
 66    12.706 54531.06506268 16.84 137.033599  50.475760  4.703
 66    12.603 54531.06506332 16.36 137.032149  50.472520  4.703
 66    12.600 54531.06506397 16.82 137.030709  50.469290  4.703
 66    12.185 54531.06506461 16.49 137.029259  50.466060  4.703
 67    13.258 54566.06504572 32.55 137.044982  50.526484 16.814
 67    12.848 54566.06504637 30.06 137.043532  50.523254 16.814
 67    13.120 54566.06504701 26.69 137.042092  50.520014 16.814
 67    12.973 54566.06504766 25.49 137.040642  50.516784 16.814
 67    12.910 54566.06504830 21.46 137.039192  50.513554 16.814
 67    13.033 54566.06504895 20.28 137.037752  50.510314 16.814
 67    12.989 54566.06504959 19.42 137.036302  50.507084 16.814
 67    13.168 54566.06505024 19.96 137.034852  50.503854 16.814
 67    13.201 54566.06505088 19.73 137.033412  50.500614 16.814
 67    13.111 54566.06505153 20.06 137.031962  50.497384 16.814
 67    12.858 54566.06505217 19.87 137.030522  50.494154 16.814
 67    13.119 54566.06505281 19.20 137.029072  50.490924 16.814
 67    13.236 54566.06505346 21.96 137.027632  50.487684 16.814
 67    13.217 54566.06505475 41.29 137.024732  50.481224 16.814
 67    13.756 54566.06505539 43.29 137.023292  50.477992 14.361
 68    13.407 54601.06504497 24.84 137.059220  50.540941  8.322
 68    15.361 54601.06504755 17.11 137.053430  50.528011  8.322
 68    14.961 54601.06504819 18.48 137.051980  50.524771  8.322
 68    19.309 54601.06504884 15.62 137.050530  50.521541  8.322
 68    18.168 54601.06504948 15.05 137.049080  50.518311  8.322
 68    17.416 54601.06505013 14.48 137.047630  50.515081  8.322
 68    14.953 54601.06505077 15.71 137.046190  50.511841  8.322
 68    15.136 54601.06505141 15.85 137.044740  50.508611  8.322
 68    15.729 54601.06505206 16.21 137.043290  50.505381  8.322
 68    16.055 54601.06505270 15.95 137.041840  50.502141  8.322
 68    13.495 54601.06505335 16.90 137.040400  50.498911  8.322
 68    13.558 54601.06505399 17.32 137.038950  50.495681  8.322
 68    14.228 54601.06505464 17.32 137.037500  50.492451  8.322
 68    14.943 54601.06505528 17.19 137.036060  50.489211  8.322
 68    14.992 54601.06505593 17.30 137.034610  50.485981  8.322
 68    13.810 54601.06505657 19.23 137.033160  50.482751  8.322
 68    13.638 54601.06505722 26.26 137.031721  50.479512 23.147
 68    13.700 54601.06505786 22.04 137.030271  50.476282 23.147
 68    17.695 54601.06505851 17.11 137.028831  50.473052 23.147
 68    17.911 54601.06505915 19.39 137.027381  50.469812 23.147
 69    13.737 54636.06506006 21.58 137.050087  50.526542  8.829
 69    13.705 54636.06506070 20.51 137.048637  50.523312  8.829
 69    13.656 54636.06506134 19.05 137.047187  50.520082  8.829
 69    14.316 54636.06506199 16.39 137.045737  50.516852  8.829
 69    16.274 54636.06506263 14.24 137.044297  50.513612  8.829
 69    15.660 54636.06506328 13.27 137.042847  50.510382  8.829
 69    15.746 54636.06506392 13.13 137.041397  50.507152  8.829
 69    15.495 54636.06506457 14.00 137.039947  50.503912  8.829
 69    15.412 54636.06506521 13.28 137.038507  50.500682  8.829
 69    13.699 54636.06506586 13.60 137.037057  50.497452  8.829
 69    13.849 54636.06506650 14.25 137.035607  50.494222  8.829
 69    14.038 54636.06506715 14.64 137.034167  50.490982  8.829
 69    13.667 54636.06506779 18.28 137.032717  50.487752  8.829
 69    13.626 54636.06506844 18.97 137.031277  50.484522  8.829
 69    14.738 54636.06506908 20.00 137.029830  50.481284 23.096
 69    15.259 54636.06506973 18.17 137.028380  50.478054 23.096
 69    17.492 54636.06507037 17.04 137.026940  50.474824 23.096
 69    18.178 54636.06507101 17.59 137.025490  50.471584 23.096
 70    13.503 54671.06506355 19.32 137.049797  50.528278  8.222
 70    13.608 54671.06506420 20.25 137.048347  50.525038  8.222
 70    13.361 54671.06506484 18.69 137.046897  50.521808  8.222
 70    18.822 54671.06506549 13.94 137.045447  50.518578  8.222
 70    17.195 54671.06506613 14.50 137.043997  50.515348  8.222
 70    15.602 54671.06506678 14.10 137.042557  50.512108  8.222
 70    13.919 54671.06506742 13.71 137.041107  50.508878  8.222
 70    13.246 54671.06506807 13.57 137.039657  50.505648  8.222
 70    15.306 54671.06506871 13.34 137.038217  50.502408  8.222
 70    13.166 54671.06506936 14.00 137.036767  50.499178  8.222
 70    13.311 54671.06507000 12.83 137.035317  50.495948  8.222
 70    13.167 54671.06507065 15.39 137.033877  50.492718  8.222
 70    13.237 54671.06507129 15.80 137.032427  50.489478  8.222
 70    13.340 54671.06507193 17.14 137.030977  50.486248  8.222
 70    13.512 54671.06507258 21.04 137.029537  50.483018  8.222
 70    13.396 54671.06507322 27.44 137.028094  50.479779 24.342
 70    13.452 54671.06507387 22.72 137.026644  50.476549 24.342
 70    17.850 54671.06507451 18.58 137.025194  50.473319 24.342
 71    14.147 54706.06502486 23.79 137.049250  50.527461 10.457
 71    13.885 54706.06502551 24.11 137.047800  50.524231 10.457
 71    13.831 54706.06502615 18.66 137.046360  50.520991 10.457
 71    13.543 54706.06502680 19.44 137.044910  50.517761 10.457
 71    14.025 54706.06502744 14.93 137.043460  50.514531 10.457
 71    13.814 54706.06502808 15.51 137.042010  50.511301 10.457
 71    13.829 54706.06502873 15.50 137.040570  50.508061 10.457
 71    13.707 54706.06502937 15.32 137.039120  50.504831 10.457
 71    13.737 54706.06503002 15.14 137.037670  50.501601 10.457
 71    13.820 54706.06503066 14.34 137.036230  50.498361 10.457
 71    13.731 54706.06503131 14.43 137.034780  50.495131 10.457
 71    13.806 54706.06503195 14.91 137.033340  50.491901 10.457
 71    13.842 54706.06503260 17.09 137.031890  50.488671 10.457
 71    13.830 54706.06503324 20.92 137.030440  50.485431 10.457
 71    13.864 54706.06503389 23.25 137.029000  50.482201 10.457
 71    13.991 54706.06503453 20.43 137.027550  50.478971 10.457
 71    13.720 54706.06503518 18.74 137.026108  50.475730 31.555
 72    13.609 54741.06502472 27.01 137.061571  50.541983  8.248
 72    13.617 54741.06502536 21.93 137.060121  50.538743  8.248
 72    20.765 54741.06502665 16.37 137.057221  50.532283  8.248
 72    14.054 54741.06502730 21.54 137.055781  50.529053  8.248
 72    13.978 54741.06502794 20.59 137.054331  50.525813  8.248
 72    13.996 54741.06502859 19.62 137.052881  50.522583  8.248
 72    13.656 54741.06502923 20.51 137.051431  50.519353  8.248
 72    13.096 54741.06502988 21.83 137.049981  50.516123  8.248
 72    10.531 54741.06503052 22.72 137.048541  50.512883  8.248
 72    10.593 54741.06503117 23.74 137.047091  50.509653  8.248
 72    11.431 54741.06503181 24.74 137.045641  50.506423  8.248
 72    11.947 54741.06503246 24.93 137.044191  50.503183  8.248
 72    13.056 54741.06503310 24.39 137.042751  50.499953  8.248
 72    13.375 54741.06503374 24.68 137.041301  50.496723  8.248
 72    13.723 54741.06503439 25.71 137.039851  50.493493  8.248
 72    13.911 54741.06503503 26.59 137.038411  50.490253  8.248
 72    13.912 54741.06503568 29.00 137.036961  50.487023  8.248
 72    13.892 54741.06503632 30.32 137.035511  50.483793  8.248
 72    13.795 54741.06503697 29.91 137.034068  50.480556 11.343
 72    13.789 54741.06503761 28.15 137.032618  50.477326 11.343
 72    13.880 54741.06503826 28.28 137.031178  50.474096 11.343
 72    14.000 54741.06503890 25.37 137.029728  50.470856 11.343
 72    15.030 54741.06503955 27.00 137.028288  50.467626 11.343
 73    12.412 54776.06500615 26.12 137.050896  50.528556 16.200
 73    12.920 54776.06500680 27.12 137.049456  50.525326 16.200
 73    12.791 54776.06500744 24.36 137.048006  50.522086 16.200
 73    12.746 54776.06500809 23.02 137.046556  50.518856 16.200
 73    12.868 54776.06500873 21.27 137.045106  50.515626 16.200
 73    13.016 54776.06500938 21.14 137.043666  50.512386 16.200
 73    13.232 54776.06501002 19.62 137.042216  50.509156 16.200
 73    15.495 54776.06501067 20.60 137.040766  50.505926 16.200
 73    12.965 54776.06501131 21.21 137.039326  50.502696 16.200
 73    13.089 54776.06501195 22.24 137.037876  50.499456 16.200
 73    13.143 54776.06501260 24.46 137.036426  50.496226 16.200
 73    13.224 54776.06501324 33.84 137.034986  50.492996 16.200
 73    13.072 54776.06501389 34.41 137.033536  50.489756 16.200
 73    13.023 54776.06501453 27.10 137.032096  50.486526 16.200
 73    12.962 54776.06501518 28.76 137.030646  50.483296 16.200
 73    13.122 54776.06501582 29.95 137.029198  50.480058 19.556
 73    13.161 54776.06501647 41.70 137.027758  50.476828 19.556
 73    13.250 54776.06501711 35.57 137.026308  50.473598 19.556
 74    12.334 54811.06501726 22.81 137.065952  50.546028  6.677
 74    12.389 54811.06501790 23.08 137.064502  50.542798  6.677
 74    12.321 54811.06501855 24.43 137.063052  50.539568  6.677
 74    12.320 54811.06501919 24.14 137.061602  50.536328  6.677
 74    12.490 54811.06501984 23.54 137.060152  50.533098  6.677
 74    12.400 54811.06502048 22.24 137.058702  50.529868  6.677
 74    12.430 54811.06502113 21.79 137.057252  50.526628  6.677
 74    12.504 54811.06502177 20.99 137.055802  50.523398  6.677
 74    12.433 54811.06502241 19.85 137.054352  50.520168  6.677
 74    12.399 54811.06502306 19.64 137.052902  50.516938  6.677
 74    12.440 54811.06502370 20.07 137.051462  50.513698  6.677
 74    12.434 54811.06502435 21.16 137.050012  50.510468  6.677
 74    12.606 54811.06502499 20.52 137.048562  50.507238  6.677
 74    12.839 54811.06502564 20.56 137.047112  50.503998  6.677
 74    12.758 54811.06502628 20.83 137.045662  50.500768  6.677
 74    12.829 54811.06502693 21.40 137.044222  50.497538  6.677
 74    12.574 54811.06502757 20.48 137.042772  50.494308  6.677
 74    12.490 54811.06502822 20.15 137.041322  50.491068  6.677
 74    12.523 54811.06502886 20.80 137.039882  50.487838  6.677
 74    12.628 54811.06502951 20.68 137.038432  50.484608  6.677
 74    12.706 54811.06503015 20.18 137.036982  50.481371  5.340
 74    12.691 54811.06503080 20.70 137.035542  50.478141  5.340
 74    12.696 54811.06503144 20.31 137.034092  50.474911  5.340
 74    12.778 54811.06503209 20.52 137.032652  50.471671  5.340
 74    12.553 54811.06503273 20.60 137.031202  50.468441  5.340
 74    12.540 54811.06503337 19.93 137.029752  50.465211  5.340
 75    12.518 54846.06500581 14.93 137.048629  50.527490  5.844
 75    12.321 54846.06500645 15.20 137.047189  50.524250  5.844
 75    12.180 54846.06500710 15.13 137.045739  50.521020  5.844
 75    12.420 54846.06500774 15.83 137.044289  50.517790  5.844
 75    12.421 54846.06500839 14.94 137.042839  50.514560  5.844
 75    12.284 54846.06500903 15.21 137.041399  50.511320  5.844
 75    12.470 54846.06500967 16.57 137.039949  50.508090  5.844
 75    12.603 54846.06501032 15.75 137.038499  50.504860  5.844
 75    12.551 54846.06501096 15.63 137.037059  50.501620  5.844
 75    12.553 54846.06501161 14.93 137.035609  50.498390  5.844
 75    12.541 54846.06501225 16.27 137.034159  50.495160  5.844
 75    12.853 54846.06501290 14.90 137.032719  50.491930  5.844
 75    12.817 54846.06501354 15.57 137.031269  50.488690  5.844
 75    12.833 54846.06501419 14.93 137.029829  50.485460  5.844
 75    12.956 54846.06501483 14.57 137.028379  50.482230  5.844
 75    13.008 54846.06501548 15.31 137.026932  50.478991  3.321
 75    13.145 54846.06501612 14.02 137.025492  50.475761  3.321
 76    11.767 54881.06502416 18.75 137.053980  50.529279  5.103
 76    11.304 54881.06502481 17.34 137.052530  50.526049  5.103
 76    11.757 54881.06502545 11.12 137.051080  50.522819  5.103
 76    19.236 54881.06502610 10.74 137.049630  50.519589  5.103
 76    12.046 54881.06502674 10.66 137.048190  50.516349  5.103
 76    12.227 54881.06502739 10.52 137.046740  50.513119  5.103
 76    11.821 54881.06502803 11.72 137.045290  50.509889  5.103
 76    12.059 54881.06502868 11.37 137.043840  50.506659  5.103
 76    11.690 54881.06502932 11.31 137.042400  50.503419  5.103
 76    12.113 54881.06502997 11.11 137.040950  50.500189  5.103
 76    12.037 54881.06503061 11.06 137.039500  50.496959  5.103
 76    11.819 54881.06503126 11.51 137.038050  50.493719  5.103
 76    11.504 54881.06503190 11.31 137.036610  50.490489  5.103
 76    12.045 54881.06503254 10.93 137.035160  50.487259  5.103
 76    12.083 54881.06503319 10.80 137.033715  50.484024  2.886
 76    12.268 54881.06503383 10.67 137.032265  50.480794  2.886
 76    12.554 54881.06503448  9.82 137.030825  50.477564  2.886
 76    12.663 54881.06503512 10.01 137.029375  50.474324  2.886
 76    12.588 54881.06503577  9.87 137.027935  50.471094  2.886
 77    21.827 54916.06500964 10.83 137.043071  50.526086  9.639
 77    21.405 54916.06501029  8.84 137.041621  50.522846  9.639
 77    20.220 54916.06501093 10.04 137.040171  50.519616  9.639
 77    19.479 54916.06501157 10.20 137.038721  50.516386  9.639
 77    17.570 54916.06501222 10.54 137.037281  50.513146  9.639
 77    16.585 54916.06501286 11.75 137.035831  50.509916  9.639
 77    15.619 54916.06501351 11.75 137.034381  50.506686  9.639
 77    12.292 54916.06501415 11.83 137.032941  50.503456  9.639
 77    12.016 54916.06501480 12.21 137.031491  50.500216  9.639
 77    12.084 54916.06501544 12.56 137.030051  50.496986  9.639
 77    11.993 54916.06501609 12.76 137.028601  50.493756  9.639
 77    12.093 54916.06501673 12.04 137.027151  50.490516  9.639
 77    12.053 54916.06501867 11.15 137.022818  50.480815  2.911
 78    20.036 54951.06501704 16.90 137.053231  50.529026 12.613
 78    15.381 54951.06501769 18.75 137.051791  50.525796 12.613
 78    15.610 54951.06501833 18.37 137.050341  50.522556 12.613
 78    15.062 54951.06501898 20.72 137.048891  50.519326 12.613
 78    14.897 54951.06501962 21.13 137.047441  50.516096 12.613
 78    15.292 54951.06502027 21.06 137.045991  50.512866 12.613
 78    14.327 54951.06502091 22.34 137.044551  50.509626 12.613
 78    13.799 54951.06502156 21.02 137.043101  50.506396 12.613
 78    13.911 54951.06502220 20.32 137.041651  50.503166 12.613
 78    15.695 54951.06502285 19.34 137.040201  50.499926 12.613
 78    15.683 54951.06502349 19.15 137.038761  50.496696 12.613
 78    15.829 54951.06502414 20.63 137.037311  50.493466 12.613
 78    15.988 54951.06502478 21.90 137.035861  50.490236 12.613
 78    16.064 54951.06502542 25.06 137.034421  50.486996 12.613
 78    15.880 54951.06502607 25.07 137.032971  50.483766 12.613
 78    15.951 54951.06502671 25.26 137.031521  50.480536 12.613
 78    16.082 54951.06502736 26.60 137.030083  50.477296 28.726
 78    16.181 54951.06502800 22.62 137.028633  50.474066 28.726
 78    16.408 54951.06502865 20.54 137.027193  50.470836 28.726
 79    14.501 54986.06504190 23.71 137.051750  50.529090 11.731
 79    14.078 54986.06504255 22.70 137.050300  50.525850 11.731
 79    14.053 54986.06504319 18.92 137.048850  50.522620 11.731
 79    14.441 54986.06504384 17.50 137.047400  50.519390 11.731
 79    14.377 54986.06504448 16.68 137.045950  50.516160 11.731
 79    15.097 54986.06504513 15.59 137.044510  50.512920 11.731
 79    15.292 54986.06504577 14.31 137.043060  50.509690 11.731
 79    14.086 54986.06504642 15.26 137.041610  50.506460 11.731
 79    13.748 54986.06504706 15.87 137.040160  50.503230 11.731
 79    14.147 54986.06504771 14.23 137.038720  50.499990 11.731
 79    14.029 54986.06504835 14.47 137.037270  50.496760 11.731
 79    14.174 54986.06504900 15.85 137.035820  50.493530 11.731
 79    14.336 54986.06504964 17.14 137.034380  50.490290 11.731
 79    14.556 54986.06505029 18.95 137.032930  50.487060 11.731
 79    14.272 54986.06505093 20.10 137.031480  50.483830 11.731
 79    14.237 54986.06505157 17.78 137.030041  50.480592 25.100
 79    14.605 54986.06505222 16.32 137.028591  50.477362 25.100
 79    17.551 54986.06505286 14.84 137.027151  50.474132 25.100
 79    17.929 54986.06505351 17.97 137.025701  50.470892 25.100
 80    23.850 55021.06503531 18.18 137.052452  50.527552  5.812
 80    23.689 55021.06503596 17.83 137.051012  50.524312  5.812
 80    20.732 55021.06503660 18.45 137.049562  50.521082  5.812
 80    20.077 55021.06503725 19.47 137.048112  50.517852  5.812
 80    17.612 55021.06503789 20.84 137.046662  50.514622  5.812
 80    15.791 55021.06503853 21.71 137.045222  50.511382  5.812
 80    15.099 55021.06503918 23.86 137.043772  50.508152  5.812
 80    14.518 55021.06503982 24.19 137.042322  50.504922  5.812
 80    14.869 55021.06504047 20.95 137.040872  50.501682  5.812
 80    15.938 55021.06504111 17.85 137.039432  50.498452  5.812
 80    16.391 55021.06504176 16.87 137.037982  50.495222  5.812
 80    16.470 55021.06504240 17.73 137.036542  50.491992  5.812
 80    16.301 55021.06504305 18.50 137.035092  50.488752  5.812
 80    16.345 55021.06504369 19.67 137.033642  50.485522  5.812
 80    16.241 55021.06504434 21.08 137.032202  50.482292  5.812
 80    16.330 55021.06504498 19.45 137.030749  50.479053 31.017
 80    16.485 55021.06504563 19.01 137.029309  50.475823 31.017
 80    17.701 55021.06504627 18.14 137.027859  50.472593 31.017
 80    17.723 55021.06504692 22.19 137.026419  50.469353 31.017
 81    20.371 55056.06503248 19.50 137.050380  50.526249 10.371
 81    17.502 55056.06503312 21.17 137.048940  50.523009 10.371
 81    17.209 55056.06503377 23.99 137.047490  50.519779 10.371
 81    16.647 55056.06503441 27.06 137.046040  50.516549 10.371
 81    17.028 55056.06503506 27.22 137.044590  50.513319 10.371
 81    17.242 55056.06503570 28.38 137.043150  50.510079 10.371
 81    17.464 55056.06503635 29.54 137.041700  50.506849 10.371
 81    17.566 55056.06503699 28.11 137.040250  50.503619 10.371
 81    17.755 55056.06503764 27.47 137.038810  50.500379 10.371
 81    17.845 55056.06503828 26.87 137.037360  50.497149 10.371
 81    17.923 55056.06503892 22.63 137.035910  50.493919 10.371
 81    18.057 55056.06503957 22.06 137.034470  50.490689 10.371
 81    18.208 55056.06504021 24.11 137.033020  50.487449 10.371
 81    18.251 55056.06504086 23.34 137.031580  50.484219 10.371
 81    18.173 55056.06504150 22.09 137.030130  50.480989 10.371
 81    18.249 55056.06504215 21.64 137.028680  50.477758 32.305
 81    18.755 55056.06504279 26.53 137.027240  50.474518 32.305
 81    18.977 55056.06504344 33.50 137.025790  50.471288 32.305
 82    18.198 55091.06499064 29.40 137.045421  50.527115 15.581
 82    17.988 55091.06499128 35.83 137.043971  50.523885 15.581
 82    18.048 55091.06499193 33.60 137.042521  50.520645 15.581
 82    18.003 55091.06499257 34.01 137.041081  50.517415 15.581
 82    17.914 55091.06499322 35.61 137.039631  50.514185 15.581
 82    17.971 55091.06499386 37.28 137.038181  50.510955 15.581
 82    18.097 55091.06499451 35.70 137.036741  50.507715 15.581
 82    18.025 55091.06499515 33.38 137.035291  50.504485 15.581
 82    18.134 55091.06499579 30.49 137.033841  50.501255 15.581
 82    17.884 55091.06499644 30.39 137.032401  50.498015 15.581
 82    17.672 55091.06499708 31.56 137.030951  50.494785 15.581
 82    17.828 55091.06499773 31.08 137.029511  50.491555 15.581
 82    18.079 55091.06499837 32.03 137.028061  50.488325 15.581
 82    18.197 55091.06499902 32.05 137.026621  50.485085 15.581
 82    18.354 55091.06499966 30.45 137.025171  50.481855 15.581
 82    18.460 55091.06500031 29.43 137.023721  50.478625 15.581
 83    33.245 55126.06496856 20.33 137.060225  50.541189  5.200
 83    33.013 55126.06496920 17.28 137.058775  50.537949  5.200
 83    23.914 55126.06497114 15.77 137.054435  50.528249  5.200
 83    21.436 55126.06497178 15.84 137.052985  50.525019  5.200
 83    20.207 55126.06497243 16.82 137.051535  50.521789  5.200
 83    18.855 55126.06497307 18.38 137.050085  50.518559  5.200
 83    17.544 55126.06497372 18.77 137.048645  50.515319  5.200
 83    15.175 55126.06497436 20.53 137.047195  50.512089  5.200
 83    15.836 55126.06497501 19.52 137.045745  50.508859  5.200
 83    16.185 55126.06497565 17.81 137.044295  50.505629  5.200
 83    16.158 55126.06497629 17.50 137.042855  50.502389  5.200
 83    16.501 55126.06497694 16.91 137.041405  50.499159  5.200
 83    16.778 55126.06497758 16.71 137.039955  50.495929  5.200
 83    16.117 55126.06497823 19.34 137.038515  50.492689  5.200
 83    16.031 55126.06497887 21.13 137.037065  50.489459  5.200
 83    15.859 55126.06497952 23.22 137.035615  50.486229  5.200
 83    15.841 55126.06498016 20.97 137.034173  50.482993 26.721
 83    16.024 55126.06498081 21.48 137.032723  50.479763 26.721
 83    16.358 55126.06498145 20.80 137.031283  50.476533 26.721
 83    17.195 55126.06498210 19.54 137.029833  50.473293 26.721
 83    17.814 55126.06498274 19.25 137.028393  50.470063 26.721
 85    13.065 55196.06495798 18.94 137.064742  50.545774  8.659
 85    13.050 55196.06495862 18.78 137.063292  50.542544  8.659
 85    13.177 55196.06495927 18.03 137.061842  50.539304  8.659
 85    12.953 55196.06495991 18.38 137.060402  50.536074  8.659
 85    12.946 55196.06496056 17.99 137.058952  50.532844  8.659
 85    12.976 55196.06496120 18.15 137.057502  50.529614  8.659
 85    13.069 55196.06496185 17.61 137.056052  50.526374  8.659
 85    13.067 55196.06496249 17.46 137.054602  50.523144  8.659
 85    13.139 55196.06496314 16.15 137.053152  50.519914  8.659
 85    15.584 55196.06496378 15.89 137.051702  50.516684  8.659
 85    16.312 55196.06496443 16.02 137.050262  50.513444  8.659
 85    16.369 55196.06496507 16.56 137.048812  50.510214  8.659
 85    16.688 55196.06496572 16.14 137.047362  50.506984  8.659
 85    13.190 55196.06496636 16.55 137.045912  50.503754  8.659
 85    13.229 55196.06496701 17.30 137.044462  50.500514  8.659
 85    13.519 55196.06496765 23.02 137.043022  50.497284  8.659
 85    13.622 55196.06496829 38.71 137.041572  50.494054  8.659
 85    13.836 55196.06496894 45.29 137.040122  50.490814  8.659
 85    13.463 55196.06496958 23.26 137.038682  50.487584  8.659
 85    13.343 55196.06497023 16.10 137.037232  50.484354  8.659
 85    13.492 55196.06497087 17.61 137.035784  50.481117  3.528
 85    14.268 55196.06497152 17.23 137.034344  50.477887  3.528
 85    14.701 55196.06497216 16.99 137.032894  50.474657  3.528
 85    14.919 55196.06497281 18.49 137.031444  50.471417  3.528
 85    15.435 55196.06497345 18.17 137.030004  50.468187  3.528
 85    15.678 55196.06497410 16.80 137.028554  50.464957  3.528
 86    21.605 55231.06495541 13.16 137.045094  50.526217  8.547
 86    13.092 55231.06495605 12.48 137.043644  50.522987  8.547
 86    13.163 55231.06495670 12.72 137.042194  50.519757  8.547
 86    13.155 55231.06495734 12.70 137.040744  50.516527  8.547
 86    13.192 55231.06495799 12.83 137.039304  50.513287  8.547
 86    13.263 55231.06495863 13.14 137.037854  50.510057  8.547
 86    13.271 55231.06495928 12.95 137.036404  50.506827  8.547
 86    13.313 55231.06495992 13.20 137.034964  50.503587  8.547
 86    13.693 55231.06496057 23.17 137.033514  50.500357  8.547
 86    13.109 55231.06496121 32.42 137.032074  50.497127  8.547
 86    13.177 55231.06496186 17.15 137.030624  50.493897  8.547
 86    13.196 55231.06496250 12.62 137.029174  50.490657  8.547
 86    13.312 55231.06496315 13.08 137.027734  50.487427  8.547
 86    13.904 55231.06496443 13.16 137.024840  50.480958  2.776
 86    14.593 55231.06496508 13.15 137.023400  50.477728  2.776
 87    23.422 55266.06495401 10.80 137.060091  50.541609  3.590
 87    22.637 55266.06495466 11.60 137.058641  50.538369  3.590
 87    12.225 55266.06495659 14.05 137.054301  50.528669  3.590
 87    20.633 55266.06495723 11.70 137.052851  50.525439  3.590
 87    19.720 55266.06495788 11.89 137.051401  50.522209  3.590
 87    19.099 55266.06495852 11.04 137.049951  50.518979  3.590
 87    17.783 55266.06495917 10.27 137.048511  50.515739  3.590
 87    15.877 55266.06495981 10.66 137.047061  50.512509  3.590
 87    13.098 55266.06496046 11.32 137.045611  50.509279  3.590
 87    12.710 55266.06496110 10.98 137.044161  50.506039  3.590
 87    12.823 55266.06496175 11.01 137.042721  50.502809  3.590
 87    12.819 55266.06496239 10.69 137.041271  50.499579  3.590
 87    12.991 55266.06496304 10.86 137.039821  50.496349  3.590
 87    13.091 55266.06496368 10.79 137.038381  50.493109  3.590
 87    13.066 55266.06496433 11.48 137.036931  50.489879  3.590
 87    13.120 55266.06496497 10.84 137.035481  50.486649  3.590
 87    13.194 55266.06496562 10.76 137.034039  50.483411  2.989
 87    13.419 55266.06496626 10.54 137.032589  50.480181  2.989
 87    14.162 55266.06496690 10.45 137.031149  50.476951  2.989
 87    13.731 55266.06496755 11.11 137.029699  50.473711  2.989
 87    14.680 55266.06496819 10.59 137.028259  50.470481  2.989
 88    21.161 55301.06493629 17.04 137.046889  50.527283 10.755
 88    21.128 55301.06493693 14.65 137.045439  50.524053 10.755
 88    20.457 55301.06493758 14.02 137.043989  50.520823 10.755
 88    20.007 55301.06493822 13.23 137.042549  50.517583 10.755
 88    18.483 55301.06493886 13.86 137.041099  50.514353 10.755
 88    17.475 55301.06493951 13.17 137.039649  50.511123 10.755
 88    15.596 55301.06494015 13.26 137.038209  50.507883 10.755
 88    16.408 55301.06494080 13.42 137.036759  50.504653 10.755
 88    14.443 55301.06494144 13.14 137.035309  50.501423 10.755
 88    14.984 55301.06494209 13.10 137.033869  50.498183 10.755
 88    13.366 55301.06494273 14.53 137.032419  50.494953 10.755
 88    14.329 55301.06494338 14.51 137.030979  50.491723 10.755
 88    14.777 55301.06494402 13.56 137.029529  50.488493 10.755
 88    14.557 55301.06494467 14.08 137.028089  50.485253 10.755
 88    13.869 55301.06494531 14.16 137.026639  50.482023 10.755
 88    14.026 55301.06494596 15.08 137.025199  50.478793 10.755
 88    13.881 55301.06494660 14.05 137.023750  50.475560  4.597
 89    21.755 55336.06493255 18.93 137.049823  50.526519  9.497
 89    20.681 55336.06493320 20.51 137.048383  50.523279  9.497
 89    19.429 55336.06493384 22.16 137.046933  50.520049  9.497
 89    17.357 55336.06493449 22.86 137.045483  50.516819  9.497
 89    16.517 55336.06493513 24.50 137.044033  50.513589  9.497
 89    16.391 55336.06493577 25.58 137.042593  50.510349  9.497
 89    16.437 55336.06493642 25.28 137.041143  50.507119  9.497
 89    16.518 55336.06493706 24.34 137.039693  50.503889  9.497
 89    16.495 55336.06493771 23.10 137.038243  50.500649  9.497
 89    16.589 55336.06493835 23.39 137.036803  50.497419  9.497
 89    16.583 55336.06493900 23.97 137.035353  50.494189  9.497
 89    16.624 55336.06493964 24.04 137.033913  50.490959  9.497
 89    16.643 55336.06494029 24.71 137.032463  50.487719  9.497
 89    16.652 55336.06494093 27.56 137.031013  50.484489  9.497
 89    16.764 55336.06494158 26.12 137.029573  50.481259  9.497
 89    17.109 55336.06494222 24.81 137.028121  50.478019 37.605
 89    17.213 55336.06494287 23.87 137.026681  50.474789 37.605
 89    17.593 55336.06494351 24.43 137.025231  50.471559 37.605
 90    21.197 55371.06492270 15.15 137.051929  50.527933 11.177
 90    17.544 55371.06492334 17.29 137.050489  50.524703 11.177
 90    17.634 55371.06492399 16.76 137.049039  50.521463 11.177
 90    17.006 55371.06492463 17.72 137.047589  50.518233 11.177
 90    16.946 55371.06492528 18.83 137.046139  50.515003 11.177
 90    16.590 55371.06492592 19.62 137.044699  50.511763 11.177
 90    16.866 55371.06492657 19.54 137.043249  50.508533 11.177
 90    16.498 55371.06492721 19.25 137.041799  50.505303 11.177
 90    16.274 55371.06492786 19.06 137.040359  50.502063 11.177
 90    16.695 55371.06492850 18.94 137.038909  50.498833 11.177
 90    16.071 55371.06492915 18.51 137.037459  50.495603 11.177
 90    16.187 55371.06492979 19.02 137.036019  50.492373 11.177
 90    15.457 55371.06493044 24.39 137.034569  50.489133 11.177
 90    15.467 55371.06493108 24.87 137.033119  50.485903 11.177
 90    15.671 55371.06493172 22.96 137.031679  50.482673 11.177
 90    16.000 55371.06493237 23.94 137.030226  50.479435 28.034
 90    16.636 55371.06493301 21.53 137.028786  50.476205 28.034
 90    17.486 55371.06493366 21.88 137.027336  50.472975 28.034
 91    34.524 55406.06493815 19.61 137.063529  50.543663  8.079
 91    33.159 55406.06493880 18.01 137.062079  50.540433  8.079
 91    23.012 55406.06493944 18.24 137.060629  50.537203  8.079
 91    23.392 55406.06494009 17.14 137.059179  50.533963  8.079
 91    23.295 55406.06494073 15.10 137.057729  50.530733  8.079
 91    23.099 55406.06494138 14.60 137.056289  50.527503  8.079
 91    20.988 55406.06494202 14.97 137.054839  50.524273  8.079
 91    19.936 55406.06494267 15.51 137.053389  50.521033  8.079
 91    18.807 55406.06494331 16.06 137.051939  50.517803  8.079
 91    17.593 55406.06494396 16.40 137.050489  50.514573  8.079
 91    16.654 55406.06494460 17.52 137.049049  50.511333  8.079
 91    15.924 55406.06494525 19.93 137.047599  50.508103  8.079
 91    14.839 55406.06494589 22.28 137.046149  50.504873  8.079
 91    14.970 55406.06494654 19.70 137.044699  50.501643  8.079
 91    15.768 55406.06494718 16.94 137.043259  50.498403  8.079
 91    15.470 55406.06494782 19.34 137.041809  50.495173  8.079
 91    15.353 55406.06494847 25.18 137.040359  50.491943  8.079
 91    15.445 55406.06494911 26.96 137.038919  50.488703  8.079
 91    15.461 55406.06494976 29.16 137.037469  50.485473  8.079
 91    15.156 55406.06495040 24.25 137.036019  50.482243  8.079
 91    15.501 55406.06495105 18.16 137.034577  50.479004 28.524
 91    16.381 55406.06495169 16.95 137.033127  50.475774 28.524
 91    17.106 55406.06495234 15.85 137.031687  50.472544 28.524
 91    17.154 55406.06495298 18.76 137.030237  50.469304 28.524
 91    17.122 55406.06495363 25.60 137.028797  50.466074 28.524
 92    20.567 55441.06494174 18.62 137.050152  50.526308 12.706
 92    19.262 55441.06494238 19.80 137.048712  50.523068 12.706
 92    19.162 55441.06494303 21.62 137.047262  50.519838 12.706
 92    19.044 55441.06494367 24.33 137.045812  50.516608 12.706
 92    18.987 55441.06494432 25.37 137.044362  50.513378 12.706
 92    18.688 55441.06494496 26.39 137.042922  50.510138 12.706
 92    19.461 55441.06494561 26.03 137.041472  50.506908 12.706
 92    17.919 55441.06494625 29.01 137.040022  50.503678 12.706
 92    17.964 55441.06494689 26.30 137.038582  50.500438 12.706
 92    18.104 55441.06494754 25.15 137.037132  50.497208 12.706
 92    18.211 55441.06494818 25.09 137.035682  50.493978 12.706
 92    18.248 55441.06494883 25.08 137.034242  50.490748 12.706
 92    18.161 55441.06494947 26.48 137.032792  50.487508 12.706
 92    18.084 55441.06495012 27.20 137.031342  50.484278 12.706
 92    18.225 55441.06495076 26.95 137.029902  50.481048 12.706
 92    18.277 55441.06495141 25.13 137.028453  50.477817 37.765
 92    18.497 55441.06495205 26.22 137.027013  50.474577 37.765
 92    18.745 55441.06495270 30.25 137.025563  50.471347 37.765
 93    20.410 55476.06488529 17.08 137.045688  50.526129 10.382
 93    19.663 55476.06488594 16.73 137.044238  50.522899 10.382
 93    19.939 55476.06488658 17.77 137.042798  50.519659 10.382
 93    15.646 55476.06488722 19.27 137.041348  50.516429 10.382
 93    15.822 55476.06488787 20.71 137.039898  50.513199 10.382
 93    15.589 55476.06488851 19.31 137.038458  50.509959 10.382
 93    15.458 55476.06488916 18.29 137.037008  50.506729 10.382
 93    15.019 55476.06488980 17.76 137.035558  50.503499 10.382
 93    14.885 55476.06489045 18.44 137.034118  50.500259 10.382
 93    14.766 55476.06489109 19.50 137.032668  50.497029 10.382
 93    14.779 55476.06489174 20.20 137.031228  50.493799 10.382
 93    14.771 55476.06489238 22.57 137.029778  50.490569 10.382
 93    14.787 55476.06489303 24.13 137.028338  50.487329 10.382
 93    14.928 55476.06489367 26.26 137.026888  50.484099 10.382
 93    16.036 55476.06489432 26.19 137.025448  50.480869 10.382
 93    16.797 55476.06489496 26.27 137.024001  50.477629 34.232
