-216880.075    -0.038     0.00    0.00
-216504.925    -0.038     0.00    0.00
-216129.824    -0.038     0.00    0.00
-215754.773    -0.038     0.00    0.00
-215379.772    -0.038     0.00    0.00
-215004.819    -0.038     0.00    0.00
-214629.916    -0.038     0.00    0.00
-214255.063    -0.038     0.00    0.00
-213880.259    -0.038     0.00    0.00
-213505.504    -0.038     0.00    0.00
-213130.798    -0.038     0.00    0.00
-212756.142    -0.038     0.00    0.00
-212381.535    -0.038     0.00    0.00
-212006.977    -0.038     0.00    0.00
-211632.468    -0.038     0.00    0.00
-211258.009    -0.038     0.00    0.00
-210883.599    -0.038     0.00    0.00
-210509.238    -0.038     0.00    0.00
-210134.926    -0.038     0.00    0.00
-209760.663    -0.038     0.00    0.00
-209386.449    -0.038     0.00    0.00
-209012.285    -0.038     0.00    0.00
-208638.169    -0.038     0.00    0.00
-208264.102    -0.038     0.00    0.00
-207890.085    -0.038     0.00    0.00
-207516.116    -0.038     0.00    0.00
-207142.197    -0.038     0.00    0.00
-206768.326    -0.038     0.00    0.00
-206394.505    -0.038     0.00    0.00
-206020.732    -0.038     0.00    0.00
-205647.008    -0.038     0.00    0.00
-205273.333    -0.038     0.00    0.00
-204899.707    -0.038     0.00    0.00
-204526.129    -0.038     0.00    0.00
-204152.601    -0.038     0.00    0.00
-203779.121    -0.038     0.00    0.00
-203405.690    -0.038     0.00    0.00
-203032.308    -0.038     0.00    0.00
-202658.975    -0.038     0.00    0.00
-202285.690    -0.038     0.00    0.00
-201912.454    -0.038     0.00    0.00
-201539.266    -0.038     0.00    0.00
-201166.128    -0.038     0.00    0.00
-200793.038    -0.038     0.00    0.00
-200419.996    -0.038     0.00    0.00
-200047.003    -0.038     0.00    0.00
-199674.059    -0.038     0.00    0.00
-199301.163    -0.038     0.00    0.00
-198928.316    -0.038     0.00    0.00
-198555.517    -0.038     0.00    0.00
-198182.767    -0.038     0.00    0.00
-197810.065    -0.038     0.00    0.00
-197437.411    -0.038     0.00    0.00
-197064.807    -0.038     0.00    0.00
-196692.250    -0.038     0.00    0.00
-196319.742    -0.038     0.00    0.00
-195947.282    -0.038     0.00    0.00
-195574.871    -0.038     0.00    0.00
-195202.508    -0.038     0.00    0.00
-194830.193    -0.038     0.00    0.00
-194457.926    -0.038     0.00    0.00
-194085.708    -0.038     0.00    0.00
-193713.538    -0.038     0.00    0.00
-193341.416    -0.038     0.00    0.00
-192969.343    -0.038     0.00    0.00
-192597.317    -0.038     0.00    0.00
-192225.340    -0.038     0.00    0.00
-191853.411    -0.038     0.00    0.00
-191481.530    -0.038     0.00    0.00
-191109.697    -0.038     0.00    0.00
-190737.913    -0.038     0.00    0.00
-190366.176    -0.038     0.00    0.00
-189994.487    -0.038     0.00    0.00
-189622.847    -0.038     0.00    0.00
-189251.254    -0.038     0.00    0.00
-188879.709    -0.038     0.00    0.00
-188508.213    -0.038     0.00    0.00
-188136.764    -0.038     0.00    0.00
-187765.363    -0.038     0.00    0.00
-187394.011    -0.038     0.00    0.00
-187022.706    -0.038     0.00    0.00
-186651.449    -0.038     0.00    0.00
-186280.239    -0.038     0.00    0.00
-185909.078    -0.038     0.00    0.00
-185537.964    -0.038     0.00    0.00
-185166.899    -0.038     0.00    0.00
-184795.880    -0.038     0.00    0.00
-184424.910    -0.038     0.00    0.00
-184053.988    -0.038     0.00    0.00
-183683.113    -0.038     0.00    0.00
-183312.286    -0.038     0.00    0.00
-182941.506    -0.038     0.00    0.00
-182570.774    -0.038     0.00    0.00
-182200.090    -0.038     0.00    0.00
-181829.454    -0.038     0.00    0.00
-181458.865    -0.038     0.00    0.00
-181088.323    -0.038     0.00    0.00
-180717.830    -0.038     0.00    0.00
-180347.383    -0.038     0.00    0.00
-179976.985    -0.038     0.00    0.00
-179606.633    -0.038     0.00    0.00
-179236.329    -0.038     0.00    0.00
-178866.073    -0.038     0.00    0.00
-178495.864    -0.038     0.00    0.00
-178125.703    -0.038     0.00    0.00
-177755.589    -0.038     0.00    0.00
-177385.522    -0.038     0.00    0.00
-177015.503    -0.038     0.00    0.00
-176645.531    -0.038     0.00    0.00
-176275.606    -0.038     0.00    0.00
-175905.729    -0.038     0.00    0.00
-175535.899    -0.038     0.00    0.00
-175166.116    -0.038     0.00    0.00
-174796.380    -0.038     0.00    0.00
-174426.692    -0.038     0.00    0.00
-174057.051    -0.038     0.00    0.00
-173687.457    -0.038     0.00    0.00
-173317.910    -0.038     0.00    0.00
-172948.410    -0.038     0.00    0.00
-172578.958    -0.038     0.00    0.00
-172209.553    -0.038     0.00    0.00
-171840.194    -0.038     0.00    0.00
-171470.883    -0.038     0.00    0.00
-171101.619    -0.038     0.00    0.00
-170732.402    -0.038     0.00    0.00
-170360.094    -0.038     0.00    0.00
-169981.278    -0.038     0.00    0.00
-169602.512    -0.038     0.00    0.00
-169223.795    -0.038     0.00    0.00
-168845.128    -0.038     0.00    0.00
-168466.511    -0.038     0.00    0.00
-168087.944    -0.038     0.00    0.00
-167709.426    -0.038     0.00    0.00
-167330.958    -0.038     0.00    0.00
-166952.539    -0.038     0.00    0.00
-166574.170    -0.038     0.00    0.00
-166195.851    -0.038     0.00    0.00
-165817.581    -0.038     0.00    0.00
-165439.361    -0.038     0.00    0.00
-165061.190    -0.038     0.00    0.00
-164683.068    -0.038     0.00    0.00
-164304.996    -0.038     0.00    0.00
-163926.973    -0.038     0.00    0.00
-163549.000    -0.038     0.00    0.00
-163171.076    -0.038     0.00    0.00
-162793.202    -0.038     0.00    0.00
-162415.376    -0.038     0.00    0.00
-162037.601    -0.038     0.00    0.00
-161659.874    -0.038     0.00    0.00
-161282.197    -0.038     0.00    0.00
-160904.569    -0.038     0.00    0.00
-160526.990    -0.038     0.00    0.00
-160149.460    -0.038     0.00    0.00
-159771.980    -0.038     0.00    0.00
-159394.549    -0.038     0.00    0.00
-159017.167    -0.038     0.00    0.00
-158639.834    -0.038     0.00    0.00
-158262.550    -0.038     0.00    0.00
-157885.315    -0.038     0.00    0.00
-157508.129    -0.038     0.00    0.00
-157130.993    -0.038     0.00    0.00
-156753.905    -0.038     0.00    0.00
-156376.867    -0.038     0.00    0.00
-155999.877    -0.038     0.00    0.00
-155622.936    -0.038     0.00    0.00
-155246.045    -0.038     0.00    0.00
-154869.202    -0.038     0.00    0.00
-154492.408    -0.038     0.00    0.00
-154115.663    -0.038     0.00    0.00
-153738.967    -0.038     0.00    0.00
-153362.320    -0.038     0.00    0.00
-152985.722    -0.038     0.00    0.00
-152609.172    -0.038     0.00    0.00
-152232.671    -0.038     0.00    0.00
-151856.219    -0.038     0.00    0.00
-151479.816    -0.038     0.00    0.00
-151103.461    -0.038     0.00    0.00
-150727.155    -0.038     0.00    0.00
-150350.898    -0.038     0.00    0.00
-149974.690    -0.038     0.00    0.00
-149598.530    -0.038     0.00    0.00
-149222.419    -0.038     0.00    0.00
-148846.356    -0.038     0.00    0.00
-148470.342    -0.038     0.00    0.00
-148094.376    -0.038     0.00    0.00
-147718.460    -0.038     0.00    0.00
-147342.591    -0.038     0.00    0.00
-146966.771    -0.038     0.00    0.00
-146591.000    -0.038     0.00    0.00
-146215.277    -0.038     0.00    0.00
-145839.602    -0.038     0.00    0.00
-145463.976    -0.038     0.00    0.00
-145088.399    -0.038     0.00    0.00
-144712.869    -0.038     0.00    0.00
-144337.388    -0.038     0.00    0.00
-143961.956    -0.038     0.00    0.00
-143586.571    -0.038     0.00    0.00
-143211.235    -0.038     0.00    0.00
-142835.948    -0.038     0.00    0.00
-142460.708    -0.038     0.00    0.00
-142085.517    -0.038     0.00    0.00
-141710.374    -0.038     0.00    0.00
-141335.280    -0.038     0.00    0.00
-140960.233    -0.038     0.00    0.00
-140585.235    -0.038     0.00    0.00
-140210.284    -0.038     0.00    0.00
-139835.382    -0.038     0.00    0.00
-139460.528    -0.038     0.00    0.00
-139085.722    -0.038     0.00    0.00
-138710.965    -0.038     0.00    0.00
-138336.255    -0.038     0.00    0.00
-137961.593    -0.038     0.00    0.00
-137586.979    -0.038     0.00    0.00
-137212.413    -0.038     0.00    0.00
-136837.896    -0.038     0.00    0.00
-136463.426    -0.038     0.00    0.00
-136089.004    -0.038     0.00    0.00
-135714.630    -0.038     0.00    0.00
-135340.304    -0.038     0.00    0.00
-134966.025    -0.038     0.00    0.00
-134591.795    -0.038     0.00    0.00
-134217.612    -0.038     0.00    0.00
-133843.478    -0.038     0.00    0.00
-133469.391    -0.038     0.00    0.00
-133095.352    -0.038     0.00    0.00
-132721.360    -0.038     0.00    0.00
-132347.416    -0.038     0.00    0.00
-131973.520    -0.038     0.00    0.00
-131599.672    -0.038     0.00    0.00
-131225.872    -0.038     0.00    0.00
-130852.119    -0.038     0.00    0.00
-130478.413    -0.038     0.00    0.00
-130104.755    -0.038     0.00    0.00
-129731.145    -0.038     0.00    0.00
-129357.583    -0.038     0.00    0.00
-128984.068    -0.038     0.00    0.00
-128610.600    -0.038     0.00    0.00
-128237.180    -0.038     0.00    0.00
-127863.808    -0.038     0.00    0.00
-127490.483    -0.038     0.00    0.00
-127117.206    -0.038     0.00    0.00
-126743.976    -0.038     0.00    0.00
-126370.793    -0.038     0.00    0.00
-125997.658    -0.038     0.00    0.00
-125624.570    -0.038     0.00    0.00
-125251.529    -0.038     0.00    0.00
-124878.536    -0.038     0.00    0.00
-124505.591    -0.038     0.00    0.00
-124132.692    -0.038     0.00    0.00
-123759.841    -0.038     0.00    0.00
-123387.037    -0.038     0.00    0.00
-123014.280    -0.038     0.00    0.00
-122641.571    -0.038     0.00    0.00
-122268.909    -0.038     0.00    0.00
-121896.294    -0.038     0.00    0.00
-121523.726    -0.038     0.00    0.00
-121151.205    -0.038     0.00    0.00
-120778.731    -0.038     0.00    0.00
-120406.305    -0.038     0.00    0.00
-120033.925    -0.038     0.00    0.00
-119661.593    -0.038     0.00    0.00
-119289.308    -0.038     0.00    0.00
-118917.070    -0.038     0.00    0.00
-118544.879    -0.038     0.00    0.00
-118172.734    -0.038     0.00    0.00
-117800.637    -0.038     0.00    0.00
-117428.587    -0.038     0.00    0.00
-117056.584    -0.038     0.00    0.00
-116684.627    -0.038     0.00    0.00
-116312.718    -0.038     0.00    0.00
-115940.855    -0.038     0.00    0.00
-115569.039    -0.038     0.00    0.00
-115197.271    -0.038     0.00    0.00
-114825.549    -0.038     0.00    0.00
-114453.873    -0.038     0.00    0.00
-114082.245    -0.038     0.00    0.00
-113710.663    -0.038     0.00    0.00
-113339.128    -0.038     0.00    0.00
-112967.640    -0.038     0.00    0.00
-112596.199    -0.038     0.00    0.00
-112224.804    -0.038     0.00    0.00
-111853.456    -0.038     0.00    0.00
-111482.154    -0.038     0.00    0.00
-111110.900    -0.038     0.00    0.00
-110739.691    -0.038     0.00    0.00
-110368.530    -0.038     0.00    0.00
-109997.415    -0.038     0.00    0.00
-109626.347    -0.038     0.00    0.00
-109255.325    -0.038     0.00    0.00
-108884.349    -0.038     0.00    0.00
-108513.421    -0.038     0.00    0.00
-108142.538    -0.038     0.00    0.00
-107771.702    -0.038     0.00    0.00
-107400.913    -0.038     0.00    0.00
-107030.170    -0.038     0.00    0.00
-106659.473    -0.038     0.00    0.00
-106288.823    -0.038     0.00    0.00
-105918.219    -0.038     0.00    0.00
-105547.662    -0.038     0.00    0.00
-105177.151    -0.038     0.00    0.00
-104806.686    -0.038     0.00    0.00
-104436.268    -0.038     0.00    0.00
-104065.896    -0.038     0.00    0.00
-103695.570    -0.038     0.00    0.00
-103325.290    -0.038     0.00    0.00
-102955.057    -0.038     0.00    0.00
-102584.869    -0.038     0.00    0.00
-102214.728    -0.038     0.00    0.00
-101844.633    -0.038     0.00    0.00
-101474.585    -0.038     0.00    0.00
-101104.582    -0.038     0.00    0.00
-100734.626    -0.038     0.00    0.00
-100364.715    -0.038     0.00    0.00
 -99994.851    -0.038     0.00    0.00
 -99625.033    -0.038     0.00    0.00
 -99255.261    -0.038     0.00    0.00
 -98885.535    -0.038     0.00    0.00
 -98515.854    -0.038     0.00    0.00
 -98146.220    -0.038     0.00    0.00
 -97776.632    -0.038     0.00    0.00
 -97407.090    -0.038     0.00    0.00
 -97037.594    -0.038     0.00    0.00
 -96668.143    -0.038     0.00    0.00
 -96298.739    -0.038     0.00    0.00
 -95929.380    -0.038     0.00    0.00
 -95558.421    -0.038     0.00    0.00
 -95179.707    -0.038     0.00    0.00
 -94801.042    -0.038     0.00    0.00
 -94422.425    -0.038     0.00    0.00
 -94043.857    -0.038     0.00    0.00
 -93665.337    -0.038     0.00    0.00
 -93286.865    -0.038     0.00    0.00
 -92908.442    -0.038     0.00    0.00
 -92530.067    -0.038     0.00    0.00
 -92151.740    -0.038     0.00    0.00
 -91773.462    -0.038     0.00    0.00
 -91395.231    -0.038     0.00    0.00
 -91017.050    -0.038     0.00    0.00
 -90638.916    -0.038     0.00    0.00
 -90260.830    -0.038     0.00    0.00
 -89882.793    -0.038     0.00    0.00
 -89504.804    -0.038     0.00    0.00
 -89126.863    -0.038     0.00    0.00
 -88748.970    -0.038     0.00    0.00
 -88371.125    -0.038     0.00    0.00
 -87993.328    -0.038     0.00    0.00
 -87615.579    -0.038     0.00    0.00
 -87237.879    -0.038     0.00    0.00
 -86860.226    -0.038     0.00    0.00
 -86482.621    -0.038     0.00    0.00
 -86105.065    -0.038     0.00    0.00
 -85727.556    -0.038     0.00    0.00
 -85350.095    -0.038     0.00    0.00
 -84972.682    -0.038     0.00    0.00
 -84595.317    -0.038     0.00    0.00
 -84218.000    -0.038     0.00    0.00
 -83840.731    -0.038     0.00    0.00
 -83463.510    -0.038     0.00    0.00
 -83086.336    -0.038     0.00    0.00
 -82709.210    -0.038     0.00    0.00
 -82332.132    -0.038     0.00    0.00
 -81955.102    -0.038     0.00    0.00
 -81578.120    -0.038     0.00    0.00
 -81201.185    -0.038     0.00    0.00
 -80824.298    -0.038     0.00    0.00
 -80447.459    -0.038     0.00    0.00
 -80070.667    -0.038     0.00    0.00
 -79693.923    -0.038     0.00    0.00
 -79317.227    -0.038     0.00    0.00
 -78940.578    -0.038     0.00    0.00
 -78563.977    -0.038     0.00    0.00
 -78187.423    -0.038     0.00    0.00
 -77810.917    -0.038     0.00    0.00
 -77434.458    -0.038     0.00    0.00
 -77058.047    -0.038     0.00    0.00
 -76681.684    -0.038     0.00    0.00
 -76305.368    -0.038     0.00    0.00
 -75929.099    -0.038     0.00    0.00
 -75552.878    -0.038     0.00    0.00
 -75176.704    -0.038     0.00    0.00
 -74800.578    -0.038     0.00    0.00
 -74424.499    -0.038     0.00    0.00
 -74048.467    -0.038     0.00    0.00
 -73672.483    -0.038     0.00    0.00
 -73296.546    -0.038     0.00    0.00
 -72920.656    -0.038     0.00    0.00
 -72544.814    -0.038     0.00    0.00
 -72169.019    -0.038     0.00    0.00
 -71793.271    -0.038     0.00    0.00
 -71417.570    -0.038     0.00    0.00
 -71041.917    -0.038     0.00    0.00
 -70666.311    -0.038     0.00    0.00
 -70290.752    -0.038     0.00    0.00
 -69915.240    -0.038     0.00    0.00
 -69539.775    -0.038     0.00    0.00
 -69164.357    -0.038     0.00    0.00
 -68788.987    -0.038     0.00    0.00
 -68413.663    -0.038     0.00    0.00
 -68038.387    -0.038     0.00    0.00
 -67663.157    -0.038     0.00    0.00
 -67287.975    -0.038     0.00    0.00
 -66912.839    -0.038     0.00    0.00
 -66537.751    -0.038     0.00    0.00
 -66162.709    -0.038     0.00    0.00
 -65787.715    -0.038     0.00    0.00
 -65412.767    -0.038     0.00    0.00
 -65037.866    -0.038     0.00    0.00
 -64663.012    -0.038     0.00    0.00
 -64288.205    -0.038     0.00    0.00
 -63913.445    -0.038     0.00    0.00
 -63538.732    -0.038     0.00    0.00
 -63164.065    -0.038     0.00    0.00
 -62789.446    -0.038     0.00    0.00
 -62414.873    -0.038     0.00    0.00
 -62040.346    -0.038     0.00    0.00
 -61665.867    -0.038     0.00    0.00
 -61291.434    -0.038     0.00    0.00
 -60917.048    -0.038     0.00    0.00
 -60542.709    -0.038     0.00    0.00
 -60168.416    -0.038     0.00    0.00
 -59794.170    -0.038     0.00    0.00
 -59419.970    -0.038     0.00    0.00
 -59045.818    -0.038     0.00    0.00
 -58671.711    -0.038     0.00    0.00
 -58297.651    -0.038     0.00    0.00
 -57923.638    -0.038     0.00    0.00
 -57549.672    -0.038     0.00    0.00
 -57175.751    -0.038     0.00    0.00
 -56801.878    -0.038     0.00    0.00
 -56428.051    -0.038     0.00    0.00
 -56054.270    -0.038     0.00    0.00
 -55680.535    -0.038     0.00    0.00
 -55306.848    -0.038     0.00    0.00
 -54933.206    -0.038     0.00    0.00
 -54559.611    -0.038     0.00    0.00
 -54186.062    -0.038     0.00    0.00
 -53812.560     0.879     2.45    2.11
 -53439.103     3.119     6.00    3.69
 -53065.694     6.204     8.26    4.42
 -52692.330     9.869     9.81    4.61
 -52319.013    15.801    15.89    7.02
 -51945.742    23.105    19.57   10.94
 -51572.517    33.839    28.76   14.23
 -51199.338    48.634    39.65   19.72
 -50826.206    68.085    52.13   27.82
 -50453.120    90.994    61.41   38.26
 -50080.080   120.837    80.00   40.68
 -49707.086   142.746    58.74   29.93
 -49334.138   148.417    15.21   25.50
 -48961.236   149.479     2.85   29.47
 -48588.381   145.156   -11.60   30.53
 -48215.571   139.478   -15.23   35.44
 -47842.807   123.822   -42.00   39.42
 -47470.090    95.645   -75.60   36.67
 -47097.418    80.327   -41.10   29.96
 -46724.793    72.556   -20.86   23.79
 -46352.213    69.900    -7.13   23.79
 -45979.680    63.391   -17.47   24.79
 -45607.192    54.785   -23.11   24.71
 -45234.750    48.740   -16.23   18.42
 -44862.354    52.372     9.75   21.70
 -44490.005    74.007    58.11   36.13
 -44117.700   103.047    78.00   36.41
 -43745.442   119.979    45.49   28.95
 -43373.230   114.696   -14.19   38.08
 -43001.063    94.826   -53.39   45.69
 -42628.942    71.153   -63.62   35.94
 -42256.867    59.478   -31.38   16.87
 -41884.838    64.882    14.53   17.37
 -41512.854    78.994    37.94   24.37
 -41140.916    95.851    45.33   29.08
 -40769.024   108.236    33.30   32.72
 -40397.178   128.391    54.20   36.62
 -40025.377   149.192    55.95   38.91
 -39653.622   170.753    58.00   39.66
 -39281.912   193.229    60.47   44.93
 -38910.248   214.389    56.93   49.04
 -38538.630   229.146    39.71   49.54
 -38167.057   238.978    26.46   42.60
 -37795.529   250.156    30.09   42.40
 -37424.048   270.423    54.56   42.31
 -37052.612   288.073    47.52   39.38
 -36681.221   307.384    52.00   32.90
 -36309.876   331.525    65.01   39.91
 -35938.576   356.244    66.58   47.11
 -35567.321   397.677   111.61   53.43
 -35196.113   433.059    95.32   48.51
 -34824.949   449.248    43.62   36.48
 -34453.831   438.511   -28.93   48.14
 -34082.758   399.058  -106.33   69.74
 -33711.731   351.536  -128.08   61.13
 -33340.749   312.056  -106.42   49.40
 -32969.812   287.279   -66.80   43.65
 -32598.921   276.116   -30.10   42.95
 -32228.074   270.579   -14.93   39.65
 -31857.274   264.527   -16.32   33.22
 -31486.518   243.366   -57.08   38.45
 -31115.807   226.947   -44.29   42.07
 -30745.142   211.430   -41.86   35.76
 -30374.522   228.181    45.20   50.83
 -30003.947   274.759   125.70   66.94
 -29633.418   310.788    97.24   55.46
 -29262.933   324.478    36.95   43.83
 -28892.494   310.629   -37.39   47.89
 -28522.099   279.040   -85.29   48.51
 -28151.750   245.930   -89.41   39.56
 -27781.446   224.353   -58.27   27.20
 -27411.187   205.815   -50.07   26.20
 -27040.973   186.188   -53.02   30.05
 -26670.804   166.096   -54.28   28.40
 -26300.680   140.387   -69.46   31.09
 -25930.601   117.420   -62.06   29.18
 -25560.566   108.785   -23.34   25.91
 -25190.577   107.725    -2.86   28.31
 -24820.633   118.068    27.96   34.37
 -24450.734   135.785    47.90   33.06
 -24080.879   153.216    47.13   29.01
 -23711.070   168.478    41.27   35.04
 -23341.305   183.775    41.37   41.66
 -22971.585   197.391    36.83   48.46
 -22601.910   215.502    48.99   53.96
 -22232.280   232.438    45.82   58.62
 -21862.694   248.756    44.15   61.94
 -21493.153   261.264    33.85   59.71
 -21123.658   271.366    27.34   56.27
 -20753.902   300.550    78.93   58.39
 -20375.288   335.896    93.36   52.80
 -19996.721   385.553   131.17   52.57
 -19618.200   427.846   111.73   47.62
 -19239.727   438.581    28.37   46.21
 -18861.301   420.366   -48.14   69.37
 -18482.923   367.073  -140.85   91.02
 -18104.591   296.597  -186.28   81.71
 -17726.306   243.882  -139.36   61.63
 -17348.069   199.414  -117.57   38.50
 -16969.878   180.946   -48.83   29.75
 -16591.734   181.843     2.37   34.82
 -16213.638   186.079    11.20   38.71
 -15835.588   192.581    17.20   33.07
 -15457.585   187.518   -13.40   31.03
 -15079.630   175.853   -30.86   35.15
 -14701.721   156.025   -52.47   36.95
 -14323.859   146.812   -24.38   37.84
 -13946.044   150.044     8.55   49.29
 -13568.275   152.329     6.05   58.55
 -13190.554   155.415     8.17   58.01
 -12812.879   157.204     4.74   57.23
 -12435.252   149.550   -20.27   52.11
 -12057.670   129.337   -53.53   52.49
 -11680.136   105.236   -63.84   47.64
 -11302.649    84.073   -56.06   36.96
 -10925.208    64.640   -51.49   16.60
 -10547.814    57.833   -18.04   12.60
 -10170.466    56.736    -2.91   15.31
  -9793.165    60.775    10.70   22.51
  -9415.911    71.478    28.37   33.70
  -9038.704    81.495    26.55   40.98
  -8661.543    93.089    30.74   50.87
  -8284.428   108.478    40.81   63.22
  -7907.361   132.946    64.89   62.72
  -7530.340   167.546    91.77   61.77
  -7153.365   202.212    91.96   63.69
  -6776.437   231.333    77.26   47.82
  -6399.555   236.556    13.86   41.12
  -6022.720   229.700   -18.19   38.50
  -5645.931   218.995   -28.41   37.70
  -5269.189   201.121   -47.44   45.09
  -4892.493   167.585   -89.03   61.61
  -4515.844   108.414  -157.10   72.77
  -4139.241    53.861  -144.86   55.99
  -3762.684    22.493   -83.30   37.82
  -3386.173     1.430   -55.94    3.09
  -3009.709     0.384    -2.78    0.83
  -2633.292     0.140    -0.65    0.39
  -2256.920     0.107    -0.09    0.36
  -1880.595     0.124     0.04    0.49
  -1504.316     0.079    -0.12    0.45
  -1128.084     0.027    -0.14    0.31
   -751.897    -0.038    -0.17    0.00
   -375.757    -0.038     0.00    0.00
      0.337    -0.038     0.00    0.00
    376.385    -0.038     0.00    0.00
    752.387    -0.038     0.00    0.00
   1128.342    -0.006     0.08    0.18
   1504.252     0.026     0.08    0.25
   1880.115     0.027     0.00    0.25
   2255.933     1.527     3.99    7.63
   2631.704     9.962    22.45   20.52
   3007.429    27.144    45.73   33.35
   3383.109    54.149    71.88   39.65
   3758.742    87.042    87.57   42.02
   4134.329   110.634    62.82   44.41
   4509.870   126.200    41.45   47.33
   4885.366   138.248    32.08   44.99
   5260.815   147.527    24.71   41.77
   5636.219   161.681    37.70   37.65
   6011.576   173.129    30.50   31.29
   6386.888   169.645    -9.28   34.04
   6762.154   149.129   -54.67   50.68
   7137.374   126.708   -59.75   44.86
   7512.548   113.978   -33.93   27.77
   7887.677   125.322    30.24   30.81
   8262.760   149.930    65.61   33.39
   8637.796   177.511    73.54   37.50
   9012.788   215.565   101.48   46.69
   9387.733   252.301    97.97   49.39
   9762.633   291.172   103.68   48.97
  10137.487   327.879    97.92   46.76
  10512.295   369.655   111.46   65.03
  10887.058   427.301   153.82   83.84
  11261.775   485.708   155.87   86.43
  11636.447   535.414   132.66   56.61
  12011.072   540.150    12.64   45.31
  12385.653   509.833   -80.93   67.45
  12760.188   462.027  -127.64   76.61
  13134.677   404.042  -154.84   72.33
  13509.120   359.446  -119.10   75.25
  13883.519   311.316  -128.55   77.20
  14257.871   270.135  -110.01   69.10
  14632.178   240.059   -80.35   61.67
  15006.440   208.462   -84.42   56.73
  15380.656   187.349   -56.42   53.38
  15754.827   173.552   -36.87   54.10
  16128.953   180.248    17.90   61.93
  16503.033   189.565    24.91   68.75
  16877.068   180.438   -24.40   68.38
  17251.057   169.275   -29.85   65.86
  17625.001   157.572   -31.29   56.45
  17998.900   145.107   -33.34   54.48
  18372.753   135.012   -27.00   53.41
  18746.561   126.084   -23.89   46.52
  19120.324   113.262   -34.30   35.60
  19494.042   104.343   -23.87   32.65
  19867.714    98.274   -16.24   26.10
  20241.342   101.317     8.15   28.96
  20614.924    91.962   -25.04   30.02
  20988.461    86.253   -15.29   30.79
  21361.952    76.708   -25.55   26.64
  21735.399    68.720   -21.39   20.17
  22108.800    62.333   -17.10   18.91
  22482.157    55.255   -18.96   14.83
  22855.468    48.124   -19.10    6.74
  23228.734    47.079    -2.80    3.37
  23601.955    53.822    18.07   13.64
  23975.132    68.236    38.63   26.16
  24348.263    85.040    45.03   36.86
  24721.349    98.661    36.51   34.15
  25094.390    98.059    -1.61   29.66
  25467.386    98.534     1.27   24.88
  25840.338   101.591     8.20   30.32
  26213.244   119.759    48.72   39.62
  26586.105   139.897    54.01   36.38
  26958.922   149.366    25.40   32.70
  27331.694   157.196    21.00   35.75
  27704.421   166.424    24.76   39.75
  28077.103   190.301    64.07   57.25
  28449.740   230.366   107.51   72.69
  28822.332   285.333   147.52   65.15
  29194.880   308.804    63.00   53.34
  29567.383   296.931   -31.87   62.80
  29939.841   268.398   -76.60   64.61
  30312.254   228.407  -107.38   44.82
  30684.623   207.112   -57.18   39.65
  31056.947   183.059   -64.60   47.97
  31429.226   154.539   -76.61   45.76
  31801.461   142.339   -32.77   37.33
  32173.651   137.307   -13.52   36.89
  32545.796   128.337   -24.10   35.11
  32917.897   123.911   -11.89   30.36
  33289.953   114.692   -24.78   26.98
  33661.964   106.011   -23.33   22.89
  34033.931   111.156    13.83   25.74
  34405.854   121.389    27.51   32.77
  34777.732   144.077    61.01   43.66
  35149.565   178.089    91.47   47.06
  35521.354   211.248    89.18   45.40
  35893.099   239.431    75.81   47.95
  36264.799   257.208    47.82   48.17
  36636.455   276.333    51.46   44.84
  37008.066   288.312    32.23   40.55
  37379.633   279.165   -24.62   41.05
  37751.155   281.657     6.71   40.58
  38122.633   299.269    47.41   44.97
  38494.067   300.495     3.30   45.39
  38865.456   313.869    36.01   40.38
  39236.801   337.769    64.36   45.74
  39608.102   356.423    50.24   48.06
  39979.359   366.027    25.87   39.56
  40350.571   348.478   -47.27   53.12
  40721.739   313.253   -94.90   67.39
  41092.863   287.607   -69.10   55.61
  41463.942   283.375   -11.41   51.70
  41834.978   303.301    53.70   53.68
  42205.969   325.543    59.95   43.22
  42576.916   331.583    16.28   39.62
  42947.819   318.224   -36.02   48.63
  43318.678   302.479   -42.45   52.86
  43689.492   286.672   -42.63   57.47
  44060.263   269.996   -44.97   59.42
  44430.989   244.197   -69.59   64.54
  44801.672   217.753   -71.34   68.09
  45172.310   190.462   -73.63   62.43
  45542.905   156.704   -91.09   44.59
  45913.455   134.185   -60.77   37.16
  46283.961   108.339   -69.75   36.06
  46654.424    92.446   -42.90   30.02
  47024.842    96.835    11.85   35.30
  47395.217   117.829    56.68   50.71
  47765.548   157.753   107.80   54.47
  48135.834   196.369   104.28   55.11
  48506.077   213.204    45.47   45.82
  48876.276   218.635    14.67   43.09
  49246.431   212.337   -17.01   44.06
  49616.542   195.238   -46.20   40.49
  49986.610   182.044   -35.65   44.72
  50356.634   169.742   -33.25   49.23
  50726.613   149.169   -55.60   46.42
  51096.550   139.403   -26.40   43.70
  51466.442   129.423   -26.98   46.12
  51836.291   116.179   -35.81   43.53
  52206.095   100.898   -41.32   39.34
  52575.857    84.105   -45.41   34.26
  52945.574    75.208   -24.06   28.42
  53315.248    67.946   -19.64   23.94
  53684.878    66.119    -4.94   29.94
  54054.465    60.285   -15.78   31.87
  54432.081    53.946   -16.79   30.33
  54810.552    44.301   -25.48   20.74
  55188.976    37.212   -18.73   17.22
  55567.355    31.511   -15.07   15.29
  55945.688    27.569   -10.42   14.18
  56323.975    24.804    -7.31   13.84
  56702.216    23.366    -3.80   12.97
  57080.411    23.479     0.30   16.98
  57458.560    27.740    11.27   23.20
  57836.664    34.204    17.09   30.32
  58214.722    42.150    21.02   36.73
  58592.734    54.488    32.64   38.75
  58970.700    57.835     8.86   37.86
  59348.621    52.486   -14.15   34.45
  59726.496    41.244   -29.75   30.70
  60104.325    24.581   -44.10   22.95
  60482.109    12.913   -30.88   15.05
  60859.846     4.801   -21.47    8.51
  61237.539     0.896   -10.34    3.00
  61615.185    -0.022    -2.43    0.13
  61992.786    -0.005     0.04    0.26
  62370.342     0.327     0.88    0.90
  62747.852     0.866     1.43    1.49
  63125.316     1.029     0.43    1.60
  63502.735     1.089     0.16    2.71
  63880.108     3.997     7.70    7.78
  64257.436    10.587    17.47   13.18
  64634.718    22.369    31.23   18.73
  65011.955    37.280    39.52   22.44
  65389.146    57.285    53.03   25.41
  65766.292    75.285    47.72   23.99
  66143.393   101.349    69.11   33.13
  66520.448   127.471    69.27   44.18
  66897.458   155.672    74.80   52.08
  67274.422   178.279    59.97   44.59
  67651.341   195.075    44.56   44.29
  68028.215   207.421    32.76   46.62
  68405.044   219.867    33.03   46.82
  68781.827   239.253    51.45   47.05
  69158.565   260.796    57.18   51.75
  69535.258   300.454   105.27   63.32
  69911.905   347.979   126.17   71.18
  70288.507   386.384   101.97   73.59
  70665.064   415.980    78.59   67.75
  71041.576   460.010   116.93   87.99
  71418.043   493.429    88.76   93.86
  71794.465   508.815    40.87   88.38
  72170.841   550.073   109.61  103.54
  72547.173   602.979   140.57  116.57
  72923.459   662.026   156.91  105.23
  73299.700   682.979    55.69   76.63
  73675.896   634.640  -128.48  104.60
  74052.048   562.844  -190.86   89.70
  74428.154   540.597   -59.15   60.23
  74804.215   545.995    14.35   54.63
  75180.231   583.375    99.40   52.89
  75556.202   616.624    88.43   40.53
  75932.128   629.996    35.57   32.20
  76308.010   646.059    42.73   36.20
  76683.846   663.566    46.58   34.57
  77059.638   663.749     0.49   35.15
  77435.384   643.480   -53.94   58.22
  77811.086   596.629  -124.69   69.95
  78186.743   564.667   -85.08   53.78
  78562.355   578.216    36.07   58.38
  78937.922   611.782    89.37   66.65
  79313.445   654.430   113.56   76.48
  79688.923   726.089   190.83   97.58
  80064.356   772.674   124.07   87.54
  80439.744   788.085    41.05   72.97
  80815.088   781.014   -18.84   87.65
  81190.386   717.156  -170.14  112.05
  81565.641   632.579  -225.37   98.84
  81940.850   585.124  -126.47   93.13
  82316.015   537.188  -127.76   80.81
  82691.135   484.978  -139.17   81.24
  83066.211   423.565  -163.72   86.19
  83441.242   371.175  -139.68   78.42
  83816.228   319.931  -136.65   56.18
  84191.170   279.049  -109.03   27.83
  84566.067   256.769   -59.42   23.29
  84940.920   238.520   -48.68   18.25
  85315.729   224.692   -36.89   17.57
  85690.492   208.930   -42.06   14.06
  86065.212   197.804   -29.69   12.98
  86439.887   186.831   -29.28   10.96
  86814.517   178.329   -22.69    9.85
  87189.103   170.391   -21.19    8.79
  87563.645   164.290   -16.29    7.31
  87938.142   162.556    -4.63   10.65
  88312.595   162.324    -0.62   15.19
  88687.003   164.454     5.69   18.17
  89061.367   164.132    -0.86   17.96
  89435.687   163.296    -2.23   16.96
  89809.962   161.762    -4.10   17.20
  90184.194   156.880   -13.04   17.96
  90558.381   148.058   -23.58   21.17
  90932.523   137.269   -28.83   20.46
  91306.622   127.075   -27.25   15.09
  91680.676   121.233   -15.62    9.81
  92054.686   120.597    -1.70    7.68
  92428.652   120.762     0.44    7.87
  92802.574   123.640     7.69    7.37
  93176.451   125.446     4.83    7.42
  93550.285   126.192     1.99    8.51
  93924.074   125.027    -3.12   10.35
  94297.819   123.398    -4.36   12.21
  94671.520   122.105    -3.46   14.03
  95045.177   121.505    -1.61   15.35
  95418.790   121.502    -0.01   16.44
  95792.359   116.589   -13.15   17.92
  96165.884   106.667   -26.56   18.41
  96539.365    97.221   -25.29   16.32
  96912.802    88.327   -23.81   13.66
  97286.195    79.362   -24.01   11.46
  97659.544    72.343   -18.80   10.28
  98032.850    66.995   -14.33    8.67
  98406.111    62.766   -11.33    7.38
  98779.328    56.995   -15.46    8.13
  99152.502    51.179   -15.58    9.94
  99525.631    44.012   -19.21   10.44
  99898.717    37.233   -18.17    8.58
 100271.759    31.372   -15.71    6.26
 100644.757    27.221   -11.13    4.27
 101017.711    24.150    -8.23    3.28
 101390.622    21.704    -6.56    2.08
 101763.489    20.010    -4.54    2.32
 102136.312    18.129    -5.04    2.57
 102509.091    16.323    -4.84    2.61
 102881.827    14.438    -5.06    2.39
 103254.519    13.274    -3.12    1.95
 103627.167    12.274    -2.68    1.61
 103999.772    11.700    -1.54    1.82
 104372.333    11.253    -1.20    1.87
 104744.850    10.173    -2.90    2.20
 105117.324     8.407    -4.74    2.37
 105489.754     7.083    -3.55    1.91
 105862.140     6.301    -2.10    1.61
 106234.483     5.030    -3.41    2.32
 106606.783     3.618    -3.79    2.55
 106979.039     2.296    -3.55    2.47
 107351.251     1.124    -3.15    1.73
 107723.420     0.359    -2.05    1.09
 108095.545    -0.005    -0.98    0.18
 108467.627    -0.038    -0.09    0.00
 108839.666    -0.038     0.00    0.00
 109211.661    -0.038     0.00    0.00
 109583.613    -0.038     0.00    0.00
 109955.521    -0.038     0.00    0.00
 110327.386    -0.038     0.00    0.00
 110699.208    -0.038     0.00    0.00
 111070.986    -0.038     0.00    0.00
 111442.721    -0.038     0.00    0.00
 111814.413    -0.038     0.00    0.00
 112186.061    -0.038     0.00    0.00
 112557.666    -0.038     0.00    0.00
 112929.228    -0.038     0.00    0.00
 113300.746    -0.038     0.00    0.00
 113672.222    -0.038     0.00    0.00
 114043.654    -0.038     0.00    0.00
 114415.043    -0.038     0.00    0.00
 114786.388    -0.038     0.00    0.00
 115157.691    -0.038     0.00    0.00
 115528.950    -0.038     0.00    0.00
 115900.167     0.842     2.37    5.04
 116271.340     4.624    10.19   13.05
 116642.470     7.446     7.60   16.22
 117013.557     8.866     3.82   17.25
 117384.601     5.372    -9.41   13.85
 117755.602     0.667   -12.68    3.46
 118126.560    -0.038    -1.90    0.00
 118497.475    -0.038     0.00    0.00
 118868.347    -0.038     0.00    0.00
 119239.175    -0.038     0.00    0.00
 119609.961    -0.038     0.00    0.00
 119980.704    -0.038     0.00    0.00
 120351.404    -0.005     0.09    0.25
 120722.062     0.738     2.01    2.18
 121092.676     2.565     4.93    4.05
 121463.247     4.824     6.09    5.28
 121833.776     8.607    10.21    6.83
 122204.261    13.733    13.83    7.12
 122574.704    18.736    13.51    8.34
 122945.104    25.913    19.37    9.56
 123315.461    32.091    16.68   10.56
 123685.776    37.848    15.54    9.46
 124056.047    41.518     9.91    7.75
 124426.276    42.946     3.86    5.41
 124796.463    41.879    -2.88    4.82
 125166.606    38.815    -8.28    6.10
 125536.707    34.233   -12.38    5.69
 125906.765    30.430   -10.28    4.59
 126276.780    28.376    -5.55    4.28
 126646.753    28.236    -0.38    4.65
 127016.683    28.677     1.19    4.68
 127386.570    28.446    -0.62    4.36
 127756.415    27.725    -1.95    3.55
 128126.218    27.914     0.51    3.11
 128495.977    28.028     0.31    2.03
 128865.694    27.317    -1.92    2.63
 129242.138    25.112    -5.86    4.13
 129620.515    23.349    -4.66    4.27
 129998.847    22.391    -2.53    4.79
 130377.134    22.979     1.56    5.98
 130755.377    25.058     5.49    6.65
 131133.575    27.769     7.17    6.49
 131511.728    29.446     4.43    7.52
 131889.837    33.379    10.40   12.74
 132267.901    37.829    11.77   19.58
 132645.920    40.511     7.09   20.57
 133023.895    40.062    -1.19   16.78
 133401.825    37.495    -6.79   13.68
 133779.711    33.273   -11.17   10.55
 134157.552    28.044   -13.84   10.49
 134535.349    21.759   -16.63    8.43
 134913.101    17.529   -11.20    5.91
 135290.808    14.042    -9.23    2.82
 135668.471    12.552    -3.94    1.82
 136046.090    11.478    -2.84    1.71
 136423.664    10.844    -1.68    1.45
 136801.194    10.257    -1.55    0.78
 137178.679    10.169    -0.23    0.79
 137556.120    10.487     0.84    1.04
 137933.517    10.796     0.82    1.12
 138310.869    10.930     0.35    1.06
 138688.177    11.188     0.69    1.11
 139065.441    11.225     0.10    1.12
 139442.660    10.962    -0.70    1.21
 139819.835    10.549    -1.10    0.97
 140196.966    10.317    -0.61    0.99
 140574.053    10.044    -0.72    0.99
 140951.095     9.640    -1.07    0.99
 141328.093     9.503    -0.36    0.98
 141705.047     9.562     0.16    1.03
 142081.956     9.667     0.28    1.10
 142458.822    10.049     1.01    1.32
 142835.643    10.225     0.47    1.30
 143212.420    10.307     0.22    1.25
 143589.153    10.107    -0.53    1.24
 143965.842     9.864    -0.65    0.98
 144342.487     9.849    -0.04    0.99
 144719.088     9.662    -0.50    0.98
 145095.645     9.479    -0.49    1.05
 145472.158     9.414    -0.17    0.97
 145848.627     9.342    -0.19    0.93
 146225.051     9.241    -0.27    1.02
 146601.432     9.307     0.18    1.09
 146977.769     9.285    -0.06    1.11
 147354.062     9.412     0.34    1.02
 147730.311     9.520     0.29    1.04
 148106.516     9.629     0.29    1.08
 148482.677     9.562    -0.18    0.98
 148858.794     9.712     0.40    0.95
 149234.867     9.462    -0.66    1.05
 149610.897     9.257    -0.54    1.02
 149986.883     9.029    -0.61    1.04
 150362.825     8.945    -0.22    0.99
 150738.723     9.011     0.18    0.88
 151114.577     8.716    -0.78    0.99
 151490.388     8.529    -0.50    1.14
 151866.154     8.217    -0.83    1.12
 152241.878     8.317     0.27    1.19
 152617.557     8.307    -0.03    1.19
 152993.193     8.502     0.52    1.09
 153368.785     8.824     0.86    1.02
 153744.333     9.026     0.54    0.88
 154119.838     9.346     0.85    0.94
 154495.299     9.329    -0.04    1.01
 154870.716     9.236    -0.25    1.16
 155246.090     8.848    -1.04    1.39
 155621.420     8.733    -0.31    1.28
 155996.707     8.790     0.15    1.34
 156371.950     9.257     1.25    1.28
 156747.150     9.893     1.69    0.81
 157122.306    10.029     0.36    0.76
 157497.419    10.112     0.22    0.71
 157872.488     9.897    -0.57    0.87
 158247.514     9.746    -0.40    1.03
 158622.496     9.562    -0.49    1.15
 158997.435     9.511    -0.14    1.15
 159372.330     9.462    -0.13    1.10
 159747.182     9.651     0.50    0.92
 160121.991     9.686     0.10    0.89
 160496.756     9.785     0.26    0.91
 160871.478     9.846     0.16    1.01
 161246.157     9.562    -0.76    1.32
 161620.792     9.093    -1.25    1.38
 161995.384     8.798    -0.79    1.28
 162369.933     8.831     0.09    1.15
 162744.438     8.896     0.17    0.97
 163118.900     9.140     0.65    0.78
 163493.319     9.034    -0.28    0.81
 163867.695     8.946    -0.23    0.94
 164242.028     8.742    -0.54    0.91
 164616.317     8.486    -0.68    0.80
 164990.563     8.112    -1.00    0.92
 165364.766     7.929    -0.49    1.07
 165738.926     7.688    -0.64    1.13
 166113.043     7.716     0.08    0.92
 166487.117     7.672    -0.12    0.84
 166861.147     7.284    -1.04    1.28
 167235.135     6.979    -0.82    1.50
 167609.079     6.875    -0.28    1.29
 167982.981     6.995     0.32    1.02
 168356.839     7.200     0.55    0.84
 168730.655     7.724     1.40    1.92
 169104.427     9.046     3.53    3.26
 169478.157     9.945     2.41    4.03
 169851.844     9.188    -2.03    4.61
 170225.487     7.996    -3.19    4.56
 170599.088     5.831    -5.79    3.05
 170972.646     4.669    -3.11    1.31
 171346.161     4.471    -0.53    1.32
 171719.633     4.506     0.10    1.49
 172093.062     4.520     0.04    1.41
 172466.448     4.945     1.14    1.29
 172839.792     5.280     0.90    1.34
 173213.093     5.585     0.82    1.37
 173586.350     5.946     0.97    1.31
 173959.566     6.236     0.78    1.39
 174332.738     6.162    -0.20    1.40
 174705.868     6.098    -0.17    1.53
 175078.955     6.149     0.14    1.51
 175451.999     6.028    -0.32    1.21
 175825.000     6.083     0.15    1.19
 176197.959     6.011    -0.19    1.18
 176570.876     6.250     0.64    0.93
 176943.749     6.454     0.55    1.13
 177316.580     6.929     1.27    1.19
 177689.368     7.146     0.58    1.14
 178062.114     6.866    -0.75    1.33
 178434.817     6.379    -1.31    1.38
 178807.478     6.062    -0.85    1.42
 179180.096     6.233     0.46    1.61
 179552.671     6.864     1.69    1.78
 179925.204     7.600     1.98    1.28
 180297.695     7.618     0.05    1.22
 180670.143     7.186    -1.16    1.27
 181042.548     6.849    -0.90    1.23
 181414.912     6.522    -0.88    1.13
 181787.232     6.429    -0.25    1.08
 182159.510     5.913    -1.39    1.77
 182531.746     5.279    -1.70    2.34
 182903.940     5.250    -0.08    2.80
 183276.091     4.962    -0.77    3.09
 183648.199     5.156     0.52    3.16
 184020.266     5.589     1.17    2.78
 184392.290     4.429    -3.12    3.29
 184764.272     2.927    -4.04    3.26
 185136.211     1.236    -4.54    2.43
 185508.108     1.183    -0.14    2.70
 185879.963     2.833     4.44    3.46
 186251.776     5.093     6.08    3.26
 186623.546     6.379     3.46    2.13
 186995.274     6.296    -0.22    1.60
 187366.960     5.848    -1.21    2.11
 187738.604     6.143     0.79    2.70
 188110.206     6.081    -0.17    4.26
 188481.766     6.585     1.36    4.31
 188853.283     6.401    -0.50    3.42
 189224.758     5.880    -1.40    2.80
 189596.191     6.428     1.47    2.38
 189967.582     9.143     7.31    7.98
 190338.931    11.549     6.48    9.99
 190710.238    18.979    20.01   16.38
 191081.503    26.296    19.70   18.57
 191452.726    32.550    16.84   20.50
 191823.907    43.529    29.57   26.76
 192195.046    56.132    33.95   33.37
 192566.143    81.059    67.16   39.35
 192937.198    93.013    32.21   34.24
 193308.211    91.335    -4.52   30.50
 193679.182    77.606   -37.00   28.92
 194050.111    55.471   -59.67   22.37
 194420.998    39.296   -43.60   15.45
 194791.844    30.785   -22.95   12.21
 195162.647    23.875   -18.63    7.78
 195533.409    21.414    -6.64    4.12
 195904.129    22.064     1.75    3.60
 196274.807    23.279     3.28    3.23
 196645.443    24.077     2.15    2.35
 197016.038    24.552     1.28    2.50
 197386.590    26.646     5.65    3.32
 197757.101    29.296     7.15    4.07
 198127.570    33.645    11.74    5.70
 198497.998    38.162    12.19    6.36
 198868.383    43.979    15.70    7.11
 199238.727    50.050    16.39    6.75
 199609.030    56.414    17.18    7.27
 199979.290    62.766    17.15    7.05
 200349.510    69.093    17.09    7.77
 200719.687    75.730    17.92    7.66
 201089.823    83.196    20.17    9.38
 201459.917    91.212    21.66    9.47
 201829.969    98.462    19.59    9.57
 202199.980   107.446    24.27   10.44
 202569.950   116.793    25.26   14.34
 202939.878   130.196    36.22   20.57
 203309.764   142.585    33.49   22.07
 203679.609   161.379    50.80   28.46
 204055.008   181.379    53.27   36.48
 204433.292   210.543    77.08   52.66
 204811.533   237.103    70.20   47.73
 205189.730   272.766    94.28   55.61
 205567.883   321.013   127.56   64.88
 205945.993   354.470    88.47   68.79
 206324.060   400.061   120.56   67.27
 206702.082   442.296   111.70   70.49
 207080.062   478.140    94.81   62.94
 207457.998   481.635     9.25   56.20
 207835.890   431.044  -133.85   96.75
 208213.739   361.152  -184.94   96.34
 208591.545   307.454  -142.10   68.63
 208969.307   271.746   -94.51   49.85
 209347.026   255.640   -42.63   48.97
 209724.702   239.042   -43.94   44.91
 210102.334   225.878   -34.85   33.76
 210479.923   221.929   -10.46   23.20
 210857.468   232.221    27.25   26.82
 211234.971   246.569    38.00   29.41
 211612.430   262.386    41.90   28.15
 211989.845   267.200    12.75   26.29
 212367.218   270.349     8.34   24.91
 212744.547   267.335    -7.99   27.86
 213121.833   256.250   -29.37   25.30
 213499.076   246.876   -24.84   21.39
 213876.276   245.159    -4.55   23.43
 214253.432   247.844     7.12   27.73
 214630.546   244.030   -10.11   27.54
 215007.616   237.386   -17.62   25.92
 215384.643   232.878   -11.96   32.51
 215761.627   224.589   -21.98   34.83
 216138.568   216.776   -20.72   34.75
 216515.466   209.175   -20.16   24.33
 216892.321   207.549    -4.32   18.59
 217269.133   209.793     5.95   16.54
 217645.902   209.640    -0.40   18.95
 218022.627   205.389   -11.28   20.71
 218399.310   199.708   -15.08   18.85
 218775.950   193.329   -16.93   17.17
 219152.547   186.866   -17.16   14.95
 219529.101   182.566   -11.42   13.42
 219905.612   180.684    -5.00   11.79
 220282.080   178.428    -5.99   12.33
 220658.506   177.575    -2.26   11.23
 221034.888   177.979     1.07    9.15
 221411.228   179.162     3.14    8.06
 221787.524   183.819    12.37    8.60
 222163.778   190.895    18.80   10.68
 222539.989   208.446    46.64   28.77
 222916.158   235.373    71.57   47.70
 223292.283   261.656    69.86   51.73
 223668.366   280.773    50.82   44.35
 224044.406   287.079    16.77   38.51
 224420.403   284.290    -7.42   29.55
 224796.358   296.208    31.69   38.20
 225172.270   330.284    90.63   68.83
 225548.139   366.893    97.38   92.93
 225923.966   400.220    88.66   99.59
 226299.750   431.391    82.93   99.96
 226675.491   444.285    34.31   90.49
 227051.190   459.725    41.09   79.74
 227426.846   492.437    87.06   94.70
 227802.459   528.569    96.17   99.73
 228178.030   565.225    97.58  110.10
 228553.559   608.696   115.73  101.92
 228929.045   653.462   119.20  104.11
 229304.488   708.462   146.46   86.58
 229679.889   734.409    69.10   54.40
 230055.248   735.081     1.79   40.02
 230430.563   721.962   -34.95   39.25
 230805.837   704.438   -46.69   37.30
 231181.068   687.831   -44.25   30.60
 231556.257   682.793   -13.43   30.10
 231931.403   675.430   -19.62   41.39
 232306.507   660.945   -38.61   49.23
 232681.568   632.301   -76.35   59.33
 233056.587   603.014   -78.08   51.08
 233431.564   595.405   -20.29   48.47
 233806.499   601.539    16.36   53.37
 234181.391   615.115    36.21   46.52
 234556.241   625.759    28.39   34.83
 234931.048   623.742    -5.38   35.32
 235305.814   611.488   -32.69   41.81
 235680.537   598.759   -33.96   52.27
 236055.217   584.225   -38.78   58.96
 236429.856   576.721   -20.02   65.86
 236804.453   570.162   -17.50   68.03
 237179.007   553.373   -44.81   65.63
 237553.519   532.798   -54.92   54.29
 237927.989   523.261   -25.46   45.03
 238302.417   527.346    10.91   49.11
 238676.802   539.640    32.83   60.04
 239051.146   539.301    -0.90   53.10
 239425.447   525.496   -36.88   45.15
 239799.707   506.355   -51.13   29.55
 240173.924   493.779   -33.60   15.57
 240548.100   499.694    15.81   28.65
 240922.233   521.720    58.86   43.71
 241296.324   553.132    83.95   49.95
 241670.373   576.488    62.43   48.41
 242044.381   607.356    82.51   54.09
 242418.346   641.766    91.99   57.19
 242792.270   675.657    90.62   43.04
 243166.151   689.514    37.05   34.79
 243539.991   699.257    26.06   33.24
 243913.788   701.052     4.80   28.54
 244287.544   704.829    10.10   32.91
 244661.258   699.549   -14.13   40.81
 245034.930   684.285   -40.84   45.73
 245408.560   669.162   -40.46   50.19
 245782.149   650.810   -49.11   45.71
 246155.695   629.044   -58.25   44.16
 246529.200   608.462   -55.09   39.10
 246902.663   592.324   -43.20   30.63
 247276.085   582.766   -25.59   21.36
 247649.464   579.657    -8.33   12.46
