# NaN NaN NaN ;Mean Elev.(m), Avg Gradient(m/km), RMS Gradient(m/km) - SRTM1     
#    3.385 -17.701  21.145 ;Mean Elev.(m), Avg Gradient(m/km), RMS Gradient(m/km) - ASTER GDEM
#    6.702 -17.741  21.284 ;Mean Elev.(m), Avg Gradient(m/km), RMS Gradient(m/km) - GMTED2010 
  6 138.228569  50.968484    10.874    10.774  4 52439.50323301 23.137
  7 138.231542  50.973454    58.404    58.404  2 52474.50323237 10.762
  9 138.234776  50.973310     9.952     9.333  3 52544.50319548 26.296
 11 138.237773  50.974400     8.412     8.491  3 52614.50320042 12.996
 12 138.236919  50.973457     9.396     9.162  4 52649.50318029  8.615
 14 138.234067  50.971508    23.283    18.637  4 52719.50321527  3.343
 15 138.230473  50.970799    14.679    15.011  4 52754.50323959 39.761
 17 138.233418  50.970647     9.817     9.649  3 52824.50325758 15.499
 21 138.233915  50.972343    11.920    11.797  3 52964.50327138 24.428
 22 138.231782  50.971286    10.788    11.033  3 52999.50330715 18.978
 23 138.240497  50.974078    11.093    11.026  3 53034.50325837  8.912
 24 138.235920  50.973676    11.155    10.843  3 53069.50327534  7.558
 27 138.234798  50.971588    14.520    14.468  3 53174.50331784 32.025
 32 138.241218  50.975128     8.960     9.054  3 53349.50327085 17.670
 33 138.231072  50.970182     9.318     9.273  3 53384.50324585 11.323
 34 138.243547  50.976936    10.889    11.036  4 53419.50325277  8.759
 35 138.231107  50.971099     9.606     9.498  4 53454.50325783  7.393
 39 138.246516  50.977878    11.751    11.736  4 53594.50329489 44.535
 40 138.224057  50.966479    10.433    10.396  3 53629.50328612 19.412
 42 138.241396  50.974203     8.710     8.716  4 53699.50326804 29.436
 43 138.247702  50.978710     8.907     8.856  4 53734.50319099 11.361
 45 138.244726  50.977119    10.569    10.308  4 53804.50317098  5.804
 52 138.242329  50.975096     9.275     9.337  4 54049.50327233 31.518
 54 138.245539  50.977882     7.818     7.806  4 54119.50319346  9.566
 56 138.243659  50.976365    13.913    14.625  4 54189.50318890  6.945
 57 138.233792  50.972416    20.458    14.478  3 54224.50323146 19.235
 58 138.236572  50.974114    12.894    12.955  3 54259.50325273 26.417
 62 138.237908  50.973617    10.479    10.435  4 54399.50319029 22.445
 63 138.242571  50.976532     7.350     7.354  4 54434.50314831 18.620
 64 138.235369  50.973167     7.593     7.460  3 54469.50317347 15.529
 65 138.242848  50.974399     7.152     6.820  4 54504.50316252 14.785
 66 138.239139  50.973945    11.083    11.215  4 54539.50318868  9.675
 67 138.243489  50.976361    12.988    13.352  4 54574.50316373 39.559
 71 138.245491  50.975735    10.553    10.456  4 54714.50314240 26.812
 73 138.241455  50.974247     9.816     9.801  4 54784.50313003 33.273
 74 138.234961  50.973135     9.774     9.576  3 54819.50315328  8.992
 75 138.240788  50.975913     9.899     9.896  4 54854.50312730  5.128
 76 138.236621  50.972786    10.944    11.123  3 54889.50315762  3.660
 77 138.243849  50.974468    10.149    10.205  4 54924.50312631 10.055
 78 138.233682  50.972331    20.076    13.034  3 54959.50315564 16.674
 83 138.236235  50.970348    12.202    12.364  3 55134.50310261 14.767
 84 138.242427  50.975524     9.824     9.892  3 55169.50306759 16.374
 85 138.234587  50.973220    10.130    10.127  3 55204.50309635 12.975
 86 138.242385  50.973980     9.974    10.251  4 55239.50307400 10.810
 87 138.238330  50.974346    10.966    10.887  4 55274.50309025  5.044
 88 138.244390  50.974770    12.729    12.637  4 55309.50305789 22.471
 91 138.234232  50.973909    14.880    14.880  2 55414.50307863 28.054
