-274697.675   142.373     0.00    9.24
-274322.980   145.205     7.56   14.49
-273948.248   146.084     2.34   15.84
-273573.479   145.381    -1.88   14.23
-273198.672   142.340    -8.11    4.64
-272823.828   143.293     2.54    5.45
-272448.947   146.495     8.54   11.68
-272074.028   151.398    13.08   17.73
-271699.072   153.941     6.78   19.05
-271324.079   153.870    -0.19   16.29
-270949.048   155.852     5.28   14.04
-270573.980   158.104     6.00   13.88
-270198.874   166.120    21.36   20.52
-269823.731   174.236    21.63   21.18
-269448.550   179.316    13.54   20.30
-269073.332   180.352     2.76   18.67
-268698.077   173.305   -18.77   16.04
-268322.783   165.548   -20.66   13.20
-267947.453   160.477   -13.51   10.73
-267572.085   155.276   -13.85    5.99
-267196.679   154.495    -2.08    6.34
-266821.236   154.293    -0.54    5.57
-266445.755   156.533     5.96    9.81
-266070.236   172.602    42.78   32.08
-265694.680   191.995    51.62   41.72
-265319.087   213.363    56.88   42.32
-264943.456   222.819    25.17   36.59
-264567.787   220.995    -4.86   32.31
-264192.080   207.749   -35.25   26.70
-263816.336   195.467   -32.68   21.34
-263440.554   188.644   -18.15   14.74
-263064.735   185.102    -9.42   14.70
-262688.877   181.065   -10.74   11.99
-262312.983   180.977    -0.23    9.60
-261937.050   181.923     2.52    8.04
-261561.079   184.167     5.97    8.18
-261185.071   187.532     8.95    7.56
-260809.025   188.727     3.18    7.05
-260432.942   188.810     0.22    7.14
-260056.820   190.719     5.08    7.32
-259680.661   191.686     2.57    7.33
-259304.464   192.662     2.59    7.80
-258928.229   192.925     0.70    6.91
-258551.956   191.819    -2.94    5.95
-258175.645   191.305    -1.37    5.32
-257799.297   190.540    -2.03    4.72
-257422.911   189.574    -2.57    4.00
-257046.486   189.087    -1.29    3.78
-256670.024   188.406    -1.81    3.73
-256293.524   188.240    -0.44    3.69
-255916.986   188.548     0.82    3.48
-255540.410   188.566     0.05    2.96
-255163.796   189.268     1.86    2.71
-254787.144   190.245     2.59    3.18
-254410.454   192.125     4.99    4.17
-254033.726   193.926     4.78    4.53
-253656.960   195.977     5.44    4.63
-253280.156   197.477     3.98    4.74
-252903.314   200.083     6.91    4.94
-252526.434   201.959     4.98    4.91
-252149.516   204.188     5.91    5.38
-251772.560   206.091     5.05    5.68
-251395.565   207.852     4.67    6.36
-251018.533   209.048     3.17    6.82
-250641.463   211.083     5.39    7.31
-250264.354   213.925     7.53    8.36
-249887.207   217.363     9.12    9.56
-249510.022   222.819    14.46   10.92
-249132.799   228.379    14.74   11.92
-248755.538   232.253    10.27   12.15
-248378.238   236.722    11.84   10.89
-248000.900   241.205    11.88   11.34
-247623.524   246.118    13.01   11.05
-247246.110   248.995     7.62    9.03
-246868.658   248.346    -1.72    9.83
-246491.167   247.379    -2.56   10.65
-246113.638   250.941     9.43   14.97
-245736.071   256.816    15.56   19.70
-245358.465   261.697    12.92   18.63
-244980.821   268.749    18.67   20.79
-244603.139   271.521     7.34   22.14
-244225.418   276.258    12.54   22.53
-243847.659   278.860     6.89   23.67
-243469.862   281.202     6.20   23.14
-243092.026   279.649    -4.11   22.73
-242714.152   277.802    -4.89   21.72
-242336.239   272.281   -14.61   20.05
-241958.288   268.084   -11.10   16.65
-241585.341   268.504     1.12   16.29
-241214.857   269.937     3.87   16.11
-240844.337   275.890    16.06   18.23
-240473.780   284.032    21.97   14.81
-240103.186   285.925     5.11   13.42
-239732.555   289.668    10.10   16.11
-239361.887   290.236     1.53   18.64
-238991.183   284.102   -16.54   20.28
-238620.441   277.732   -17.18   18.50
-238249.663   268.118   -25.92   16.32
-237878.847   259.495   -23.25   12.93
-237507.995   256.381    -8.39    7.57
-237137.106   260.281    10.51   11.05
-236766.180   268.423    21.95   13.09
-236395.216   281.149    34.30   16.99
-236024.216   297.283    43.48   23.63
-235653.179   312.704    41.55   20.01
-235282.105   324.512    31.81   16.54
-234910.993   329.439    13.27   13.16
-234539.845   324.406   -13.56   17.80
-234168.660   312.118   -33.10   21.84
-233797.437   302.781   -25.15   18.82
-233426.178   301.574    -3.25   17.39
-233054.881   305.714    11.15   18.28
-232683.548   317.135    30.75   19.33
-232312.177   327.532    27.99   17.71
-231940.769   335.300    20.91   18.05
-231569.324   345.847    28.39   18.69
-231197.842   361.153    41.19   21.10
-230826.322   370.217    24.39   15.52
-230454.766   370.548     0.89   12.56
-230083.172   365.138   -14.56   13.94
-229711.541   359.029   -16.43   12.91
-229339.873   352.031   -18.83    8.99
-228968.167   348.852    -8.55    7.98
-228596.425   345.907    -7.92    8.04
-228224.645   344.890    -2.74    8.93
-227852.827   343.133    -4.72   10.04
-227480.973   340.783    -6.32   10.10
-227109.081   335.714   -13.63    9.06
-226737.152   331.704   -10.78    6.62
-226365.186   329.890    -4.88    6.12
-225993.182   329.852    -0.10    7.44
-225621.141   330.100     0.67    8.17
-225249.062   330.065    -0.09    8.55
-224876.946   329.293    -2.07    8.52
-224504.793   325.198   -11.00    7.72
-224132.602   321.513    -9.90    7.52
-223760.374   316.656   -13.05    5.78
-223388.109   313.514    -8.44    3.01
-223015.806   313.227    -0.77    2.57
-222643.466   315.031     4.84    4.46
-222271.088   319.223    11.25    6.85
-221898.672   324.923    15.30    8.43
-221526.220   330.702    15.51    9.17
-221153.729   337.433    18.07   10.60
-220781.202   345.084    20.53   12.46
-220408.636   350.097    13.45   10.02
-220036.033   351.459     3.66    8.48
-219663.393   347.370   -10.97   10.85
-219290.715   339.902   -20.03    9.43
-218917.999   332.906   -18.77    9.34
-218545.246   326.513   -17.14    8.46
-218172.455   320.822   -15.26    8.39
-217799.627   315.170   -15.16    6.29
-217426.761   312.609    -6.87    5.22
-217053.857   309.633    -7.98    3.48
-216680.916   308.281    -3.63    1.93
-216307.937   308.385     0.28    1.65
-215934.920   309.822     3.85    2.81
-215561.865   312.925     8.32    4.78
-215188.773   317.049    11.05    5.82
-214815.643   323.416    17.06    7.68
-214442.476   330.504    18.99    8.24
-214069.270   336.771    16.79    8.35
-213696.027   341.995    13.99    7.27
-213322.746   344.638     7.08    7.86
-212949.428   347.520     7.72    8.05
-212576.071   345.153    -6.34   11.71
-212202.677   338.398   -18.09   15.22
-211829.245   330.976   -19.87   13.27
-211455.775   325.763   -13.96    9.66
-211082.267   326.254     1.32    8.97
-210708.721   329.340     8.26    9.35
-210335.138   335.150    15.55   10.11
-209961.516   340.837    15.22    9.48
-209587.857   346.098    14.08    9.03
-209214.159   350.602    12.05    6.05
-208840.424   353.791     8.53    4.37
-208466.651   355.726     5.17    3.22
-208092.840   356.749     2.74    1.72
-207718.991   357.104     0.95    1.70
-207345.103   356.328    -2.07    2.77
-206971.178   354.566    -4.71    3.66
-206597.215   353.732    -2.23    3.69
-206223.214   353.977     0.66    3.61
-205849.175   354.263     0.76    3.53
-205475.097   355.185     2.46    3.44
-205100.982   357.049     4.98    4.23
-204726.829   361.469    11.81    6.69
-204352.637   367.049    14.91    6.71
-203978.407   372.173    13.69    6.22
-203604.140   377.469    14.15    5.76
-203229.834   381.714    11.34    6.29
-202855.490   387.584    15.68    6.63
-202481.108   391.673    10.92    4.98
-202106.687   393.271     4.27    3.81
-201732.229   391.795    -3.94    5.62
-201357.732   387.741   -10.82    6.35
-200983.197   384.599    -8.39    4.54
-200608.624   384.656     0.15    3.65
-200234.012   386.381     4.60    4.30
-199859.362   388.960     6.88    4.24
-199484.674   393.556    12.27    5.42
-199109.948   398.205    12.40    7.42
-198735.184   404.426    16.60    8.45
-198360.381   411.902    19.94    8.52
-197985.539   418.266    16.97    8.16
-197610.660   426.153    21.03    9.24
-197235.742   434.048    21.05    9.57
-196860.786   439.311    14.03    8.65
-196485.791   441.328     5.38    7.78
-196110.758   440.626    -1.87    8.18
-195735.687   437.888    -7.30    7.68
-195360.577   433.745   -11.04    7.58
-194985.429   429.322   -11.79    7.18
-194610.242   425.690    -9.68    6.44
-194235.017   421.388   -11.46    3.60
-193859.753   419.271    -5.64    3.23
-193484.451   416.679    -6.90    3.81
-193109.110   414.066    -6.96    4.25
-192733.731   410.368    -9.85    3.96
-192358.314   407.310    -8.14    3.45
-191982.857   404.451    -7.61    3.59
-191607.363   401.439    -8.02    3.59
-191231.829   397.960    -9.26    4.54
-190856.257   394.249    -9.88    4.40
-190480.647   389.926   -11.51    5.93
-190104.998   384.644   -14.06    6.42
-189729.310   381.620    -8.05    5.23
-189353.584   381.232    -1.03    4.70
-188977.819   382.122     2.37    4.63
-188602.015   381.834    -0.77    4.39
-188226.173   377.977   -10.26    6.16
-187850.292   372.521   -14.51    7.18
-187474.372   366.727   -15.41    6.93
-187098.414   362.995    -9.93    6.08
-186722.416   360.173    -7.50    6.12
-186346.380   357.810    -6.28    7.44
-185970.306   355.741    -5.50    8.12
-185594.192   356.263     1.39    7.28
-185218.040   359.995     9.92    8.48
-184841.849   366.855    18.23    9.55
-184465.619   372.531    15.08    6.80
-184089.351   376.133     9.57    4.78
-183713.043   376.697     1.50    5.97
-183336.697   376.745     0.13    6.97
-182960.312   376.402    -0.91    7.76
-182583.888   376.767     0.97    7.12
-182207.425   375.416    -3.59    7.99
-181830.923   373.295    -5.63    8.14
-181454.382   368.673   -12.27    7.06
-181077.802   365.031    -9.67    6.24
-180701.183   359.571   -14.49    8.07
-180324.526   354.195   -14.27    9.09
-179947.829   346.013   -21.72   10.55
-179571.094   337.595   -22.34    9.38
-179194.319   329.977   -20.21    8.97
-178817.505   323.763   -16.49    7.35
-178440.653   320.547    -8.53    5.88
-178063.761   318.486    -5.47    4.66
-177686.830   317.013    -3.91    5.01
-177309.860   316.503    -1.35    5.95
-176932.851   314.977    -4.05    7.06
-176555.803   311.724    -8.63    8.27
-176178.716   308.311    -9.05    7.93
-175801.590   306.328    -5.26    6.20
-175424.425   305.685    -1.71    5.54
-175047.220   306.942     3.33    6.88
-174669.976   309.245     6.10    7.04
-174292.693   312.810     9.45    6.06
-173915.371   316.571     9.97    4.90
-173538.010   319.566     7.94    4.44
-173160.609   321.529     5.20    3.43
-172783.170   322.391     2.28    2.35
-172405.691   322.209    -0.48    3.00
-172028.172   320.588    -4.29    4.27
-171650.615   318.533    -5.44    4.69
-171273.018   315.574    -7.84    6.31
-170895.382   311.477   -10.85    7.72
-170517.706   306.749   -12.52    9.64
-170139.991   301.960   -12.68    9.32
-169762.237   300.293    -4.41    8.49
-169384.443   297.697    -6.87    9.28
-169006.610   296.995    -1.86   10.18
-168628.738   293.995    -7.94   12.09
-168250.826   285.852   -21.54   16.51
-167872.875   278.188   -20.27   15.72
-167494.885   270.662   -19.91   15.23
-167116.854   265.513   -13.62   15.47
-166743.160   260.784   -12.65   15.29
-166372.794   255.468   -14.35   14.03
-166002.390   249.486   -16.15   11.90
-165631.949   244.297   -14.01    8.28
-165261.469   245.690     3.76   11.65
-164890.952   250.049    11.76   16.63
-164520.398   254.288    11.44   19.52
-164149.805   257.293     8.11   20.41
-163779.174   258.416     3.03   19.90
-163408.506   262.116     9.98   22.62
-163037.800   268.147    16.27   24.36
-162667.056   276.784    23.29   21.63
-162296.274   279.909     8.42   18.30
-161925.454   281.046     3.07   14.77
-161554.596   277.531    -9.48   15.42
-161183.700   272.656   -13.14   15.89
-160812.767   267.513   -13.86   15.86
-160441.795   265.978    -4.14   16.19
-160070.786   263.177    -7.55   18.41
-159699.738   257.605   -15.01   19.28
-159328.652   253.531   -10.98   18.56
-158957.529   252.219    -3.53   16.13
-158586.367   252.926     1.90   14.52
-158215.168   252.433    -1.33   14.86
-157843.930   249.943    -6.71   17.85
-157472.654   248.598    -3.62   17.81
-157101.340   247.477    -3.02   17.48
-156729.988   244.249    -8.69   19.69
-156358.598   243.334    -2.46   19.68
-155987.170   241.281    -5.53   21.18
-155615.704   241.859     1.56   21.27
-155244.200   242.852     2.67   20.86
-154872.657   246.679    10.30   15.96
-154501.076   247.872     3.21   11.28
-154129.457   248.539     1.79    5.46
-153757.800   248.346    -0.52    6.93
-153386.105   249.609     3.40    7.87
-153014.371   252.504     7.79    5.28
-152642.600   253.153     1.75    4.88
-152270.790   249.412   -10.06    6.24
-151898.941   246.550    -7.69    5.30
-151527.055   245.013    -4.13    4.38
-151155.130   244.431    -1.56    4.85
-150783.167   243.907    -1.41    5.47
-150411.165   242.227    -4.52    6.40
-150039.125   240.961    -3.40    6.44
-149667.047   241.065     0.28    5.24
-149294.931   242.209     3.07    4.95
-148922.776   245.562     9.01    5.64
-148550.582   248.346     7.48    4.50
-148178.351   250.133     4.80    2.67
-147806.081   250.495     0.97    2.45
-147433.772   248.469    -5.44    3.34
-147061.425   245.884    -6.94    4.05
-146689.040   242.878    -8.07    4.92
-146316.616   239.584    -8.84    4.13
-145944.153   238.064    -4.08    3.75
-145571.653   236.978    -2.92    3.35
-145199.113   236.288    -1.85    3.76
-144826.535   233.098    -8.56    6.60
-144453.919   227.031   -16.28   11.16
-144081.264   219.548   -20.08   14.22
-143708.570   209.391   -27.25   17.71
-143335.838   198.961   -27.98   19.28
-142963.068   187.638   -30.37   20.30
-142590.258   178.554   -24.36   19.84
-142217.410   173.443   -13.71   18.48
-141844.524   168.433   -13.43   16.97
-141471.599   163.504   -13.22   16.17
-141098.635   161.622    -5.04   15.89
-140725.632   156.656   -13.31   12.47
-140352.591   154.763    -5.07   11.28
-139979.511   154.910     0.40   11.68
-139606.393   154.906    -0.01   13.09
-139233.235   155.486     1.56   13.84
-138860.039   154.923    -1.51   13.52
-138486.804   154.977     0.14   12.97
-138113.531   156.808     4.91   13.16
-137740.218   159.363     6.84   13.08
-137366.867   163.276    10.48   11.86
-136993.477   166.667     9.08   10.86
-136620.048   171.520    12.99   10.27
-136246.581   176.620    13.65   11.26
-135873.074   180.063     9.22   10.70
-135499.529   181.106     2.79    9.08
-135125.945   179.548    -4.17    9.43
-134752.322   177.486    -5.52   11.07
-134378.660   174.202    -8.79   13.39
-134004.959   168.977   -13.98   14.63
-133631.219   164.181   -12.83   15.12
-133257.440   162.391    -4.79   15.84
-132883.622   162.942     1.47   16.17
-132509.766   169.622    17.86   14.38
-132135.870   176.129    17.40    8.67
-131761.935   176.548     1.12    7.43
-131387.961   174.209    -6.25    8.47
-131013.949   169.771   -11.87    9.06
-130639.897   164.512   -14.06    9.49
-130265.806   159.736   -12.76    9.92
-129891.676   154.978   -12.72    9.86
-129517.507   149.539   -14.53    8.15
-129143.299   144.690   -12.96    6.22
-128769.052   141.504    -8.51    4.65
-128394.765   138.802    -7.22    3.85
-128020.440   136.359    -6.53    3.36
-127646.075   134.909    -3.87    3.09
-127271.671   134.135    -2.07    2.78
-126897.228   133.788    -0.93    2.43
-126522.746   132.616    -3.13    3.88
-126148.225   129.714    -7.75    5.59
-125773.664   123.078   -17.71    9.21
-125399.064   113.328   -26.02   16.38
-125024.425    98.118   -40.60   22.49
-124649.747    88.522   -25.61   20.53
-124275.029    82.133   -17.05   19.60
-123900.272    78.102   -10.75   19.32
-123525.476    76.202    -5.07   21.40
-123150.641    69.616   -17.57   21.23
-122775.766    60.451   -24.44   19.69
-122400.851    49.295   -29.75   15.64
-122025.898    41.087   -21.89    8.72
-121650.905    36.258   -12.88    2.66
-121275.873    34.649    -4.29    2.24
-120900.801    33.633    -2.71    1.81
-120525.690    32.784    -2.26    1.22
-120150.539    32.357    -1.14    1.00
-119775.349    31.874    -1.29    1.33
-119400.119    31.433    -1.17    1.52
-119024.850    31.112    -0.86    1.35
-118649.542    30.662    -1.20    1.17
-118274.194    30.626    -0.09    1.11
-117898.806    30.679     0.14    1.17
-117523.379    30.529    -0.40    1.17
-117147.913    30.363    -0.44    1.20
-116772.406    30.236    -0.34    1.17
-116396.861    30.822     1.56    2.11
-116021.275    35.311    11.95   11.29
-115645.650    48.612    35.41   24.33
-115269.986    62.939    38.14   27.13
-114894.282    76.591    36.33   27.69
-114518.538    82.223    14.99   25.34
-114142.754    83.116     2.38   25.08
-113766.931    83.521     1.08   24.31
-113391.068    83.679     0.42   23.51
-113015.166    83.147    -1.41   22.06
-112639.224    80.831    -6.16   18.21
-112263.242    82.828     5.31   17.34
-111887.220    90.566    20.58   19.23
-111511.158    93.135     6.83   17.78
-111135.057    96.805     9.76   17.02
-110758.916    99.293     6.61   16.11
-110382.735   103.083    10.07   18.94
-110006.515   101.459    -4.31   21.10
-109630.254    90.673   -28.66   24.48
-109253.954    76.138   -38.62   24.72
-108877.614    65.412   -28.50   23.32
-108501.233    50.609   -39.32   23.32
-108124.813    37.223   -35.56   24.86
-107748.354    22.554   -38.96   21.22
-107371.854    10.650   -31.61   14.11
-106995.314     1.763   -23.60    5.27
-106618.734    -3.801   -14.77    6.06
-106242.115    -7.802   -10.62    5.99
-105865.455   -11.181    -8.97    4.24
-105488.756   -12.858    -4.45    2.14
-105112.016   -12.953    -0.25    1.37
-104735.237   -12.574     1.01    1.40
-104358.417   -12.464     0.29    1.31
-103981.557   -12.356     0.29    1.19
-103604.658   -12.557    -0.53    1.22
-103227.718   -12.709    -0.40    1.11
-102850.738   -13.039    -0.88    1.22
-102473.718   -13.166    -0.34    1.06
-102096.658   -13.039     0.34    1.00
-101719.557   -12.988     0.14    1.00
-101342.417   -12.773     0.57    1.13
-100965.236   -12.497     0.73    1.22
-100588.016   -12.468     0.08    1.19
-100210.755   -12.112     0.94    1.53
 -99833.454   -12.514    -1.06    2.42
 -99456.112   -12.574    -0.16    2.85
 -99078.731   -13.022    -1.19    3.22
 -98701.309   -13.327    -0.81    3.21
 -98323.847   -13.222     0.28    2.97
 -97946.345   -13.291    -0.18    2.84
 -97568.802   -13.785    -1.31    3.31
 -97191.219   -15.058    -3.37    3.68
 -96813.596   -16.181    -2.97    3.46
 -96435.932   -15.833     0.92    4.14
 -96058.228   -13.853     5.24    5.02
 -95680.484   -10.362     9.24    5.42
 -95302.699    -7.932     6.43    4.88
 -94924.874    -6.853     2.86    3.78
 -94547.008    -6.742     0.29    2.81
 -94169.102    -8.281    -4.07    2.80
 -93791.156    -9.937    -4.38    1.99
 -93413.169   -10.233    -0.78    1.56
 -93035.142    -9.781     1.20    1.24
 -92657.074    -9.441     0.90    1.34
 -92278.966    -9.367     0.20    1.17
 -91904.400    -9.541    -0.46    1.32
 -91534.145    -9.522     0.05    1.36
 -91163.852    -9.391     0.35    1.54
 -90793.521    -9.229     0.44    1.74
 -90423.150    -8.936     0.79    1.63
 -90052.741    -9.093    -0.42    1.61
 -89682.293    -9.143    -0.14    1.42
 -89311.806    -9.145    -0.01    1.55
 -88941.280    -9.391    -0.66    1.25
 -88570.716    -9.374     0.05    1.19
 -88200.113    -9.284     0.24    1.17
 -87829.470    -8.969     0.85    0.96
 -87458.790    -8.695     0.74    0.98
 -87088.070    -8.505     0.51    1.00
 -86717.311    -8.281     0.60    1.18
 -86346.513    -7.970     0.84    1.30
 -85975.677    -7.973    -0.01    1.28
 -85604.801    -8.005    -0.09    1.27
 -85233.887    -8.023    -0.05    1.26
 -84862.934    -8.055    -0.09    1.17
 -84491.941    -7.453     1.62    1.99
 -84120.910    -5.689     4.75    3.22
 -83749.840    -3.898     4.83    3.47
 -83378.730    -2.141     4.73    2.61
 -83007.582    -1.077     2.87    0.93
 -82636.395    -0.972     0.28    1.00
 -82265.168    -0.844     0.34    0.91
 -81893.903    -0.880    -0.10    0.88
 -81522.598    -0.987    -0.29    0.80
 -81151.255    -1.143    -0.42    0.76
 -80779.872    -0.812     0.89    1.30
 -80408.450    -0.395     1.12    1.43
 -80036.989    -0.298     0.26    1.44
 -79665.489    -0.291     0.02    1.40
 -79293.950    -0.579    -0.78    1.30
 -78922.372    -0.919    -0.92    1.20
 -78550.754    -0.791     0.34    1.25
 -78179.097    -0.413     1.02    1.50
 -77807.401    -0.293     0.32    1.44
 -77435.666    -0.219     0.20    1.37
 -77063.891    -0.105     0.31    1.30
 -76692.077    -0.039     0.18    1.14
 -76320.224    -0.023     0.04    1.13
 -75948.332     0.185     0.56    1.12
 -75576.400     0.571     1.04    1.10
 -75204.429     0.960     1.04    1.09
 -74832.419     1.451     1.32    1.20
 -74460.370     2.328     2.36    1.69
 -74088.281     3.249     2.48    2.30
 -73716.152     5.690     6.56    4.46
 -73343.984     7.921     5.99    5.19
 -72971.777    11.633     9.97    6.89
 -72599.531    15.616    10.70    7.48
 -72227.245    20.108    12.07    8.55
 -71854.919    26.281    16.58    8.15
 -71482.554    30.469    11.25    8.43
 -71110.150    36.112    15.15    7.20
 -70737.706    39.679     9.58    4.89
 -70365.223    39.486    -0.52    4.11
 -69992.700    35.722   -10.10    7.60
 -69620.138    31.741   -10.69    7.91
 -69247.536    29.691    -5.50    7.19
 -68874.894    30.339     1.74    8.13
 -68502.213    33.469     8.40    8.23
 -68129.493    34.469     2.68    9.53
 -67756.733    32.707    -4.73   11.03
 -67383.933    32.564    -0.38   11.11
 -67011.093    30.098    -6.61   11.01
 -66638.214    27.978    -5.69    9.82
 -66265.296    27.245    -1.97    8.74
 -65892.337    26.906    -0.91    7.95
 -65519.339    28.097     3.19    8.35
 -65146.301    30.468     6.36    8.35
 -64773.224    29.834    -1.70    7.62
 -64400.107    30.616     2.09    7.18
 -64026.950    31.262     1.73    7.49
 -63653.753    31.667     1.09    6.58
 -63280.517    32.758     2.92    5.84
 -62907.240    33.962     3.23    5.72
 -62533.924    36.065     5.63    6.08
 -62160.568    38.145     5.57    5.51
 -61787.173    39.680     4.11    5.03
 -61413.737    40.223     1.45    4.60
 -61040.262    41.170     2.54    4.68
 -60666.747    42.618     3.88    4.34
 -60293.192    44.048     3.83    3.57
 -59919.597    45.633     4.24    1.84
 -59545.962    46.334     1.88    1.21
 -59172.287    46.771     1.17    1.08
 -58798.572    47.170     1.07    0.98
 -58424.817    47.340     0.45    1.29
 -58051.023    47.662     0.86    1.48
 -57677.188    47.816     0.41    1.53
 -57303.313    48.110     0.78    1.44
 -56929.398    48.098    -0.03    1.36
 -56555.444    47.662    -1.17    1.21
 -56181.449    47.300    -0.97    1.41
 -55807.414    46.063    -3.31    2.56
 -55433.339    44.650    -3.78    3.42
 -55059.224    43.753    -2.40    3.93
 -54685.069    43.395    -0.96    4.56
 -54310.874    43.423     0.08    5.17
 -53936.639    44.351     2.48    4.52
 -53562.363    44.977     1.67    2.84
 -53188.048    43.925    -2.81    3.37
 -52813.692    42.605    -3.52    3.75
 -52439.296    41.605    -2.67    3.54
 -52064.860    40.346    -3.36    4.53
 -51690.383    37.874    -6.60    6.24
 -51315.867    32.552   -14.21    8.39
 -50941.310    27.540   -13.38    8.95
 -50566.713    22.859   -12.50    8.06
 -50192.075    20.213    -7.06    6.30
 -49817.397    22.805     6.92    8.74
 -49442.679    28.598    15.46   10.63
 -49067.921    34.512    15.78   10.01
 -48693.123    39.719    13.89    7.86
 -48318.284    42.591     7.66    8.15
 -47943.404    46.192     9.60    8.92
 -47568.484    48.753     6.83    7.56
 -47193.524    51.978     8.60    4.01
 -46818.524    51.291    -1.83    3.47
 -46443.483    49.795    -3.99    2.78
 -46068.402    48.656    -3.04    2.69
 -45693.280    47.862    -2.12    2.47
 -45318.117    47.028    -2.22    2.69
 -44942.915    46.548    -1.28    2.96
 -44567.671    46.745     0.52    2.89
 -44192.388    46.087    -1.75    3.49
 -43817.063    44.150    -5.16    4.60
 -43441.699    43.943    -0.55    4.46
 -43066.293    44.897     2.54    4.97
 -42690.847    46.802     5.07    5.01
 -42315.361    49.012     5.89    2.59
 -41939.834    49.495     1.29    1.98
 -41564.266    48.872    -1.66    1.68
 -41188.658    47.690    -3.15    1.94
 -40813.009    46.180    -4.02    2.56
 -40437.319    44.428    -4.66    3.27
 -40061.589    41.907    -6.71    4.12
 -39685.818    40.077    -4.87    4.22
 -39310.006    38.283    -4.77    3.07
 -38934.154    37.495    -2.10    2.30
 -38558.260    37.312    -0.49    2.07
 -38182.327    36.995    -0.84    2.29
 -37806.352    36.173    -2.18    3.24
 -37430.336    35.254    -2.44    3.53
 -37054.280    34.812    -1.18    3.73
 -36678.183    34.486    -0.87    3.51
 -36302.045    33.690    -2.12    3.98
 -35925.867    31.978    -4.55    4.15
 -35549.647    31.258    -1.91    4.21
 -35173.387    31.771     1.36    5.05
 -34797.086    33.195     3.78    5.68
 -34420.743    35.460     6.02    5.01
 -34044.360    36.584     2.99    3.30
 -33667.936    36.142    -1.17    3.24
 -33291.471    34.791    -3.59    3.49
 -32914.966    33.271    -4.04    3.87
 -32538.419    31.192    -5.52    3.62
 -32161.831    30.633    -1.48    2.61
 -31785.202    31.409     2.06    2.96
 -31408.532    32.865     3.87    3.08
 -31031.821    34.605     4.62    2.99
 -30655.070    35.609     2.66    2.75
 -30278.277    35.828     0.58    2.75
 -29901.443    36.368     1.43    1.79
 -29524.567    36.012    -0.94    1.76
 -29147.651    35.028    -2.61    2.01
 -28770.694    33.870    -3.07    2.01
 -28393.695    33.202    -1.77    1.79
 -28016.656    32.409    -2.10    1.82
 -27639.575    31.624    -2.08    1.93
 -27262.453    30.363    -3.34    2.46
 -26885.290    29.029    -3.54    2.51
 -26508.085    27.916    -2.95    2.30
 -26130.840    27.391    -1.39    2.12
 -25753.553    26.707    -1.81    2.03
 -25376.225    26.328    -1.00    2.04
 -24998.856    26.378     0.13    1.99
 -24621.445    26.574     0.52    2.05
 -24243.993    26.454    -0.32    1.94
 -23866.500    25.436    -2.70    2.82
 -23488.965    24.173    -3.34    2.70
 -23111.389    23.142    -2.73    2.38
 -22733.772    21.995    -3.04    2.80
 -22356.113    20.504    -3.95    3.29
 -21978.413    19.081    -3.77    3.62
 -21600.672    19.192     0.29    3.67
 -21222.889    20.133     2.49    3.88
 -20845.065    21.874     4.61    3.37
 -20467.199    23.388     4.01    1.66
 -20089.292    22.977    -1.09    1.77
 -19711.343    22.845    -0.35    2.47
 -19333.353    22.940     0.25    2.79
 -18955.321    23.909     2.56    2.87
 -18577.248    24.805     2.37    2.51
 -18199.133    25.588     2.07    2.39
 -17820.977    26.295     1.87    1.64
 -17442.779    26.084    -0.56    1.88
 -17067.254    25.110    -2.60    2.21
 -16697.125    23.559    -4.19    2.12
 -16326.957    21.802    -4.75    2.12
 -15956.749    20.822    -2.65    1.87
 -15586.502    20.192    -1.70    1.87
 -15216.214    18.469    -4.65    3.31
 -14845.887    17.650    -2.21    3.58
 -14475.520    16.545    -2.98    3.14
 -14105.114    16.063    -1.30    2.47
 -13734.667    17.012     2.56    1.72
 -13364.181    17.443     1.16    1.45
 -12993.655    17.874     1.16    1.50
 -12623.089    17.784    -0.24    1.40
 -12252.484    17.437    -0.94    0.94
 -11881.838    17.102    -0.91    0.89
 -11511.152    17.322     0.59    1.00
 -11140.427    18.159     2.26    2.13
 -10769.662    17.782    -1.02    4.38
 -10398.857    16.416    -3.68    6.75
 -10028.011    13.791    -7.08    8.23
  -9657.126    11.436    -6.35    8.58
  -9286.201     9.064    -6.39    7.55
  -8915.236     7.271    -4.83    5.69
  -8544.231     7.317     0.12    5.77
  -8173.186     6.271    -2.82    3.80
  -7802.101     5.857    -1.12    1.49
  -7430.976     5.847    -0.03    1.33
  -7059.811     5.784    -0.17    1.32
  -6688.605     5.857     0.20    1.25
  -6317.360     6.162     0.82    1.36
  -5946.075     6.212     0.13    1.53
  -5574.749     5.581    -1.70    2.05
  -5203.383     4.716    -2.33    2.11
  -4831.977     3.707    -2.72    1.57
  -4460.531     3.288    -1.13    1.11
  -4089.045     3.283    -0.01    1.46
  -3717.519     3.436     0.41    1.59
  -3345.952     3.219    -0.58    1.78
  -2974.346     3.012    -0.56    2.06
  -2602.699     2.700    -0.84    2.00
  -2231.011     2.381    -0.86    2.00
  -1859.284     2.372    -0.02    2.12
  -1487.516     2.254    -0.32    2.30
  -1115.708     1.978    -0.74    2.37
   -743.860     1.626    -0.95    2.41
   -371.971     1.159    -1.26    2.21
     -0.042     0.622    -1.44    1.69
    371.927     0.202    -1.13    0.87
    743.937     0.452     0.67    1.25
   1115.987     0.707     0.68    1.54
   1488.078     1.357     1.75    2.17
   1860.209     1.927     1.53    2.49
   2232.380     2.536     1.64    2.72
   2604.592     3.150     1.65    2.81
   2976.844     3.436     0.77    2.96
   3349.137     3.631     0.53    2.84
   3721.470     3.795     0.44    2.65
   4093.843     5.673     5.04    7.34
   4466.258    14.815    24.55   21.73
   4838.712    26.114    30.34   28.68
   5211.207    30.443    11.62   28.94
   5583.743    27.469    -7.98   26.60
   5956.320    17.788   -25.99   19.22
   6328.936     9.537   -22.14    9.67
   6701.594     5.223   -11.58    2.04
   7074.292     5.323     0.27    2.34
   7447.031     5.240    -0.22    2.52
   7819.810     4.685    -1.49    2.98
   8192.630     4.181    -1.35    3.17
   8565.491     3.351    -2.23    2.93
   8938.393     2.822    -1.42    2.84
   9311.335     2.266    -1.49    2.21
   9684.318     1.812    -1.22    1.94
  10057.341     1.837     0.07    1.80
  10430.405     2.454     1.65    2.41
  10803.510     2.699     0.66    2.25
  11176.656     2.645    -0.14    1.63
  11549.843     2.960     0.85    1.65
  11923.070     3.634     1.81    2.16
  12296.339     4.253     1.66    2.28
  12669.648     4.840     1.57    2.25
  13042.998     5.695     2.29    2.11
  13416.389     6.402     1.89    2.12
  13789.820     6.926     1.40    2.15
  14163.293     6.978     0.14    2.46
  14536.806     7.060     0.22    2.57
  14910.361     6.638    -1.13    2.75
  15283.956     6.215    -1.13    2.77
  15657.593     5.406    -2.17    2.82
  16031.270     4.771    -1.70    2.58
  16404.988     4.478    -0.78    2.47
  16778.748     4.159    -0.85    2.30
  17152.548     3.822    -0.90    1.93
  17526.389     3.758    -0.17    1.86
  17900.272     4.672     2.45    5.61
  18274.195     4.995     0.86    7.34
  18648.160     3.960    -2.77    3.90
  19022.165     5.102     3.05    6.59
  19396.212     6.301     3.21    7.71
  19770.300     7.767     3.92    7.94
  20144.429    12.317    12.16   12.71
  20518.599    21.012    23.24   22.15
  20892.810    33.080    32.25   33.36
  21267.063    54.495    57.22   42.91
  21641.356    76.374    58.46   46.84
  22015.691    97.628    56.78   42.21
  22390.068   117.263    52.45   31.58
  22764.485   120.405     8.39   30.63
  23138.944   128.667    22.07   29.92
  23513.443   131.753     8.24   30.11
  23887.985   129.588    -5.78   28.44
  24262.567   138.695    24.31   25.52
  24637.191   142.978    11.43   20.42
  25011.856   141.385    -4.25   17.77
  25386.563   139.159    -5.94   19.07
  25761.310   134.802   -11.63   19.66
  26136.100   134.716    -0.23   22.49
  26510.930   137.281     6.84   22.60
  26885.802   129.798   -19.96   23.29
  27260.716   121.870   -21.15   24.26
  27635.671   109.545   -32.87   23.54
  28010.667    95.585   -37.23   19.39
  28385.705    93.644    -5.18   19.61
  28760.784    95.728     5.56   24.30
  29135.905   101.231    14.67   29.64
  29511.068   116.634    41.06   28.92
  29886.271   126.995    27.61   27.98
  30261.517   136.188    24.50   24.77
  30636.804   139.245     8.14   20.94
  31012.132   139.478     0.62   18.96
  31387.503   137.765    -4.56   19.56
  31762.914   132.351   -14.42   21.91
  32138.368   123.167   -24.46   24.27
  32513.863   116.529   -17.68   24.96
  32889.400   110.011   -17.36   23.06
  33264.978   107.048    -7.89   23.83
  33640.598   107.741     1.85   23.36
  34016.260   121.063    35.46   24.42
  34391.963   130.893    26.17   21.72
  34767.709   138.808    21.07   19.90
  35143.496   143.283    11.91   17.49
  35519.324   145.569     6.08   14.92
  35895.195   146.423     2.27   16.28
  36271.107   141.845   -12.18   16.84
  36647.061   139.995    -4.92   16.89
  37023.057   135.305   -12.47   21.26
  37399.095   125.678   -25.60   21.55
  37775.175   114.175   -30.59   21.42
  38151.296    99.909   -37.93   22.75
  38527.460    89.236   -28.37   21.72
  38903.665    79.126   -26.88   16.73
  39279.912    74.566   -12.12   13.14
  39656.201    73.598    -2.57    9.39
  40032.532    79.419    15.47   12.50
  40408.905    88.916    25.23   14.31
  40785.321    97.978    24.08   17.05
  41161.778   104.945    18.51   20.44
  41538.277   109.376    11.77   20.68
  41914.818   112.961     9.52   21.31
  42291.401   116.095     8.32   21.01
  42668.026   120.268    11.08   22.42
  43044.693   130.913    28.26   23.67
  43421.403   134.816    10.36   22.02
  43798.154   136.395     4.19   20.21
  44174.948   144.192    20.69   16.03
  44551.784   150.374    16.41   14.75
  44928.662   153.945     9.47   13.25
  45305.582   154.254     0.82   13.48
  45682.544   150.062   -11.12   17.51
  46059.548   145.633   -11.75   18.20
  46436.595   142.995    -7.00   19.54
  46813.684   142.690    -0.81   19.40
  47190.815   145.357     7.07   16.69
  47567.989   144.712    -1.71   16.77
  47945.204   139.423   -14.02   18.83
  48322.462   127.323   -32.08   21.56
  48699.763   119.381   -21.05   18.43
  49077.105   122.060     7.10   21.65
  49454.490   132.162    26.77   22.10
  49831.918   145.656    35.76   16.22
  50209.387   149.576    10.38   14.32
  50586.900   146.639    -7.78   16.96
  50964.454   141.374   -13.95   20.23
  51342.051   127.602   -36.48   22.60
  51719.690   117.208   -27.53   21.71
  52097.372   111.633   -14.76   17.21
  52475.097   113.805     5.75   15.20
  52852.863   126.388    33.31   19.60
  53230.673   141.228    39.28   17.83
  53608.524   150.012    23.25   13.42
  53986.419   150.370     0.95   15.22
  54364.356   146.388   -10.54   18.17
  54742.335   147.150     2.02   18.19
  55120.357   148.478     3.51   15.70
  55498.422   147.323    -3.06   13.86
  55876.529   145.402    -5.08   15.44
  56254.679   135.616   -25.88   19.24
  56632.872   121.334   -37.76   21.91
  57011.107   106.114   -40.24   20.93
  57389.385    96.673   -24.96   12.76
  57766.008    99.543     7.62   17.13
  58136.017   109.893    27.97   19.81
  58506.067   120.639    29.04   19.21
  58876.157   127.362    18.17   19.36
  59246.289   130.060     7.29   19.19
  59616.461   137.758    20.79   19.90
  59986.674   143.452    15.38   19.05
  60356.927   146.931     9.40   17.19
  60727.222   149.097     5.85   15.75
  61097.557   145.391   -10.01   18.14
  61467.933   134.977   -28.12   24.74
  61838.350   118.372   -44.83   26.56
  62208.808   105.926   -33.60   21.27
  62579.306    98.628   -19.70   12.20
  62949.846    97.522    -2.99    8.54
  63320.426   100.695     8.56    8.59
  63691.047   107.650    18.77    8.73
  64061.710   113.624    16.12    8.48
  64432.413   119.164    14.95    7.10
  64803.157   122.753     9.68    6.54
  65173.942   126.995    11.44    6.94
  65544.768   130.114     8.41    6.98
  65915.635   133.736     9.77    6.09
  66286.543   136.351     7.05    6.25
  66657.492   138.159     4.87    6.19
  67028.482   138.679     1.40    6.00
  67399.514   136.795    -5.08    6.05
  67770.586   134.495    -6.20    6.39
  68141.699   130.656   -10.34    8.57
  68512.854   129.876    -2.10    9.12
  68884.049   135.912    16.26   15.11
  69255.286   142.683    18.24   17.12
  69626.564   147.283    12.39   16.07
  69997.883   154.775    20.18   12.92
  70369.243   156.351     4.24   12.68
  70740.645   158.012     4.47   10.78
  71112.087   159.736     4.64    8.72
  71483.571   156.634    -8.35   10.35
  71855.096   153.048    -9.65   12.31
  72226.663   146.278   -18.22   16.44
  72598.270   138.564   -20.76   15.26
  72969.919   136.192    -6.38   15.95
  73341.610   132.808    -9.10   17.16
  73713.341   129.419    -9.12   17.31
  74085.114   129.452     0.09   18.29
  74456.928   128.446    -2.71   18.72
  74828.784   130.351     5.12   18.79
  75200.681   136.945    17.73   18.78
  75572.619   144.138    19.34   16.64
  75944.599   149.130    13.42   14.29
  76316.620   150.842     4.60   12.66
  76688.683   139.486   -30.52   20.01
  77060.787   126.536   -34.81   19.52
  77432.933   122.781   -10.09   19.27
  77805.120   126.421     9.78   21.41
  78177.348   138.288    31.88   22.97
  78549.618   150.098    31.73   15.90
  78921.930   157.795    20.67    8.81
  79294.283   158.733     2.52    8.87
  79666.678   153.962   -12.81   11.19
  80039.114   148.328   -15.13   11.55
  80411.592   144.765    -9.57   12.19
  80784.112   144.667    -0.26   13.20
  81156.673   146.562     5.08   13.30
  81529.276   148.667     5.65   12.20
  81901.920   151.290     7.04   10.17
  82274.606   150.167    -3.01   11.49
  82647.334   148.351    -4.87   12.77
  83020.104   144.317   -10.82   14.17
  83392.915   139.285   -13.50   16.14
  83765.768   137.741    -4.14   12.97
  84138.663   132.762   -13.35   15.11
  84511.599   124.662   -21.72   17.36
  84884.577   116.012   -23.19   18.18
  85257.598   105.673   -27.72   17.96
  85630.659    98.138   -20.20   14.44
  86003.763    95.077    -8.20    9.84
  86376.909    96.459     3.70   10.16
  86750.096   107.765    30.30   19.73
  87123.325   123.181    41.31   22.96
  87496.597   132.978    26.25   18.49
  87869.910   140.842    21.07   14.90
  88243.265   143.815     7.96   15.21
  88616.662   145.612     4.81   14.43
  88990.101   149.391    10.12   12.82
  89363.581   148.414    -2.62   14.60
  89737.104   144.227   -11.21   17.51
  90110.669   143.995    -0.62   17.64
  90484.276   143.253    -1.98   17.67
  90857.925   145.898     7.08   17.19
  91231.616   152.178    16.81   16.30
  91605.349   156.588    11.80   15.83
  91979.124   160.728    11.08   11.44
  92352.941   162.181     3.89    9.40
  92726.800   162.842     1.77    9.58
  93100.702   162.181    -1.77   10.61
  93474.645   163.175     2.66   10.59
  93848.631   166.495     8.88    9.40
  94222.659   169.395     7.75    8.89
  94596.729   170.357     2.57    8.45
  94970.841   168.559    -4.81    9.35
  95344.996   161.842   -17.95   11.92
  95719.193   156.578   -14.07   10.10
  96093.432   155.306    -3.40   11.70
  96467.713   155.612     0.82   13.68
  96842.036   158.537     7.82   14.22
  97216.402   156.926    -4.30   16.62
  97590.810   153.962    -7.92   18.57
  97965.261   151.732    -5.96   19.83
  98339.754   148.306    -9.15   19.02
  98714.289   141.862   -17.21   14.74
  99088.867   137.859   -10.69   10.16
  99463.487   137.368    -1.31    6.28
  99838.149   139.588     5.93    5.53
 100212.854   144.511    13.14    6.24
 100587.601   149.114    12.28    5.29
 100962.391   153.929    12.85    5.34
 101337.223   159.291    14.31    5.74
 101712.098   165.428    16.37    7.46
 102087.015   171.595    16.45    7.69
 102461.974   176.188    12.25    7.05
 102836.977   179.130     7.85    7.29
 103212.021   181.164     5.42    8.45
 103587.109   184.312     8.39    8.46
 103962.239   185.962     4.40    7.27
 104337.411   185.678    -0.76    7.00
 104712.627   182.305    -8.99    8.88
 105087.884   176.634   -15.11    9.26
 105463.185   169.702   -18.47    8.99
 105838.528   165.791   -10.42    7.71
 106213.914   165.845     0.14    9.55
 106589.342   168.765     7.78   11.62
 106964.813   174.112    14.24   12.81
 107340.327   180.436    16.84   11.86
 107715.884   186.882    17.17   10.35
 108091.484   191.398    12.03    7.78
 108467.126   191.462     0.17    7.01
 108842.811   188.926    -6.75    7.85
 109218.539   185.169   -10.00    8.09
 109594.309   183.745    -3.79    8.73
 109970.123   185.690     5.18    9.30
 110345.979   184.188    -3.99   11.49
 110721.879   180.862    -8.85   13.25
 111097.821   175.012   -15.56   12.54
 111473.806   172.451    -6.81   11.15
 111849.834   170.470    -5.27   11.68
 112225.905   168.537    -5.14   11.71
 112602.019   166.537    -5.32   10.34
 112978.175   164.700    -4.89    8.90
 113354.375   162.469    -5.93    8.40
 113730.618   158.537   -10.45    8.44
 114106.904   154.622   -10.41    8.63
 114483.233   146.388   -21.88   12.78
 114859.605   138.391   -21.25   12.36
 115236.020   132.828   -14.78    8.00
 115612.478   132.116    -1.89    7.29
 115988.979   133.897     4.73    7.77
 116365.524   134.995     2.92    6.95
 116742.111   134.645    -0.93    6.51
 117118.742   134.408    -0.63    5.67
 117495.416   134.249    -0.42    4.64
 117872.133   134.126    -0.33    3.96
 118248.893   132.906    -3.24    4.72
 118625.696   128.172   -12.56    8.90
 119002.543   122.736   -14.43   10.01
 119379.433   119.062    -9.75    9.03
 119756.366   123.667    12.22   17.08
 120133.342   131.595    21.03   21.38
 120510.362   134.130     6.73   21.05
 120887.425   133.346    -2.08   20.08
 121264.532   128.716   -12.28   17.08
 121641.681   128.812     0.25   14.26
 122018.874   139.312    27.84   16.64
 122396.111   152.651    35.36   14.42
 122773.391   161.733    24.08   11.78
 123150.714   166.249    11.97    7.61
 123528.081   166.130    -0.31    7.86
 123905.491   164.503    -4.31    9.73
 124282.945   161.633    -7.61   10.50
 124660.442   158.995    -6.99   11.57
 125037.982   162.126     8.29   11.03
 125415.567   162.395     0.71    8.71
 125793.194   161.554    -2.23    8.37
 126170.866   161.395    -0.42    7.53
 126548.580   154.463   -18.36   11.72
 126926.339   147.391   -18.72   12.48
 127304.141   143.695    -9.79   11.55
 127681.986   143.767     0.19   12.09
 128059.876   149.995    16.48   11.47
 128437.808   157.528    19.94    8.51
 128815.785   161.145     9.57    6.40
 129193.805   161.360     0.57    6.64
 129571.869   159.571    -4.73    8.60
 129949.977   155.323   -11.24    9.52
 130328.128   150.978   -11.49    8.97
 130706.323   146.946   -10.66    9.71
 131084.562   142.198   -12.56   10.16
 131462.845   137.323   -12.89   10.30
 131841.171   129.566   -20.50    9.54
 132219.541   122.758   -18.00    9.47
 132597.379   117.044   -15.12    7.81
 132967.257   111.798   -14.18    6.59
 133337.178   104.585   -19.50    9.61
 133707.140    99.047   -14.97    9.27
 134077.144    96.470    -6.96    6.49
 134447.189    98.181     4.62    8.13
 134817.277   106.585    22.71   13.73
 135187.406   117.357    29.11   16.08
 135557.577   128.092    29.00   17.52
 135927.790   138.651    28.53   18.51
 136298.045   147.995    25.24   15.19
 136668.342   156.262    22.33   10.11
 137038.680   156.388     0.34   12.31
 137409.060   148.414   -21.53   21.83
 137779.483   143.912   -12.16   22.35
 138149.947   138.672   -14.14   19.98
 138520.453   137.995    -1.83   17.03
 138891.001   139.847     5.00   16.75
 139261.592   144.322    12.08   16.51
 139632.224   149.618    14.29   15.66
 140002.898   153.529    10.55   14.22
 140373.614   159.063    14.93   15.61
 140744.372   165.678    17.85   13.70
 141115.173   169.789    11.09   12.23
 141486.015   171.745     5.28   12.91
 141856.899   173.300     4.19   13.70
 142227.826   174.576     3.44   11.78
 142598.794   175.462     2.39   10.11
 142969.805   174.724    -1.99    8.63
 143340.858   170.452   -11.51   10.54
 143711.953   164.059   -17.23   11.07
 144083.091   160.135   -10.57   10.70
 144454.270   157.776    -6.36   11.51
 144825.492   153.478   -11.58   12.66
 145196.756   151.388    -5.63   12.02
 145568.062   151.724     0.90   13.34
 145939.410   151.215    -1.37   15.36
 146310.801   155.628    11.88   16.48
 146682.234   158.495     7.72   17.46
 147053.709   160.707     5.96   15.99
 147425.227   160.782     0.20   15.10
 147796.787   159.328    -3.91   15.66
 148168.389   155.745    -9.64   15.55
 148540.034   149.486   -16.84   18.14
 148911.721   138.098   -30.64   21.53
 149283.451   127.749   -27.85   18.00
 149655.222   122.753   -13.44   11.28
 150027.037   123.912     3.12    7.89
 150398.894   130.978    19.00   10.26
 150770.793   137.705    18.09   12.88
 151142.735   142.545    13.02   12.60
 151514.719   144.928     6.41   13.17
 151886.746   145.864     2.52   11.59
 152258.815   146.634     2.07   10.77
 152630.927   150.512    10.42   10.19
 153003.081   154.595    10.97   10.42
 153375.278   159.124    12.17    8.09
 153747.518   161.045     5.16    6.12
 154119.800   162.897     4.97    6.42
 154492.125   163.263     0.98    7.61
 154864.493   161.366    -5.09    9.22
 155236.903   159.454    -5.13    9.84
 155609.356   157.205    -6.04   11.32
 155981.851   149.798   -19.89   12.61
 156354.389   144.628   -13.88   15.89
 156726.970   133.395   -30.15   21.32
 157099.594   121.503   -31.92   20.70
 157472.260   107.398   -37.85   12.30
 157844.970   104.028    -9.04    7.91
 158217.722   111.978    21.33   18.76
 158590.517   126.923    40.10   23.56
 158963.354   144.205    46.36   21.11
 159336.235   158.012    37.04   11.09
 159709.158   162.898    13.10    7.97
 160082.124   163.595     1.87    8.02
 160455.133   161.595    -5.36    9.96
 160828.185   158.128    -9.29   11.91
 161201.280   152.716   -14.51   14.56
 161574.418   144.188   -22.86   15.93
 161947.599   137.351   -18.33   17.32
 162320.823   135.224    -5.70   20.13
 162694.090   127.486   -20.73   23.15
 163067.399   119.753   -20.72   22.46
 163440.752   114.840   -13.16   18.61
 163814.148   107.946   -18.46   12.12
 164187.587   104.926    -8.09   10.13
 164561.069   102.585    -6.27    7.67
 164934.594   102.012    -1.54    6.22
 165308.162   105.753    10.02   11.17
 165681.773   116.027    27.50   20.02
 166055.428   122.044    16.11   21.60
 166429.125   125.323     8.78   18.65
 166802.866   129.626    11.52   16.96
 167176.650   139.705    26.97   19.07
 167550.477   150.616    29.19   17.39
 167924.347   160.398    26.17   12.07
 168298.261   161.808     3.77   11.96
 168672.218   154.601   -19.28   16.20
 169046.218   150.678   -10.49   15.23
 169420.261   151.569     2.38   16.75
 169794.348   159.834    22.10   15.42
 170168.478   162.528     7.20   12.98
 170542.651   161.815    -1.91   12.72
 170916.868   161.223    -1.58   12.90
 171291.128   166.253    13.44   12.87
 171665.431   170.357    10.97   10.32
 172039.778   166.398   -10.58   13.21
 172414.168   162.412   -10.65   14.75
 172788.601   160.628    -4.76   15.41
 173163.079   162.864     5.97   16.44
 173537.599   167.618    12.70   15.27
 173912.163   170.898     8.76   14.94
 174286.771   176.995    16.28   14.86
 174661.422   182.543    14.81   13.06
 175036.116   185.065     6.73   10.14
 175410.854   185.076     0.03    9.39
 175785.636   183.667    -3.76    9.28
 176160.461   180.527    -8.38   10.62
 176535.330   180.651     0.33   11.50
 176910.242   181.345     1.85    9.94
 177285.198   172.278   -24.18   18.74
 177660.198   161.077   -29.88   25.21
 178035.241   145.366   -41.90   23.35
 178410.328   134.368   -29.33   13.49
 178785.459   131.614    -7.34    6.86
 179160.634   132.870     3.35    4.81
 179535.852   136.124     8.67    4.68
 179911.114   139.946    10.19    6.14
 180286.420   144.126    11.14    7.51
 180661.769   149.585    14.55    9.42
 181037.162   156.395    18.14   11.81
 181412.599   164.578    21.80   15.09
 181788.080   171.283    17.86   14.34
 182163.605   180.552    24.69   12.80
 182539.174   186.391    15.55    7.45
 182914.786   182.339   -10.79   11.62
 183290.443   178.045   -11.43   14.00
 183666.143   174.376    -9.77   12.66
 184041.887   173.241    -3.02   11.84
 184417.675   176.503     8.68   12.00
 184793.508   180.820    11.49   12.82
 185169.384   187.673    18.23   12.70
 185545.304   192.662    13.27    9.42
 185921.268   194.529     4.97    8.27
 186297.276   192.601    -5.13   10.25
 186673.329   189.554    -8.10   10.88
 187049.425   185.847    -9.86   12.21
 187425.565   181.635   -11.20   15.60
