# NaN NaN NaN ;Mean Elev.(m), Avg Gradient(m/km), RMS Gradient(m/km) - SRTM1     
#  106.475  -6.264  16.838 ;Mean Elev.(m), Avg Gradient(m/km), RMS Gradient(m/km) - ASTER GDEM
#  105.259  -6.526  16.388 ;Mean Elev.(m), Avg Gradient(m/km), RMS Gradient(m/km) - GMTED2010 
  9 128.103684  49.546313   106.644   106.555  3 52514.53283421 46.303
 11 128.097808  49.546245   107.625   107.625  2 52584.53286489 41.328
 12 128.095291  49.544727   108.503   108.503  2 52619.53284300 38.186
 13 128.096363  49.545492   108.218   108.218  2 52654.53282843 20.252
 14 128.098559  49.546380   108.428   108.428  2 52689.53282368 17.605
 15 128.091756  49.545859   109.646   109.620  3 52724.53286806 22.656
 17 128.089993  49.544505   109.826   109.826  2 52794.53284243 51.106
 19 128.095980  49.546481   112.825   112.825  2 52864.53295411 37.123
 20 128.092811  49.545821   111.585   111.593  3 52899.53298319 34.510
 21 128.096763  49.544594   109.454   109.454  2 52934.53292639 45.016
 25 128.090168  49.547031   109.360   109.396  3 53074.53294110 12.998
 28 128.094395  49.546819   111.047   111.047  2 53179.53296687 43.284
 29 128.089324  49.547254   110.355   110.237  3 53214.53298869 44.669
 30 128.097595  49.545651   109.100   109.100  2 53249.53295799 29.644
 32 128.096273  49.545183   108.324   108.324  2 53319.53294205 42.823
 33 128.102670  49.546243   108.837   108.887  3 53354.53290943 22.998
 35 128.099271  49.546456   108.682   108.682  2 53424.53291206 14.135
 36 128.091166  49.546241   108.418   108.462  3 53459.53291731 26.634
 38 128.098626  49.546435   113.230   113.564  3 53529.53297792 28.767
 40 128.099345  49.546106   108.924   108.924  2 53599.53295007 47.308
 43 128.101251  49.546625   108.592   108.578  3 53704.53290607 44.858
 44 128.108034  49.546736   108.559   108.487  3 53739.53281578 28.449
 45 128.095992  49.544707   108.591   108.591  2 53774.53283493 20.550
 46 128.102136  49.547250   108.502   108.516  3 53809.53281892 27.610
 48 128.092795  49.545702   110.307   110.307  2 53879.53288973 48.881
 51 128.096680  49.546769   112.543   112.543  2 53984.53289471 33.394
 53 128.100329  49.545433   107.923   107.923  2 54054.53292005 38.087
 54 128.098129  49.545577   109.671   109.625  3 54089.53291013 40.585
 56 128.091519  49.546488   108.662   108.610  3 54159.53287661 16.894
 59 128.091713  49.545933   112.489   112.498  3 54264.53290716 37.827
 60 128.093195  49.547052   128.091   128.091  2 54299.53291092 31.339
 61 128.097312  49.544227   111.998   111.998  2 54334.53290033 41.684
 63 128.094145  49.545947   108.378   108.378  2 54404.53284461 44.208
 65 128.092750  49.545409   109.193   109.193  2 54474.53283119 37.826
 67 128.094434  49.545696   108.794   108.848  3 54544.53284557 29.449
 68 128.091701  49.545411   123.535   129.534  3 54579.53281384 28.098
 69 128.093836  49.546701   111.190   111.190  2 54614.53283578 18.422
 70 128.089540  49.545917   108.446   108.388  3 54649.53284587 47.169
 71 128.095455  49.546069   110.141   110.141  2 54684.53284203 48.377
 73 128.091345  49.545766   109.711   109.711  2 54754.53281564 50.660
 75 128.090325  49.545931   109.625   109.625  2 54824.53281145 18.821
 77 128.093420  49.545612   109.219   109.219  2 54894.53281267 13.422
 79 128.090980  49.546674   114.776   114.776  2 54964.53281342 44.337
 80 128.089911  49.546211   110.788   110.822  3 54999.53283351 47.929
 81 128.091291  49.545878   115.390   115.390  2 55034.53281990 43.318
 84 128.092945  49.546008   109.355   109.355  2 55139.53275635 43.868
 86 128.091040  49.545766   109.758   109.758  2 55209.53275222 17.162
 88 128.094665  49.545194   108.781   108.781  2 55279.53274573 11.217
 89 128.090615  49.545888   111.171   111.200  3 55314.53271089 29.100
 92 128.092282  49.545391   111.517   111.535  3 55419.53273576 50.236
 93 128.097665  49.546195   109.683   109.683  2 55454.53271382 28.818
