# NaN NaN NaN ;Mean Elev.(m), Avg Gradient(m/km), RMS Gradient(m/km) - SRTM1     
#   -2.333 -22.780  58.777 ;Mean Elev.(m), Avg Gradient(m/km), RMS Gradient(m/km) - ASTER GDEM
#    3.393 -22.902  58.786 ;Mean Elev.(m), Avg Gradient(m/km), RMS Gradient(m/km) - GMTED2010 
  6     8.793 52420.50125669 33.68 138.828203  51.238267 13.774
  6     9.081 52420.50125733 30.44 138.826713  51.241497 13.774
  6     8.898 52420.50125797 30.60 138.825233  51.244727 13.774
  6     8.731 52420.50125862 32.60 138.823743  51.247957 13.774
  6     8.961 52420.50125926 31.02 138.822253  51.251187 13.774
  6     8.814 52420.50125991 30.21 138.820764  51.254410  9.596
  7     9.169 52455.50128048 38.34 138.830998  51.238843 13.963
  7     9.075 52455.50128112 31.29 138.829518  51.242073 13.963
  7     8.543 52455.50128177 24.03 138.828028  51.245303 13.963
  7     8.714 52455.50128241 22.77 138.826538  51.248533 13.963
  7     8.375 52455.50128306 23.21 138.825058  51.251763 13.963
  7     7.448 52455.50128370 23.15 138.823568  51.254993 13.963
  8    11.095 52490.50125493 11.21 138.840425  51.240120  5.368
  8    11.201 52490.50125557 11.28 138.838945  51.243350  5.368
  8    11.722 52490.50125622 12.15 138.837455  51.246580  5.368
 10     9.366 52560.50128270 18.10 138.828713  51.238327  7.494
 10     9.804 52560.50128334 13.80 138.827223  51.241557  7.494
 10    10.339 52560.50128399 12.31 138.825733  51.244787  7.494
 11     9.943 52595.50129095 18.52 138.827992  51.238226 10.687
 11     9.722 52595.50129160 19.68 138.826512  51.241456 10.687
 11     9.934 52595.50129224 20.68 138.825022  51.244686 10.687
 11    10.167 52595.50129289 20.74 138.823542  51.247906 10.687
 11     9.937 52595.50129353 25.27 138.822052  51.251136 10.687
 11    10.618 52595.50129418 20.20 138.820562  51.254366 10.687
 12     8.688 52630.50122546  9.13 138.830191  51.238106  6.401
 12     9.704 52630.50122611  9.13 138.828711  51.241336  6.401
 12     9.533 52630.50122675 10.02 138.827221  51.244566  6.401
 12    10.293 52630.50122739 10.47 138.825731  51.247796  6.401
 12    10.788 52630.50122804 10.79 138.824251  51.251026  6.401
 12    10.657 52630.50122868 11.02 138.822761  51.254256  6.401
 14    16.809 52700.50122452  3.57 138.833801  51.235821  4.812
 14    14.983 52700.50122517  4.15 138.832311  51.239051  4.812
 14    12.856 52700.50122581  4.97 138.830821  51.242281  4.812
 14    12.409 52700.50122646  4.94 138.829331  51.245501  4.812
 14    11.474 52700.50122710  5.70 138.827851  51.248731  4.812
 14    11.949 52700.50122775  6.35 138.826361  51.251961  4.812
 14    12.825 52700.50122839  5.87 138.824871  51.255191  4.812
 15     7.333 52735.50125890 20.22 138.839914  51.240928 19.694
 15     6.721 52735.50125954 18.83 138.838434  51.244158 19.694
 15     6.732 52735.50126019 18.94 138.836944  51.247388 19.694
 15     6.154 52735.50126083 21.04 138.835461  51.250612 12.611
 15    12.061 52735.50126148 18.05 138.833971  51.253842 12.611
 17     9.481 52805.50128357 24.31 138.823714  51.240738  9.277
 17     9.702 52805.50128421 24.91 138.822224  51.243968  9.277
 17     9.714 52805.50128486 24.73 138.820734  51.247198  9.277
 17     9.519 52805.50128550 25.11 138.819254  51.250428  9.277
 17     9.456 52805.50128615 23.51 138.817764  51.253658  9.277
 18    10.632 52840.50134433 20.69 138.828282  51.241445 10.766
 18    10.693 52840.50134498 21.37 138.826792  51.244675 10.766
 18    10.626 52840.50134562 21.71 138.825312  51.247905 10.766
 18    10.412 52840.50134627 21.85 138.823822  51.251135 10.766
 18    10.914 52840.50134691 22.44 138.822332  51.254365 10.766
 19    12.866 52875.50138386 16.93 138.827858  51.244115 12.233
 19    13.290 52875.50138450 16.44 138.826368  51.247345 12.233
 19    12.455 52875.50138514 17.96 138.824888  51.250575 12.233
 19    11.705 52875.50138579 17.58 138.823398  51.253805 12.233
 20    17.226 52910.50135172 44.39 138.843317  51.241528 18.744
 20    15.658 52910.50135237 45.90 138.841837  51.244758 18.744
 20    14.016 52910.50135301 48.81 138.840347  51.247988 18.744
 20    12.219 52910.50135366 47.92 138.838867  51.251218 18.744
 20    11.661 52910.50135430 48.51 138.837377  51.254448 18.744
 23    11.479 53015.50133876 10.50 138.836826  51.236714  7.558
 23    10.635 53015.50133941 11.40 138.835346  51.239944  7.558
 23    10.514 53015.50134005 11.61 138.833856  51.243174  7.558
 23    10.236 53015.50134069 11.85 138.832376  51.246404  7.558
 23     9.738 53015.50134134 13.14 138.830886  51.249634  7.558
 23     8.129 53015.50134198 13.54 138.829406  51.252864  7.558
 24    11.556 53050.50131475  6.43 138.828792  51.239586  6.029
 24    11.393 53050.50131539  6.50 138.827312  51.242816  6.029
 24    10.254 53050.50131604  7.75 138.825822  51.246046  6.029
 24     9.530 53050.50131668  8.05 138.824332  51.249276  6.029
 24     9.553 53050.50131733  8.95 138.822852  51.252496  6.029
 25    13.009 53085.50135076  4.46 138.829752  51.239153  5.311
 25    10.895 53085.50135140  5.83 138.828262  51.242383  5.311
 25    11.295 53085.50135205  6.24 138.826782  51.245613  5.311
 25    10.269 53085.50135269  6.19 138.825292  51.248843  5.311
 25    10.133 53085.50135334  6.24 138.823812  51.252063  5.311
 26    14.046 53120.50132085 33.87 138.827271  51.237814 26.148
 26    13.172 53120.50132150 21.95 138.825791  51.241044 26.148
 26    11.416 53120.50132214 19.75 138.824301  51.244274 26.148
 26    12.536 53120.50132279 19.52 138.822811  51.247494 26.148
 26    12.906 53120.50132343 21.61 138.821331  51.250724 26.148
 26    12.517 53120.50132408 30.35 138.819841  51.253954 26.148
 27    13.310 53155.50137563  9.58 138.822706  51.243588 10.697
 27    12.270 53155.50137628 17.20 138.821216  51.246818 10.697
 27    12.162 53155.50137692 21.74 138.819726  51.250048 10.697
 27    15.782 53155.50137757 21.58 138.818246  51.253278 10.697
 34    15.059 53400.50132428  6.88 138.830471  51.237426  3.969
 34    12.395 53400.50132493  7.34 138.828991  51.240656  3.969
 34    11.924 53400.50132557  7.59 138.827502  51.243880  7.226
 34    11.591 53400.50132622  8.61 138.826012  51.247110  7.226
 34    12.132 53400.50132686  8.28 138.824532  51.250340  7.226
 34    11.710 53400.50132751  9.69 138.823042  51.253570  7.226
 35    13.320 53435.50131435  5.67 138.840051  51.240101  4.305
 35    12.319 53435.50131500  6.39 138.838561  51.243331  4.305
 35    11.612 53435.50131564  7.17 138.837077  51.246556  9.788
 35    12.033 53435.50131629  7.21 138.835597  51.249786  9.788
 35    11.306 53435.50131693  7.99 138.834107  51.253016  9.788
 36    19.856 53470.50136119 10.28 138.826685  51.237914  4.078
 36    18.362 53470.50136183 10.50 138.825195  51.241144  4.078
 36    16.254 53470.50136248 11.09 138.823715  51.244374  4.078
 36    14.591 53470.50136312 11.02 138.822225  51.247604  4.078
 36    13.559 53470.50136377 11.64 138.820735  51.250834  4.078
 36    12.892 53470.50136441 11.26 138.819245  51.254064  4.078
 38    13.915 53540.50140129 18.38 138.831480  51.239642 19.431
 38    14.800 53540.50140194 18.94 138.830000  51.242872 19.431
 38    14.300 53540.50140258 20.10 138.828510  51.246102 19.431
 38    15.565 53540.50140323 20.66 138.827020  51.249332 19.431
 38    16.508 53540.50140387 22.25 138.825540  51.252562 19.431
 39    11.603 53575.50139382 14.18 138.835041  51.238263  5.372
 39    11.403 53575.50139447 14.44 138.833561  51.241493  5.372
 39    11.256 53575.50139511 15.83 138.832071  51.244723  5.372
 39    11.038 53575.50139576 16.50 138.830593  51.247949 21.911
 39    14.803 53575.50139640 19.00 138.829103  51.251179 21.911
 39    15.011 53575.50139705 26.15 138.827613  51.254409 21.911
 40    12.363 53610.50134505 12.90 138.838786  51.240077  4.992
 40    11.483 53610.50134570 12.23 138.837306  51.243307  4.992
 40    11.836 53610.50134634 11.68 138.835819  51.246534 23.567
 40    13.392 53610.50134699 11.66 138.834329  51.249764 23.567
 40    13.579 53610.50134763 16.95 138.832849  51.252994 23.567
 41    10.499 53645.50134833 15.43 138.828260  51.237530  4.660
 41     8.680 53645.50134898 18.28 138.826770  51.240760  4.660
 41     9.085 53645.50134962 17.90 138.825284  51.243983 11.839
 41     9.442 53645.50135027 17.06 138.823804  51.247213 11.839
 41    10.721 53645.50135091 16.52 138.822314  51.250443 11.839
 41    12.515 53645.50135156 16.16 138.820824  51.253673 11.839
 42     9.249 53680.50136540 20.40 138.830048  51.239156  6.599
 42    10.654 53680.50136604 17.22 138.828568  51.242386  6.599
 42     9.924 53680.50136669 15.22 138.827078  51.245616  6.599
 42    13.720 53680.50136733 15.47 138.825596  51.248841 14.253
 42    14.213 53680.50136798 16.73 138.824106  51.252071 14.253
 44    16.149 53750.50121011  6.70 138.831420  51.238820  4.314
 44    14.307 53750.50121075  6.92 138.829930  51.242050  4.314
 44    13.706 53750.50121140  6.98 138.828449  51.245271  5.239
 44    13.742 53750.50121204  6.35 138.826959  51.248501  5.239
 44    13.470 53750.50121269  6.80 138.825469  51.251731  5.239
 44    15.071 53750.50121333  5.66 138.823979  51.254961  5.239
 45    13.884 53785.50124047  4.30 138.839205  51.239990  3.995
 45    12.874 53785.50124111  5.12 138.837715  51.243220  3.995
 45    12.639 53785.50124176  5.37 138.836235  51.246444  4.780
 45    12.899 53785.50124240  5.35 138.834745  51.249674  4.780
 45    14.134 53785.50124305  5.18 138.833255  51.252904  4.780
 46    11.521 53820.50119889  6.26 138.845702  51.241602  4.405
 46    10.964 53820.50119954  6.88 138.844212  51.244832  4.405
 46    10.549 53820.50120018  6.65 138.842732  51.248062  4.405
 46    12.159 53820.50120083  6.11 138.841242  51.251292  4.405
 46    12.497 53820.50120147  5.91 138.839762  51.254522  4.405
 49     8.225 53925.50135890 25.91 138.822107  51.238312  7.953
 49    15.472 53925.50135955 18.07 138.820627  51.241542  7.953
 49    12.711 53925.50136019 18.28 138.819137  51.244772  7.953
 49    13.228 53925.50136084 18.07 138.817647  51.248002  7.953
 49    13.123 53925.50136148 19.02 138.816163  51.251228 15.433
 50    14.661 53960.50134628 42.89 138.831296  51.237407 10.574
 50    13.724 53960.50134692 43.66 138.829806  51.240637 10.574
 50    14.185 53960.50134756 41.63 138.828326  51.243867 10.574
 50    15.568 53960.50134821 40.98 138.826836  51.247097 10.574
 50    15.076 53960.50134885 41.66 138.825346  51.250327 10.574
 50    13.568 53960.50134950 42.31 138.823866  51.253557 10.574
 51    12.623 53995.50128377 18.49 138.824648  51.238927  5.510
 51    12.994 53995.50128441 26.21 138.823158  51.242157  5.510
 51    11.981 53995.50128506 33.54 138.821678  51.245387  5.510
 51    11.961 53995.50128570 35.22 138.820184  51.248608  9.105
 51    13.088 53995.50128635 33.87 138.818694  51.251838  9.105
 52    11.915 54030.50133922 21.68 138.830761  51.239142  5.918
 52     8.319 54030.50133987 32.56 138.829271  51.242372  5.918
 52     7.753 54030.50134051 25.80 138.827781  51.245602  5.918
 52     8.331 54030.50134116 23.09 138.826301  51.248832  5.918
 52    13.951 54030.50134180 22.51 138.824811  51.252062  5.918
 54     8.043 54100.50129616 12.76 138.840188  51.237581  8.005
 54     7.714 54100.50129680 12.87 138.838708  51.240811  8.005
 54     8.443 54100.50129745 14.13 138.837218  51.244041  8.005
 54     8.436 54100.50129809 15.02 138.835738  51.247271  8.005
 54     8.070 54100.50129874 14.66 138.834248  51.250501  8.005
 54     7.812 54100.50129938 14.17 138.832768  51.253731  8.005
 55     7.947 54135.50125897 11.11 138.828606  51.238681  4.478
 55     8.822 54135.50125961 10.52 138.827126  51.241911  4.478
 55     8.734 54135.50126026 11.29 138.825636  51.245141  4.478
 55     8.739 54135.50126090 11.66 138.824146  51.248371  4.478
 55     9.598 54135.50126155 12.02 138.822664  51.251594  7.065
 55    10.122 54135.50126219 11.81 138.821174  51.254824  7.065
 57     9.882 54205.50126393 10.37 138.826328  51.240618 12.632
 57     9.035 54205.50126458  7.37 138.824838  51.243848 12.632
 57    10.293 54205.50126522  5.93 138.823358  51.247078 12.632
 57    10.160 54205.50126587  9.28 138.821868  51.250308 12.632
 57    10.891 54205.50126651 10.01 138.820378  51.253538 12.632
 59    12.384 54275.50131292 19.05 138.834646  51.238033 20.390
 59    12.910 54275.50131356 19.22 138.833156  51.241263 20.390
 59    11.534 54275.50131421 17.36 138.831676  51.244493 20.390
 59    10.643 54275.50131485 19.72 138.830186  51.247723 20.390
 59    11.696 54275.50131549 17.73 138.828696  51.250953 20.390
 59    17.927 54275.50131614 15.97 138.827216  51.254183 20.390
 61    13.576 54345.50128909 33.59 138.841563  51.238340 24.223
 61    11.761 54345.50128973 43.66 138.840073  51.241570 24.223
 61    12.494 54345.50129038 45.37 138.838593  51.244800 24.223
 61    13.960 54345.50129102 42.99 138.837103  51.248030 24.223
 61    13.348 54345.50129167 43.31 138.835623  51.251260 24.223
 61    11.763 54345.50129231 41.91 138.834133  51.254490 24.223
 62    10.385 54380.50125088 12.63 138.829624  51.239824 14.271
 62    10.366 54380.50125152 12.26 138.828134  51.243054 14.271
 62     9.998 54380.50125217 11.88 138.826654  51.246284 14.271
 62    10.185 54380.50125281 12.71 138.825164  51.249514 14.271
 62    14.019 54380.50125346 12.99 138.823674  51.252744 14.271
 64     5.985 54450.50121884 23.22 138.827452  51.239493  9.772
 64     6.402 54450.50121949 24.39 138.825972  51.242723  9.772
 64     6.143 54450.50122013 23.93 138.824482  51.245953  9.772
 64     5.634 54450.50122078 24.08 138.822992  51.249183  9.772
 64     5.313 54450.50122142 23.93 138.821512  51.252413  9.772
 65     6.760 54485.50123297 17.12 138.836330  51.237057 11.345
 65     6.443 54485.50123361 18.18 138.834840  51.240287 11.345
 65     6.795 54485.50123426 18.59 138.833360  51.243517 11.345
 65     6.719 54485.50123490 19.07 138.831870  51.246747 11.345
 65     6.200 54485.50123555 19.03 138.830380  51.249977 11.345
 65     5.972 54485.50123619 19.37 138.828900  51.253207 11.345
 66     7.664 54520.50123201 10.61 138.831381  51.238796  7.399
 66     8.010 54520.50123265 11.67 138.829891  51.242026  7.399
 66     7.703 54520.50123330 11.62 138.828401  51.245256  7.399
 66     6.573 54520.50123394 13.06 138.826921  51.248486  7.399
 66     6.495 54520.50123459 12.37 138.825431  51.251716  7.399
 66     6.704 54520.50123523 12.07 138.823941  51.254946  7.399
 67    12.193 54555.50124423  2.97 138.838753  51.238069  7.213
 67     9.955 54555.50124488  4.70 138.837273  51.241299  7.213
 67     9.976 54555.50124552  4.52 138.835783  51.244519  7.213
 67     8.642 54555.50124617  6.32 138.834303  51.247749  7.213
 67     9.423 54555.50124681  5.46 138.832813  51.250979  7.213
 67    10.248 54555.50124745  6.56 138.831333  51.254209  7.213
 68     8.742 54590.50122829 23.55 138.831375  51.238949  9.917
 68     8.509 54590.50122893 19.52 138.829885  51.242169  9.917
 68    10.271 54590.50122958 16.37 138.828395  51.245399  9.917
 68    10.629 54590.50123022 16.87 138.826915  51.248629  9.917
 68    12.128 54590.50123087 16.91 138.825425  51.251859  9.917
 68    16.984 54590.50123151 18.02 138.823935  51.255089  9.917
 69    11.303 54625.50124389 32.74 138.836546  51.235825 13.756
 69    11.088 54625.50124453 27.92 138.835056  51.239055 13.756
 69    10.515 54625.50124518 34.18 138.833576  51.242285 13.756
 69    11.214 54625.50124582 33.42 138.832086  51.245505 13.756
 69    11.280 54625.50124647 38.46 138.830606  51.248735 13.756
 69    10.718 54625.50124711 30.89 138.829116  51.251965 13.756
 69    10.681 54625.50124775 26.83 138.827626  51.255195 13.756
 70     9.421 54660.50125288 14.42 138.830937  51.239347 14.169
 70     8.275 54660.50125352 14.77 138.829457  51.242577 14.169
 70     8.804 54660.50125417 13.21 138.827967  51.245797 14.169
 70     8.601 54660.50125481 13.71 138.826487  51.249027 14.169
 70    10.166 54660.50125546 14.58 138.824997  51.252257 14.169
 71    12.483 54695.50123064 31.33 138.838911  51.237722 16.733
 71     9.842 54695.50123129 31.18 138.837421  51.240952 16.733
 71    10.187 54695.50123193 24.09 138.835941  51.244182 16.733
 71    11.268 54695.50123257 22.38 138.834451  51.247402 16.733
 71    10.761 54695.50123322 22.65 138.832971  51.250642 16.733
 71    11.057 54695.50123386 25.52 138.831481  51.253862 16.733
 72    10.285 54730.50120794 33.86 138.830487  51.237761 14.336
 72     7.109 54730.50120858 35.05 138.829007  51.240991 14.336
 72    10.165 54730.50120922 25.51 138.827517  51.244211 14.336
 72     9.563 54730.50120987 26.05 138.826027  51.247441 14.336
 72     9.076 54730.50121051 26.25 138.824547  51.250671 14.336
 72     8.711 54730.50121116 26.82 138.823057  51.253901 14.336
 73     9.178 54765.50120904 18.56 138.834327  51.238231  5.484
 73     9.874 54765.50120969 13.72 138.832847  51.241461  5.484
 74     7.374 54800.50120153 19.51 138.827658  51.237879 13.067
 74     8.208 54800.50120217 20.15 138.826168  51.241099 13.067
 74     7.632 54800.50120281 20.69 138.824678  51.244329 13.067
 74     8.460 54800.50120346 21.16 138.823198  51.247559 13.067
 74     7.830 54800.50120410 21.60 138.821708  51.250789 13.067
 74     7.714 54800.50120475 21.21 138.820218  51.254019 13.067
 75     9.512 54835.50120041  9.20 138.835555  51.236421  6.364
 75     9.642 54835.50120105 10.00 138.834075  51.239651  6.364
 75     9.996 54835.50120170 10.16 138.832585  51.242871  6.364
 75    10.327 54835.50120234 10.18 138.831105  51.246111  6.364
 75    10.396 54835.50120299 10.40 138.829615  51.249331  6.364
 75     7.963 54835.50120363 10.72 138.828125  51.252561  6.364
 76    15.398 54870.50119937  7.02 138.828606  51.239012  5.372
 76    13.617 54870.50120002  7.81 138.827116  51.242242  5.372
 76    11.474 54870.50120066  8.13 138.825636  51.245472  5.372
 76    12.302 54870.50120131  7.83 138.824146  51.248702  5.372
 76     9.997 54870.50120195  8.68 138.822656  51.251932  5.372
 77    14.282 54905.50120901  6.79 138.838071  51.238146  4.668
 77    12.360 54905.50120965  7.26 138.836591  51.241376  4.668
 77    11.613 54905.50121030  7.73 138.835101  51.244606  4.668
 77    10.245 54905.50121094  8.41 138.833621  51.247836  4.668
 77     9.892 54905.50121159  8.58 138.832131  51.251056  4.668
 77    11.065 54905.50121223  8.79 138.830651  51.254286  4.668
 79    13.857 54975.50122013 11.73 138.833535  51.235224  8.821
 79    12.429 54975.50122078 17.27 138.832055  51.238464  8.821
 79    10.944 54975.50122142 20.31 138.830565  51.241684  8.821
 79    12.416 54975.50122207 16.65 138.829085  51.244914  8.821
 79    11.963 54975.50122271 17.45 138.827595  51.248144  8.821
 79    13.612 54975.50122336 16.07 138.826105  51.251374  8.821
 79    15.094 54975.50122400 17.37 138.824615  51.254604  8.821
 80    12.699 55010.50123145 10.21 138.835452  51.237437 14.904
 80    11.743 55010.50123209 10.49 138.833972  51.240667 14.904
 80    11.835 55010.50123274  9.79 138.832482  51.243887 14.904
 80    12.879 55010.50123338 10.76 138.831002  51.247117 14.904
 80    13.625 55010.50123403 10.94 138.829512  51.250347 14.904
 80    16.650 55010.50123467 15.08 138.828032  51.253577 14.904
 81    14.625 55045.50122245 16.38 138.834175  51.237136 15.758
 81    14.610 55045.50122310 15.36 138.832685  51.240356 15.758
 81    14.738 55045.50122374 16.80 138.831205  51.243586 15.758
 81    14.333 55045.50122439 18.68 138.829715  51.246816 15.758
 81    15.439 55045.50122503 19.65 138.828225  51.250046 15.758
 81    15.207 55045.50122568 21.40 138.826745  51.253276 15.758
 82    16.026 55080.50119720 16.43 138.839902  51.238740 17.444
 82    15.370 55080.50119784 21.13 138.838412  51.241970 17.444
 82    15.844 55080.50119849 19.70 138.836932  51.245200 17.444
 82    15.861 55080.50119913 20.71 138.835442  51.248420 17.444
 82    16.261 55080.50119978 20.75 138.833962  51.251660 17.444
 83    12.445 55115.50115525  8.33 138.830031  51.241029  8.241
 83    13.145 55115.50115589 11.20 138.828551  51.244259  8.241
 83    12.654 55115.50115654 15.65 138.827061  51.247489  8.241
 83    14.888 55115.50115718 16.51 138.825571  51.250719  8.241
 83    15.240 55115.50115783 17.75 138.824091  51.253949  8.241
 84    31.252 55150.50115359  0.43 138.834325  51.237365  7.438
 84    30.995 55150.50115423  1.70 138.832845  51.240595  7.438
 84     9.699 55150.50115488 17.16 138.831355  51.243815  7.438
 84    10.918 55150.50115552 24.19 138.829875  51.247045  7.438
 84    10.004 55150.50115617 27.60 138.828385  51.250275  7.438
 84    11.654 55150.50115681 25.82 138.826895  51.253505  7.438
 85     9.426 55185.50113946 13.32 138.828595  51.237587  7.193
 85    10.230 55185.50114011 13.33 138.827105  51.240817  7.193
 85    10.828 55185.50114075 13.89 138.825615  51.244047  7.193
 85     9.605 55185.50114140 15.05 138.824135  51.247277  7.193
 85    10.268 55185.50114204 14.87 138.822645  51.250507  7.193
 85    10.693 55185.50114268 15.60 138.821155  51.253737  7.193
 86     9.146 55220.50115179  8.93 138.835598  51.237562  8.619
 86     9.201 55220.50115243  8.78 138.834118  51.240792  8.619
 86    10.240 55220.50115307  9.68 138.832628  51.244022  8.619
 86     9.468 55220.50115372 11.02 138.831148  51.247242  8.619
 86     8.896 55220.50115436 12.01 138.829658  51.250472  8.619
 86    11.196 55220.50115501 11.82 138.828178  51.253702  8.619
 87     9.490 55255.50113529  6.86 138.831793  51.238080  6.993
 87    10.485 55255.50113593  7.20 138.830303  51.241310  6.993
 87    10.080 55255.50113657  7.91 138.828813  51.244540  6.993
 87     8.908 55255.50113722  9.27 138.827333  51.247770  6.993
 87     8.069 55255.50113786 10.54 138.825843  51.251000  6.993
 87     9.813 55255.50113851 10.29 138.824353  51.254230  6.993
 88    14.553 55290.50114083  5.84 138.839683  51.237245  6.848
 88    14.389 55290.50114147  5.74 138.838193  51.240475  6.848
 88    12.505 55290.50114212  6.75 138.836713  51.243705  6.848
 88    10.654 55290.50114276  7.50 138.835223  51.246935  6.848
 88    10.710 55290.50114341  8.12 138.833743  51.250165  6.848
 88    11.223 55290.50114405  7.71 138.832253  51.253385  6.848
 89    13.746 55325.50112171 25.73 138.831260  51.239357 19.497
 89    15.020 55325.50112236 21.57 138.829780  51.242587 19.497
 89    15.095 55325.50112300 22.16 138.828290  51.245817 19.497
 89    14.523 55325.50112365 22.95 138.826800  51.249047 19.497
 89    16.157 55325.50112429 24.84 138.825320  51.252277 19.497
 90    14.311 55360.50111797 33.31 138.836585  51.235926 11.936
 90    16.004 55360.50111861 33.42 138.835105  51.239156 11.936
 90    15.459 55360.50111926 32.65 138.833615  51.242376 11.936
 90    15.092 55360.50111990 31.05 138.832135  51.245616 11.936
 90    15.127 55360.50112055 30.65 138.830645  51.248836 11.936
 90    15.294 55360.50112119 29.61 138.829155  51.252066 11.936
 90    16.232 55360.50112184 36.54 138.827675  51.255296 11.936
 91     8.903 55395.50112454 11.87 138.829236  51.240428 15.274
 91    11.310 55395.50112518 13.45 138.827746  51.243658 15.274
 91    10.953 55395.50112583 14.64 138.826256  51.246888 15.274
 91    13.541 55395.50112647 15.40 138.824776  51.250118 15.274
 91    14.597 55395.50112712 19.89 138.823286  51.253348 15.274
 92    14.200 55430.50113375 42.57 138.835428  51.237193 19.116
 92    14.979 55430.50113439 37.23 138.833948  51.240423 19.116
 92    15.094 55430.50113504 37.21 138.832458  51.243653 19.116
 92    15.235 55430.50113568 35.10 138.830978  51.246883 19.116
 92    15.768 55430.50113633 39.56 138.829488  51.250103 19.116
 92    15.563 55430.50113697 43.92 138.827998  51.253333 19.116
 93    14.826 55465.50109551 42.30 138.841932  51.240751 17.171
 93    15.273 55465.50109616 36.64 138.840442  51.243981 17.171
 93    14.907 55465.50109680 35.36 138.838962  51.247211 17.171
 93    15.215 55465.50109744 35.90 138.837472  51.250441 17.171
 93    15.056 55465.50109809 38.67 138.835992  51.253661 17.171
