# NaN NaN NaN ;Mean Elev.(m), Avg Gradient(m/km), RMS Gradient(m/km) - SRTM1     
#   51.706   0.012   3.108 ;Mean Elev.(m), Avg Gradient(m/km), RMS Gradient(m/km) - ASTER GDEM
#   49.970  -0.313   1.407 ;Mean Elev.(m), Avg Gradient(m/km), RMS Gradient(m/km) - GMTED2010 
  6 131.537460  47.729964    56.504    56.433  3 52440.07763638 48.885
  7 131.541531  47.728735    56.695    56.780  3 52475.07763440 40.980
  8 131.545844  47.726574    55.837    55.835  3 52510.07759382 24.797
  9 131.551540  47.718613    55.485    55.495  5 52545.07760299 47.049
 10 131.544928  47.725461    54.252    54.282  3 52580.07763425 41.728
 11 131.538405  47.730351    54.137    54.188  3 52615.07760163 17.202
 12 131.549573  47.719485    54.084    54.055  4 52650.07758216 15.596
 13 131.546224  47.725115    53.832    53.894  3 52685.07756602 11.255
 14 131.544310  47.724746    55.395    54.101  3 52720.07761813 30.005
 15 131.531893  47.733178    53.793    53.844  3 52755.07764098 22.259
 16 131.550685  47.719714    56.001    56.015  5 52790.07759107 12.869
 17 131.550532  47.720605    56.596    56.633  4 52825.07766089 12.356
 18 131.550943  47.718444    60.574    60.570  5 52860.07770723 45.358
 19 131.542186  47.727246    58.213    58.214  3 52895.07773662 34.858
 20 131.537031  47.730827    57.526    56.892  3 52930.07768527 16.586
 21 131.551793  47.717620    54.970    54.965  5 52965.07767774 36.486
 22 131.539276  47.729560    56.100    56.094  4 53000.07771063 18.491
 23 131.538614  47.730982    56.346    56.334  3 53035.07765971 10.890
 24 131.545861  47.723727    56.026    55.946  3 53070.07767956  7.906
 25 131.535980  47.730931    56.231    55.256  3 53105.07766134 37.071
 26 131.549029  47.722087    59.986    60.027  4 53140.07768558 49.881
 27 131.545707  47.724349    57.241    57.072  3 53175.07772000 45.856
 28 131.543060  47.727715    59.937    60.178  3 53210.07773735 12.053
 29 131.544547  47.727490    56.094    56.118  3 53245.07770521 23.918
 30 131.548805  47.721806    56.725    56.746  3 53280.07768809 14.942
 31 131.546536  47.725280    55.260    55.415  3 53315.07770595 35.308
 32 131.546312  47.725611    55.488    55.481  3 53350.07767164 25.129
 33 131.549724  47.721756    55.428    55.448  4 53385.07765094 13.851
 34 131.550725  47.719961    55.353    55.375  4 53420.07765645 13.225
 35 131.551785  47.714346    54.486    54.490  6 53455.07766312 23.462
 36 131.540684  47.730166    57.412    56.379  3 53490.07774551 23.833
 37 131.548369  47.723592    60.274    60.273  4 53525.07773140 52.832
 38 131.538561  47.730891    57.280    57.226  3 53560.07775794 11.875
 39 131.545947  47.724633    55.643    55.602  3 53595.07769706 48.041
 40 131.547427  47.723406    55.118    55.135  3 53630.07769042 30.704
 42 131.544479  47.725109    54.751    54.806  3 53700.07766899 40.223
 43 131.543065  47.727519    55.909    55.934  3 53735.07759067 19.814
 44 131.550685  47.718804    55.462    55.519  4 53770.07757964 15.706
 45 131.545003  47.727281    55.666    55.692  3 53805.07757207 10.027
 47 131.548000  47.723046    57.287    57.210  4 53875.07763929 32.357
 49 131.537381  47.731301    58.780    58.793  3 53945.07770510 31.451
 50 131.540453  47.730552    56.880    56.855  3 53980.07765284 33.446
 51 131.551742  47.718170    56.683    56.701  4 54015.07767207 45.703
 52 131.551099  47.719761    53.960    53.978  4 54050.07767499 47.561
 54 131.537979  47.730358    56.452    56.451  4 54120.07759280 18.635
 55 131.545023  47.726603    56.244    56.222  3 54155.07762329  7.948
 56 131.540302  47.729496    56.660    55.382  3 54190.07758954 26.215
 57 131.545845  47.724110    55.758    55.720  3 54225.07763434 19.335
 58 131.545946  47.724840    57.360    57.371  3 54260.07765471 14.262
 59 131.546423  47.725771    56.072    56.087  3 54295.07765852 18.044
 60 131.545097  47.726773    58.111    57.967  3 54330.07765127 50.882
 61 131.539648  47.728362    57.196    57.128  3 54365.07759610 15.163
 62 131.546698  47.723762    54.780    54.789  3 54400.07759323 32.901
 63 131.541932  47.728295    54.561    54.560  4 54435.07755003 22.223
 64 131.549928  47.721187    55.149    55.161  3 54470.07757713 17.874
 65 131.541876  47.727995    55.118    55.177  4 54505.07756412  9.349
 66 131.546347  47.724539    56.049    54.888  4 54540.07759162 24.135
 67 131.541744  47.728561    54.821    54.885  3 54575.07756472 51.572
 68 131.545987  47.726092    55.256    55.290  3 54610.07758348 26.923
 69 131.544753  47.726331    54.683    54.687  4 54645.07759133 26.645
 70 131.544157  47.725792    55.750    55.696  3 54680.07759266 23.116
 71 131.541266  47.728331    55.801    55.800  4 54715.07754302 31.588
 72 131.546701  47.724162    58.458    57.859  4 54750.07756362 14.873
 73 131.543673  47.728495    54.988    54.984  3 54785.07753182 39.485
 74 131.548088  47.723910    56.175    56.186  4 54820.07755629 23.320
 75 131.543216  47.725479    56.396    56.434  3 54855.07752878 12.968
 76 131.543603  47.726742    56.510    56.575  3 54890.07756046  8.152
 77 131.538059  47.728954    56.154    56.358  3 54925.07752729 36.758
 78 131.546887  47.725984    57.892    57.875  3 54960.07755792 13.849
 79 131.543771  47.728537    56.758    56.792  3 54995.07757958 25.948
 80 131.544025  47.725400    59.707    59.689  3 55030.07757006 53.628
 81 131.544995  47.727378    59.635    59.000  3 55065.07756024 21.141
 83 131.547050  47.724896    57.454    57.444  4 55135.07750602 21.382
 84 131.542584  47.727267    56.266    56.284  3 55170.07746909 20.352
 85 131.547047  47.724539    56.998    57.002  3 55205.07749907 15.274
 86 131.540611  47.728695    57.007    57.038  4 55240.07747552  9.477
 87 131.543590  47.726396    56.901    56.952  3 55275.07749274  7.531
 88 131.540823  47.727090    57.814    56.544  3 55310.07745908 36.583
 89 131.546081  47.725173    59.128    59.129  3 55345.07746145 44.849
 90 131.543906  47.728459    57.250    57.262  3 55380.07745477 52.551
 91 131.548261  47.724023    58.698    58.786  3 55415.07748120 51.565
 92 131.543979  47.727295    58.377    58.391  3 55450.07746692 51.442
 93 131.539365  47.727967    55.431    55.382  3 55485.07739234 25.780
