# NaN NaN NaN ;Mean Elev.(m), Avg Gradient(m/km), RMS Gradient(m/km) - SRTM1     
#  110.126  -0.093   8.338 ;Mean Elev.(m), Avg Gradient(m/km), RMS Gradient(m/km) - ASTER GDEM
#  125.047   0.144   7.604 ;Mean Elev.(m), Avg Gradient(m/km), RMS Gradient(m/km) - GMTED2010 
  7 127.658131  50.505390   127.508   127.495  3 52444.53308625 47.992
  8 127.660537  50.515617   127.818   127.828  4 52479.53308118 48.638
  9 127.665987  50.541005   126.251   126.248 10 52514.53303244 51.744
 10 127.658737  50.505806   127.608   127.615  3 52549.53307095 39.418
 11 127.662826  50.534449   127.609   127.607 11 52584.53306183 43.742
 12 127.661250  50.531337   127.918   127.933 10 52619.53303962 33.168
 13 127.662010  50.532050   128.002   128.016 10 52654.53302506 23.052
 14 127.663073  50.536232   128.697   128.738 10 52689.53302095 27.193
 15 127.661806  50.522752   127.931   127.920  7 52724.53306276 21.620
 16 127.660387  50.512918   127.595   127.659  4 52759.53308027 23.823
 17 127.661311  50.518145   129.953   129.952  6 52794.53303648 50.069
 18 127.661897  50.520984   129.622   129.622  6 52829.53310404 51.589
 19 127.661578  50.533057   128.372   128.437 10 52864.53315073 34.908
 20 127.661533  50.525961   128.995   128.985  7 52899.53317853 47.110
 21 127.662034  50.532836   128.116   128.108 11 52934.53312333 35.964
 22 127.661084  50.515344   128.388   128.391  4 52969.53313544 36.046
 23 127.660313  50.513503   128.587   128.620  4 53004.53315369 31.132
 24 127.657661  50.503883   128.123   128.081  3 53039.53310148 18.784
 25 127.659573  50.525534   137.302   137.136  4 53074.53313611  7.864
 26 127.656349  50.504704   129.090   129.126  3 53109.53310223 27.741
 27 127.660466  50.515102   129.708   129.708  5 53144.53314535 49.773
 28 127.661551  50.530189   129.478   129.474 10 53179.53316286 53.250
 29 127.661553  50.519300   129.375   129.376  6 53214.53318241 50.533
 30 127.662800  50.533877   130.172   128.868 11 53249.53315494 23.487
 31 127.657369  50.507413   128.403   128.400  3 53284.53314583 51.518
 32 127.661942  50.531760   127.363   127.366 10 53319.53313867 43.630
 33 127.666407  50.537702   128.470   128.462 10 53354.53310702 21.771
 34 127.658490  50.512530   127.872   127.874  4 53389.53310660 18.956
 35 127.663616  50.536278   128.560   128.560 10 53424.53310933 17.854
 36 127.661753  50.521475   128.164   128.146  6 53459.53311168 29.117
 37 127.658128  50.509881   128.971   128.965  3 53494.53319504 52.106
 38 127.663652  50.534675   129.378   129.374 10 53529.53317487 48.951
 39 127.660789  50.518226   128.578   128.584  5 53564.53320237 50.197
 40 127.663784  50.535945   128.054   128.048 10 53599.53314734 50.944
 41 127.658189  50.507895   128.346   128.345  3 53634.53313871 46.138
 42 127.659790  50.513801   127.528   127.535  5 53669.53316124 48.340
 43 127.664925  50.538066   128.405   128.372 10 53704.53310366 33.368
 44 127.667626  50.547915   128.741   128.766  8 53739.53301530 22.178
 45 127.661664  50.531280   128.441   128.451 10 53774.53303156 17.041
 46 127.665932  50.538721   128.581   128.578 10 53809.53301652 16.826
 47 127.659413  50.512160   128.554   128.550  4 53844.53305323 27.595
 48 127.662045  50.524196   128.851   128.879  7 53879.53308475 44.999
 49 127.658801  50.512740   128.378   128.376  4 53914.53313870 50.125
 50 127.659335  50.512882   128.358   128.352  4 53949.53314930 50.459
 51 127.662578  50.533390   129.681   129.693 10 53984.53309134 19.258
 52 127.660920  50.516450   128.717   128.720  5 54019.53312331 52.387
 53 127.664583  50.535239   127.610   127.693 10 54054.53311732 39.695
 54 127.663289  50.533786   128.949   128.955 10 54089.53310708 25.239
 55 127.659907  50.514181   128.168   128.168  4 54124.53302855 17.495
 56 127.662323  50.521770   128.416   128.438  6 54159.53307099 13.469
 57 127.660249  50.514270   128.255   128.266  5 54194.53303073 23.780
 58 127.661517  50.521810   128.108   128.113  6 54229.53308355 48.768
 59 127.661743  50.522848   128.478   128.470  7 54264.53310185 49.409
 60 127.661075  50.528797   129.218   129.218  9 54299.53310658 48.839
 61 127.661732  50.534065   129.488   129.463 10 54334.53309760 49.633
 63 127.661386  50.529310   127.592   127.539 10 54404.53304060 33.083
 64 127.658835  50.510308   128.533   128.555  3 54439.53299447 28.205
 65 127.662047  50.523910   128.441   128.438  7 54474.53302621 22.824
 66 127.660410  50.513536   128.397   128.418  5 54509.53300800 22.705
 67 127.660935  50.530660   128.603   128.604 10 54544.53304187 20.962
 68 127.661722  50.522306   127.950   127.953  7 54579.53300853 26.513
 69 127.661010  50.530080   127.923   127.932 10 54614.53303176 35.471
 70 127.661015  50.519564   127.107   127.188  5 54649.53303992 28.902
 71 127.661289  50.532673   129.243   129.231 10 54684.53303865 46.653
 72 127.660234  50.514511   127.815   127.814  4 54719.53298341 23.664
 73 127.661389  50.522649   128.107   128.128  6 54754.53301033 50.718
 74 127.659397  50.512244   127.491   127.490  5 54789.53297623 43.891
 75 127.661758  50.519572   128.548   128.550  6 54824.53300550 22.218
 76 127.660238  50.515133   128.249   128.251  4 54859.53296998 14.866
 77 127.661414  50.527337   128.528   128.546  9 54894.53300833 12.634
 78 127.660076  50.511952   128.093   128.071  4 54929.53296878 22.746
 79 127.661747  50.521978   129.554   129.548  7 54964.53300778 51.861
 80 127.661434  50.519883   129.001   129.003  5 54999.53302756 45.753
 81 127.661314  50.522759   128.214   128.218  6 55034.53301459 51.224
 82 127.662342  50.533618   128.778   128.787 10 55069.53300630 33.498
 83 127.659097  50.512752   129.190   129.221  4 55104.53294298 40.945
 84 127.662311  50.524492   127.993   127.980  7 55139.53295137 47.228
 85 127.660290  50.513347   128.896   128.940  4 55174.53291036 24.481
 86 127.661788  50.521042   128.680   128.693  7 55209.53294659 23.458
 87 127.658774  50.518066   128.387   128.387  2 55244.53291739  9.910
 88 127.660507  50.531776   128.643   128.622  8 55279.53294236 14.686
 89 127.661370  50.521180   128.714   128.739  6 55314.53290526 44.026
 90 127.661853  50.530441   129.417   129.417 10 55349.53291328 52.818
 91 127.659870  50.514226   129.725   129.739  4 55384.53290287 43.795
 92 127.662322  50.522288   129.520   129.538  7 55419.53293045 44.967
 93 127.662826  50.534442   128.503   128.609 11 55454.53291076 31.234
 94 127.665453  50.540658   128.380   128.377 10 55489.53283110 51.979
