# NaN NaN NaN ;Mean Elev.(m), Avg Gradient(m/km), RMS Gradient(m/km) - SRTM1     
#   47.131   0.072   1.741 ;Mean Elev.(m), Avg Gradient(m/km), RMS Gradient(m/km) - ASTER GDEM
#   40.648  -0.306   1.537 ;Mean Elev.(m), Avg Gradient(m/km), RMS Gradient(m/km) - GMTED2010 
  6    44.225 52437.07356273 29.03 133.131662  48.108372 18.149
  6    44.148 52437.07356337 22.26 133.130322  48.105132 18.149
  6    44.228 52437.07356401 19.68 133.128992  48.101892 18.149
  7    43.907 52472.07356362 14.28 133.135227  48.110461 10.856
  7    44.108 52472.07356427 15.90 133.133897  48.107221 10.856
  7    44.159 52472.07356491 12.84 133.132557  48.103971 10.856
  8    37.341 52507.07353941 19.34 133.136529  48.110018 17.528
  8    37.460 52507.07354005 21.45 133.135199  48.106778 17.528
  8    37.541 52507.07354070 28.30 133.133859  48.103538 17.528
  9    43.387 52542.07352032 27.77 133.154687  48.115112 21.911
  9    43.291 52542.07352096 20.59 133.153347  48.111872 21.911
  9    43.091 52542.07352161 22.76 133.152017  48.108632 21.911
  9    43.422 52542.07352225 27.90 133.150677  48.105382 21.911
 10    42.556 52577.07357151 49.59 133.136832  48.110501 34.621
 10    42.540 52577.07357216 48.90 133.135492  48.107251 34.621
 10    42.532 52577.07357280 50.39 133.134162  48.104011 34.621
 11    42.085 52612.07353513 23.62 133.134182  48.109979 10.610
 11    42.235 52612.07353578 25.00 133.132852  48.106729 10.610
 11    42.336 52612.07353642 28.62 133.131522  48.103489 10.610
 12    42.354 52647.07351970 17.17 133.143472  48.111094  4.259
 12    42.281 52647.07352035 17.14 133.142142  48.107854  4.259
 12    42.251 52647.07352099 16.80 133.140802  48.104614  4.259
 13    42.141 52682.07348909 12.20 133.146495  48.113167  3.072
 13    42.239 52682.07348974 11.16 133.145155  48.109927  3.072
 13    42.130 52682.07349038 11.71 133.143825  48.106687  3.072
 13    42.131 52682.07349103 10.96 133.142485  48.103437  3.072
 14    42.507 52717.07354905 21.75 133.140183  48.110993  8.489
 14    42.115 52717.07354969 25.74 133.138853  48.107753  8.489
 14    42.039 52717.07355034 25.45 133.137513  48.104503  8.489
 15    42.360 52752.07357535 48.01 133.122399  48.107778 22.028
 15    42.424 52752.07357599 44.69 133.121069  48.104528 22.028
 15    43.154 52752.07357664 29.91 133.119739  48.101288 22.028
 16    41.978 52787.07351835 42.05 133.147582  48.112428 27.420
 16    41.745 52787.07351900 47.12 133.146242  48.109188 27.420
 16    41.783 52787.07351964 50.18 133.144902  48.105948 27.420
 16    41.637 52787.07352029 46.10 133.143572  48.102698 27.420
 17    43.189 52822.07359140 19.50 133.145873  48.111666 18.488
 17    43.504 52822.07359204 22.19 133.144543  48.108426 18.488
 17    43.625 52822.07359269 28.71 133.143203  48.105186 18.488
 18    45.749 52857.07363857 27.90 133.146729  48.111435 17.776
 18    45.286 52857.07363922 13.43 133.145399  48.108195 17.776
 18    45.727 52857.07363986 14.72 133.144059  48.104955 17.776
 19    47.501 52892.07367147 45.63 133.136140  48.109561 20.811
 19    47.586 52892.07367211 44.66 133.134810  48.106321 20.811
 19    47.592 52892.07367276 45.08 133.133470  48.103071 20.811
 20    45.880 52927.07362378 21.67 133.129813  48.108873 24.856
 20    46.038 52927.07362443 21.26 133.128473  48.105633 24.856
 20    46.637 52927.07362507 24.01 133.127143  48.102383 24.856
 21    42.500 52962.07359094 36.16 133.155154  48.114166 24.252
 21    42.316 52962.07359159 42.79 133.153824  48.110926 24.252
 21    42.244 52962.07359223 48.70 133.152484  48.107676 24.252
 21    42.333 52962.07359288 44.12 133.151154  48.104436 24.252
 22    43.862 52997.07363454 21.07 133.137649  48.110456  5.697
 22    43.946 52997.07363519 21.37 133.136319  48.107216  5.697
 22    44.004 52997.07363583 23.20 133.134979  48.103976  5.697
 23    43.442 53032.07359337 14.08 133.132003  48.110703  4.057
 23    43.374 53032.07359401 14.06 133.130673  48.107463  4.057
 23    43.684 53032.07359466 14.92 133.129343  48.104213  4.057
 23    43.756 53032.07359530 15.40 133.128003  48.100973  4.057
 24    43.217 53067.07360264 11.23 133.145912  48.113456  3.296
 24    42.918 53067.07360328 11.58 133.144582  48.110216  3.296
 24    43.040 53067.07360393 10.55 133.143242  48.106966  3.296
 24    42.689 53067.07360457 12.04 133.141912  48.103726  3.296
 25    46.327 53102.07359850 23.63 133.128782  48.109594 26.638
 25    43.530 53102.07359914 26.33 133.127452  48.106344 26.638
 25    47.006 53102.07359978 27.06 133.126112  48.103104 26.638
 26    45.080 53137.07360480 22.86 133.148683  48.113789 21.885
 26    45.008 53137.07360544 16.77 133.147343  48.110549 21.885
 26    45.510 53137.07360609 15.41 133.146013  48.107299 21.885
 26    45.750 53137.07360673 20.13 133.144673  48.104059 21.885
 27    45.561 53172.07365376 50.48 133.140303  48.111736 22.966
 27    45.688 53172.07365440 47.40 133.138973  48.108496 22.966
 27    45.596 53172.07365505 42.06 133.137633  48.105256 22.966
 28    44.248 53207.07366869 37.94 133.136792  48.109198 23.457
 28    44.267 53207.07366933 38.54 133.135462  48.105948 23.457
 28    44.545 53207.07366998 39.70 133.134122  48.102708 23.457
 29    44.799 53242.07363569 51.39 133.140324  48.112196 26.467
 29    44.898 53242.07363634 52.00 133.138984  48.108956 26.467
 29    44.913 53242.07363698 51.85 133.137654  48.105706 26.467
 30    43.970 53277.07360774 50.62 133.149584  48.113103 30.326
 30    43.998 53277.07360838 52.33 133.148254  48.109863 30.326
 30    44.010 53277.07360903 48.60 133.146914  48.106613 30.326
 30    43.920 53277.07360967 38.99 133.145584  48.103373 30.326
 31    42.677 53312.07364536 20.74 133.138279  48.110128 20.864
 31    44.064 53312.07364601 22.18 133.136949  48.106888 20.864
 31    44.204 53312.07364665 23.17 133.135609  48.103648 20.864
 32    42.209 53347.07361136 23.75 133.138740  48.109295  6.345
 32    42.221 53347.07361200 24.23 133.137410  48.106055  6.345
 32    42.039 53347.07361265 23.37 133.136070  48.102815  6.345
 33    42.905 53382.07357222 16.83 133.150154  48.113831  9.154
 33    42.835 53382.07357287 17.84 133.148814  48.110591  9.154
 33    42.657 53382.07357351 35.38 133.147484  48.107341  9.154
 33    42.607 53382.07357416 38.62 133.146144  48.104101  9.154
 34    42.866 53417.07358921 13.81 133.146853  48.111678  5.519
 34    42.567 53417.07358986 20.23 133.145513  48.108428  5.519
 34    42.533 53417.07359050 23.03 133.144183  48.105188  5.519
 35    42.924 53452.07358848 15.77 133.151917  48.112560  7.962
 35    42.714 53452.07358912 17.59 133.150587  48.109320  7.962
 35    42.667 53452.07358977 18.67 133.149247  48.106080  7.962
 36    43.655 53487.07367433 47.99 133.134066  48.111327 35.262
 36    43.588 53487.07367498 52.47 133.132736  48.108077 35.262
 36    43.559 53487.07367562 51.42 133.131396  48.104837 35.262
 36    43.731 53487.07367627 35.57 133.130056  48.101597 35.262
 37    45.370 53522.07366562 13.81 133.142121  48.110440 26.158
 37    45.475 53522.07366626 15.46 133.140781  48.107200 26.158
 37    45.636 53522.07366691 32.68 133.139451  48.103960 26.158
 38    45.272 53557.07369140 17.59 133.130838  48.108357 24.643
 38    45.980 53557.07369205 21.70 133.129508  48.105117 24.643
 38    46.030 53557.07369269 29.74 133.128168  48.101867 24.643
 39    46.280 53592.07362714 49.73 133.143755  48.112545 40.505
 39    46.210 53592.07362778 49.19 133.142415  48.109305 40.505
 39    46.244 53592.07362843 50.36 133.141085  48.106065 40.505
 39    46.262 53592.07362907 46.92 133.139755  48.102815 40.505
 40    43.894 53627.07361708 48.95 133.143191  48.112999 28.681
 40    43.978 53627.07361772 51.38 133.141861  48.109759 28.681
 40    44.068 53627.07361837 45.13 133.140521  48.106519 28.681
 40    43.808 53627.07361901 33.94 133.139191  48.103269 28.681
 41    42.437 53662.07364290 19.56 133.139989  48.111874 14.199
 41    42.652 53662.07364354 21.02 133.138649  48.108634 14.199
 41    42.768 53662.07364419 21.01 133.137319  48.105384 14.199
 42    42.229 53697.07360998 44.23 133.136156  48.109302 29.969
 42    42.254 53697.07361063 47.24 133.134826  48.106062 29.969
 42    42.167 53697.07361127 42.59 133.133486  48.102822 29.969
 43    43.030 53732.07353218 20.22 133.137316  48.111315 11.510
 43    43.124 53732.07353283 20.43 133.135976  48.108065 11.510
 43    43.208 53732.07353347 20.59 133.134646  48.104825 11.510
 44    42.938 53767.07350611 15.31 133.150038  48.112908  5.319
 44    43.033 53767.07350676 14.82 133.148698  48.109668  5.319
 44    42.920 53767.07350740 14.71 133.147358  48.106428  5.319
 44    42.881 53767.07350805 15.11 133.146028  48.103178  5.319
 45    42.958 53802.07350703 14.60 133.139846  48.112416  9.401
 45    43.031 53802.07350767 14.07 133.138516  48.109176  9.401
 45    42.964 53802.07350832 13.89 133.137176  48.105936  9.401
 45    42.898 53802.07350896 13.54 133.135846  48.102686  9.401
 46    43.114 53837.07351725 31.89 133.147306  48.111104 21.177
 46    43.026 53837.07351790 35.65 133.145976  48.107864 21.177
 46    43.163 53837.07351854 33.17 133.144636  48.104614 21.177
 47    44.697 53872.07357111 52.82 133.141716  48.110190 35.182
 47    44.798 53872.07357176 50.39 133.140376  48.106950 35.182
 47    44.879 53872.07357240 49.99 133.139046  48.103710 35.182
 48    45.597 53907.07361110 19.08 133.137828  48.110306 15.853
 48    45.952 53907.07361175 20.07 133.136488  48.107066 15.853
 48    46.136 53907.07361239 26.37 133.135158  48.103826 15.853
 49    45.395 53942.07363923 25.38 133.129081  48.107899 26.523
 49    45.414 53942.07363988 22.60 133.127741  48.104659 26.523
 49    45.571 53942.07364052 22.73 133.126411  48.101419 26.523
 50    45.187 53977.07359270 44.65 133.132384  48.110979 24.048
 50    45.068 53977.07359335 26.44 133.131054  48.107729 24.048
 50    45.943 53977.07359399 20.85 133.129724  48.104489 24.048
 50    45.978 53977.07359463 31.16 133.128384  48.101249 24.048
 51    44.199 54012.07359659 16.66 133.150778  48.112828 16.476
 51    44.162 54012.07359723 15.87 133.149448  48.109588 16.476
 51    44.313 54012.07359787 14.75 133.148108  48.106348 16.476
 51    44.892 54012.07359852 14.23 133.146778  48.103108 16.476
 52    42.507 54047.07360898 31.82 133.148718  48.112291 32.242
 52    42.269 54047.07360963 38.24 133.147378  48.109041 32.242
 52    42.286 54047.07361027 31.75 133.146048  48.105801 32.242
 52    42.567 54047.07361091 40.84 133.144708  48.102561 32.242
 54    43.397 54117.07353457 46.22 133.131627  48.109509 11.165
 54    43.481 54117.07353521 39.65 133.130297  48.106259 11.165
 54    43.224 54117.07353586 28.92 133.128967  48.103019 11.165
 55    42.925 54152.07355406 26.03 133.139228  48.110544 10.930
 55    43.163 54152.07355471 36.59 133.137898  48.107304 10.930
 55    43.326 54152.07355535 45.77 133.136558  48.104064 10.930
 56    43.307 54187.07352794 31.68 133.132715  48.108661  6.676
 56    42.909 54187.07352858 40.12 133.131385  48.105422  7.926
 56    42.739 54187.07352923 22.66 133.130045  48.102182  7.926
 57    44.059 54222.07356321 32.39 133.142360  48.112038 30.646
 57    44.011 54222.07356385 35.17 133.141024  48.108801 17.239
 57    44.212 54222.07356450 33.90 133.139684  48.105561 17.239
 58    45.111 54257.07358609 14.37 133.139675  48.110126 26.124
 58    45.189 54257.07358673 18.26 133.138338  48.106888 23.351
 58    45.448 54257.07358738 32.08 133.137008  48.103648 23.351
 59    44.346 54292.07358823 23.83 133.142054  48.111311 17.577
 59    44.251 54292.07358888 24.59 133.140726  48.108076 20.651
 59    44.367 54292.07358952 25.04 133.139386  48.104826 20.651
 60    44.911 54327.07358506 18.55 133.139939  48.109773 14.730
 60    44.930 54327.07358571 20.95 133.138606  48.106535 19.622
 60    45.223 54327.07358635 36.61 133.137276  48.103295 19.622
 61    44.665 54362.07353505 19.37 133.133138  48.111141 14.119
 61    44.636 54362.07353570 18.68 133.131798  48.107901 14.119
 61    44.539 54362.07353634 17.11 133.130461  48.104661 14.777
 61    44.686 54362.07353699 20.82 133.129131  48.101421 14.777
 62    43.151 54397.07352436 48.57 133.144166  48.112641 25.434
 62    43.052 54397.07352501 47.64 133.142826  48.109401 25.434
 62    42.992 54397.07352565 52.38 133.141496  48.106161 25.434
 62    42.926 54397.07352630 49.70 133.140156  48.102911 25.434
 63    42.214 54432.07348511 30.96 133.136592  48.110291 12.042
 63    42.195 54432.07348576 34.21 133.135262  48.107051 12.042
 63    42.172 54432.07348640 31.75 133.133932  48.103811 12.042
 64    42.243 54467.07350544 20.87 133.147137  48.113518  4.953
 64    42.470 54467.07350609 20.03 133.145797  48.110278  4.953
 64    42.450 54467.07350673 20.28 133.144467  48.107038  4.953
 64    42.445 54467.07350738 19.64 133.143127  48.103788  4.953
 65    42.710 54502.07349981 18.63 133.137171  48.109311  6.390
 65    42.663 54502.07350045 17.85 133.135831  48.106071  6.390
 65    42.597 54502.07350110 18.01 133.134501  48.102821  6.390
 66    42.799 54537.07352166 27.30 133.140960  48.109865 19.543
 66    42.698 54537.07352230 29.42 133.139630  48.106625 19.543
 66    42.652 54537.07352295 29.74 133.138290  48.103385 19.543
 67    42.716 54572.07350118 49.01 133.135515  48.110172 30.005
 67    42.734 54572.07350183 51.69 133.134185  48.106922 30.005
 67    42.743 54572.07350247 45.18 133.132855  48.103682 30.005
 68    42.802 54607.07351505 25.73 133.140417  48.109890 16.491
 68    42.755 54607.07351570 21.17 133.139077  48.106640 16.491
 68    44.315 54607.07351634 24.89 133.137747  48.103400 16.491
 69    42.590 54642.07352402 21.37 133.138447  48.111147 20.656
 69    42.720 54642.07352467 21.01 133.137107  48.107897 20.656
 69    42.909 54642.07352531 22.21 133.135777  48.104657 20.656
 70    43.900 54677.07352610 42.83 133.138480  48.109684 21.728
 70    43.965 54677.07352675 37.02 133.137140  48.106434 21.728
 70    43.775 54677.07352739 24.85 133.135810  48.103194 21.728
 71    43.227 54712.07348055 39.97 133.135598  48.109669 27.665
 71    43.283 54712.07348120 32.14 133.134268  48.106429 27.665
 71    43.514 54712.07348184 36.00 133.132928  48.103179 27.665
 72    44.126 54747.07349416 30.82 133.142011  48.112259 27.114
 72    44.175 54747.07349480 37.10 133.140681  48.109019 27.114
 72    44.058 54747.07349545 37.70 133.139341  48.105779 27.114
 72    44.306 54747.07349609 43.72 133.138011  48.102539 27.114
 73    42.650 54782.07346620 39.68 133.140067  48.112375 26.446
 73    42.673 54782.07346685 47.48 133.138727  48.109125 26.446
 73    42.726 54782.07346749 50.27 133.137397  48.105885 26.446
 73    42.719 54782.07346814 44.51 133.136057  48.102645 26.446
 74    43.243 54817.07348709 33.51 133.142846  48.110732 10.516
 74    43.520 54817.07348773 29.96 133.141506  48.107492 10.516
 74    43.365 54817.07348838 30.11 133.140166  48.104252 10.516
 75    43.186 54852.07346377 23.59 133.138726  48.112106  4.955
 75    43.083 54852.07346441 24.43 133.137396  48.108866  4.955
 75    43.057 54852.07346506 22.87 133.136056  48.105616  4.955
 75    43.045 54852.07346570 19.64 133.134726  48.102376  4.955
 76    43.124 54887.07349177 12.34 133.139585  48.110663  2.780
 76    43.070 54887.07349241 12.50 133.138255  48.107423  2.780
 76    43.122 54887.07349306 12.20 133.136915  48.104183  2.780
 77    43.482 54922.07346506 10.15 133.130151  48.109687  9.781
 77    43.512 54922.07346571 10.07 133.128821  48.106447  9.781
 77    43.438 54922.07346635 12.41 133.127481  48.103207  9.781
 78    44.608 54957.07348753 21.29 133.141712  48.110190 15.435
 78    44.699 54957.07348817 18.83 133.140382  48.106950 15.435
 78    45.089 54957.07348882 35.21 133.139042  48.103710 15.435
 79    43.896 54992.07351061 43.11 133.138042  48.111522 20.318
 79    43.879 54992.07351126 42.63 133.136702  48.108272 20.318
 79    43.818 54992.07351190 33.91 133.135372  48.105032 20.318
 80    46.288 55027.07350126 18.39 133.139201  48.111606 19.746
 80    46.129 55027.07350190 17.67 133.137861  48.108366 19.746
 80    46.133 55027.07350255 21.67 133.136531  48.105126 19.746
 81    46.478 55062.07349390 50.04 133.140305  48.111627 38.091
 81    46.477 55062.07349455 51.36 133.138975  48.108377 38.091
 81    46.455 55062.07349519 51.94 133.137635  48.105137 38.091
 82    46.944 55097.07344310 30.06 133.131260  48.110182 43.441
 82    46.836 55097.07344375 24.78 133.129920  48.106932 43.441
 82    47.202 55097.07344439 30.52 133.128590  48.103692 43.441
 84    43.895 55167.07340499 21.50 133.138825  48.110824  6.537
 84    43.904 55167.07340563 21.79 133.137495  48.107584  6.537
 84    43.968 55167.07340628 21.51 133.136155  48.104334  6.537
 85    44.050 55202.07342947 16.61 133.141600  48.111434  3.498
 85    44.282 55202.07343012 17.22 133.140260  48.108184  3.498
 85    44.410 55202.07343076 17.81 133.138930  48.104944  3.498
 86    44.123 55237.07341231 10.77 133.134962  48.110551  2.578
 86    44.397 55237.07341295 10.71 133.133622  48.107311  2.578
 86    44.477 55237.07341360 11.07 133.132292  48.104071  2.578
 87    44.026 55272.07342413  8.18 133.138947  48.109670  2.176
 87    44.388 55272.07342477  8.27 133.137617  48.106430  2.176
 87    44.459 55272.07342542  8.49 133.136277  48.103190  2.176
 88    46.449 55307.07339376 25.91 133.134733  48.111148 27.394
 88    45.928 55307.07339440 25.07 133.133393  48.107898 27.394
 88    45.038 55307.07339505 24.52 133.132063  48.104658 27.394
 88    47.373 55307.07339569 26.09 133.130723  48.101418 27.394
 89    46.200 55342.07339353 18.71 133.141501  48.111277 27.463
 89    46.199 55342.07339417 17.85 133.140171  48.108027 27.463
 89    46.245 55342.07339481 27.48 133.138831  48.104787 27.463
 90    44.716 55377.07338715 18.70 133.138710  48.112159 23.430
 90    44.673 55377.07338779 18.04 133.137370  48.108909 23.430
 90    44.700 55377.07338844 20.55 133.136040  48.105669 23.430
 90    44.936 55377.07338908 30.67 133.134700  48.102429 23.430
 91    46.442 55412.07341066 38.52 133.143046  48.110172 28.916
 91    46.327 55412.07341130 34.32 133.141716  48.106922 28.916
 91    46.509 55412.07341195 39.16 133.140376  48.103682 28.916
 92    46.957 55447.07340199 40.73 133.139501  48.110709 36.621
 92    46.897 55447.07340263 44.59 133.138171  48.107459 36.621
 92    46.908 55447.07340328 41.07 133.136831  48.104219 36.621
 93    44.156 55482.07333352 20.18 133.132087  48.109355 19.193
 93    43.561 55482.07333416 27.17 133.130747  48.106105 19.193
 93    43.539 55482.07333481 32.89 133.129417  48.102865 19.193
