-134899.407   105.537     0.00   12.33
-134526.062   112.112    17.61   20.32
-134152.758   124.331    32.73   21.68
-133779.496   133.013    23.26   19.43
-133406.276   130.164    -7.64   21.06
-133033.097   122.651   -20.13   25.89
-132659.960   112.890   -26.16   27.43
-132286.864   101.737   -29.90   25.16
-131913.810    99.344    -6.42   22.46
-131540.798   104.161    12.92   23.86
-131167.827   117.804    36.58   36.51
-130794.898   138.849    56.44   39.33
-130422.010   155.704    45.21   33.40
-130049.164   162.026    16.96   28.26
-129676.359   154.828   -19.31   23.18
-129303.596   143.508   -30.37   18.87
-128930.874   134.934   -23.01   20.43
-128558.194   130.141   -12.86   26.66
-128185.555   120.873   -24.87   30.18
-127812.958   111.076   -26.30   27.72
-127440.402   106.071   -13.44   23.88
-127067.887   107.360     3.46   21.09
-126695.414   113.721    17.08   24.58
-126322.982   118.720    13.43   24.21
-125950.591   119.931     3.25   22.96
-125578.242   115.789   -11.12   24.70
-125205.934   105.788   -26.87   18.72
-124833.668   100.720   -13.62   12.16
-124461.442   100.033    -1.85    8.29
-124089.258   103.432     9.14    9.21
-123717.115   107.617    11.25    9.80
-123345.014   115.054    19.99   10.69
-122972.954   121.839    18.24   12.92
-122600.934   128.617    18.22   11.89
-122228.957   135.365    18.14   12.89
-121857.020   145.867    28.24   17.95
-121485.124   154.562    23.38   19.52
-121113.270   164.065    25.56   18.44
-120741.457   175.867    31.74   19.29
-120369.684   188.115    32.95   19.21
-119997.953   201.237    35.31   19.88
-119626.263   212.737    30.94   21.11
-119254.615   227.093    38.63   24.60
-118883.007   240.565    36.26   25.75
-118511.440   250.602    27.02   27.54
-118139.914   253.590     8.04   29.82
-117768.429   242.076   -31.00   35.59
-117396.986   229.704   -33.31   32.92
-117025.583   230.023     0.86   32.08
-116654.221   227.890    -5.74   30.81
-116282.900   240.958    35.20   32.89
-115911.620   247.301    17.09   29.62
-115540.381   235.131   -32.79   32.40
-115169.183   222.880   -33.01   41.44
-114798.026   194.705   -75.92   41.18
-114426.910   166.018   -77.31   27.48
-114055.834   151.462   -39.23   19.38
-113684.800   151.404    -0.15   21.07
-113313.806   162.415    29.68   33.37
-112942.853   189.154    72.09   42.32
-112571.941   211.297    59.70   33.52
-112201.070   220.625    25.15   26.11
-111830.239   215.788   -13.04   30.78
-111459.449   202.272   -36.46   35.04
-111088.700   188.513   -37.11   29.37
-110717.992   174.033   -39.07   30.50
-110347.324   162.031   -32.38   30.23
-109976.697   144.654   -46.89   27.16
-109606.111   132.083   -33.93   23.68
-109235.566   125.654   -17.35   23.89
-108865.061   121.211   -11.99   29.26
-108494.596   120.705    -1.37   35.20
-108124.173   114.839   -15.84   39.95
-107753.790   100.513   -38.68   38.26
-107383.447    86.037   -39.09   29.57
-107013.145    77.771   -22.33   19.27
-106642.884    83.585    15.70   26.19
-106272.663   102.805    51.92   39.63
-105902.483   125.512    61.35   39.42
-105532.343   143.585    48.83   34.49
-105162.244   145.127     4.17   27.27
-104787.215   135.970   -24.42   24.27
-104408.885   120.721   -40.31   25.56
-104030.598   103.492   -45.55   23.90
-103652.353    86.246   -45.60   21.90
-103274.151    73.383   -34.02   17.47
-102895.991    67.565   -15.39   15.07
-102517.873    62.237   -14.09   14.35
-102139.798    57.423   -12.74   13.93
-101761.766    51.154   -16.58   12.64
-101383.775    46.544   -12.20    9.50
-101005.827    47.656     2.94   11.03
-100627.922    60.449    33.86   25.01
-100250.058    84.439    63.49   38.79
 -99872.237   117.721    88.10   45.33
 -99494.458   143.192    67.43   34.93
 -99116.722   147.426    11.21   28.37
 -98739.027   139.031   -22.23   33.98
 -98361.375   119.214   -52.48   32.33
 -97983.765    97.937   -56.35   20.16
 -97606.198    83.415   -38.47   22.39
 -97228.672    66.496   -44.82   26.02
 -96851.189    51.822   -38.88   24.28
 -96473.748    34.789   -45.13   15.64
 -96096.348    22.509   -32.54   13.19
 -95718.991    13.689   -23.38   12.42
 -95341.677     6.755   -18.38    7.79
 -94964.404     4.297    -6.52    4.93
 -94587.173     6.367     5.49    8.24
 -94209.985     9.924     9.43   13.71
 -93832.838    10.890     2.56   14.94
 -93455.733     9.682    -3.20   12.88
 -93078.671     7.554    -5.64    6.54
 -92701.650     6.669    -2.35    3.32
 -92324.672     7.004     0.89    2.72
 -91947.735     6.805    -0.53    2.38
 -91570.840     7.082     0.74    2.32
 -91193.987     7.254     0.46    2.02
 -90817.177     7.556     0.80    1.90
 -90440.408     8.587     2.74    2.04
 -90063.681     9.617     2.73    2.22
 -89686.995    10.560     2.50    2.61
 -89310.352    11.904     3.57    3.48
 -88933.750    12.841     2.49    3.96
 -88557.191    13.278     1.16    4.06
 -88180.673    14.229     2.52    4.14
 -87804.197    15.001     2.05    3.56
 -87427.762    15.487     1.29    3.34
 -87051.370    16.410     2.45    3.05
 -86675.019    16.255    -0.41    3.32
 -86298.710    15.134    -2.98    3.99
 -85922.442    12.869    -6.02    4.32
 -85546.217    10.237    -6.99    4.37
 -85170.033     7.841    -6.37    3.77
 -84793.890     6.509    -3.54    3.15
 -84417.790     7.016     1.35    4.17
 -84041.731     7.327     0.83    4.33
 -83665.713     6.393    -2.48    4.77
 -83289.737     3.890    -6.66    5.09
 -82913.803     2.203    -4.49    4.10
 -82537.910     3.071     2.31    6.08
 -82162.059     4.280     3.22    7.51
 -81786.250     3.927    -0.94    8.37
 -81410.482     2.306    -4.31    8.63
 -81034.755    -0.820    -8.32    7.46
 -80659.070    -4.192    -8.98    3.57
 -80283.427    -5.263    -2.85    0.00
 -79907.824    -5.263     0.00    0.00
 -79532.264    -5.113     0.40    0.82
 -79156.745    -4.952     0.43    1.33
 -78781.267    -4.703     0.66    1.82
 -78405.830    -4.714    -0.03    1.69
 -78030.435    -4.596     0.32    2.03
 -77655.082    -4.415     0.48    2.38
 -77279.770    -4.022     1.05    2.92
 -76904.499    -4.534    -1.36    2.31
 -76529.269    -5.056    -1.39    1.24
 -76154.081    -5.214    -0.42    0.38
 -75778.934    -5.263    -0.13    0.00
 -75403.828    -5.191     0.19    0.53
 -75028.764    -4.492     1.86    2.31
 -74653.741    -3.385     2.95    3.62
 -74278.759    -1.780     4.28    5.36
 -73903.818    -0.613     3.11    5.40
 -73528.918     0.786     3.73    5.07
 -73154.060     1.983     3.19    4.31
 -72779.243     1.582    -1.07    2.07
 -72404.467     1.426    -0.42    1.65
 -72029.732     1.466     0.11    1.42
 -71655.038     1.789     0.86    1.28
 -71280.386     1.648    -0.38    1.16
 -70905.774     1.585    -0.17    1.19
 -70531.204     1.416    -0.45    1.29
 -70156.675     1.229    -0.50    1.22
 -69782.186     1.203    -0.07    1.31
 -69407.739     1.375     0.46    2.01
 -69033.333     1.602     0.60    2.08
 -68658.968     1.856     0.68    2.06
 -68284.644     1.789    -0.18    1.83
 -67910.360     1.551    -0.64    1.64
 -67536.118     1.442    -0.29    1.84
 -67161.917     1.944     1.34    2.83
 -66787.757     1.941    -0.01    2.68
 -66413.637     1.648    -0.78    2.44
 -66039.559     1.314    -0.89    1.28
 -65665.521     1.439     0.34    1.21
 -65291.524     1.619     0.48    1.26
 -64917.568     2.071     1.21    1.23
 -64543.653     2.184     0.30    1.40
 -64169.779     2.115    -0.19    1.58
 -63795.946     2.148     0.09    1.65
 -63422.153     2.037    -0.30    1.48
 -63048.401     1.685    -0.94    1.08
 -62674.690     1.688     0.01    1.06
 -62301.020     1.772     0.22    1.11
 -61927.390     1.806     0.09    1.07
 -61553.801     1.921     0.31    1.05
 -61180.253     1.873    -0.13    1.06
 -60806.746     1.893     0.05    1.12
 -60433.279     1.841    -0.14    1.21
 -60059.853     1.508    -0.89    1.30
 -59686.468     1.237    -0.72    1.32
 -59313.123     1.076    -0.43    1.33
 -58939.819     1.148     0.19    3.12
 -58566.555     3.281     5.72    7.77
 -58193.332     7.721    11.89   14.23
 -57820.150    11.173     9.25   17.35
 -57447.008    10.568    -1.62   17.27
 -57073.907     7.534    -8.13   12.77
 -56700.846     5.547    -5.33    8.35
 -56327.826     5.500    -0.13    9.30
 -55954.846     4.415    -2.91    8.05
 -55581.907     4.256    -0.43    7.57
 -55209.008     3.890    -0.98    6.19
 -54836.150     4.013     0.33    5.55
 -54463.332     6.082     5.55    8.96
 -54090.555    11.721    15.13   18.76
 -53717.818    19.048    19.66   24.69
 -53345.121    25.554    17.46   26.82
 -52972.465    31.212    15.18   28.97
 -52599.849    29.088    -5.70   26.60
 -52227.274    25.585    -9.40   22.79
 -51854.738    25.082    -1.35   15.67
 -51482.244    28.983    10.47   15.64
 -51109.789    43.254    38.32   24.61
 -50737.375    56.374    35.23   24.81
 -50365.001    60.271    10.47   24.85
 -49992.667    62.685     6.48   27.59
 -49620.374    60.787    -5.10   30.49
 -49248.121    65.856    13.62   32.82
 -48875.908    75.117    24.88   28.06
 -48503.735    82.071    18.69   23.71
 -48131.603    85.517     9.26   20.52
 -47759.510    92.632    19.12   21.37
 -47387.458    96.169     9.51   21.08
 -47015.446    91.016   -13.85   23.89
 -46643.474    78.380   -33.97   26.04
 -46271.543    60.354   -48.47   20.86
 -45899.651    43.810   -44.49   19.51
 -45527.799    32.065   -31.59   20.11
 -45155.988    26.076   -16.11   20.95
 -44784.216    22.087   -10.73   19.34
 -44412.485    18.289   -10.22   20.38
 -44040.794    14.492   -10.22   20.73
 -43669.143     6.065   -22.67   14.06
 -43297.531     2.048   -10.81    8.60
 -42925.960     3.684     4.40   10.65
 -42554.429     5.065     3.72   10.52
 -42182.937     4.271    -2.14   10.30
 -41811.486     3.523    -2.01   10.66
 -41440.074     1.237    -6.15    8.57
 -41068.703    -1.087    -6.26    1.90
 -40697.371    -1.350    -0.71    1.73
 -40326.080    -0.728     1.68    2.52
 -39954.828    -0.129     1.61    2.98
 -39583.616     0.462     1.59    3.22
 -39212.444     0.890     1.15    3.26
 -38841.311     1.404     1.39    3.23
 -38470.219     1.365    -0.11    3.11
 -38099.166     1.720     0.96    3.10
 -37728.153     1.700    -0.05    3.11
 -37357.180     1.551    -0.40    3.19
 -36986.247     1.398    -0.41    3.35
 -36615.353     1.071    -0.88    3.42
 -36244.499     0.203    -2.34    3.29
 -35873.685    -0.900    -2.98    2.75
 -35502.910    -1.720    -2.21    1.81
 -35132.176    -2.263    -1.46    0.00
 -34761.481    -2.263     0.00    0.00
 -34390.825    -2.263     0.00    0.00
 -34020.209    -2.263     0.00    0.00
 -33649.633    -2.175     0.24    0.66
 -33279.097    -2.093     0.22    0.91
 -32908.600    -2.117    -0.06    0.78
 -32538.143    -2.263    -0.39    0.00
 -32167.725    -2.263     0.00    0.00
 -31797.347    -2.263     0.00    0.00
 -31427.008    -2.263     0.00    0.00
 -31056.709    -2.263     0.00    0.00
 -30686.449    -2.263     0.00    0.00
 -30316.229    -2.263     0.00    0.00
 -29941.855    -2.263     0.00    0.00
 -29563.616    -2.263     0.00    0.00
 -29185.417    -2.263     0.00    0.00
 -28807.260    -2.263     0.00    0.00
 -28429.145    -2.263     0.00    0.00
 -28051.071    -2.263     0.00    0.00
 -27673.038    -2.263     0.00    0.00
 -27295.046    -2.263     0.00    0.00
 -26917.095    -2.263     0.00    0.00
 -26539.186    -2.263     0.00    0.00
 -26161.318    -2.263     0.00    0.00
 -25783.492    -2.115     0.39    0.81
 -25405.706    -1.772     0.91    1.60
 -25027.962    -1.659     0.30    1.76
 -24650.259    -1.385     0.72    2.04
 -24272.597    -1.245     0.37    2.18
 -23894.976    -0.701     1.44    2.61
 -23517.397    -0.155     1.45    2.82
 -23139.858    -0.063     0.25    2.91
 -22762.361    -0.227    -0.44    2.72
 -22384.904    -0.246    -0.05    2.64
 -22007.489    -0.669    -1.12    2.56
 -21630.115    -1.176    -1.34    2.49
 -21252.782    -1.263    -0.23    2.47
 -20875.490    -1.466    -0.54    2.04
 -20498.238    -0.798     1.77    2.61
 -20121.028    -0.066     1.94    3.07
 -19743.859     0.459     1.39    3.12
 -19366.731     1.369     2.41    3.05
 -18989.644     1.841     1.25    2.84
 -18612.598     2.466     1.66    2.26
 -18235.592     2.825     0.95    2.29
 -17858.628     2.944     0.32    2.23
 -17481.704     3.156     0.56    1.98
 -17104.822     3.314     0.42    2.02
 -16727.980     3.291    -0.06    1.96
 -16351.179     3.377     0.23    1.89
 -15974.419     2.893    -1.29    2.21
 -15597.700     2.082    -2.15    2.59
 -15221.021     1.000    -2.87    2.65
 -14844.384     0.341    -1.75    2.46
 -14467.787    -0.159    -1.33    2.17
 -14091.231    -0.355    -0.52    1.89
 -13714.715    -0.496    -0.37    1.78
 -13338.241    -0.561    -0.17    1.75
 -12961.807    -0.703    -0.38    1.59
 -12585.414    -0.856    -0.41    1.25
 -12209.061    -0.941    -0.23    1.10
 -11832.749    -0.963    -0.06    1.20
 -11456.478    -1.063    -0.27    1.04
 -11080.247    -1.245    -0.49    0.13
 -10704.058    -1.228     0.05    0.18
 -10327.908    -1.263    -0.09    0.00
  -9951.800    -1.263     0.00    0.00
  -9575.731    -1.263     0.00    0.00
  -9199.704    -1.115     0.39    0.85
  -8823.717    -1.070     0.12    1.13
  -8447.770    -1.059     0.03    1.11
  -8071.864    -0.911     0.39    1.26
  -7695.999    -0.890     0.06    1.43
  -7320.174    -0.684     0.55    2.16
  -6944.390    -0.294     1.04    2.63
  -6568.646    -0.297    -0.01    2.42
  -6192.942    -0.056     0.64    2.24
  -5817.279     0.410     1.24    2.08
  -5441.656     0.634     0.60    2.06
  -5066.074     1.246     1.63    2.38
  -4690.532     1.589     0.91    2.47
  -4315.031     4.587     7.98    9.96
  -3939.570    10.808    16.57   19.56
  -3564.149    21.054    27.29   31.93
  -3188.768    28.737    20.47   33.69
  -2813.428    24.755   -10.61   31.31
  -2438.128    16.885   -20.97   27.02
  -2062.869     7.987   -23.71   19.98
  -1687.650     1.841   -16.38    9.69
  -1312.471    -0.120    -5.23    0.75
   -937.332     0.087     0.55    1.27
   -562.233     0.509     1.12    1.77
   -187.175     0.858     0.93    1.96
    187.843     0.805    -0.14    2.00
    562.821     0.299    -1.35    1.66
    937.759    -0.159    -1.22    0.67
   1312.656    -0.263    -0.28    0.00
   1687.514    -0.263     0.00    0.00
   2062.331     0.137     1.07    1.42
   2437.108     0.967     2.21    2.22
   2811.845     2.106     3.04    2.79
   3186.542     3.527     3.79    2.83
   3561.199     4.704     3.14    2.30
   3935.816     5.565     2.30    1.53
   4310.393     5.474    -0.24    1.52
   4684.930     5.556     0.22    1.60
   5059.426     5.454    -0.27    1.40
   5433.883     5.630     0.47    1.44
   5808.300     5.623    -0.02    1.24
   6182.677     5.720     0.26    1.22
   6557.014     5.843     0.33    1.28
   6931.310     5.737    -0.28    1.46
   7305.567     5.944     0.55    1.45
   7679.784     6.001     0.15    1.42
   8053.962     5.878    -0.33    1.38
   8428.099     6.026     0.39    1.38
   8802.196     6.166     0.38    1.39
   9176.254     6.263     0.26    1.45
   9550.272     6.148    -0.31    1.44
   9924.249     5.948    -0.54    1.28
  10298.188     5.432    -1.38    1.56
  10672.086     5.144    -0.77    1.73
  11045.944     4.789    -0.95    1.81
  11419.763     4.704    -0.23    1.64
  11793.542     4.836     0.35    1.80
  12167.281     4.720    -0.31    1.55
  12540.981     5.466     2.00    1.10
  12914.640     6.682     3.25    2.98
  13288.261     8.597     5.13    4.04
  13661.841    10.071     3.94    4.17
  14035.382    10.574     1.35    3.68
  14408.883    10.755     0.49    3.07
  14782.344     9.496    -3.37    1.68
  15155.766     8.901    -1.59    1.31
  15529.148     8.597    -0.81    1.06
  15902.491     8.212    -1.03    0.99
  16275.794     8.163    -0.13    1.13
  16649.057     8.031    -0.36    1.27
  17022.281     7.913    -0.32    1.35
  17395.465     7.656    -0.69    1.38
  17768.610     7.773     0.31    1.21
  18141.715     7.702    -0.19    1.28
  18514.781     7.521    -0.49    1.25
  18887.807     7.513    -0.02    1.27
  19260.794     7.544     0.08    1.25
  19633.742     7.556     0.03    1.38
  20006.649     7.280    -0.74    1.41
  20379.518     6.791    -1.31    1.33
  20752.347     6.354    -1.17    1.17
  21125.137     6.229    -0.34    1.15
  21497.887     6.088    -0.38    1.08
  21870.598     6.009    -0.21    1.13
  22243.269     5.634    -1.01    1.53
  22615.902     5.281    -0.95    1.52
  22988.494     5.568     0.77    1.68
  23361.048     5.822     0.68    1.58
  23733.562     6.306     1.30    1.23
  24106.037     6.297    -0.03    1.33
  24478.473     6.404     0.29    1.43
  24850.869     6.595     0.51    1.45
  25223.226     6.422    -0.46    1.40
  25595.544     6.517     0.26    1.39
  25967.823     6.487    -0.08    1.25
  26340.063     6.337    -0.40    1.33
  26712.263     6.348     0.03    1.19
  27084.424     6.541     0.52    1.07
  27456.546     6.619     0.21    1.00
  27828.629     6.719     0.27    0.89
  28200.673     6.702    -0.05    0.96
  28572.677     6.574    -0.35    1.01
  28944.643     6.432    -0.38    1.18
  29316.569     6.071    -0.97    1.19
  29688.456     6.144     0.20    1.10
  30060.304     6.246     0.27    0.99
  30432.114     6.211    -0.09    1.14
  30803.884     6.393     0.49    1.45
  31175.615     6.280    -0.30    1.55
  31547.307     6.036    -0.66    1.74
  31918.960     6.071     0.09    1.77
  32290.574     5.721    -0.94    1.55
  32662.149     5.628    -0.25    1.52
  33033.686     5.754     0.34    1.51
  33405.183     5.997     0.65    1.56
  33776.641     6.237     0.65    1.55
  34148.061     6.720     1.30    1.23
  34519.441     6.951     0.62    1.25
  34890.783     7.141     0.51    1.27
  35262.086     6.927    -0.58    1.26
  35633.349     6.671    -0.69    1.19
  36004.574     6.702     0.08    1.21
  36375.761     6.544    -0.42    1.16
  36746.908     6.519    -0.07    1.03
  37118.017     6.531     0.03    1.07
  37489.087     6.374    -0.42    1.06
  37860.118     5.951    -1.14    1.39
  38231.110     5.428    -1.41    1.68
  38602.063     5.272    -0.42    1.81
  38972.978     5.457     0.50    1.84
  39343.854     5.895     1.18    2.05
  39714.692     6.862     2.61    1.88
  40085.490     7.670     2.18    1.51
  40456.250     7.527    -0.38    2.20
  40826.972     7.184    -0.93    2.58
  41197.654     6.421    -2.06    2.65
  41568.298     5.334    -2.93    2.27
  41938.904     4.893    -1.19    1.93
  42309.471     4.219    -1.82    1.30
  42679.999     3.737    -1.30    0.00
  43050.488     3.737     0.00    0.00
  43420.939     3.787     0.13    0.22
  43791.352     3.809     0.06    0.26
  44161.726     5.580     4.78    4.23
  44532.061     8.544     8.01    5.91
  44905.866    11.755     8.59    5.89
  45284.021    15.071     8.77    3.83
  45662.136    15.808     1.95    2.62
  46040.211    16.568     2.01    3.23
  46418.245    20.041     9.19    8.09
  46796.240    24.554    11.94   11.58
  47174.194    31.059    17.21   14.58
  47552.107    33.930     7.60   13.85
  47929.981    32.492    -3.81   13.18
  48307.814    31.987    -1.33   12.68
  48685.607    30.773    -3.22   15.40
  49063.360    28.960    -4.80   18.85
  49441.073    24.432   -11.99   14.87
  49818.746    19.667   -12.62    8.69
  50196.379    18.213    -3.85    3.08
  50573.971    19.082     2.30    2.86
  50951.524    19.434     0.93    2.58
  51329.036    19.204    -0.61    3.01
  51706.508    19.552     0.92    3.19
  52083.941    19.597     0.12    3.48
  52461.333    20.148     1.46    3.09
  52838.685    19.893    -0.68    3.14
  53215.997    18.685    -3.20    2.44
  53593.269    18.316    -0.98    2.02
  53970.502    18.065    -0.67    2.03
  54347.694    17.828    -0.63    2.07
  54724.846    17.856     0.07    1.96
  55101.959    18.574     1.90    2.17
  55479.031    19.018     1.18    1.82
  55856.064    19.410     1.04    1.63
  56233.057    19.720     0.82    2.18
  56610.009    20.018     0.79    2.66
  56986.922    20.974     2.54    2.68
  57363.796    20.958    -0.04    2.79
  57740.629    20.265    -1.84    3.18
  58117.422    18.554    -4.54    3.42
  58494.176    16.410    -5.69    2.99
  58870.890    15.983    -1.13    2.84
  59247.564    15.721    -0.70    2.76
  59624.198    15.952     0.61    2.55
  60000.793    15.880    -0.19    2.33
  60377.348    15.812    -0.18    2.55
  60753.863    15.890     0.21    2.89
  61130.338    15.404    -1.29    2.90
  61506.774    15.437     0.09    2.96
  61883.170    15.755     0.84    2.88
  62259.527    16.895     3.03    2.56
  62635.844    17.987     2.90    1.88
  63012.121    17.792    -0.52    1.63
  63388.358    18.053     0.69    1.77
  63764.556    18.301     0.66    1.79
  64140.715    18.358     0.15    1.95
  64516.833    18.597     0.64    2.11
  64892.913    18.686     0.24    2.01
  65268.952    18.720     0.09    1.97
  65644.953    18.123    -1.59    1.79
  66020.913    17.771    -0.94    1.74
  66396.834    17.997     0.60    1.84
  66772.716    18.667     1.78    1.95
  67148.558    19.319     1.73    1.94
  67524.361    18.913    -1.08    3.50
  67900.124    17.930    -2.61    5.05
  68275.848    17.036    -2.38    5.74
  68651.532    16.580    -1.21    6.20
  69027.177    15.387    -3.18    6.60
  69402.783    14.131    -3.34    6.64
  69778.349    13.515    -1.64    6.92
  70153.876    13.141    -1.00    6.72
  70529.363    13.071    -0.19    7.01
  70904.812    13.509     1.17    7.27
  71280.221    13.966     1.21    7.39
  71655.590    13.825    -0.37    7.51
  72030.920    13.194    -1.68    7.68
  72406.211    11.374    -4.85    7.37
  72781.463    10.492    -2.35    6.86
  73156.675     9.647    -2.25    6.12
  73531.849     9.387    -0.69    5.40
  73906.983     9.316    -0.19    4.52
  74282.078     8.685    -1.68    2.73
  74657.133     9.299     1.64    3.30
  75032.150     9.755     1.22    3.60
  75407.127     9.281    -1.26    3.58
  75782.065     8.719    -1.50    2.79
  76156.964     8.574    -0.39    2.64
  76531.824     8.541    -0.09    2.60
  76906.644     9.159     1.65    2.24
  77281.426     9.667     1.36    1.76
  77656.169    10.141     1.26    0.98
  78030.872    10.036    -0.28    0.91
  78405.536     9.843    -0.52    0.90
  78780.162     9.720    -0.33    1.09
  79154.748     9.549    -0.46    1.18
  79529.295     9.704     0.41    1.14
  79903.804     9.684    -0.05    1.12
  80278.273     9.927     0.65    0.98
  80652.703     9.948     0.06    0.94
  81027.095     9.843    -0.28    1.13
  81401.447     9.703    -0.37    1.14
  81775.761     9.597    -0.28    1.09
  82150.035     9.666     0.18    1.20
  82524.271     9.681     0.04    1.15
  82898.468     9.788     0.29    1.04
  83272.626    10.101     0.84    1.04
  83646.745    10.229     0.34    1.09
  84020.825    10.358     0.35    1.07
  84394.867    10.685     0.87    1.01
  84768.869    10.444    -0.64    1.51
  85142.833    10.272    -0.46    1.60
  85516.758    10.148    -0.33    1.79
  85890.644    10.301     0.41    1.80
  86264.492    10.466     0.44    1.69
  86638.300    10.470     0.01    1.82
  87012.070    10.636     0.44    1.79
  87385.801    10.632    -0.01    1.95
  87759.494    10.737     0.28    1.96
  88133.148    10.875     0.37    1.76
  88506.763    10.927     0.14    1.61
  88880.339    10.684    -0.65    1.76
  89253.877    10.702     0.05    1.80
  89627.376    10.958     0.69    1.89
  90000.837    11.202     0.65    1.71
  90374.258    11.704     1.34    1.51
  90747.642    11.630    -0.20    1.23
  91120.986    11.369    -0.70    1.08
  91494.292    11.237    -0.35    1.50
  91867.560    11.071    -0.45    1.46
  92240.789    11.176     0.28    1.40
  92613.980    11.334     0.42    1.39
  92987.131    11.393     0.16    0.93
  93360.245    11.374    -0.05    0.97
  93733.320    11.398     0.07    1.06
  94106.356    12.417     2.73    2.82
  94479.354    14.229     4.86    3.72
  94852.314    15.860     4.37    3.76
  95225.235    16.404     1.46    2.37
  95598.118    17.527     3.01    2.96
  95970.962    20.264     7.34    6.29
  96343.768    24.457    11.25    9.03
  96716.535    29.416    13.30    9.79
  97089.264    32.404     8.02    9.21
  97461.955    33.083     1.82    8.27
  97834.607    31.898    -3.18    7.77
  98207.222    28.883    -8.09    7.04
  98579.797    27.053    -4.91    6.20
  98952.335    26.194    -2.31    5.63
  99324.834    26.602     1.10    6.02
  99697.295    27.474     2.34    6.03
 100069.717    28.544     2.87    5.46
 100442.102    29.656     2.98    5.40
 100814.448    31.470     4.87    5.15
 101186.756    33.513     5.49    4.86
 101559.025    34.719     3.24    4.28
 101931.257    33.176    -4.14    4.77
 102303.450    30.571    -7.00    4.69
 102675.605    27.271    -8.87    4.66
 103047.722    25.148    -5.70    2.72
 103419.801    25.841     1.86    3.52
 103791.842    27.996     5.79    4.61
 104163.844    31.134     8.43    4.50
 104535.809    34.100     7.97    3.14
 104907.735    35.327     3.30    2.46
 105279.623    35.809     1.30    2.09
 105651.474    36.034     0.60    2.00
 106023.286    36.653     1.66    2.37
 106395.060    37.883     3.31    2.44
 106766.796    39.178     3.48    2.50
 107138.494    40.577     3.76    2.47
 107510.154    41.790     3.26    1.87
 107881.777    42.492     1.89    1.79
 108253.361    42.220    -0.73    1.94
 108624.907    40.737    -3.99    3.06
 108996.415    38.843    -5.10    4.07
 109367.885    36.667    -5.86    3.78
 109739.318    34.434    -6.01    3.66
 110110.712    31.869    -6.91    4.18
 110482.069    29.275    -6.98    4.84
 110853.388    24.531   -12.77    6.35
 111224.669    20.283   -11.44    5.08
 111595.912    17.492    -7.52    3.58
 111967.117    16.176    -3.54    2.40
 112338.284    17.186     2.72    2.04
 112709.414    18.229     2.81    1.76
 113080.505    18.913     1.84    1.71
 113451.559    19.737     2.22    2.16
 113822.575    19.880     0.38    1.99
 114193.554    19.806    -0.20    1.90
 114564.495    19.663    -0.39    1.72
 114935.397    19.289    -1.01    1.37
 115306.263    18.964    -0.88    1.25
 115677.090    17.890    -2.90    2.04
 116047.880    17.041    -2.29    2.04
 116418.632    16.772    -0.73    2.14
 116789.347    17.565     2.14    3.27
 117160.023    19.316     4.72    5.12
 117530.663    20.100     2.11    6.86
 117901.264    20.123     0.06    7.88
 118271.828    17.737    -6.44    3.25
 118642.354    16.845    -2.41    1.64
 119012.843    16.582    -0.71    1.59
 119383.294    16.665     0.22    1.71
 119756.627    16.924     0.69    1.74
 120134.696    17.434     1.35    1.68
 120512.725    17.773     0.90    1.58
 120890.715    18.334     1.49    1.52
 121268.666    18.773     1.16    2.07
 121646.578    19.176     1.07    2.56
 122024.451    19.228     0.14    2.86
 122402.284    19.041    -0.50    2.48
 122780.078    18.537    -1.33    1.79
 123157.833    18.587     0.13    1.46
 123535.549    18.755     0.44    1.19
 123913.226    19.184     1.14    1.22
 124290.864    19.907     1.91    1.18
 124668.463    20.398     1.30    1.05
 125046.022    20.805     1.08    1.06
 125423.543    21.101     0.78    1.41
 125801.024    21.041    -0.16    1.57
 126178.466    20.513    -1.40    1.96
 126555.870    19.944    -1.51    2.08
 126933.234    19.077    -2.30    1.59
 127310.559    19.083     0.02    1.61
 127687.846    19.169     0.23    1.61
 128065.093    19.447     0.74    1.84
 128442.302    19.534     0.23    1.83
 128819.471    19.369    -0.44    1.76
 129196.602    19.211    -0.42    1.75
 129573.693    18.958    -0.67    1.40
 129950.746    19.362     1.07    1.30
 130327.760    19.632     0.72    1.25
 130704.735    19.941     0.82    1.14
 131081.671    20.077     0.36    1.13
 131458.568    20.505     1.14    1.32
 131835.427    20.669     0.43    1.18
 132212.246    20.825     0.42    1.26
 132589.027    20.898     0.19    1.49
 132965.769    21.060     0.43    1.40
 133342.472    21.273     0.57    1.64
 133719.137    20.772    -1.33    1.45
 134095.763    20.809     0.10    1.17
 134472.350    20.845     0.09    1.04
 134848.898    21.387     1.44    1.29
 135225.407    21.962     1.53    1.23
 135601.878    22.845     2.35    1.47
 135978.311    23.810     2.56    1.99
 136354.704    25.324     4.02    2.22
 136731.059    26.809     3.95    1.78
 137107.375    27.941     3.01    1.48
 137483.653    29.005     2.83    1.48
 137859.892    29.755     1.99    1.46
 138236.092    30.517     2.03    1.16
 138612.254    31.005     1.30    1.14
 138988.377    31.492     1.29    1.12
 139364.462    31.793     0.80    0.92
 139740.508    32.041     0.66    0.85
 140116.515    32.380     0.90    0.88
 140492.484    32.479     0.26    1.02
 140868.415    32.790     0.83    1.53
 141244.307    32.895     0.28    1.51
 141620.161    33.161     0.71    1.52
 141995.976    33.447     0.76    1.37
 142371.752    33.398    -0.13    1.09
 142747.491    33.552     0.41    1.15
 143123.190    33.559     0.02    1.18
 143498.852    33.404    -0.41    1.42
 143874.475    33.595     0.51    1.46
 144250.059    33.559    -0.10    1.69
 144625.605    33.791     0.62    1.85
 145001.113    33.755    -0.10    2.00
 145376.583    32.886    -2.32    2.49
 145752.014    31.944    -2.51    2.52
 146127.407    31.148    -2.12    2.10
 146502.761    31.159     0.03    1.87
 146878.078    32.053     2.38    2.41
 147253.356    32.987     2.49    2.27
 147628.595    34.176     3.17    1.73
 148003.797    34.901     1.93    1.55
 148378.960    35.387     1.29    1.30
 148754.085    36.007     1.65    1.05
 149129.172    36.449     1.18    1.07
 149504.221    36.827     1.01    0.98
 149879.231    37.065     0.64    0.93
 150254.203    37.246     0.48    0.91
 150629.137    37.345     0.26    0.82
 151004.033    37.410     0.17    0.93
 151378.891    37.624     0.57    0.95
 151753.711    37.916     0.78    1.03
 152128.492    38.174     0.69    1.05
 152503.236    38.457     0.75    1.10
 152877.941    39.119     1.77    2.16
 153252.609    39.316     0.53    2.60
 153627.238    38.860    -1.22    3.67
 154001.829    36.810    -5.47    4.69
 154376.383    36.444    -0.98    5.43
 154750.898    37.210     2.04    6.45
 155125.375    40.737     9.42    6.72
 155499.814    44.992    11.36    3.85
 155874.216    46.595     4.28    3.07
 156248.579    47.123     1.41    3.33
 156622.904    47.229     0.28    3.27
 156997.192    46.202    -2.74    3.49
 157371.441    45.827    -1.00    3.63
 157745.653    45.737    -0.24    3.70
 158119.827    46.665     2.48    4.32
 158493.963    48.941     6.08    4.46
 158868.061    49.851     2.43    4.58
 159242.121    48.059    -4.79    5.71
 159616.143    44.176   -10.38    6.41
 159990.128    39.983   -11.21    6.13
 160364.074    36.106   -10.37    4.21
 160737.983    34.422    -4.50    2.69
 161111.854    34.095    -0.87    2.83
 161485.687    34.171     0.21    3.02
 161859.483    33.958    -0.57    2.82
 162233.241    33.265    -1.85    2.24
 162606.961    32.841    -1.13    1.87
 162980.643    33.309     1.25    2.08
 163354.288    34.809     4.01    4.46
 163727.895    37.505     7.22    6.97
 164101.464    38.843     3.58    7.92
 164474.996    38.184    -1.76    7.86
 164848.490    36.647    -4.12    7.05
 165221.946    33.860    -7.46    2.82
 165595.365    33.386    -1.27    1.73
 165968.746    33.100    -0.77    1.45
 166342.089    33.059    -0.11    1.47
 166715.395    32.685    -1.00    1.29
 167088.663    32.878     0.52    1.27
 167461.894    33.071     0.52    1.46
 167835.087    33.018    -0.14    1.22
 168208.243    33.112     0.25    1.02
 168581.361    33.327     0.57    0.80
 168954.441    33.584     0.69    0.85
 169327.484    33.907     0.87    0.99
 169700.490    34.166     0.69    1.04
 170073.458    34.358     0.52    1.04
 170446.389    35.018     1.77    1.74
 170819.282    35.597     1.55    2.83
 171192.138    36.036     1.18    2.96
 171564.956    36.255     0.59    2.57
 171937.737    35.983    -0.73    1.20
 172310.481    36.101     0.32    0.97
 172683.187    36.202     0.27    1.08
 173055.855    36.468     0.71    1.09
 173428.487    36.427    -0.11    0.94
 173801.081    36.487     0.16    0.86
 174173.638    36.544     0.15    1.04
 174546.157    36.862     0.85    1.24
 174918.639    37.166     0.81    1.19
 175291.084    37.858     1.86    1.17
 175663.492    38.210     0.95    1.15
 176035.862    38.630     1.13    1.32
 176408.195    39.374     2.00    1.28
 176780.491    40.112     1.98    1.76
 177152.749    40.792     1.83    1.86
 177524.971    41.737     2.54    1.73
 177897.155    42.487     2.01    1.56
 178269.302    42.580     0.25    1.33
 178641.412    42.860     0.75    1.56
 179013.484    43.387     1.41    1.62
 179385.520    43.667     0.75    1.55
 179757.518    44.112     1.20    1.45
 180129.479    44.595     1.30    1.58
 180501.403    45.084     1.31    1.62
 180873.290    45.585     1.35    1.85
 181245.140    46.210     1.68    1.64
 181616.953    46.382     0.46    1.53
 181988.729    47.228     2.28    1.70
 182360.468    48.255     2.76    2.26
 182732.169    49.159     2.43    2.31
 183103.834    50.071     2.45    2.23
 183475.462    50.334     0.71    2.05
 183847.052    50.474     0.38    1.90
 184218.606    50.595     0.32    1.70
 184590.123    50.907     0.84    1.45
 184961.602    51.398     1.32    1.58
 185333.045    52.428     2.77    2.39
 185704.451    54.229     4.85    3.68
 186075.820    56.515     6.16    4.13
 186447.152    57.934     3.82    3.37
 186818.447    58.452     1.39    2.84
 187189.705    57.352    -2.96    3.06
 187560.927    55.966    -3.73    2.83
 187932.111    55.106    -2.32    2.62
 188303.259    54.246    -2.32    2.28
 188674.370    53.970    -0.75    2.08
 189045.443    54.427     1.23    2.35
 189416.481    56.386     5.28    3.67
 189787.481    60.916    12.21    6.15
 190158.445    66.812    15.89    7.85
 190529.371    73.791    18.81    8.69
 190900.262    78.556    12.84    6.19
 191271.115    78.071    -1.31    8.30
 191641.931    71.860   -16.75   12.49
 192012.711    64.827   -18.97   11.51
 192383.455    58.667   -16.61    6.65
 192754.161    55.937    -7.36    1.30
 193124.831    55.979     0.11    1.16
 193495.464    56.101     0.33    1.14
 193866.060    56.273     0.46    1.11
 194236.620    56.441     0.45    1.21
 194609.557    57.095     1.75    1.89
 194987.543    57.756     1.75    2.18
 195365.492    58.071     0.83    1.99
 195743.402    59.898     4.83    3.47
 196121.274    62.192     6.07    5.26
 196499.108    66.299    10.87    6.84
 196876.904    70.774    11.84    6.06
 197254.661    74.065     8.71    7.02
 197632.381    75.130     2.82    8.85
 198010.062    72.966    -5.73   10.61
 198387.705    69.930    -8.04   10.73
 198765.310    66.556    -8.94    8.00
 199142.877    63.996    -6.78    5.14
 199520.406    63.645    -0.93    3.50
 199897.897    65.202     4.12    4.56
 200275.349    67.793     6.86    6.39
 200652.764    71.211     9.05    7.76
 201030.141    75.398    11.09    9.41
 201407.479    77.559     5.73    9.90
 201784.780    79.565     5.32   10.39
 202162.042    80.237     1.78   10.54
 202539.267    80.352     0.30   10.29
 202916.454    81.005     1.73    9.73
 203293.602    81.387     1.01    9.74
 203670.713    82.773     3.68    9.41
 204047.786    83.792     2.70    8.95
 204424.821    84.387     1.58    7.88
 204801.818    86.334     5.16    7.89
 205178.777    88.434     5.57    8.34
 205555.698    89.832     3.71    8.11
 205932.582    91.667     4.87    8.28
 206309.427    92.843     3.12    6.94
 206686.235    94.612     4.70    6.34
 207063.005    98.159     9.41    7.35
 207439.737   103.247    13.50    8.70
 207816.432   108.825    14.81    8.80
 208193.088   113.534    12.50    7.42
 208569.707   117.825    11.39    8.09
 208946.288   119.916     5.55    9.99
 209322.831   120.773     2.28   13.04
 209699.337   117.755    -8.01   15.85
 210075.805   115.163    -6.88   16.20
 210452.235   109.916   -13.94   12.77
 210828.627   106.978    -7.80    6.50
 211204.982   107.203     0.60    3.84
 211581.299   109.083     4.99    3.73
 211957.578   111.246     5.75    3.11
 212333.820   113.737     6.62    4.35
 212710.024   116.577     7.55    6.39
 213086.191   122.031    14.50    7.86
 213462.320   127.828    15.41    7.54
 213838.411   133.790    15.85    7.77
 214214.465   138.126    11.53    7.45
 214590.481   140.862     7.28    7.81
 214966.460   143.684     7.50    8.51
 215342.401   146.023     6.22    9.75
 215718.305   149.309     8.74   10.27
 216094.171   152.028     7.23    9.88
 216470.000   152.541     1.36   11.20
 216845.791   151.564    -2.60   14.56
 217221.545   147.246   -11.49   16.87
 217597.261   142.956   -11.42   15.07
 217972.940   145.130     5.79   14.21
 218348.581   154.362    24.57   15.25
 218724.185   165.483    29.60   13.50
 219099.751   177.755    32.67   14.32
 219475.281   190.007    32.62   16.37
 219850.772   207.737    47.21   23.67
 220226.227   228.101    54.23   29.68
 220601.644   249.825    57.85   28.63
 220977.024   262.648    34.15   18.27
 221352.366   261.773    -2.33   19.82
 221727.671   249.809   -31.87   22.09
 222102.939   236.322   -35.93   17.37
 222478.169   225.334   -29.28   14.29
 222853.362   217.592   -20.63   13.52
 223228.518   213.509   -10.88   11.63
 223603.637   213.701     0.51   11.88
 223978.719   219.667    15.90   12.25
 224353.763   229.041    24.99   13.84
 224728.770   240.974    31.81   15.27
 225103.740   255.123    37.73   17.31
 225478.672   272.341    45.91   20.70
 225853.568   299.018    71.14   37.84
 226228.426   332.077    88.17   52.93
 226603.247   381.878   132.83   71.10
 226978.031   438.883   152.07   70.41
 227352.778   473.077    91.22   68.02
 227727.488   483.439    27.65   74.53
 228102.160   459.337   -64.31   83.69
 228476.796   410.580  -130.12   79.75
 228851.395   379.360   -83.32   67.94
 229225.956   347.862   -84.07   44.79
 229600.480   320.478   -73.10   35.85
 229974.968   305.184   -40.83   38.11
 230349.418   301.919    -8.72   37.61
 230723.832   328.174    70.11   60.52
 231098.208   385.452   152.96   75.56
 231472.547   411.301    69.04   57.07
 231846.850   395.220   -42.95   70.02
 232221.115   348.314  -125.30   80.53
 232595.344   292.071  -150.26   55.98
 232969.535   251.683  -107.91   31.04
 233343.690   237.088   -39.00   21.21
 233717.808   241.898    12.85   32.93
 234091.889   270.916    77.55   60.37
 234465.933   327.255   150.59   78.12
 234839.940   364.997   100.89   64.38
 235213.910   371.523    17.45   54.15
 235587.843   350.367   -56.56   63.88
 235961.740   303.112  -126.35   69.53
 236335.600   257.112  -123.01   74.25
 236709.423   227.088   -80.30   59.77
 237083.209   196.470   -81.90   28.10
 237456.958   192.810    -9.79   12.24
 237830.671   201.148    22.31   13.54
 238204.347   212.095    29.29   18.10
 238577.986   229.444    46.42   31.06
 238951.588   248.680    51.47   39.60
 239325.154   263.106    38.61   42.29
 239698.683   279.083    42.76   42.20
 240072.175   297.202    48.50   50.94
 240445.631   319.827    60.57   57.38
 240819.049   334.987    40.59   52.74
 241192.432   356.577    57.81   55.15
 241565.777   384.719    75.36   75.30
 241939.086   437.878   142.36  100.80
 242312.359   505.228   180.39  114.53
 242685.594   563.369   155.74  111.92
 243058.794   607.907   119.31   90.15
 243431.956   622.773    39.83   76.77
 243805.082   627.773    13.40   80.59
 244178.172   628.352     1.55   79.45
 244551.225   596.860   -84.39   86.74
 244924.241   560.283   -98.03   89.42
 245297.221   520.291  -107.20   84.50
 245670.164   504.983   -41.04   79.01
 246043.071   525.648    55.40   80.72
 246415.941   542.960    46.42   69.31
 246788.775   546.860    10.46   60.26
 247161.573   541.577   -14.17   68.73
 247534.334   535.281   -16.88   62.53
 247907.058   510.827   -65.59   72.79
 248279.747   476.773   -91.35   85.50
 248652.398   424.036  -141.48   81.35
 249025.014   383.737  -108.12   62.48
 249397.593   384.720     2.64   58.26
 249770.135   414.795    80.71   64.85
 250142.642   426.880    32.43   63.82
 250515.111   425.071    -4.86   69.81
 250887.545   432.018    18.65   87.27
 251259.942   444.301    32.98  102.83
 251632.303   459.843    41.73   97.25
 252004.628   447.428   -33.33   99.21
 252376.916   422.330   -67.40   88.95
 252749.168   374.737  -127.82   73.90
 253121.384   341.497   -89.28   64.37
 253493.564   299.148  -113.76   61.38
 253865.707   246.997  -140.10   63.44
 254237.814   203.184  -117.71   72.35
 254609.885   161.978  -110.72   58.96
 254981.920   133.580   -76.31   35.59
 255353.918   118.410   -40.77    4.93
 255725.881   117.647    -2.05    3.01
 256097.807   117.883     0.64    2.63
 256469.697   117.937     0.15    2.60
 256841.551   118.299     0.97    2.82
 257213.369   118.237    -0.17    2.75
 257585.150   118.952     1.92    2.90
 257956.896   120.867     5.15    5.14
 258328.606   126.362    14.78    9.16
 258700.279   132.460    16.40   10.59
 259071.916   138.595    16.50   10.36
 259443.518   142.812    11.35   11.01
 259815.083   145.356     6.85   11.73
 260186.612   150.281    13.25   11.44
 260558.105   155.541    14.15   14.07
 260929.563   165.001    25.46   18.45
 261300.984   173.130    21.88   17.68
 261672.369   181.987    23.84   11.77
 262043.718   186.911    13.25   10.96
 262415.032   195.470    23.04   17.76
 262786.309   208.039    33.85   27.94
 263157.551   228.737    55.74   35.89
 263528.756   245.810    45.98   30.05
 263899.926   248.047     6.02   27.58
 264271.059   234.773   -35.76   26.78
 264642.157   222.595   -32.81   20.73
 265013.219   212.934   -26.03   22.62
 265384.245   203.537   -25.32   22.50
 265755.236   200.194    -9.01   19.45
 266126.190   199.449    -2.01   15.71
 266497.109   213.934    39.04   22.04
 266867.992   236.077    59.69   27.61
 267238.839   258.452    60.32   29.50
 267609.650   275.756    46.65   26.36
 267980.425   275.220    -1.45   39.39
 268351.165   254.273   -56.48   56.32
 268721.869   229.083   -67.93   51.42
 269092.537   212.487   -44.76   32.38
 269465.157   214.374     5.06   28.06
 269843.064   248.527    90.35   46.66
 270220.933   281.968    88.48   43.99
 270598.764   305.487    62.23   36.64
 270976.559   313.612    21.50   35.79
 271354.316   306.416   -19.05   39.57
 271732.036   290.001   -43.45   33.64
 272109.719   275.647   -38.00   26.37
 272487.365   268.773   -18.20   20.19
 272864.974   269.449     1.79   17.93
 273242.545   272.541     8.19   15.17
 273620.080   273.974     3.79   18.49
 273997.577   269.701   -11.32   22.38
 274375.037   258.416   -29.89   26.20
 274752.460   250.089   -22.06   28.77
 275129.846   235.470   -38.73   30.69
 275507.195   221.470   -37.09   27.60
 275884.507   224.398     7.76   26.70
 276261.782   238.275    36.77   36.99
 276639.020   262.184    63.36   38.90
 277016.221   286.793    65.22   28.70
 277393.384   299.501    33.68   27.53
 277770.511   313.470    37.03   30.11
 278147.601   316.064     6.88   29.62
 278524.654   308.541   -19.95   32.39
 278901.670   301.775   -17.94   32.09
 279278.649   302.948     3.11   36.61
 279655.591   295.737   -19.12   41.78
 280032.496   281.773   -37.04   50.52
 280409.365   252.898   -76.60   46.07
 280786.196   235.180   -47.01   30.12
 281162.991   239.648    11.86   33.35
 281539.748   262.301    60.11   36.63
 281916.469   277.237    39.64   33.83
 282293.153   289.792    33.32   30.78
 282669.800   300.301    27.89   24.46
 283046.411   303.577     8.70   21.28
 283422.984   300.334    -8.61   22.38
 283799.521   299.934    -1.06   24.35
 284176.021   295.719   -11.19   26.63
 284552.484   294.327    -3.70   28.77
 284928.911   295.089     2.03   30.55
 285305.300   291.065   -10.69   37.92
 285681.653   279.112   -31.75   43.41
 286057.970   252.756   -70.02   48.27
 286434.249   219.648   -87.96   48.69
 286810.492   192.180   -72.99   32.99
 287186.699   177.630   -38.66   20.95
 287562.868   169.182   -22.45    3.08
 287939.001   170.537     3.60    4.48
 288315.098   176.737    16.48   10.39
 288691.157   188.192    30.45   19.63
 289067.180   210.439    59.15   33.11
 289443.167   233.391    61.03   35.72
 289819.117   253.273    52.87   39.31
 290195.030   269.828    44.03   39.94
 290570.907   283.612    36.66   39.50
 290946.747   297.865    37.91   37.45
 291322.551   312.519    38.98   37.47
 291698.318   321.077    22.77   29.90
 292074.049   325.568    11.95   27.41
 292449.743   316.684   -23.64   32.79
 292825.401   299.108   -46.77   31.29
 293201.022   294.574   -12.07   28.41
 293576.607   298.684    10.94   26.02
 293952.155   304.108    14.44   24.79
 294327.667   299.755   -11.59   28.21
 294703.142   287.737   -32.00   32.76
 295078.581   271.387   -43.54   25.52
 295453.984   262.776   -22.93   24.57
 295829.350   259.398    -9.00   27.25
 296204.680   258.392    -2.68   29.57
 296579.974   247.005   -30.33   33.93
 296955.231   229.392   -46.92   32.49
 297330.452   222.883   -17.34   24.57
 297705.636   232.345    25.21   27.81
 298080.784   256.812    65.20   26.81
 298455.896   267.416    28.26   21.04
 298830.972   267.190    -0.60   21.38
 299206.011   254.047   -35.04   31.13
 299581.014   227.505   -70.75   33.45
 299955.981   211.682   -42.19   28.52
 300330.912   203.352   -22.21   19.27
 300705.806   204.556     3.21   15.63
 301080.664   222.281    47.27   26.22
 301455.486   239.180    45.07   24.12
 301830.272   246.809    20.35   19.05
 302205.021   247.997     3.17   22.21
 302579.735   242.112   -15.70   25.88
 302954.412   240.682    -3.82   26.25
 303329.053   251.956    30.08   32.10
 303703.658   275.220    62.08   37.13
 304078.227   289.497    38.10   26.12
 304452.760   283.291   -16.56   32.99
 304827.256   262.507   -55.48   40.06
 305201.717   243.862   -49.77   30.98
 305576.141   236.515   -19.62   22.22
 305950.530   241.608    13.60   23.74
 306324.882   256.352    39.37   29.06
 306699.199   276.010    52.50   33.76
 307073.479   286.648    28.41   27.45
 307447.723   288.718     5.53   26.75
 307821.932   280.041   -23.18   30.05
 308196.104   264.624   -41.19   27.82
 308570.241   249.112   -41.45   35.09
 308944.341   233.737   -41.09   36.28
 309318.405   216.860   -45.10   26.52
 309692.434   205.088   -31.46   10.91
 310066.427   206.247     3.10    9.43
 310440.383   215.755    25.42   16.43
 310814.304   225.545    26.17   18.81
 311188.189   222.845    -7.22   20.36
 311562.038   213.682   -24.50   22.01
 311935.851   202.845   -28.98   13.81
 312309.629   198.434   -11.80    8.77
 312683.370   197.130    -3.49    7.26
 313057.076   197.810     1.82    6.83
 313430.746   196.775    -2.77    5.35
 313804.380   195.862    -2.44    3.94
 314177.978   195.411    -1.21    3.76
 314551.541   195.630     0.59    3.81
 314925.067   195.830     0.53    3.75
 315298.558   196.612     2.09    3.57
 315672.014   197.719     2.96    3.15
 316045.433   198.028     0.83    3.08
 316418.817   199.023     2.66    5.62
 316792.165   200.828     4.83   10.96
 317165.477   200.434    -1.06    8.19
 317538.754   203.584     8.44    9.91
 317911.995   214.369    28.89   22.25
 318285.200   233.276    50.64   36.01
 318658.370   259.202    69.45   46.50
 319031.504   277.556    49.17   40.17
 319404.603   286.398    23.69   36.02
 319777.666   291.492    13.65   40.60
 320150.693   284.809   -17.91   43.33
 320523.685   278.023   -18.19   42.17
 320896.641   269.851   -21.91   34.89
 321269.561   272.684     7.59   31.70
 321642.446   280.757    21.64   38.36
 322015.296   287.916    19.20   39.14
 322388.110   288.174     0.69   40.75
 322760.888   280.624   -20.25   40.70
 323133.631   266.970   -36.62   37.51
 323506.338   255.392   -31.05   31.30
 323879.010   245.095   -27.62   27.07
 324251.647   240.997   -10.99   27.54
 324624.248   230.647   -27.77   20.00
 324996.813   225.026   -15.08   10.91
 325369.343   228.273     8.71   13.14
 325741.838   238.322    26.97   20.84
 326114.297   253.095    39.65   26.38
 326486.721   267.992    39.99   25.35
 326859.110   276.837    23.74   22.28
