# NaN NaN NaN ;Mean Elev.(m), Avg Gradient(m/km), RMS Gradient(m/km) - SRTM1     
#  112.927  -4.264  21.785 ;Mean Elev.(m), Avg Gradient(m/km), RMS Gradient(m/km) - ASTER GDEM
#  119.304  -3.849  21.230 ;Mean Elev.(m), Avg Gradient(m/km), RMS Gradient(m/km) - GMTED2010 
  7   123.036 52468.09108083 10.54 127.615324  50.318641 10.089
  7   123.505 52468.09108148 10.15 127.613884  50.315411 10.089
  8   119.359 52503.09107016 28.78 127.613109  50.319252 24.635
  8   119.402 52503.09107080 22.99 127.611669  50.316022 24.635
  8   119.846 52503.09107145 22.89 127.610229  50.312782 24.635
 10   122.817 52573.09109452 43.64 127.616460  50.320793 19.834
 10   122.652 52573.09109517 48.12 127.615020  50.317553 19.834
 10   122.706 52573.09109581 40.63 127.613580  50.314323 19.834
 11   123.262 52608.09105285 43.11 127.616792  50.319583 12.209
 11   123.155 52608.09105349 33.24 127.615362  50.316353 12.209
 12   123.263 52643.09104888 20.89 127.620903  50.319380  5.390
 12   123.150 52643.09104953 21.03 127.619463  50.316150  5.390
 13   123.327 52678.09103185 20.12 127.617912  50.320842  5.654
 13   123.421 52678.09103250 18.96 127.616482  50.317602  5.654
 13   123.279 52678.09103314 19.16 127.615042  50.314372  5.654
 14   123.467 52713.09106887 23.35 127.620377  50.318787 12.089
 14   123.320 52713.09106952 23.20 127.618937  50.315547 12.089
 15   122.495 52748.09109552 34.99 127.603729  50.319658 31.447
 15   122.448 52748.09109617 37.29 127.602289  50.316428 31.447
 15   122.282 52748.09109681 41.05 127.600849  50.313188 31.447
 16   122.934 52783.09103469 24.93 127.625478  50.321567 22.468
 16   122.757 52783.09103533 25.45 127.624048  50.318337 22.468
 16   122.573 52783.09103598 25.12 127.622608  50.315097 22.468
 17   123.398 52818.09111301 24.12 127.623452  50.320208 26.921
 17   124.065 52818.09111365 19.71 127.622012  50.316978 26.921
 18   124.595 52853.09116253 50.03 127.624082  50.321704 33.958
 18   124.631 52853.09116317 51.82 127.622652  50.318474 33.958
 18   124.704 52853.09116382 49.76 127.621212  50.315244 33.958
 20   123.458 52923.09115191 22.09 127.611140  50.318731 23.414
 20   123.483 52923.09115255 19.48 127.609710  50.315491 23.414
 20   131.818 52923.09115320 18.47 127.608270  50.312261 23.414
 21   122.775 52958.09111626 34.49 127.631879  50.324532 16.867
 21   123.002 52958.09111690 38.30 127.630449  50.321292 16.867
 21   122.993 52958.09111754 39.93 127.629009  50.318062 16.867
 22   123.898 52993.09114273 23.10 127.623475  50.320255  6.007
 22   123.772 52993.09114337 21.88 127.622035  50.317025  6.007
 23   123.459 53028.09110800 16.05 127.616393  50.318940  4.485
 23   123.372 53028.09110865 15.86 127.614953  50.315710  4.485
 24   123.690 53063.09111551 14.68 127.627075  50.321900  3.694
 24   123.563 53063.09111616 14.64 127.625635  50.318660  3.694
 24   123.378 53063.09111680 14.56 127.624195  50.315430  3.694
 25   123.555 53098.09113464 22.97 127.606342  50.318798 15.641
 25   133.306 53098.09113529 21.48 127.604902  50.315568 15.641
 25   135.261 53098.09113593 17.88 127.603472  50.312328 15.641
 26   124.287 53133.09111272 25.53 127.630922  50.323731 24.042
 26   124.090 53133.09111337 21.49 127.629482  50.320501 24.042
 26   123.887 53133.09111401 21.78 127.628042  50.317261 24.042
 28   122.764 53203.09118942 24.65 127.616974  50.318468 32.739
 28   122.896 53203.09119007 21.65 127.615534  50.315228 32.739
 29   123.721 53238.09115765 26.00 127.620447  50.320680 34.479
 29   123.940 53238.09115830 27.04 127.619007  50.317450 34.479
 29   124.126 53238.09115894 33.28 127.617577  50.314210 34.479
 30   124.523 53273.09111628 43.66 127.631958  50.322264 31.228
 30   124.449 53273.09111693 45.80 127.630528  50.319024 31.228
 30   124.432 53273.09111757 45.37 127.629088  50.315794 31.228
 31   123.159 53308.09117710 39.74 127.615825  50.320180 28.957
 31   122.992 53308.09117774 41.59 127.614385  50.316950 28.957
 31   123.120 53308.09117839 40.28 127.612945  50.313720 28.957
 33   124.059 53378.09108242 20.03 127.634191  50.323627  4.827
 33   123.949 53378.09108306 19.31 127.632751  50.320387  4.827
 33   123.915 53378.09108371 17.72 127.631321  50.317157  4.827
 34   123.917 53413.09111983 16.76 127.622238  50.319285  5.743
 34   123.736 53413.09112047 16.95 127.620798  50.316055  5.743
 35   123.680 53448.09110640 21.83 127.630017  50.322657  5.543
 35   123.560 53448.09110705 20.99 127.628577  50.319427  5.543
 35   123.633 53448.09110769 19.63 127.627137  50.316187  5.543
 36   123.502 53483.09119253 40.63 127.614728  50.320224 32.978
 36   123.363 53483.09119317 36.96 127.613288  50.316994 32.978
 36   123.343 53483.09119382 36.52 127.611848  50.313764 32.978
 37   124.036 53518.09119243 24.08 127.617752  50.319050 32.433
 37   123.695 53518.09119308 21.25 127.616312  50.315820 32.433
 38   124.301 53553.09121420 33.74 127.610790  50.319909 24.401
 38   124.294 53553.09121484 33.76 127.609350  50.316679 24.401
 38   124.327 53553.09121549 35.16 127.607920  50.313439 24.401
 39   122.784 53588.09116469 49.78 127.618490  50.318814 26.379
 39   122.766 53588.09116534 49.96 127.617050  50.315574 26.379
 40   122.487 53623.09113530 18.63 127.620042  50.319039 23.863
 40   122.249 53623.09113594 18.50 127.618602  50.315799 23.863
 41   123.759 53658.09116283 17.64 127.620210  50.319135 24.145
 41   123.506 53658.09116347 17.16 127.618770  50.315895 24.145
 42   122.349 53693.09114462 45.63 127.613972  50.320547 18.048
 42   122.354 53693.09114527 45.88 127.612532  50.317307 18.048
 42   122.100 53693.09114591 39.69 127.611092  50.314077 18.048
 43   123.788 53728.09106783 23.58 127.613286  50.320819  7.198
 43   123.572 53728.09106847 22.91 127.611846  50.317579  7.198
 43   123.632 53728.09106912 22.02 127.610406  50.314349  7.198
 44   123.859 53763.09102443 22.02 127.633155  50.324072  5.546
 44   123.694 53763.09102507 19.68 127.631725  50.320842  5.546
 44   123.483 53763.09102572 19.99 127.630285  50.317612  5.546
 45   123.597 53798.09103539 17.70 127.617208  50.321110  5.320
 45   123.722 53798.09103604 16.65 127.615768  50.317880  5.320
 45   123.562 53798.09103668 16.16 127.614338  50.314650  5.320
 47   122.800 53868.09109512 23.05 127.619696  50.319504 25.114
 47   121.905 53868.09109576 19.09 127.618256  50.316264 25.114
 48   124.060 53903.09112695 25.76 127.616788  50.318334 37.805
 48   124.601 53903.09112759 33.64 127.615348  50.315104 37.805
 49   135.021 53938.09116324 20.92 127.608686  50.319668 15.807
 49   135.238 53938.09116389 19.18 127.607246  50.316428 15.807
 49   135.236 53938.09116453 18.66 127.605806  50.313198 15.807
 50   123.434 53973.09112608 23.52 127.610134  50.319682 30.920
 50   123.816 53973.09112672 20.02 127.608694  50.316452 30.920
 50   123.915 53973.09112737 33.69 127.607254  50.313212 30.920
 52   123.001 54043.09113633 47.63 127.628979  50.323977 21.863
 52   122.799 54043.09113698 51.64 127.627539  50.320747 21.863
 52   122.804 54043.09113762 48.10 127.626099  50.317517 21.863
 53   123.753 54078.09113152 31.79 127.614648  50.319305 12.517
 53   124.105 54078.09113217 30.21 127.613208  50.316065 12.517
 53   123.983 54078.09113281 28.94 127.611778  50.312835 12.517
 56   123.770 54183.09105860 28.20 127.610389  50.319915 25.434
 56   123.688 54183.09105924 30.38 127.608949  50.316685 25.434
 56   123.704 54183.09105989 31.29 127.607519  50.313445 25.434
 57   123.628 54218.09108373 22.73 127.621122  50.320283 32.030
 57   123.623 54218.09108438 19.97 127.619682  50.317043 32.030
 58   124.227 54253.09110914 33.35 127.618216  50.319305 31.862
 58   124.451 54253.09110978 32.08 127.616776  50.316065 31.862
 59   123.769 54288.09111337 31.99 127.619061  50.320243 23.712
 59   123.513 54288.09111402 30.16 127.617621  50.317013 23.712
 60   125.311 54323.09111051 36.12 127.619969  50.320972 27.825
 60   125.108 54323.09111115 30.21 127.618529  50.317742 27.825
 60   125.433 54323.09111180 30.43 127.617099  50.314502 27.825
 61   124.867 54358.09106841 35.43 127.611354  50.318746 36.550
 61   124.816 54358.09106905 38.13 127.609914  50.315516 36.550
 61   124.917 54358.09106970 40.64 127.608474  50.312276 36.550
 62   123.304 54393.09105104 25.62 127.620375  50.320399 25.289
 62   123.482 54393.09105168 20.49 127.618935  50.317169 25.289
 63   122.291 54428.09101878 42.99 127.615525  50.318007 19.219
 63   122.388 54428.09101942 37.85 127.614085  50.314777 19.219
 65   124.170 54498.09102773 23.32 127.616180  50.318495  6.384
 65   124.042 54498.09102838 23.58 127.614740  50.315255  6.384
 66   124.104 54533.09104299 25.99 127.621892  50.320125 16.312
 66   124.016 54533.09104364 28.98 127.620452  50.316895 16.312
 67   123.930 54568.09103193 37.78 127.611968  50.319058 36.173
 67   123.775 54568.09103257 33.87 127.610538  50.315828 36.173
 67   123.889 54568.09103322 32.75 127.609098  50.312598 36.173
 68   123.408 54603.09103761 44.43 127.620249  50.321139 35.817
 68   123.418 54603.09103826 50.56 127.618809  50.317899 35.817
 68   123.303 54603.09103890 46.57 127.617369  50.314669 35.817
 69   122.703 54638.09104920 22.61 127.616359  50.319648 28.214
 69   122.909 54638.09104984 23.26 127.614919  50.316418 28.214
 70   123.179 54673.09105246 28.09 127.615219  50.317919 23.427
 70   123.279 54673.09105311 33.02 127.613779  50.314689 23.427
 71   123.489 54708.09101069 42.80 127.615981  50.320599 34.677
 71   123.262 54708.09101133 43.99 127.614541  50.317359 34.677
 71   123.371 54708.09101198 42.41 127.613111  50.314129 34.677
 72 14571.800 54743.09101776 39.46 127.620302  50.319674 33.494
 72 14572.312 54743.09101840 40.10 127.618862  50.316444 33.494
 73   123.169 54778.09099319 42.33 127.617660  50.320319 22.287
 73   123.149 54778.09099383 43.28 127.616230  50.317089 22.287
 73   123.051 54778.09099448 39.45 127.614790  50.313859 22.287
 74   123.986 54813.09101109 24.36 127.622958  50.319346  7.991
 74   123.854 54813.09101173 22.06 127.621518  50.316116  7.991
 75   123.642 54848.09099286 19.25 127.615175  50.320087  6.230
 75   123.649 54848.09099350 17.87 127.613745  50.316857  6.230
 75   123.490 54848.09099415 16.97 127.612305  50.313627  6.230
 76   123.694 54883.09101494 13.05 127.619032  50.318548  4.802
 76   123.516 54883.09101559 13.52 127.617592  50.315318  4.802
 77   133.343 54918.09099535 11.74 127.609757  50.321553  4.498
 77   123.768 54918.09099599 11.89 127.608327  50.318313  4.498
 77   125.887 54918.09099663 11.58 127.606887  50.315083  4.498
 77   124.646 54918.09099728 11.01 127.605457  50.311843  4.498
 78   123.803 54953.09100876 22.71 127.618789  50.318255 34.443
 78   123.428 54953.09100941 21.39 127.617349  50.315025 34.443
 79   123.712 54988.09103300 27.21 127.616915  50.319427 25.830
 79   124.221 54988.09103364 28.84 127.615475  50.316197 25.830
 80   123.288 55023.09102509 25.45 127.618023  50.320059 28.669
 80   123.004 55023.09102574 25.34 127.616593  50.316829 28.669
 80   124.067 55023.09102638 23.90 127.615153  50.313589 28.669
 81   123.938 55058.09102054 40.74 127.617341  50.319479 36.308
 81   123.797 55058.09102119 37.02 127.615911  50.316239 36.308
 82   124.717 55093.09097563 41.55 127.611924  50.321022 28.102
 82   124.454 55093.09097627 34.67 127.610494  50.317782 28.102
 82   124.593 55093.09097692 34.48 127.609054  50.314552 28.102
 83   123.711 55128.09096156 49.76 127.618892  50.318381 34.025
 83   123.772 55128.09096221 46.07 127.617452  50.315151 34.025
 84 14568.176 55163.09093743 48.94 127.615735  50.319349 18.082
 84 14568.029 55163.09093808 43.47 127.614305  50.316109 18.082
 85   124.404 55198.09095240 32.79 127.620985  50.319057 13.684
 85   124.351 55198.09095304 28.84 127.619545  50.315827 13.684
 86   124.008 55233.09094202 15.92 127.612126  50.319191  5.255
 86   123.918 55233.09094266 15.58 127.610686  50.315961  5.255
 86   123.706 55233.09094331 14.03 127.609246  50.312721  5.255
 87   124.094 55268.09094684 14.69 127.620308  50.321289  4.257
 87   123.981 55268.09094749 13.67 127.618868  50.318059  4.257
 87   123.773 55268.09094813 11.97 127.617438  50.314819  4.257
 88   123.538 55303.09092124 27.87 127.613058  50.319480 26.143
 88   123.402 55303.09092188 24.89 127.611623  50.316243 12.720
 88   123.494 55303.09092253 22.36 127.610183  50.313013 12.720
 89   123.357 55338.09092072 20.33 127.617363  50.318817 32.353
 89   124.095 55338.09092137 19.09 127.615923  50.315577 32.353
 90   125.017 55373.09091115 32.46 127.618214  50.320583 24.574
 90   124.334 55373.09091180 31.43 127.616784  50.317353 24.574
 90   124.750 55373.09091244 27.59 127.615344  50.314123 24.574
 91   124.838 55408.09093169 31.59 127.621991  50.319319 25.003
 91   124.650 55408.09093233 28.85 127.620551  50.316089 25.003
 92   124.551 55443.09092961 34.92 127.616973  50.318812 31.977
 92   124.610 55443.09093025 36.07 127.615543  50.315582 31.977
 93   123.310 55478.09086878 47.67 127.612435  50.321300 25.239
 93   123.182 55478.09086943 50.02 127.611005  50.318060 25.239
 93   123.166 55478.09087007 50.99 127.609565  50.314830 25.239
