# NaN NaN NaN ;Mean Elev.(m), Avg Gradient(m/km), RMS Gradient(m/km) - SRTM1     
#    4.293  -1.039   2.154 ;Mean Elev.(m), Avg Gradient(m/km), RMS Gradient(m/km) - ASTER GDEM
#   13.119   0.161   0.977 ;Mean Elev.(m), Avg Gradient(m/km), RMS Gradient(m/km) - GMTED2010 
  7 136.785646  49.926867    17.486    17.482 16 52466.06520584 22.674
 11 136.785191  49.932394    15.769    15.788 19 52606.06518708 39.378
 12 136.786455  49.920575    15.833    15.836  7 52641.06518068 17.828
 13 136.784749  49.930422    15.633    15.619 19 52676.06516899 19.483
 14 136.786507  49.921353    15.703    15.693  9 52711.06519560 14.934
 15 136.767854  49.912754    16.991    16.982 25 52746.06522543 33.292
 16 136.790127  49.923051    18.130    18.130  2 52781.06516050 20.134
 17 136.787448  49.920441    16.742    16.729  5 52816.06524214 18.074
 18 136.787593  49.919894    18.929    19.011  4 52851.06529371 20.708
 19 136.782849  49.929321    20.391    20.378 21 52886.06532677 34.446
 20 136.781292  49.927859    19.298    19.212 23 52921.06528278 26.054
 23 136.787240  49.920359    16.740    16.748  6 53026.06523115 12.701
 25 136.768427  49.914453    17.829    18.067 25 53096.06527219  7.169
 28 136.785394  49.925152    18.876    18.804 15 53201.06531717 26.138
 29 136.787480  49.921844    19.731    19.763  6 53236.06528727 39.441
 31 136.784689  49.930739    17.295    17.257 19 53306.06530929 42.496
 32 136.783097  49.929556    15.890    15.813 21 53341.06527738 38.532
 33 136.782883  49.929658    16.565    16.576 21 53376.06520716 16.178
 34 136.786913  49.919243    16.014    16.020  5 53411.06525403 10.157
 35 136.777606  49.926641    16.669    16.524 25 53446.06523500 16.168
 36 136.784786  49.930969    17.500    17.308 18 53481.06531850 31.540
 37 136.785450  49.927174    19.989    19.953 16 53516.06532318 23.977
 38 136.778145  49.926365    19.892    19.890 25 53551.06534369 47.193
 39 136.785987  49.928115    18.639    18.584 16 53586.06530061 26.053
 40 136.786543  49.922915    17.944    17.834 10 53621.06526238 23.965
 41 136.786658  49.923417    17.817    17.887 10 53656.06529089 18.104
 42 136.782640  49.929451    15.930    15.944 21 53691.06527944 36.397
 43 136.780429  49.927968    16.720    16.723 23 53726.06520363 14.827
 45 136.785342  49.927654    17.010    16.923 17 53796.06516770  6.467
 47 136.785219  49.922373    19.192    19.286 13 53866.06522572 26.717
 49 136.770876  49.915313    19.634    19.640 27 53936.06529586 48.028
 50 136.776481  49.923890    20.911    20.915 24 53971.06526126 39.923
 53 136.785400  49.930667    16.267    16.311 18 54076.06526279 25.570
 54 136.771060  49.915645    16.539    16.566 27 54111.06520776 18.191
 55 136.786142  49.919478    15.894    15.884  7 54146.06520518 16.442
 56 136.778140  49.927099    17.334    17.033 25 54181.06519213 16.926
 57 136.786224  49.922344    19.474    19.448 10 54216.06521273 26.652
 58 136.785518  49.924711    18.961    18.962 14 54251.06523879 36.202
 59 136.785512  49.925855    17.577    17.515 16 54286.06524493 21.404
 60 136.785539  49.923806    18.340    18.294 13 54321.06524232 20.906
 61 136.780734  49.927654    18.733    18.679 23 54356.06520263 20.921
 62 136.785895  49.923664    17.318    17.421 13 54391.06518307 24.336
 63 136.785881  49.931677    15.770    15.812 19 54426.06515194 39.945
 64 136.788281  49.920935    15.733    15.835  3 54461.06516023 24.612
 65 136.786298  49.932096    15.807    15.796 18 54496.06515847 22.169
 66 136.788040  49.921105    15.794    15.791  4 54531.06517324 16.197
 67 136.779310  49.926529    17.039    17.060 24 54566.06516531 33.623
 68 136.785443  49.923232    18.602    18.691 13 54601.06516810 22.288
 69 136.785696  49.929866    17.178    17.067 18 54636.06517900 21.472
 70 136.785412  49.931582    17.108    17.121 18 54671.06518250 19.759
 71 136.784937  49.930755    17.379    17.456 18 54706.06514380 20.368
 72 136.786344  49.921065    17.185    17.323  9 54741.06514850 28.032
 73 136.785847  49.930255    16.701    16.715 17 54776.06512542 50.016
 74 136.789198  49.921874    16.122    16.131  3 54811.06514168 18.290
 75 136.785014  49.932415    16.456    16.519 19 54846.06512443 14.723
 76 136.785264  49.922925    15.984    15.996 14 54881.06514504  9.361
 77 136.776679  49.924519    16.485    16.387 25 54916.06512955  9.696
 78 136.785230  49.924241    19.079    19.207 15 54951.06513760 24.456
 79 136.785175  49.927557    17.898    17.830 17 54986.06516181 21.212
 80 136.785242  49.924395    19.593    19.725 14 55021.06515554 21.703
 81 136.785320  49.927925    21.655    21.668 17 55056.06515174 27.806
 82 136.779727  49.927180    21.000    20.982 24 55091.06511022 30.541
 83 136.786454  49.923503    19.948    20.070 11 55126.06509169 22.528
 85 136.788018  49.921623    17.811    17.809  5 55196.06508240 13.814
 86 136.780109  49.927919    17.442    17.455 23 55231.06507467 10.278
 87 136.785607  49.922290    17.301    17.266 12 55266.06507747  7.979
 88 136.781896  49.928942    17.646    17.682 21 55301.06505555 13.406
 89 136.785460  49.929826    19.999    20.089 18 55336.06505149 24.554
 90 136.785426  49.926394    19.626    19.699 15 55371.06504261 22.445
 91 136.786856  49.919492    19.520    19.773  5 55406.06506258 23.710
 92 136.785811  49.929607    21.426    21.469 18 55441.06506068 30.192
 93 136.780739  49.927812    18.391    18.007 23 55476.06500456 25.321
