# NaN NaN NaN ;Mean Elev.(m), Avg Gradient(m/km), RMS Gradient(m/km) - SRTM1     
#    4.286  -1.102  17.539 ;Mean Elev.(m), Avg Gradient(m/km), RMS Gradient(m/km) - ASTER GDEM
#   18.375  -0.917  17.114 ;Mean Elev.(m), Avg Gradient(m/km), RMS Gradient(m/km) - GMTED2010 
  8 136.751108  49.475363    21.953    22.062  4 52496.50889215 39.417
  9 136.735198  49.472665    21.820    21.823  4 52531.50887822 39.660
 10 136.747358  49.473548    20.701    20.745  4 52566.50889975 31.802
 11 136.744097  49.473943    19.663    19.724  4 52601.50891168 27.968
 12 136.737615  49.473563    19.849    19.861  4 52636.50887635 12.898
 13 136.746078  49.472807    19.652    19.652  4 52671.50888115 12.303
 14 136.743203  49.472788    19.846    19.826  4 52706.50887931  9.454
 15 136.743944  49.475198    19.979    20.090  4 52741.50891233 34.026
 16 136.755958  49.476350    19.498    19.508  4 52776.50885586 48.090
 17 136.736419  49.473465    20.146    20.237  4 52811.50893338 45.291
 18 136.738976  49.473495    22.983    22.961  4 52846.50898840 47.592
 19 136.742671  49.473239    23.251    23.267  4 52881.50902516 31.205
 20 136.752200  49.475423    22.830    22.867  3 52916.50898243 27.663
 21 136.742755  49.473113    20.764    20.762  4 52951.50894300 45.064
 22 136.750896  49.475358    20.574    20.559  4 52986.50896115 11.486
 23 136.752743  49.473822    20.754    20.588  4 53021.50895033  9.762
 24 136.748013  49.474289    20.781    20.912  3 53056.50894059  8.246
 25 136.743559  49.473699    21.475    21.006  4 53091.50897829 10.461
 26 136.743354  49.473836    21.623    21.563  3 53126.50894911 33.748
 27 136.739250  49.471921    24.361    24.280  4 53161.50901148 26.507
 28 136.747287  49.473867    21.716    21.559  4 53196.50900986 24.612
 29 136.752829  49.475992    22.948    22.922  4 53231.50899205 22.991
 30 136.752418  49.475784    21.623    21.618  4 53266.50896161 33.933
 31 136.732029  49.474126    20.552    20.536  3 53301.50901333 31.819
 32 136.746677  49.473412    19.350    19.350  4 53336.50898321 42.591
 33 136.755143  49.475275    19.747    19.715  4 53371.50891989 17.892
 34 136.744249  49.473931    19.811    19.753  3 53406.50895601 10.917
 35 136.752893  49.474843    19.997    20.033  4 53441.50894200  9.690
 36 136.737881  49.471898    20.193    20.244  4 53476.50901001 35.901
 37 136.744513  49.473908    23.307    23.373  3 53511.50902391 44.132
 38 136.742750  49.474616    22.934    23.107  4 53546.50904126 35.450
 39 136.748963  49.472997    22.074    22.073  4 53581.50901295 41.623
 40 136.750162  49.473758    21.188    21.015  4 53616.50896825 24.446
 41 136.742911  49.475124    20.296    20.400  4 53651.50898372 50.469
 42 136.741725  49.474558    19.264    19.196  4 53686.50898933 44.081
 43 136.754326  49.477002    19.674    19.692  4 53721.50891525 13.589
 44 136.748102  49.472957    21.977    21.826  4 53756.50884461 12.377
 45 136.751813  49.473695    23.836    23.557  4 53791.50887098  8.376
 46 136.742721  49.473725    24.447    24.597  3 53826.50883333 10.276
 47 136.738948  49.473720    21.659    21.701  4 53861.50892306 48.237
 48 136.744623  49.473763    21.123    21.371  3 53896.50894331 23.313
 49 136.737049  49.472217    22.846    22.872  4 53931.50899374 47.650
 50 136.742803  49.472359    24.143    24.180  4 53966.50896924 46.799
 51 136.738947  49.473411    21.753    21.678  4 54001.50893154 26.812
 52 136.745531  49.474716    20.951    20.779  4 54036.50897160 20.623
 53 136.748254  49.473149    19.805    19.734  4 54071.50896536 33.967
 54 136.752319  49.475603    19.759    19.746  4 54106.50891722 19.691
 55 136.741931  49.473520    19.758    19.754  4 54141.50889946 14.495
 56 136.749379  49.474477    21.931    22.575  3 54176.50889847  7.104
 57 136.741661  49.473531    21.487    21.502  4 54211.50890636 40.597
 58 136.743713  49.474841    21.948    21.926  4 54246.50893644 28.975
 60 136.748857  49.474599    21.853    21.885  4 54316.50894490 24.609
 61 136.750207  49.476288    22.369    22.445  4 54351.50891221 22.654
 62 136.745193  49.473744    20.894    20.686  4 54386.50888400 21.083
 63 136.749617  49.473174    19.335    19.388  4 54421.50886124 40.215
 64 136.741228  49.472260    19.194    19.243  4 54456.50885680 23.020
 65 136.749763  49.473953    19.305    19.278  4 54491.50886308 20.623
 66 136.744536  49.474737    19.383    19.412  4 54526.50886992 12.195
 67 136.750258  49.473737    19.994    20.147  4 54561.50887150 44.594
 68 136.744822  49.475457    20.009    20.076  4 54596.50886617 49.393
 69 136.744824  49.473544    20.557    20.543  4 54631.50887925 46.713
 70 136.744272  49.473894    19.548    19.793  3 54666.50888541 49.641
 71 136.752556  49.474268    21.220    21.221  4 54701.50885347 48.134
 72 136.740736  49.474658    20.060    19.917  4 54736.50884568 32.596
 73 136.749059  49.475094    19.344    19.332  4 54771.50883408 38.007
 74 136.739658  49.474380    19.546    19.559  4 54806.50883921 20.344
 75 136.746888  49.474790    19.548    19.524  4 54841.50883031 15.622
 76 136.742200  49.475119    19.624    19.590  4 54876.50884072 10.898
 77 136.749633  49.473855    24.132    24.181  4 54911.50883502  8.107
 78 136.741694  49.472339    22.259    22.328  4 54946.50883314 48.647
 79 136.744311  49.474701    21.146    21.304  4 54981.50885950 50.572
 80 136.745528  49.475141    23.006    23.063  4 55016.50886003 49.292
 81 136.747976  49.473295    25.138    25.156  4 55051.50885454 45.610
 82 136.750979  49.476030    24.339    24.305  4 55086.50881966 23.189
 83 136.743539  49.473978    22.791    22.760  4 55121.50878880 25.095
 84 136.748007  49.474117    20.739    20.754  4 55156.50877935 35.426
 85 136.740415  49.473541    21.053    21.014  4 55191.50877850 14.345
 86 136.747717  49.474895    22.171    21.838  4 55226.50878024  9.339
 87 136.745818  49.473890    22.897    23.050  3 55261.50877381  7.489
 88 136.750403  49.474887    22.945    23.317  4 55296.50876534 14.923
 89 136.744866  49.473226    23.289    23.341  4 55331.50875443 24.400
 90 136.748395  49.475138    22.354    22.423  4 55366.50874729 43.444
 91 136.741270  49.474480    22.107    22.112  4 55401.50876076 49.552
 92 136.749168  49.474670    24.698    24.665  4 55436.50876467 46.968
 93 136.752584  49.476300    21.507    21.531  4 55471.50871595 33.753
