# NaN NaN NaN ;Mean Elev.(m), Avg Gradient(m/km), RMS Gradient(m/km) - SRTM1     
#   88.783  -7.532  22.888 ;Mean Elev.(m), Avg Gradient(m/km), RMS Gradient(m/km) - ASTER GDEM
#   85.956  -6.788  21.101 ;Mean Elev.(m), Avg Gradient(m/km), RMS Gradient(m/km) - GMTED2010 
  6 129.630891  49.285065    91.590    91.590  2 52441.52884853 30.994
  8 129.649123  49.292260    91.188    91.100  3 52511.52879537 47.699
 10 129.638425  49.287940    89.578    89.578  2 52581.52883855 43.187
 11 129.641896  49.287762    89.708    89.708  2 52616.52880905 17.323
 12 129.642909  49.289371    89.488    89.488  2 52651.52878567 14.600
 13 129.646517  49.290934    89.783    89.819  3 52686.52877823 12.070
 14 129.638719  49.287263    89.673    89.673  2 52721.52882673 25.338
 18 129.639656  49.289506    96.040    96.040  2 52861.52891478 20.635
 20 129.643258  49.290013    93.607    93.607  2 52931.52889239 45.529
 21 129.636522  49.287701    91.868    90.715  3 52966.52889099 34.599
 24 129.638787  49.288940    90.443    90.443  2 53071.52889197 14.185
 25 129.644122  49.290338    97.755    97.755  2 53106.52887047 19.746
 28 129.639223  49.286853    95.250    95.250  2 53211.52894682 36.969
 29 129.644238  49.289302    94.807    94.807  2 53246.52891542 19.399
 31 129.639335  49.288391    90.415    90.415  2 53316.52891113 53.666
 32 129.646613  49.290568    90.949    90.949  2 53351.52887695 26.321
 33 129.633532  49.286769    90.453    90.481  3 53386.52886360 21.617
 34 129.646987  49.290440    95.828    95.828  2 53421.52886672 15.889
 35 129.636327  49.288011    90.782    90.782  2 53456.52887205 28.946
 36 129.631729  49.286290    93.904    93.997  3 53491.52895722 45.091
 38 129.636146  49.287271    93.263    93.249  3 53561.52896765 46.107
 39 129.648247  49.291927    91.293    91.341  3 53596.52890713 50.072
 42 129.645398  49.290653    88.930    88.930  2 53701.52887370 49.956
 43 129.653169  49.291805    91.303    91.303  2 53736.52878388 29.480
 44 129.643066  49.289709    92.158    92.311  3 53771.52878954 16.672
 45 129.648312  49.291682    92.478    92.373  3 53806.52878036 13.662
 49 129.633699  49.285939   100.954   100.954  2 53946.52891477 11.685
 50 129.643635  49.288555   100.414   100.414  2 53981.52885932 16.943
 52 129.646095  49.291268    89.576    89.576  2 54051.52888138 44.263
 53 129.643415  49.290208    91.728    91.728  2 54086.52887324 25.686
 55 129.639395  49.288760    90.966    90.966  2 54156.52883323 11.602
 56 129.647543  49.290705    99.424    99.424  2 54191.52879668  7.239
 60 129.644189  49.291233    93.261    93.261  2 54331.52886041 18.907
 63 129.645018  49.289778    90.528    90.528  2 54436.52875956 42.639
 64 129.639984  49.286988    90.552    90.552  2 54471.52878654 20.859
 65 129.646405  49.290643    90.257    90.257  2 54506.52877210 17.051
 66 129.642160  49.289161    91.040    90.774  3 54541.52880159 27.936
 69 129.640780  49.287445    90.116    90.116  2 54646.52880010 47.674
 70 129.641740  49.289096    92.045    92.045  2 54681.52880146 52.265
 71 129.647501  49.291998    93.167    93.167  2 54716.52875095 29.695
 73 129.644470  49.290794    90.181    90.181  2 54786.52874014 47.001
 74 129.638475  49.287689    91.813    91.802  3 54821.52876648 18.109
 76 129.640639  49.288546    90.572    90.572  2 54891.52876978 12.323
 77 129.646261  49.290008    91.987    91.987  2 54926.52873477 46.352
 81 129.643987  49.289917    95.177    95.177  2 55066.52876941 38.184
 82 129.646634  49.290709    93.419    93.419  2 55101.52871034 45.812
 83 129.639158  49.288174    91.309    91.298  3 55136.52871478 40.627
 84 129.645480  49.290959    91.991    91.991  2 55171.52867757 21.825
 85 129.638543  49.287626    92.694    92.694  2 55206.52870865 15.875
 86 129.645450  49.290971    91.907    91.907  2 55241.52868290 13.304
 87 129.642705  49.287977    95.950    95.950  2 55276.52870242  8.346
 88 129.645845  49.291701    91.184    91.184  2 55311.52866811 50.615
 89 129.642099  49.290077    95.908    95.908  2 55346.52867256 51.814
 90 129.643463  49.289250    94.512    92.138  3 55381.52866428 16.388
 91 129.638900  49.286430    95.343    95.343  2 55416.52869124 48.393
 92 129.645779  49.289036    93.828    93.828  2 55451.52867500 51.016
 93 129.649110  49.292188    90.990    90.990  2 55486.52859866 23.867
