# NaN NaN NaN ;Mean Elev.(m), Avg Gradient(m/km), RMS Gradient(m/km) - SRTM1     
#   40.676  -1.527  36.031 ;Mean Elev.(m), Avg Gradient(m/km), RMS Gradient(m/km) - ASTER GDEM
#   57.649 -14.727  45.611 ;Mean Elev.(m), Avg Gradient(m/km), RMS Gradient(m/km) - GMTED2010 
  7 130.899025  47.896767    63.479    63.457  4 52459.07957459 39.681
  9 130.903678  47.892259    64.625    64.779  4 52529.07954281 17.010
 10 130.903910  47.887552    62.915    62.904  4 52564.07957143 27.756
 12 130.899935  47.897057    63.441    63.487  4 52634.07954656 16.793
 13 130.896493  47.900319    64.392    64.321  4 52669.07955887 13.569
 14 130.905647  47.894170    62.998    62.998  2 52704.07954269 12.090
 15 130.895636  47.900323    67.561    67.586  4 52739.07957945 19.098
 16 130.897269  47.900337    62.970    62.978  4 52774.07952974 48.682
 20 130.898042  47.898480    67.530    67.530  2 52914.07965485 14.759
 23 130.895905  47.900126    64.992    65.152  4 53019.07963443 14.811
 24 130.904213  47.891639    64.508    62.571  5 53054.07961986 10.432
 25 130.887723  47.906041    63.510    63.451  3 53089.07965493 24.028
 26 130.901399  47.894672    70.126    71.371  4 53124.07962664 15.721
 27 130.893514  47.898772    93.787    93.787  2 53159.07968500 17.377
 28 130.902073  47.900562    64.149    64.149  2 53194.07967946 46.417
 29 130.900095  47.896381    72.826    73.082  5 53229.07967312 16.817
 31 130.893591  47.902937    72.483    72.684  4 53299.07968741 15.093
 32 130.897272  47.897970    61.841    61.939  4 53334.07965908 47.079
 35 130.894557  47.901498    63.292    63.275  3 53439.07961914 13.837
 36 130.897307  47.899937    69.519    71.626  4 53474.07967871 23.080
 37 130.897134  47.898091    83.731    83.956  4 53509.07969981 12.182
 40 130.891088  47.904618    74.319    74.239  4 53614.07964637 14.477
 42 130.894397  47.906040    63.100    63.100  2 53684.07966668 47.631
 44 130.905405  47.885461    63.167    63.180  4 53754.07951930 17.674
 46 130.906012  47.885547    63.225    63.218  4 53824.07950463 11.007
 47 130.897080  47.898573    63.248    63.205  4 53859.07959546 51.001
 48 130.901648  47.894819    64.054    64.066  4 53894.07961224 18.375
 49 130.890697  47.905513    65.988    65.912  4 53929.07966653 43.399
 51 130.905667  47.885972    67.946    68.181  3 53999.07960221 14.224
 52 130.901476  47.893576    63.313    63.327  4 54034.07964761 51.096
 55 130.900419  47.896803    63.351    63.372  4 54139.07957140 12.895
 56 130.894874  47.902062    72.521    72.862  3 54174.07957578  8.185
 57 130.899913  47.898117    64.435    64.382  4 54209.07957736 33.940
 58 130.898845  47.898826    72.952    73.258  4 54244.07960826 13.954
 61 130.894450  47.901233    66.227    66.253  3 54349.07959037 21.591
 62 130.900229  47.894812    71.297    71.972  4 54384.07955950 12.477
 67 130.895010  47.900765    72.494    74.979  3 54559.07954853 17.962
 68 130.898110  47.898569    70.482    71.162  5 54594.07953853 18.025
 69 130.897567  47.900200    63.952    63.928  3 54629.07955306 36.911
 70 130.896984  47.899613    70.508    73.330  3 54664.07956016 18.522
 72 130.901485  47.896637    64.710    64.759  3 54734.07951855 50.217
 74 130.900208  47.897058    63.371    63.344  4 54804.07951245 20.575
 75 130.897885  47.897415    65.590    65.568  3 54839.07950666  8.851
 77 130.892680  47.902482    75.370    74.265  3 54909.07951256  3.967
 78 130.899128  47.895950    65.845    63.532  4 54944.07950505 35.432
 79 130.896546  47.898327    71.595    72.462  4 54979.07953180 11.243
 80 130.897611  47.899912    66.844    66.768  4 55014.07953641 31.323
 82 130.893496  47.902926    69.783    69.722  4 55084.07949782 19.765
 83 130.903148  47.898289    65.652    65.652  2 55119.07946173 48.431
 84 130.896612  47.903457    63.226    63.226  2 55154.07945691 40.809
 85 130.900281  47.896012    65.338    65.397  4 55189.07945126 13.807
 86 130.896681  47.900802    72.694    72.860  4 55224.07945690  7.510
 87 130.899790  47.898517    70.577    71.465  4 55259.07944689  9.302
 88 130.894788  47.902879    64.961    64.961  2 55294.07944300 26.521
