-169410.920   176.500     0.00   57.73
-169036.751   189.458    34.64   68.01
-168662.627   190.847     3.72   69.32
-168288.549   176.079   -39.49   68.63
-167914.516   164.918   -29.85   61.33
-167540.528   153.226   -31.27   58.24
-167166.586   135.984   -46.12   53.44
-166792.688   132.210   -10.10   50.48
-166418.836   119.844   -33.08   40.00
-166045.030   108.742   -29.70   33.58
-165671.268    99.797   -23.94   29.40
-165297.552    98.492    -3.49   27.77
-164923.881    97.935    -1.49   28.84
-164550.255    88.967   -24.01   30.95
-164176.675    81.328   -20.45   28.56
-163803.139    70.968   -27.74   21.29
-163429.649    64.778   -16.58   19.09
-163056.204    58.758   -16.12   17.01
-162682.803    51.935   -18.27   12.46
-162309.448    47.375   -12.22    4.69
-161936.138    49.790     6.47    8.21
-161562.873    59.484    25.98   19.49
-161189.653    76.650    46.00   32.59
-160816.478    94.371    47.49   36.51
-160443.348   101.831    19.99   32.36
-160070.263    95.762   -16.27   23.98
-159697.223    99.081     8.90   26.89
-159324.228   109.825    28.81   33.90
-158951.278   133.328    63.03   37.72
-158578.373   144.730    30.58   33.82
-158205.513   151.565    18.33   32.29
-157832.697   161.131    25.66   35.50
-157459.926   177.222    43.17   47.52
-157087.201   208.250    83.26   65.05
-156714.520   261.015   141.60   72.75
-156341.883   305.724   120.00   55.45
-155969.292   309.033     8.88   55.63
-155596.745   282.724   -70.63   60.93
-155224.243   247.646   -94.18   55.14
-154851.786   215.836   -85.42   39.53
-154479.374   194.540   -57.19   44.46
-154107.006   166.984   -74.01   48.28
-153734.683   145.148   -58.66   38.62
-153362.404   139.387   -15.48   35.83
-152990.170   134.194   -13.95   36.29
-152617.981   125.127   -24.36   32.87
-152245.836   120.492   -12.46   29.97
-151873.736   110.922   -25.72   27.29
-151501.681   106.864   -10.91   23.70
-151129.670   115.000    21.87   28.64
-150757.704   131.259    43.72   36.89
-150385.782   160.076    77.49   48.00
-150013.904   196.729    98.58   43.80
-149642.072   226.889    81.12   47.84
-149270.283   250.733    64.14   48.36
-148898.539   270.115    52.14   45.48
-148526.840   284.565    38.88   41.60
-148155.185   283.197    -3.68   42.10
-147783.574   281.778    -3.82   39.92
-147412.008   291.667    26.62   45.06
-147040.486   300.143    22.82   44.77
-146669.008   306.651    17.52   42.66
-146297.575   325.855    51.71   41.96
-145926.186   348.733    61.61   47.78
-145554.841   365.540    45.26   43.54
-145183.541   363.983    -4.19   42.54
-144812.284   327.129   -99.28   66.39
-144441.073   296.081   -83.65   62.62
-144069.905   285.952   -27.29   51.03
-143698.781   292.871    18.64   56.54
-143327.702   314.524    58.36   52.85
-142956.667   327.333    34.53   41.35
-142585.676   322.619   -12.71   45.65
-142214.729   310.855   -31.72   52.88
-141843.826   294.694   -43.58   53.28
-141472.968   280.115   -39.32   57.93
-141102.153   258.186   -59.14   62.02
-140731.383   226.889   -84.42   67.65
-140360.656   205.356   -58.09   66.67
-139989.974   172.788   -87.87   52.91
-139619.336   144.569   -76.15   40.30
-139248.741   121.131   -63.25   37.95
-138878.191    95.121   -70.20   32.95
-138507.685    91.159   -10.69   29.37
-138137.222   103.267    32.69   42.70
-137766.804   136.429    89.54   55.18
-137396.429   184.371   129.46   56.20
-137026.098   207.967    63.73   50.34
-136655.812   216.661    23.48   42.97
-136285.569   218.194     4.14   42.67
-135915.370   202.397   -42.68   42.74
-135545.214   188.508   -37.53   42.71
-135175.103   175.323   -35.63   48.87
-134805.035   162.113   -35.70   49.27
-134435.011   145.935   -43.73   45.70
-134065.031   134.541   -30.80   46.07
-133695.095   121.538   -35.15   47.08
-133325.202   109.759   -31.85   42.17
-132955.353    93.508   -43.94   37.14
-132585.548    79.293   -38.44   30.23
-132215.787    70.892   -22.72   25.63
-131846.069    65.797   -13.78   25.56
-131476.395    64.258    -4.16   31.46
-131103.004    57.754   -17.42   31.51
-130724.443    47.984   -25.81   22.95
-130345.928    39.397   -22.69   18.25
-129967.459    35.500   -10.30   17.10
-129589.036    30.422   -13.42   16.08
-129210.659    26.633   -10.01   14.61
-128832.327    22.726   -10.33   11.76
-128454.041    23.367     1.69   15.13
-128075.802    25.571     5.83   20.41
-127697.608    30.613    13.33   25.97
-127319.459    37.274    17.62   32.63
-126941.357    47.603    27.32   38.67
-126563.300    57.383    25.87   39.26
-126185.289    57.848     1.23   38.23
-125807.324    49.158   -23.00   32.61
-125429.405    33.065   -42.59   28.25
-125051.531    16.717   -43.27   17.90
-124673.703     8.279   -22.34   11.17
-124295.920     2.444   -15.45    5.49
-123918.183     0.242    -5.83    1.11
-123540.492     0.000    -0.64    0.00
-123162.847     0.133     0.35    0.47
-122785.247     0.790     1.74    1.42
-122407.692     1.100     0.82    1.60
-122030.183     0.968    -0.35    1.55
-121652.720     2.419     3.85    5.40
-121275.302     6.516    10.86   10.25
-120897.930    15.889    24.84   16.07
-120520.603    29.233    35.37   20.48
-120143.321    47.938    49.58   25.80
-119766.085    65.966    47.79   25.10
-119388.895    87.565    57.27   27.84
-119011.749   114.542    71.54   40.32
-118634.649   144.246    78.78   50.38
-118257.595   170.714    70.21   48.02
-117880.586   185.129    38.24   45.29
-117503.622   199.688    38.62   46.86
-117126.704   213.390    36.36   47.60
-116749.831   229.525    42.82   46.90
-116373.003   250.271    55.06   47.85
-115996.220   279.810    78.41   58.73
-115619.483   323.607   116.27   70.31
-115242.790   368.919   120.30   76.23
-114866.144   402.532    89.25   67.41
-114489.542   431.900    77.99   76.90
-114112.985   477.444   120.96   94.23
-113736.474   497.810    54.10   90.53
-113360.007   526.508    76.24   91.55
-112983.586   574.017   126.22  106.68
-112607.210   642.222   181.24  111.96
-112230.879   680.258   101.08   84.69
-111854.593   660.794   -51.73   91.68
-111478.352   595.820  -172.71  103.37
-111102.157   547.153  -129.38   76.52
-110726.006   538.806   -22.19   51.04
-110349.900   565.561    71.14   56.61
-109973.839   604.406   103.31   45.75
-109597.823   624.373    53.11   36.83
-109221.852   637.952    36.12   33.73
-108845.926   656.903    50.42   35.99
-108470.045   667.246    27.52   31.17
-108094.209   654.613   -33.62   47.25
-107718.417   620.694   -90.27   69.11
-107342.671   577.887  -113.94   60.75
-106966.969   563.900   -37.23   55.69
-106591.312   587.952    64.03   65.35
-106215.700   634.983   125.22   71.66
-105840.133   694.032   157.24   89.36
-105464.611   748.339   144.63   91.85
-105089.133   787.587   104.54   75.41
-104713.700   791.115     9.40   76.74
-104338.312   751.557  -105.39  102.17
-103962.968   674.533  -205.23  108.36
-103587.669   603.288  -189.86   91.94
-103212.415   558.951  -118.16   85.59
-102837.205   511.034  -127.72   76.54
-102462.040   455.797  -147.25   84.69
-102086.920   393.898  -165.03   78.30
-101711.844   347.603  -123.44   73.67
-101336.813   293.934  -143.12   38.95
-100961.826   268.097   -68.91   27.26
-100586.884   247.317   -55.43   20.36
-100211.987   232.823   -38.67   18.17
 -99837.134   215.774   -45.48   16.24
 -99462.325   202.800   -34.62   12.73
 -99087.561   192.419   -27.70   12.17
 -98712.841   182.136   -27.45    9.98
 -98338.166   173.571   -22.86    9.18
 -97963.535   167.393   -16.49    8.01
 -97588.949   163.175   -11.26    8.58
 -97214.407   162.790    -1.03   13.56
 -96839.909   163.417     1.67   17.45
 -96465.456   165.000     4.23   18.88
 -96091.047   163.966    -2.76   17.28
 -95716.682   162.484    -3.96   16.97
 -95342.362   160.224    -6.04   16.60
 -94968.086   152.317   -21.13   19.60
 -94593.854   142.133   -27.22   20.72
 -94219.667   132.714   -25.17   18.10
 -93845.524   123.754   -23.95   11.32
 -93471.424   120.459    -8.81    9.16
 -93097.370   120.613     0.41    8.20
 -92723.359   122.525     5.11    7.44
 -92349.392   124.532     5.37    7.64
 -91975.470   125.949     3.79    7.86
 -91601.592   125.934    -0.04    9.26
 -91227.758   123.845    -5.59   11.20
 -90853.968   122.984    -2.30   13.57
 -90480.222   121.932    -2.81   14.37
 -90106.520   121.857    -0.20   16.13
 -89732.862   119.900    -5.24   17.21
 -89359.248   111.492   -22.51   18.24
 -88985.678   103.000   -22.73   18.24
 -88612.152    92.393   -28.40   14.33
 -88238.671    82.683   -26.00   12.28
 -87865.233    76.065   -17.72   11.09
 -87491.839    70.613   -14.60    9.59
 -87118.489    64.931   -15.22    8.08
 -86745.183    59.435   -14.72    7.04
 -86371.920    54.115   -14.26    9.18
 -85998.702    47.839   -16.82   10.66
 -85625.528    40.016   -20.96    9.69
 -85252.397    34.117   -15.81    7.55
 -84879.310    28.984   -13.76    5.23
 -84506.267    25.742    -8.69    3.97
 -84133.268    22.746    -8.03    2.53
 -83760.312    20.817    -5.17    2.12
 -83387.401    19.081    -4.66    2.55
 -83014.533    17.368    -4.59    2.47
 -82641.709    15.426    -5.21    2.56
 -82268.928    13.797    -4.37    2.20
 -81896.191    12.677    -3.00    1.91
 -81523.498    11.823    -2.29    1.68
 -81150.849    11.619    -0.55    1.69
 -80778.243    10.726    -2.40    2.12
 -80405.681     9.361    -3.66    2.45
 -80033.162     7.746    -4.33    2.26
 -79660.687     6.683    -2.85    1.74
 -79288.255     5.883    -2.15    1.80
 -78915.868     4.475    -3.78    2.43
 -78543.523     2.984    -4.00    2.54
 -78171.222     1.655    -3.57    2.13
 -77798.965     0.797    -2.31    1.53
 -77426.751     0.034    -2.05    0.18
 -77054.581     0.000    -0.09    0.00
 -76682.454     0.000     0.00    0.00
 -76310.370     0.000     0.00    0.00
 -75938.330     0.000     0.00    0.00
 -75566.334     0.000     0.00    0.00
 -75194.380     0.000     0.00    0.00
 -74822.471     0.000     0.00    0.00
 -74450.604     0.000     0.00    0.00
 -74078.781     0.000     0.00    0.00
 -73707.001     0.000     0.00    0.00
 -73335.264     0.000     0.00    0.00
 -72963.571     0.000     0.00    0.00
 -72591.921     0.000     0.00    0.00
 -72220.314     0.000     0.00    0.00
 -71848.751     0.000     0.00    0.00
 -71477.231     0.000     0.00    0.00
 -71105.754     0.000     0.00    0.00
 -70734.320     0.000     0.00    0.00
 -70362.929     0.000     0.00    0.00
 -69991.581     0.000     0.00    0.00
 -69620.277     0.246     0.66    1.79
 -69249.016     2.267     5.44    7.88
 -68877.798     6.613    11.71   15.10
 -68506.622     8.983     6.39   17.48
 -68135.490     6.698    -6.16   15.37
 -67764.402     3.190    -9.46    9.80
 -67393.356     0.115    -8.29    0.90
 -67022.353     0.000    -0.31    0.00
 -66651.393     0.000     0.00    0.00
 -66280.476     0.000     0.00    0.00
 -65909.602     0.000     0.00    0.00
 -65538.771     0.000     0.00    0.00
 -65167.983     0.000     0.00    0.00
 -64797.238     0.435     1.17    1.47
 -64426.536     1.574     3.07    3.17
 -64055.877     3.443     5.04    4.43
 -63685.260     7.000     9.60    6.43
 -63314.687    11.371    11.80    7.14
 -62944.156    16.576    14.05    7.86
 -62573.668    22.377    15.66    8.86
 -62203.223    29.121    18.21    9.62
 -61832.821    34.967    15.79   10.07
 -61462.462    40.246    14.25    8.67
 -61092.145    43.194     7.96    6.39
 -60721.871    42.833    -0.97    5.13
 -60351.640    40.571    -6.11    5.65
 -59981.452    36.300   -11.54    6.05
 -59611.306    32.133   -11.26    5.36
 -59241.203    29.250    -7.79    3.82
 -58871.142    28.361    -2.40    4.46
 -58501.124    28.279    -0.22    4.72
 -58131.149    28.468     0.51    4.52
 -57761.217    28.210    -0.70    4.20
 -57391.327    28.049    -0.43    3.33
 -57021.480    28.000    -0.13    2.37
 -56651.675    27.983    -0.05    2.04
 -56279.348    26.355    -4.37    3.41
 -55900.880    24.298    -5.43    4.11
 -55522.458    22.492    -4.77    4.38
 -55144.080    22.424    -0.18    5.29
 -54765.747    23.855     3.78    6.59
 -54387.459    26.823     7.85    6.55
 -54009.215    28.590     4.67    6.76
 -53631.017    30.274     4.45    9.03
 -53252.862    36.586    16.69   19.15
 -52874.753    41.806    13.81   22.86
 -52496.688    41.443    -0.96   20.75
 -52118.667    38.468    -7.87   15.68
 -51740.691    35.328    -8.31   11.74
 -51362.760    31.150   -11.06   10.25
 -50984.873    25.117   -15.97   10.32
 -50607.031    19.328   -15.32    6.78
 -50229.233    15.721    -9.55    4.52
 -49851.480    13.034    -7.11    1.74
 -49473.771    12.113    -2.44    1.85
 -49096.107    11.098    -2.69    1.54
 -48718.487    10.516    -1.54    1.08
 -48340.912    10.117    -1.06    0.49
 -47963.380    10.322     0.54    0.88
 -47585.894    10.705     1.01    1.09
 -47208.452    10.897     0.51    1.09
 -46831.054    11.159     0.69    1.15
 -46453.700    11.271     0.30    1.06
 -46076.391    11.127    -0.38    1.17
 -45699.126    10.852    -0.73    1.12
 -45321.905    10.500    -0.93    0.95
 -44944.729    10.206    -0.78    1.05
 -44567.596     9.810    -1.05    1.00
 -44190.508     9.571    -0.63    0.96
 -43813.465     9.483    -0.24    0.96
 -43436.465     9.603     0.32    1.01
 -43059.510     9.917     0.83    1.25
 -42682.599    10.217     0.80    1.30
 -42305.732    10.177    -0.10    1.27
 -41928.909    10.311     0.36    1.23
 -41552.130    10.000    -0.83    1.05
 -41175.395     9.897    -0.27    0.99
 -40798.704     9.869    -0.07    1.01
 -40422.058     9.569    -0.80    1.01
 -40045.455     9.424    -0.39    0.95
 -39668.897     9.383    -0.11    0.99
 -39292.382     9.246    -0.37    1.01
 -38915.912     9.279     0.09    1.03
 -38539.485     9.383     0.28    1.14
 -38163.103     9.355    -0.08    1.17
 -37786.764     9.482     0.34    1.04
 -37410.470     9.565     0.22    1.07
 -37034.219     9.650     0.23    1.02
 -36658.012     9.651     0.00    0.97
 -36281.849     9.541    -0.29    1.06
 -35905.730     9.328    -0.57    1.04
 -35529.655     9.131    -0.52    1.06
 -35153.623     9.000    -0.35    0.92
 -34777.636     8.984    -0.04    0.90
 -34401.692     8.983    -0.00    0.98
 -34025.792     8.742    -0.64    1.02
 -33649.935     8.393    -0.93    1.16
 -33274.123     8.295    -0.26    1.15
 -32898.354     8.333     0.10    1.11
 -32522.629     8.410     0.20    1.17
 -32146.947     8.667     0.68    0.97
 -31771.310     9.000     0.89    1.03
 -31395.715     9.180     0.48    0.94
 -31020.165     9.446     0.71    0.97
 -30644.658     9.452     0.01    1.00
 -30269.195     9.066    -1.03    1.24
 -29893.775     8.683    -1.02    1.31
 -29518.399     8.770     0.23    1.32
 -29143.067     9.033     0.70    1.30
 -28767.778     9.712     1.81    0.85
 -28392.532    10.085     0.99    0.75
 -28017.330    10.081    -0.01    0.71
 -27642.172    10.103     0.06    0.74
 -27267.057     9.820    -0.76    0.94
 -26891.985     9.661    -0.42    1.06
 -26516.957     9.661     0.00    1.13
 -26141.973     9.508    -0.41    1.10
 -25767.032     9.639     0.35    1.05
 -25392.134     9.778     0.37    0.92
 -25017.279     9.783     0.01    0.88
 -24642.468     9.898     0.31    0.94
 -24267.700     9.707    -0.51    1.12
 -23892.976     9.361    -0.92    1.41
 -23518.295     8.931    -1.15    1.34
 -23143.657     8.803    -0.34    1.29
 -22769.063     8.918     0.31    1.08
 -22394.511     9.113     0.52    0.85
 -22020.003     9.117     0.01    0.74
 -21645.538     9.033    -0.22    0.90
 -21271.117     8.905    -0.34    0.91
 -20896.738     8.678    -0.61    0.84
 -20522.403     8.393    -0.76    0.84
 -20148.111     8.036    -0.96    0.99
 -19773.862     7.836    -0.53    1.08
 -19399.656     7.750    -0.23    0.93
 -19025.494     7.754     0.01    0.89
 -18651.374     7.492    -0.70    1.18
 -18277.298     7.131    -0.96    1.48
 -17903.264     7.050    -0.22    1.41
 -17529.274     7.083     0.09    1.23
 -17155.327     7.161     0.21    0.85
 -16781.422     7.467     0.82    1.42
 -16407.561     8.475     2.70    2.59
 -16033.743    10.000     4.08    3.51
 -15659.967     9.500    -1.34    4.45
 -15286.235     8.600    -2.41    4.53
 -14912.545     6.917    -4.50    4.17
 -14538.899     4.869    -5.48    1.12
 -14165.295     4.656    -0.57    1.26
 -13791.734     4.424    -0.62    1.35
 -13418.216     4.583     0.43    1.48
 -13044.741     4.597     0.04    1.43
 -12671.309     5.102     1.35    1.31
 -12297.920     5.533     1.16    1.33
 -11924.573     5.893     0.96    1.29
 -11551.269     6.258     0.98    1.41
 -11178.008     6.250    -0.02    1.45
 -10804.790     6.274     0.06    1.39
 -10431.614     6.131    -0.38    1.49
 -10058.481     6.117    -0.04    1.46
  -9685.391     6.050    -0.18    1.23
  -9312.344     6.150     0.27    1.20
  -8939.339     6.161     0.03    0.91
  -8566.377     6.350     0.51    1.10
  -8193.457     6.710     0.96    1.21
  -7820.581     7.161     1.21    1.16
  -7447.746     7.210     0.13    1.20
  -7074.955     6.633    -1.55    1.35
  -6702.206     6.242    -1.05    1.41
  -6329.499     6.117    -0.34    1.49
  -5956.835     6.600     1.30    1.74
  -5584.214     7.328     1.95    1.54
  -5211.635     7.656     0.88    1.30
  -4839.099     7.367    -0.78    1.29
  -4466.605     6.983    -1.03    1.26
  -4094.153     6.790    -0.52    1.19
  -3721.744     6.393    -1.07    1.07
  -3349.378     6.131    -0.70    1.70
  -2977.053     5.586    -1.46    2.24
  -2604.772     5.290    -0.79    2.49
  -2232.532     5.169    -0.32    3.00
  -1860.335     4.864    -0.82    3.26
  -1488.181     5.600     1.98    2.88
  -1116.068     5.262    -0.91    3.09
   -743.998     3.667    -4.29    3.23
   -371.971     2.117    -4.17    3.04
      0.015     1.177    -2.52    2.54
    371.958     2.034     2.30    3.25
    743.859     4.000     5.29    3.59
   1115.717     6.017     5.42    2.69
   1487.534     6.656     1.72    1.38
   1859.308     5.825    -2.24    1.98
   2231.040     6.016     0.52    2.55
   2602.730     5.831    -0.50    3.04
   2974.377     6.238     1.10    4.16
   3345.983     6.300     0.17    3.50
   3717.546     6.317     0.04    3.13
   4089.067     6.131    -0.50    2.18
   4460.546     7.533     3.77    5.35
   4831.983    10.517     8.03    9.30
   5203.378    14.525    10.79   12.73
   5574.731    22.226    20.74   17.67
   5946.042    29.534    19.68   19.03
   6317.311    39.033    25.58   23.07
   6688.538    47.679    23.29   28.21
   7059.723    67.726    54.01   39.39
   7430.866    88.746    56.64   38.02
   7801.967    93.852    13.76   32.36
   8173.026    83.590   -27.66   29.39
   8544.043    67.483   -43.41   28.51
   8915.018    45.559   -59.10   17.89
   9285.951    34.607   -29.53   13.84
   9656.843    26.823   -20.99   10.34
  10027.692    22.034   -12.91    5.03
  10398.500    21.918    -0.31    3.74
  10769.266    22.772     2.30    3.42
  11139.990    23.590     2.21    2.75
  11510.672    24.328     1.99    2.26
  11881.312    25.607     3.45    2.91
  12251.911    27.750     5.78    3.34
  12622.468    31.283     9.54    5.08
  12992.983    36.085    12.96    5.91
  13363.456    41.175    13.74    7.00
  13733.888    47.567    17.26    7.14
  14104.278    53.373    15.68    7.42
  14474.627    59.695    17.07    7.23
  14844.933    65.639    16.05    7.49
  15215.198    72.746    19.19    8.24
  15585.422    79.583    18.47    8.87
  15955.604    87.667    21.84    9.71
  16325.744    94.932    19.63    9.23
  16695.842   102.542    20.56    9.46
  17065.899   111.333    23.76   10.56
  17435.915   124.066    34.41   18.90
  17805.889   136.017    32.30   20.10
  18175.821   152.583    44.78   24.84
  18547.212   170.732    48.87   30.33
  18925.586   195.967    66.69   48.00
  19303.917   226.153    79.78   52.23
  19682.204   251.898    68.06   48.92
  20060.448   298.571   123.39   60.63
  20438.648   338.783   106.32   67.97
  20816.804   375.393    96.81   68.80
  21194.917   421.321   121.46   70.53
  21572.987   465.742   117.49   69.74
  21951.013   482.893    45.37   58.03
  22328.995   465.467   -46.10   75.31
  22706.935   394.889  -186.74  103.47
  23084.830   327.136  -179.29   84.40
  23462.683   291.400   -94.57   56.80
  23840.492   261.286   -79.71   51.24
  24218.257   242.387   -50.03   46.73
  24595.979   230.845   -30.56   38.80
  24973.658   220.557   -27.24   23.83
  25351.294   227.525    18.45   26.35
  25728.886   239.433    31.54   30.68
  26106.435   255.533    42.64   28.00
  26483.941   266.804    29.85   26.68
  26861.403   269.377     6.82   25.68
  27238.822   270.500     2.98   26.03
  27616.198   263.295   -19.09   28.12
  27993.531   250.328   -34.36   23.66
  28370.820   245.426   -12.99   22.38
  28748.067   246.271     2.24   24.17
  29125.270   246.193    -0.21   27.98
  29502.430   238.855   -19.46   25.90
  29879.547   235.893    -7.85   30.15
  30256.621   232.016   -10.28   37.66
  30633.652   221.458   -28.00   35.99
  31010.639   211.433   -26.59   28.53
  31387.584   207.733    -9.82   20.15
  31764.485   207.750     0.04   17.33
  32141.344   209.639     5.01   18.29
  32518.159   208.107    -4.07   20.31
  32894.932   204.787    -8.81   21.13
  33271.662   196.895   -20.95   17.98
  33648.348   189.763   -18.93   15.45
  34024.992   184.983   -12.69   13.94
  34401.592   181.426    -9.44   12.54
  34778.150   179.150    -6.04   12.13
  35154.665   178.500    -1.73   11.54
  35531.137   178.516     0.04   10.73
  35907.566   178.607     0.24    8.62
  36283.953   180.733     5.65    7.76
  36660.296   187.186    17.15    9.41
  37036.597   197.206    26.63   16.08
  37412.854   225.033    73.95   46.37
  37789.069   249.153    64.11   52.41
  38165.242   274.387    67.08   48.24
  38541.371   286.649    32.60   40.85
  38917.458   284.361    -6.08   33.10
  39293.502   286.431     5.51   29.11
  39669.504   311.525    66.74   52.82
  40045.462   350.542   103.78   81.67
  40421.378   387.237    97.61   98.36
  40797.252   420.033    87.25  101.07
  41173.082   435.085    40.05   94.11
  41548.870   444.983    26.34   77.89
  41924.616   472.879    74.24   82.69
  42300.319   510.525   100.20   98.14
  42675.979   546.724    96.36  104.63
  43051.597   589.119   112.86  108.16
  43427.172   633.017   116.88  100.71
  43802.705   684.852   138.03   97.91
  44178.195   722.000    98.93   67.91
  44553.642   733.700    31.16   48.12
  44929.048   728.175   -14.72   40.82
  45304.410   712.724   -41.16   37.97
  45679.730   695.705   -45.34   34.88
  46055.008   685.107   -28.24   27.01
  46430.244   681.597    -9.35   36.71
  46805.437   669.754   -31.56   45.79
  47180.587   647.610   -59.02   54.83
  47555.696   615.164   -86.49   58.07
  47930.761   599.117   -42.78   51.72
  48305.785   595.241   -10.33   47.62
  48680.766   607.696    33.21   52.74
  49055.705   622.565    39.65   39.57
  49430.602   628.643    16.21   33.72
  49805.456   620.565   -21.55   40.74
  50180.268   606.949   -36.32   48.85
  50555.038   590.695   -43.37   54.22
  50929.766   582.246   -22.55   62.54
  51304.451   572.492   -26.03   67.37
  51679.095   559.250   -35.34   66.25
  52053.696   543.576   -41.84   61.02
  52428.254   528.242   -40.94   49.48
  52802.771   527.857    -1.03   46.04
  53177.246   534.633    18.09   56.48
  53551.678   539.881    14.02   58.67
  53926.069   533.937   -15.88   50.16
  54300.417   516.433   -46.75   38.93
  54674.723   500.254   -43.22   24.72
  55048.987   494.355   -15.76   22.74
  55423.210   510.136    42.17   39.15
  55797.390   537.322    72.65   49.02
  56171.528   562.328    66.83   46.45
  56545.624   592.262    80.01   50.90
  56919.678   624.034    84.94   52.92
  57293.690   662.102   101.77   50.49
  57667.661   687.271    67.30   36.19
  58041.589   697.067    26.19   33.59
  58415.475   703.448    17.07   26.28
  58789.320   703.458     0.03   28.11
  59163.122   704.222     2.05   36.89
  59536.883   689.793   -38.60   43.96
  59910.602   678.167   -31.11   46.06
  60284.279   662.556   -41.77   49.17
  60657.914   639.500   -61.70   43.62
  61031.508   619.102   -54.60   44.66
  61405.059   599.306   -52.99   34.42
  61778.569   586.627   -33.94   25.70
  62152.038   581.729   -13.11   14.02
  62525.464   586.050    11.57   14.57
  62898.849   591.311    14.09   14.30
  63272.192   594.000     7.20   15.99
  63645.493   597.034     8.13   18.55
  64018.752   606.049    24.15   24.61
  64391.970   621.246    40.71   29.85
  64765.147   638.102    45.17   28.16
  65138.281   648.655    28.28   22.37
  65511.374   651.242     6.93   18.61
  65884.426   660.119    23.79   19.76
  66257.435   671.085    29.40   24.63
  66630.404   694.049    61.57   42.49
  67003.330   718.583    65.78   52.83
  67376.216   755.390    98.70   63.73
  67749.059   809.638   145.49   76.14
  68121.861   846.694    99.39   92.94
  68494.622   882.732    96.67   88.48
  68867.341   909.050    70.61   85.18
  69240.019   915.714    17.88   88.07
  69612.655   947.254    84.63   85.95
  69985.250   965.373    48.62   75.28
  70357.803   958.984   -17.15   62.40
  70730.315   939.783   -51.54   55.71
  71102.786   922.897   -45.33   58.33
  71475.215   916.667   -16.73   61.06
  71847.603   909.254   -19.90   63.53
  72219.950   898.339   -29.31   73.01
  72592.255   881.579   -45.01   78.74
  72964.519   867.639   -37.44   65.57
  73336.741   869.224     4.26   60.47
  73708.923   890.441    57.00   60.24
  74081.063   933.879   116.72   60.87
  74453.161   951.574    47.55   65.03
  74825.219   972.241    55.55   71.70
  75197.235   993.700    57.68   77.21
  75569.210  1014.097    54.83  101.64
  75941.144  1071.763   155.03  114.39
  76313.037  1155.897   226.21  121.52
  76684.889  1215.286   159.70  105.81
  77056.699  1229.633    38.59   89.95
  77428.469  1221.893   -20.82  105.43
  77800.197  1151.836  -188.45  116.19
  78171.884  1067.491  -226.91  107.56
  78543.530  1024.322  -116.15   94.10
  78915.135  1008.068   -43.74   76.42
  79286.699   994.190   -37.35   74.73
  79658.222   971.627   -60.73   87.03
  80029.704   943.610   -75.41   95.60
  80401.145   892.694  -137.07   88.24
  80772.545   856.333   -97.89   82.55
  81143.904   816.552  -107.12   82.83
  81515.222   781.517   -94.34   73.73
  81886.499   738.098  -116.94   54.76
  82257.735   704.464   -90.59   36.19
  82628.930   680.407   -64.81   27.26
  83000.084   659.370   -56.67   18.31
  83371.197   642.517   -45.41   18.85
  83742.270   626.638   -42.79   16.06
  84113.302   614.175   -33.59   15.31
  84484.292   600.475   -36.93   13.95
  84855.242   589.655   -29.16   12.65
  85226.151   582.083   -20.41   11.52
  85597.020   576.797   -14.25   13.82
  85967.847   571.763   -13.57   16.93
  86338.634   565.949   -15.68   20.87
  86709.380   555.885   -27.14   22.76
  87080.086   542.879   -35.08   20.81
  87450.750   529.133   -37.08   19.16
  87821.374   515.655   -36.36   12.84
  88191.957   506.541   -24.59    9.85
  88562.500   499.552   -18.86    9.36
  88933.002   494.590   -13.39   10.81
  89303.463   490.780   -10.28   10.94
  89673.883   489.712    -2.88   12.53
  90044.263   493.767    10.95   16.54
  90414.603   500.525    18.25   20.62
  90784.902   508.339    21.10   23.75
  91155.160   512.746    11.90   26.57
  91525.377   512.968     0.60   28.53
  91895.555   509.475    -9.44   28.79
  92265.691   505.017   -12.04   28.15
  92635.787   501.397    -9.78   31.65
  93005.843   499.344    -5.55   29.23
  93376.406   496.911    -6.57   24.01
  93754.690   489.800   -18.80   19.75
  94132.932   481.690   -21.44   16.48
  94511.131   472.483   -24.34   14.38
  94889.288   462.102   -27.45   11.44
  95267.402   455.373   -17.79   11.05
  95645.474   453.951    -3.76   13.36
  96023.503   455.464     4.00   18.19
  96401.490   458.377     7.71   20.41
  96779.435   455.034    -8.84   24.29
  97157.338   441.881   -34.80   32.21
  97535.198   423.847   -47.72   29.50
  97913.016   411.459   -32.79   18.34
  98290.791   407.729    -9.87    7.76
  98668.525   412.632    12.98   11.50
  99046.216   416.951    11.43   13.12
  99423.864   421.729    12.65   12.72
  99801.471   425.828    10.85   10.63
 100179.035   431.966    16.26   11.20
 100556.558   437.525    14.72    9.70
 100934.038   440.328     7.42    7.23
 101311.475   440.638     0.82    6.68
 101688.871   435.803   -12.81    7.53
 102066.225   430.034   -15.29    7.51
 102443.536   423.638   -16.95    8.15
 102820.806   419.186   -11.80    6.78
 103198.033   414.417   -12.64    7.99
 103575.218   408.362   -16.05    8.82
 103952.361   404.407   -10.49    8.19
 104329.463   401.210    -8.48    5.02
 104706.522   400.571    -1.69    3.34
 105083.539   400.633     0.16    3.09
 105460.514   399.712    -2.44    3.37
 105837.447   399.138    -1.52    3.20
 106214.339   411.932    33.94   25.62
 106591.188   433.066    56.07   41.14
 106967.995   478.220   119.82   59.22
 107344.761   514.947    97.47   50.32
 107721.484   540.000    66.49   47.30
 108098.166   568.431    75.47   53.52
 108474.806   590.603    58.86   54.94
 108851.404   614.102    62.39   50.98
 109227.960   634.183    53.32   42.67
 109604.475   655.542    56.72   41.00
 109980.947   674.712    50.91   42.97
 110357.378   703.311    75.97   52.87
 110733.767   747.155   116.47   62.69
 111110.114   772.407    67.09   60.20
 111486.420   785.018    33.51   61.68
 111862.684   746.780  -101.61   88.89
 112238.906   668.828  -207.17   98.17
 112615.086   606.254  -166.32   85.80
 112991.225   540.574  -174.60   58.48
 113367.322   506.362   -90.95   33.78
 113743.377   480.700   -68.23   27.64
 114119.391   460.593   -53.47   24.54
 114495.363   451.644   -23.80   23.63
 114871.294   449.190    -6.53   25.79
 115247.183   456.694    19.96   33.83
 115623.031   478.763    58.71   42.12
 115998.836   507.491    76.44   58.90
 116374.601   538.032    81.27   67.18
 116750.324   566.793    76.54   63.46
 117126.005   587.362    54.74   55.95
 117501.645   592.386    13.37   58.05
 117877.243   590.048    -6.22   49.92
 118252.800   576.018   -37.36   47.47
 118628.316   571.339   -12.46   38.51
 119003.790   578.705    19.62   40.59
 119379.222   597.136    49.09   50.02
 119754.614   619.069    58.42   41.46
 120129.963   625.889    18.17   38.78
 120505.272   596.593   -78.05   54.43
 120880.539   564.964   -84.27   51.25
 121255.765   560.967   -10.65   50.73
 121630.949   577.780    44.81   64.08
 122006.093   616.397   102.93   64.54
 122381.194   636.525    53.66   43.64
 122756.255   614.729   -58.11   60.71
 123131.274   577.086  -100.36   69.66
 123506.252   533.298  -116.76   37.82
 123881.189   521.787   -30.70   24.64
 124256.085   530.123    22.23   28.29
 124630.939   560.328    80.57   48.80
 125005.753   584.288    63.92   54.41
 125380.525   597.831    36.13   55.94
 125755.256   584.379   -35.89   63.78
 126129.946   556.949   -73.20   56.76
 126504.594   555.410    -4.11   54.52
 126879.202   586.018    81.70   77.19
 127253.768   625.644   105.78   72.68
 127628.294   655.389    79.41   56.09
 128002.778   668.517    35.05   59.66
 128377.221   659.695   -23.56   64.41
 128751.623   663.921    11.29   69.30
 129125.985   673.672    26.05   65.70
 129500.305   675.121     3.87   60.55
 129874.584   681.597    17.30   53.23
 130248.822   680.475    -3.00   57.66
 130623.020   655.534   -66.64   68.85
 130997.176   624.482   -82.98   66.13
 131371.292   607.233   -46.10   42.23
 131745.366   616.052    23.57   44.74
 132119.400   642.117    69.68   44.84
 132493.392   662.814    55.33   47.69
 132867.344   667.414    12.30   53.77
 133241.255   667.776     0.97   49.31
 133615.125   676.982    24.62   47.31
 133988.955   680.729    10.02   40.42
 134362.743   689.807    24.28   41.40
 134736.491   689.049    -2.03   57.16
 135110.198   670.737   -49.00   54.40
 135483.864   674.070     8.92   55.12
 135857.490   698.288    64.81   65.80
 136231.074   727.898    79.25   61.59
 136604.618   738.948    29.58   43.19
 136978.122   727.254   -31.30   38.58
 137351.584   702.705   -65.73   43.82
 137725.006   680.509   -59.43   45.50
 138098.387   663.833   -44.65   53.65
 138471.728   647.222   -44.49   54.48
 138845.028   634.915   -32.96   42.30
 139218.287   628.983   -15.89   21.03
 139591.506   633.129    11.11   16.50
 139964.684   647.550    38.64   22.77
 140337.822   668.638    56.51   33.98
 140710.919   692.450    63.81   40.50
 141083.976   702.898    28.00   34.27
 141456.992   707.776    13.07   27.70
 141829.967   707.175    -1.61   29.88
 142202.902   694.700   -33.45   32.21
 142575.797   689.982   -12.65   29.83
 142948.651   693.300     8.90   30.55
 143321.464   710.982    47.42   42.63
 143694.237   750.825   106.87   50.83
 144066.970   801.034   134.69   57.53
 144439.662   830.787    79.82   43.42
 144812.314   829.172    -4.33   43.29
 145184.926   816.712   -33.44   51.75
 145557.497   799.823   -45.33   55.05
 145930.028   790.983   -23.72   50.95
 146302.518   791.914     2.50   48.49
 146674.968   800.111    22.01   46.88
 147047.378   820.966    55.99   64.67
 147419.748   860.552   106.29   74.65
 147792.077   892.377    85.46   66.67
 148164.366   945.864   143.65   65.76
 148536.615   988.621   114.84   68.70
 148908.823  1032.400   117.60   76.87
 149280.992  1086.966   146.59   83.30
 149653.120  1138.509   138.49   79.44
 150025.208  1165.000    71.19   57.24
 150397.255  1145.016   -53.70   76.68
 150769.263  1092.175  -142.02   90.89
 151141.230  1029.492  -168.49   87.78
 151513.158   970.704  -158.04   65.19
 151885.045   913.500  -153.80   69.18
 152256.892   858.421  -148.10   77.55
 152628.699   822.803   -95.78   71.72
 153000.466   783.169  -106.59   57.00
 153372.193   757.793   -68.26   52.44
 153743.880   749.593   -22.06   62.79
 154115.527   751.119     4.10   88.69
 154487.133   742.825   -22.32   87.83
 154858.700   727.362   -41.61   85.81
 155230.227   695.820   -84.89   74.12
 155601.714   670.214   -68.92   60.18
 155973.161   649.217   -56.52   59.11
 156344.568   640.000   -24.81   60.98
 156715.935   634.069   -15.97   61.46
 157087.262   658.207    64.99   68.94
 157458.549   694.698    98.27   79.87
 157829.796   735.483   109.84   89.14
 158201.004   800.690   175.63  108.00
 158572.171   871.131   189.75  101.67
 158943.299   907.220    97.23   74.18
 159314.387   894.509   -34.25   81.80
 159685.435   839.000  -149.58   98.22
 160056.443   760.667  -211.10   85.38
 160427.412   709.661  -137.47   65.56
 160798.340   673.881   -96.44   61.03
 161169.229   632.054  -112.76   58.35
 161540.079   594.737  -100.61   44.44
 161910.888   575.017   -53.17   27.93
 162281.658   570.667   -11.73   12.98
 162652.388   580.421    26.31   18.82
 163023.078   594.621    38.30   27.12
 163393.729   618.869    65.41   39.47
 163764.340   651.763    88.74   51.65
 164134.912   706.172   146.80   70.13
 164505.443   771.179   175.41   81.74
 164875.936   837.167   178.08   78.98
 165246.388   890.929   145.10   64.39
 165616.801   907.918    45.86   75.57
 165987.175   907.054    -2.33   90.83
 166357.509   865.696  -111.66  110.10
 166727.803   827.138  -104.11  104.98
 167098.058   808.164   -51.24   85.08
 167468.273   791.054   -46.21   63.22
 167838.449   795.441    11.85   59.13
 168208.585   783.119   -33.28   73.62
 168586.489   745.702   -99.00   69.64
 168964.643   719.593   -69.03   53.86
 169342.756   684.345   -93.20   54.55
 169720.828   676.898   -19.69   54.84
 170098.858   683.207    16.69   53.86
 170476.847   707.302    63.73   65.07
 170854.795   743.474    95.69   56.88
 171232.702   754.404    28.92   48.85
 171610.567   739.097   -40.50   54.02
 171988.391   727.655   -30.28   55.44
 172366.174   723.276   -11.59   50.72
 172743.916   736.982    36.28   55.67
 173121.616   741.898    13.01   55.93
 173499.276   726.121   -41.77   67.59
 173876.894   701.288   -65.75   64.70
 174254.471   672.567   -76.05   37.57
 174632.007   668.638   -10.40   37.90
 175009.501   679.712    29.33   43.20
 175386.955   690.907    29.66   40.68
 175764.368   693.614     7.17   33.18
 176141.739   676.559   -45.19   40.54
 176519.070   657.683   -50.02   43.27
 176896.359   638.561   -50.67   37.60
 177273.607   625.638   -34.25   31.36
 177650.815   617.131   -22.55   28.34
 178027.981   620.964    10.16   31.53
 178405.107   648.085    71.90   45.95
 178782.191   670.579    59.64   45.93
 179159.234   685.810    40.39   39.49
 179536.237   699.386    36.00   45.21
 179913.199   699.525     0.37   48.13
 180290.119   699.712     0.49   43.42
 180666.999   693.643   -16.10   47.33
 181043.838   673.197   -54.25   53.92
 181420.636   651.088   -58.67   51.08
 181797.394   635.912   -40.27   51.01
 182174.110   626.102   -26.04   57.33
 182550.786   609.525   -44.00   62.30
 182927.420   579.983   -78.42   64.58
 183304.014   544.086   -95.30   51.78
 183680.568   511.333   -86.96   38.63
 184057.080   498.214   -34.84   31.02
 184433.552   498.800     1.56   37.98
 184809.983   500.407     4.27   42.20
 185186.373   501.965     4.14   42.77
 185562.723   497.345   -12.27   42.96
 185939.032   487.175   -27.02   42.37
 186315.300   478.667   -22.61   43.03
 186691.528   474.964    -9.84   41.71
 187067.715   468.885   -16.15   43.05
 187443.861   466.786    -5.58   45.41
 187819.967   458.897   -20.97   48.43
 188196.032   437.897   -55.83   49.33
 188572.057   422.034   -42.18   49.33
 188948.041   408.386   -36.29   42.03
 189323.984   412.750    11.61   39.63
 189699.887   440.050    72.61   55.97
 190075.750   477.250    98.95   57.65
 190451.572   515.633   102.11   56.91
 190827.353   538.000    59.51   45.29
 191203.094   543.345    14.22   52.58
 191578.795   531.661   -31.09   63.39
 191954.455   509.237   -59.68   59.58
 192330.074   493.828   -41.02   46.40
 192705.653   488.375   -14.52   36.48
 193081.192   493.102    12.58   37.42
 193456.691   501.554    22.50   42.45
 193832.149   514.050    33.28   49.58
 194207.566   524.610    28.12   50.62
 194582.944   532.368    20.66   50.41
 194958.281   556.414    64.05   53.67
 195333.578   574.576    48.39   53.84
 195708.834   600.947    70.26   59.10
 196084.050   621.018    53.48   50.68
 196459.226   636.738    41.89   52.93
 196834.362   651.764    40.05   56.77
 197209.457   651.525    -0.63   55.83
 197584.512   653.158     4.35   55.26
 197959.527   664.776    30.97   55.50
 198334.502   677.474    33.86   54.86
 198709.436   681.877    11.74   52.18
 199084.331   706.759    66.36   56.26
 199459.185   733.582    71.54   59.44
 199833.999   753.803    53.94   57.34
 200208.773   771.386    46.91   52.28
 200583.507   776.035    12.40   51.19
 200958.201   753.780   -59.38   53.77
 201332.854   735.448   -48.92   55.07
 201707.468   718.345   -45.65   50.04
 202082.041   713.881   -11.91   44.57
 202456.575   723.383    25.37   48.13
 202831.068   740.070    44.55   43.65
 203205.522   761.814    58.06   41.52
 203579.935   787.545    68.71   43.49
 203954.309   820.982    89.30   53.26
 204328.642   870.407   132.01   64.71
 204702.936   909.220   103.68   69.97
 205077.190   935.259    69.56   61.94
 205451.403   934.780    -1.28   70.22
 205825.577   922.098   -33.88   72.47
 206199.711   919.895    -5.89   78.36
 206573.805   917.390    -6.69  100.37
 206947.860   929.852    33.31  111.09
 207321.874   946.776    45.24   86.48
 207695.848   943.719    -8.17   71.67
 208069.783   930.295   -35.89   71.46
 208443.678   894.310   -96.22   65.44
 208817.533   870.281   -64.26   60.45
 209191.348   841.371   -77.32   62.09
 209565.124   805.772   -95.22   59.04
 209938.860   751.339  -145.62   62.91
 210312.556   703.315  -128.48   50.06
 210686.212   676.203   -72.54   40.16
 211059.829   673.036    -8.48   44.16
 211433.406   684.131    29.69   54.88
 211806.943   690.897    18.11   52.37
 212180.440   683.807   -18.98   50.40
 212553.898   646.267  -100.50   58.44
 212927.317   602.793  -116.40   59.53
 213300.695   565.825   -98.99   37.56
 213674.035   560.418   -14.48   41.53
 214047.334   592.644    86.31   66.54
 214420.594   632.357   106.37   65.69
 214793.814   660.800    76.19   67.14
 215166.995   674.879    37.72   72.09
 215540.136   674.596    -0.76   68.51
 215913.238   678.288     9.89   73.06
 216286.300   659.034   -51.60   70.02
 216659.323   631.190   -74.63   73.53
 217032.306   592.153  -104.64   66.96
 217405.250   534.017  -155.85   60.51
 217778.154   487.821  -123.85   45.68
 218151.019   461.186   -71.42   33.15
 218523.845   442.759   -49.41    6.70
 218896.631   443.000     0.65    7.53
 219269.377   454.655    31.26   23.03
 219642.085   474.559    53.39   34.87
 220014.753   501.862    73.25   44.81
 220387.381   531.034    78.27   55.40
 220759.970   567.237    97.15   75.86
 221132.520   608.375   110.40   76.84
 221505.031   661.083   141.46   72.14
 221877.502   707.722   125.19   65.73
 222249.934   733.379    68.88   55.81
 222622.327   750.400    45.70   41.18
 222994.680   728.817   -57.95   58.36
 223366.995   669.421  -159.50   74.84
 223739.270   616.552  -141.99   70.73
 224111.505   588.136   -76.32   52.35
 224483.702   576.860   -30.29   36.14
 224855.859   586.448    25.76   37.48
 225227.978   603.930    46.97   31.64
 225600.057   619.860    42.80   34.95
 225972.097   638.055    48.89   41.27
 226344.098   662.377    65.37   48.42
 226716.059   692.455    80.84   47.73
 227087.982   717.746    67.99   50.57
 227459.865   748.286    82.10   49.25
 227831.710   789.912   111.92   57.91
 228203.515   839.536   133.44   75.10
 228575.281   887.322   128.51   78.27
 228947.009   944.123   152.77   68.84
 229318.697   984.123   107.59   62.40
 229690.346  1023.164   105.02   67.39
 230061.957  1050.737    74.18   60.90
 230433.528  1068.966    49.05   66.50
 230805.060  1090.815    58.80   68.33
 231176.554  1125.763    94.05   76.40
 231548.008  1176.446   136.42   83.07
 231919.424  1234.700   156.81   91.38
 232290.800  1312.875   210.45   78.94
 232662.138  1371.386   157.53   70.27
 233033.437  1400.724    79.00   80.53
 233404.697  1388.509   -32.89  112.23
 233775.918  1329.368  -159.28  138.67
 234147.100  1249.509  -215.10  139.54
 234518.244  1174.169  -202.94  120.58
 234889.349  1115.286  -158.63   95.94
 235260.414  1060.683  -147.12   85.08
 235631.442  1014.148  -125.39   76.57
 236002.430   970.088  -118.74   65.48
 236373.379   936.927   -89.37   49.72
 236744.290   925.034   -32.06   56.09
 237115.162   895.268   -80.24   55.14
 237485.996   870.450   -66.91   44.13
 237856.790   846.877   -63.56   30.00
 238227.546   843.862    -8.13   26.23
 238598.264   862.050    49.05   46.02
 238968.942   887.035    67.39   67.08
 239339.582   902.804    42.53   61.22
 239710.184   893.909   -23.99   69.98
 240080.747   860.627   -89.79   82.19
 240451.271   821.571  -105.38   55.85
 240821.756   807.763   -37.26   51.78
 241192.203   804.214    -9.58   57.89
 241562.612   801.839    -6.41   61.32
 241932.982   790.322   -31.09   62.71
 242303.313   771.276   -51.42   52.32
 242673.606   759.000   -33.14   38.97
 243043.860   755.441    -9.61   33.86
 243420.938   759.759    11.45   35.16
 243799.006   764.772    13.26   46.32
 244177.034   759.898   -12.89   58.69
 244555.022   761.648     4.63   61.85
 244932.970   744.357   -45.74   60.23
 245310.878   740.949    -9.02   66.22
 245688.745   742.211     3.34   72.65
 246066.572   740.684    -4.04   73.33
 246444.359   757.193    43.69   72.53
 246822.106   778.051    55.20   68.49
 247199.812   792.893    39.29   53.45
 247577.479   775.712   -45.48   62.11
 247955.105   733.288  -112.32   61.10
 248332.691   701.466   -84.26   51.56
 248710.237   670.397   -82.27   35.65
 249087.743   660.276   -26.80   32.46
 249465.209   662.375     5.56   46.14
 249842.635   668.463    16.13   56.51
 250220.021   682.475    37.12   59.43
 250597.367   700.000    46.43   60.58
 250974.673   733.586    88.99   66.44
 251351.938   784.552   135.06   68.64
 251729.164   817.964    88.55   60.32
 252106.350   831.950    37.07   53.74
 252483.496   839.389    19.72   50.86
 252860.602   855.298    42.18   49.89
 253237.668   875.088    52.47   46.50
 253614.694   881.190    16.18   45.09
 253991.681   860.741   -54.23   61.23
 254368.627   849.983   -28.53   65.07
 254745.533   821.407   -75.80   73.26
 255122.400   793.518   -73.98   78.59
 255499.227   790.831    -7.13   76.97
 255876.014   808.527    46.96   85.36
 256252.761   859.286   134.69  103.91
 256629.469   925.966   176.96   95.02
 257006.136   976.466   134.03   88.98
 257382.764  1025.125   129.16   95.46
 257759.352  1062.211    98.45   94.66
 258135.900  1076.695    38.46   83.10
 258512.409  1084.107    19.68   81.66
 258888.878  1048.983   -93.27   86.37
 259265.307  1011.780   -98.81   92.52
 259641.697   967.017  -118.89   90.16
 260018.047   959.190   -20.79   90.12
 260394.357   988.102    76.81   95.72
 260770.628  1023.036    92.82   83.01
 261146.859  1044.981    58.32   76.45
 261523.050  1022.915   -58.64   90.46
 261899.202   970.667  -138.87  108.20
 262275.314   924.729  -122.11  125.98
 262651.387   839.466  -226.66  108.88
 263027.420   771.776  -179.96   87.33
 263403.413   721.172  -134.55   58.77
 263779.367   705.825   -40.81   45.55
 264155.282   733.035    72.37   65.98
 264531.157   778.222   120.19   62.84
 264906.992   803.033    66.00   54.57
 265282.788   781.036   -58.52   74.25
 265658.545   749.339   -84.33   72.47
 266034.262   733.293   -42.70   56.83
 266409.940   750.804    46.60   68.83
 266785.578   802.650   137.99   71.59
 267161.177   842.927   107.21   62.87
 267536.736   878.086    93.59   55.12
 267912.257   890.909    34.14   53.04
 268287.737   917.441    70.64   56.18
 268663.179   926.839    25.03   65.23
 269038.581   924.169    -7.11   68.86
 269413.944   942.793    49.60   71.51
 269789.267   957.250    38.51   73.75
 270164.552   980.915    63.04   73.02
 270539.797  1024.925   117.25   74.94
 270915.002  1070.140   120.48   87.36
 271290.169  1100.436    80.73   95.26
 271665.296  1159.862   158.37   89.05
 272040.384  1185.929    69.48   76.44
 272415.433  1178.362   -20.17   80.57
 272790.442  1128.345  -133.34   93.33
 273165.413  1077.632  -135.21   87.96
 273540.344  1021.833  -148.78   82.91
 273915.236   976.037  -122.13   79.24
 274290.089   946.965   -77.53   79.29
 274664.903   930.400   -44.18   82.09
 275039.678   920.123   -27.41   79.81
 275414.414   890.286   -79.60   83.70
 275789.110   843.328  -125.29   75.67
 276163.768   802.807  -108.12   49.08
 276538.386   773.684   -77.72   49.28
 276912.966   739.067   -92.39   63.22
 277287.506   701.167  -101.16   65.86
 277662.008   668.649   -86.80   44.65
 278036.470   675.382    17.97   60.84
 278410.894   713.386   101.47   78.00
 278785.278   745.714    86.33   57.91
 279159.624   744.947    -2.05   55.57
 279533.930   738.263   -17.85   58.23
 279908.198   735.464    -7.48   60.16
 280282.427   739.600    11.05   61.55
 280656.617   748.556    23.93   55.64
 281030.768   732.690   -42.39   48.37
 281404.880   697.491   -94.06   55.51
 281778.953   653.281  -118.15   68.73
 282152.988   626.661   -71.15   55.41
 282526.983   619.241   -19.83   47.66
 282900.940   638.526    51.56   55.07
 283274.858   660.071    57.60   50.87
 283648.737   672.483    33.19   53.93
 284022.578   694.400    58.61   55.43
 284396.379   704.542    27.13   62.00
 284770.142   719.745    40.66   61.84
 285143.866   731.411    31.20   62.91
 285517.552   737.404    16.03   61.00
 285891.199   746.763    25.04   59.42
 286264.807   760.281    36.17   56.93
 286638.376   760.603     0.86   61.45
 287011.907   747.267   -35.69   64.27
 287385.399   745.607    -4.44   66.18
 287758.852   748.847     8.67   64.93
 288132.267   740.833   -21.46   55.64
 288505.643   760.982    53.95   65.38
 288878.981   794.158    88.84   78.84
 289252.280   827.862    90.26   75.60
 289625.540   861.828    90.97   67.99
 289998.762   877.828    42.86   53.57
 290371.946   873.741   -10.95   48.89
 290745.090   845.054   -76.86   60.77
 291118.197   808.678   -97.47   56.52
 291491.265   778.528   -80.79   31.05
 291864.294   780.421     5.07   32.36
 292237.285   801.545    56.62   41.71
 292610.237   813.207    31.26   37.99
 292983.151   814.786     4.23   38.43
 293356.027   806.692   -21.70   45.53
 293728.864   790.743   -42.77   40.82
