# NaN NaN NaN ;Mean Elev.(m), Avg Gradient(m/km), RMS Gradient(m/km) - SRTM1     
#   45.095   0.098   7.083 ;Mean Elev.(m), Avg Gradient(m/km), RMS Gradient(m/km) - ASTER GDEM
#   54.878   0.088   2.353 ;Mean Elev.(m), Avg Gradient(m/km), RMS Gradient(m/km) - GMTED2010 
  8    59.800 52492.52648660 49.82 131.036754  47.685472 14.700
  8    59.924 52492.52648724 48.22 131.035434  47.688722 14.700
  8    59.950 52492.52648789 48.78 131.034124  47.691962 14.700
 10    57.661 52562.52651334 32.62 131.025222  47.687331 16.795
 10    57.715 52562.52651399 35.08 131.023902  47.690571 16.795
 12    60.858 52632.52647516 10.54 131.020886  47.688209  5.816
 12    59.783 52632.52647580 10.78 131.019566  47.691449  5.816
 13    57.171 52667.52649311 15.15 131.024735  47.686938  5.756
 13    58.435 52667.52649375 13.88 131.023415  47.690188  5.756
 14    56.970 52702.52646621 12.24 131.028453  47.686094  5.376
 14    57.243 52702.52646685 10.38 131.027133  47.689334  5.376
 15    56.675 52737.52650695 27.55 131.031415  47.685225 15.140
 15    56.986 52737.52650759 26.92 131.030095  47.688475 15.140
 15    56.913 52737.52650824 22.54 131.028775  47.691715 15.140
 16    57.489 52772.52647135 47.37 131.036644  47.684258 12.707
 16    57.402 52772.52647199 52.10 131.035324  47.687498 12.707
 16    57.275 52772.52647264 43.92 131.034004  47.690748 12.707
 17    59.004 52807.52653128 40.01 131.017645  47.688665 17.249
 17    59.185 52807.52653193 43.95 131.016325  47.691905 17.249
 18    61.973 52842.52658951 41.68 131.021182  47.688315 21.023
 18    62.047 52842.52659015 37.15 131.019862  47.691555 21.023
 19    62.334 52877.52662758 49.76 131.022800  47.686723 20.759
 19    62.263 52877.52662823 49.76 131.021480  47.689973 20.759
 19    62.351 52877.52662887 51.16 131.020160  47.693213 20.759
 20    62.673 52912.52658454 48.15 131.040602  47.682261 10.623
 20    62.420 52912.52658518 51.49 131.039292  47.685501 10.623
 20    62.648 52912.52658583 51.12 131.037972  47.688741 10.623
 21    58.271 52947.52654297 47.12 131.023660  47.686409 18.398
 21    58.459 52947.52654362 45.76 131.022340  47.689649 18.398
 21    58.260 52947.52654426 48.19 131.021020  47.692899 18.398
 23    61.058 53017.52657269 15.48 131.031136  47.684261  6.545
 23    60.794 53017.52657333 14.60 131.029816  47.687501  6.545
 23    60.024 53017.52657398 14.52 131.028506  47.690751  6.545
 24    59.492 53052.52655350 10.87 131.024797  47.686278  5.645
 24    59.497 53052.52655414 11.62 131.023477  47.689528  5.645
 24    59.517 53052.52655479 11.74 131.022157  47.692768  5.645
 25    68.599 53087.52659028 21.25 131.023274  47.686240  9.596
 25    66.473 53087.52659092 24.35 131.021954  47.689480  9.596
 25    58.931 53087.52659157 22.80 131.020644  47.692720  9.596
 26    59.196 53122.52656075 45.51 131.021728  47.687151 21.000
 26    59.234 53122.52656139 50.43 131.020408  47.690391 21.000
 27    64.844 53157.52661735 49.52 131.017865  47.686338 15.663
 27    64.814 53157.52661799 52.05 131.016545  47.689578 15.663
 27    64.817 53157.52661864 51.83 131.015235  47.692828 15.663
 28    65.223 53192.52660942 16.84 131.032818  47.683506 14.750
 28    62.799 53192.52661007 21.44 131.031498  47.686746 14.750
 28    61.759 53192.52661071 18.71 131.030188  47.689986 14.750
 29    61.414 53227.52660883 45.77 131.033310  47.683918 15.766
 29    61.388 53227.52660948 43.75 131.031990  47.687168 15.766
 29    61.367 53227.52661012 47.25 131.030670  47.690408 15.766
 30    60.146 53262.52658228 50.76 131.030639  47.685386 16.537
 30    60.359 53262.52658293 49.68 131.029319  47.688636 16.537
 30    60.184 53262.52658357 52.01 131.028009  47.691876 16.537
 31    63.292 53297.52662031 18.50 131.014402  47.686193 18.064
 31    62.046 53297.52662096 21.42 131.013082  47.689433 18.064
 31    59.465 53297.52662160 32.28 131.011772  47.692683 18.064
 32    56.186 53332.52659146 37.30 131.027541  47.685269 18.481
 32    56.121 53332.52659211 35.48 131.026221  47.688509 18.481
 32    55.761 53332.52659275 30.61 131.024911  47.691749 18.481
 33    58.729 53367.52653579 43.65 131.036296  47.685445 14.510
 33    58.393 53367.52653643 28.96 131.034976  47.688685 14.510
 33    58.271 53367.52653708 19.10 131.033656  47.691935 14.510
 34    60.994 53402.52656518 14.01 131.023805  47.687371  5.456
 34    60.534 53402.52656583 13.01 131.022485  47.690621  5.456
 35    57.701 53437.52655304 16.45 131.034196  47.683301  7.910
 35    57.838 53437.52655368 15.06 131.032876  47.686541  7.910
 35    57.829 53437.52655432 15.36 131.031556  47.689791  7.910
 36    57.965 53472.52660841 24.45 131.018941  47.688283 18.921
 36    57.935 53472.52660905 39.29 131.017621  47.691523 18.921
 37    60.863 53507.52663662 50.55 131.024199  47.687131 23.925
 37    60.947 53507.52663727 52.53 131.022879  47.690371 23.925
 38    60.622 53542.52664488 32.18 131.023406  47.687595 17.353
 38    60.779 53542.52664552 34.25 131.022096  47.690835 17.353
 39    59.791 53577.52663011 50.55 131.029073  47.685743 16.244
 39    59.717 53577.52663076 51.43 131.027753  47.688983 16.244
 39    59.748 53577.52663140 52.00 131.026433  47.692233 16.244
 40    58.359 53612.52658247 36.65 131.031112  47.685143 17.077
 40    58.816 53612.52658311 26.37 131.029792  47.688393 17.077
 40    58.832 53612.52658376 27.17 131.028482  47.691633 17.077
 41    58.570 53647.52658812 51.09 131.023407  47.687329 23.387
 41    58.468 53647.52658877 52.03 131.022087  47.690569 23.387
 42    57.116 53682.52660309 31.05 131.023452  47.685393 12.380
 42    61.754 53682.52660373 19.85 131.022132  47.688643 12.380
 42    61.403 53682.52660438 16.18 131.020822  47.691883 12.380
 43    62.421 53717.52652975 18.76 131.036296  47.683714  8.336
 43    61.979 53717.52653039 19.06 131.034986  47.686954  8.336
 43    58.277 53717.52653104 21.08 131.033666  47.690194  8.336
 44    62.073 53752.52645010 13.83 131.028066  47.684688  4.963
 44    61.620 53752.52645075 15.88 131.026756  47.687928  4.963
 44    61.252 53752.52645139 10.85 131.025436  47.691168  4.963
 45    62.189 53787.52648015 10.24 131.033284  47.685096  5.797
 45    61.625 53787.52648080 11.84 131.031964  47.688346  5.797
 45    60.905 53787.52648144 12.06 131.030654  47.691586  5.797
 47    58.622 53857.52652746 53.11 131.019470  47.687908 24.880
 47    58.387 53857.52652810 51.97 131.018150  47.691158 24.880
 48    64.428 53892.52654020 17.95 131.030385  47.683916  9.512
 48    59.289 53892.52654084 19.84 131.029065  47.687166  9.512
 48    59.327 53892.52654148 23.19 131.027745  47.690406  9.512
 49    59.708 53927.52660070 44.38 131.015865  47.685919 15.989
 49    59.585 53927.52660135 48.03 131.014545  47.689159 15.989
 49    59.607 53927.52660199 49.91 131.013225  47.692409 15.989
 50    60.711 53962.52658388 46.75 131.023832  47.685826 15.254
 50    60.892 53962.52658453 43.71 131.022522  47.689076 15.254
 50    60.884 53962.52658517 48.10 131.021202  47.692316 15.254
 51    60.587 53997.52652998 52.43 131.018594  47.687667 19.043
 51    60.729 53997.52653062 52.93 131.017274  47.690907 19.043
 51    60.587 53997.52653127 51.78 131.015954  47.694147 19.043
 52    58.377 54032.52657972 46.78 131.026513  47.685088 21.791
 52    58.333 54032.52658036 50.26 131.025193  47.688338 21.791
 52    58.368 54032.52658101 43.46 131.023873  47.691578 21.791
 54    60.464 54102.52653336 20.23 131.032424  47.686449  7.687
 54    60.322 54102.52653401 20.99 131.031104  47.689689  7.687
 55    59.852 54137.52650282 17.33 131.022118  47.688117  6.854
 55    59.783 54137.52650347 14.97 131.020798  47.691357  6.854
 56    61.979 54172.52651055  8.94 131.030608  47.685356  5.128
 56    61.272 54172.52651119 12.41 131.029288  47.688596  5.128
 56    60.546 54172.52651184 10.53 131.027978  47.691846  5.128
 57    61.729 54207.52650831 23.93 131.020509  47.688342 20.045
 57    59.429 54207.52650896 33.43 131.019189  47.691582 20.045
 58    60.490 54242.52654039 25.39 131.026825  47.686778 15.562
 58    60.704 54242.52654103 26.86 131.025515  47.690018 15.562
 59    59.622 54277.52655391 50.37 131.026983  47.685637 13.742
 59    59.567 54277.52655456 50.52 131.025663  47.688887 13.742
 59    59.522 54277.52655520 49.65 131.024353  47.692127 13.742
 60    62.510 54312.52655448 51.83 131.028419  47.686736 17.260
 60    62.541 54312.52655513 54.40 131.027099  47.689986 17.260
 61    62.199 54347.52652647 51.07 131.033058  47.686397 19.570
 61    62.218 54347.52652712 52.36 131.031738  47.689637 19.570
 62    59.654 54382.52649207 53.58 131.023706  47.687894 24.396
 62    59.565 54382.52649272 53.04 131.022386  47.691134 24.396
 63    61.344 54417.52647554 25.53 131.030347  47.685756 21.400
 63    60.686 54417.52647618 25.03 131.029037  47.688996 21.400
 63    60.259 54417.52647683 19.73 131.027717  47.692246 21.400
 64    59.255 54452.52646170 26.25 131.020913  47.687689  9.367
 64    58.901 54452.52646235 25.55 131.019593  47.690929  9.367
 65    58.278 54487.52647278 20.82 131.030263  47.684147  7.999
 65    59.481 54487.52647343 18.89 131.028943  47.687387  7.999
 65    58.822 54487.52647407 20.91 131.027623  47.690637  7.999
 66    57.761 54522.52647470 32.88 131.025227  47.687611  8.971
 66    57.741 54522.52647534 22.20 131.023907  47.690851  8.971
 67    58.489 54557.52648331 23.06 131.030871  47.686092 16.572
 67    58.732 54557.52648395 29.02 131.029551  47.689332 16.572
 68    57.346 54592.52647107 29.26 131.024928  47.687455 14.671
 68    57.353 54592.52647171 29.69 131.023618  47.690695 14.671
 69    58.504 54627.52648604 28.32 131.027407  47.686917 12.424
 69    58.762 54627.52648669 34.65 131.026087  47.690157 12.424
 70    58.340 54662.52649387 33.02 131.023424  47.687983 13.619
 70    58.502 54662.52649452 39.03 131.022104  47.691223 13.619
 71    59.376 54697.52646771 47.30 131.033819  47.683361 17.849
 71    58.977 54697.52646835 57.89 131.032499  47.686601 17.849
 71    59.229 54697.52646900 51.23 131.031179  47.689851 17.849
 72    60.128 54732.52645015 42.92 131.023341  47.685025 19.115
 72    59.997 54732.52645079 43.82 131.022021  47.688265 19.115
 72    60.066 54732.52645144 40.60 131.020701  47.691505 19.115
 73    61.235 54767.52644694 19.88 131.029230  47.684091 19.393
 73    58.768 54767.52644759 23.36 131.027920  47.687341 19.393
 73    58.763 54767.52644823 32.74 131.026600  47.690581 19.393
 74    60.337 54802.52644424 16.62 131.021221  47.686927  5.871
 74    59.578 54802.52644488 16.57 131.019901  47.690167  5.871
 74    58.889 54802.52644553 17.03 131.018591  47.693417  5.871
 75    60.598 54837.52644014 15.46 131.028218  47.684665  6.617
 75    60.363 54837.52644078 15.84 131.026898  47.687905  6.617
 75    60.179 54837.52644143 15.64 131.025578  47.691155  6.617
 76    62.927 54872.52644277  8.40 131.023624  47.685080  3.677
 76    60.220 54872.52644342 11.03 131.022314  47.688320  3.677
 76    60.084 54872.52644406  9.99 131.020994  47.691570  3.677
 77    65.429 54907.52644764  8.04 131.030480  47.686742  4.637
 77    66.032 54907.52644829  5.55 131.029160  47.689982  4.637
 78    59.244 54942.52643610 25.56 131.022290  47.686065 15.893
 78    59.283 54942.52643674 26.46 131.020970  47.689315 15.893
 78    59.366 54942.52643739 24.75 131.019650  47.692555 15.893
 79    59.715 54977.52646391 46.40 131.025263  47.687428 22.592
 79    59.824 54977.52646455 46.06 131.023953  47.690668 22.592
 80    66.900 55012.52647061 23.52 131.027993  47.685126 15.928
 80    61.307 55012.52647126 22.95 131.026673  47.688366 15.928
 80    61.470 55012.52647190 35.11 131.025353  47.691606 15.928
 81    61.656 55047.52646317 47.92 131.027246  47.685492 20.022
 81    61.725 55047.52646382 51.48 131.025926  47.688742 20.022
 81    61.613 55047.52646446 52.11 131.024606  47.691982 20.022
 82    62.592 55082.52643394 50.61 131.034204  47.683879 18.028
 82    62.586 55082.52643459 49.60 131.032884  47.687119 18.028
 82    62.634 55082.52643523 53.90 131.031564  47.690369 18.028
 84    57.630 55152.52639256 37.54 131.027411  47.686986 17.073
 84    57.385 55152.52639320 35.68 131.026101  47.690236 17.073
 85    61.349 55187.52638257 16.03 131.022013  47.686182  6.087
 85    61.161 55187.52638321 15.07 131.020693  47.689422  6.087
 85    60.894 55187.52638386 14.96 131.019383  47.692672  6.087
 86    60.886 55222.52639104 13.72 131.028451  47.685227  5.588
 86    60.773 55222.52639168 15.30 131.027141  47.688467  5.588
 86    60.791 55222.52639233 15.66 131.025821  47.691707  5.588
 87    62.220 55257.52637848  9.72 131.025475  47.687606  3.545
 87    61.501 55257.52637913 10.57 131.024165  47.690846  3.545
 88    59.581 55292.52637897 24.09 131.032095  47.685115 13.303
 88    59.713 55292.52637962 25.60 131.030785  47.688365 13.303
 88    59.680 55292.52638026 26.57 131.029465  47.691605 13.303
 89    60.937 55327.52636288 48.92 131.023856  47.687695 27.885
 89    61.065 55327.52636353 50.39 131.022536  47.690935 27.885
 90    60.079 55362.52635773 51.48 131.030078  47.684718 18.002
 90    60.040 55362.52635837 52.65 131.028768  47.687958 18.002
 90    60.161 55362.52635902 50.23 131.027448  47.691198 18.002
 91    59.736 55397.52636595 34.30 131.023387  47.685051 13.373
 91    59.688 55397.52636660 36.13 131.022067  47.688291 13.373
 91    59.909 55397.52636724 36.68 131.020747  47.691531 13.373
 92    62.822 55432.52637351 46.89 131.029054  47.685855 15.755
 92    62.988 55432.52637416 45.11 131.027744  47.689095 15.755
 92    62.901 55432.52637480 48.85 131.026424  47.692335 15.755
 93    63.281 55467.52633171 23.33 131.035821  47.685310 14.305
 93    59.150 55467.52633235 24.97 131.034501  47.688550 14.305
 93    59.242 55467.52633300 28.88 131.033191  47.691800 14.305
