-218743.642   645.463     0.00   60.56
-218366.777   631.842   -36.15   57.87
-217989.953   615.370   -43.72   54.20
-217613.170   602.052   -35.35   46.28
-217236.428   600.602    -3.85   53.96
-216859.727   613.518    34.30   64.41
-216483.067   647.318    89.75   70.47
-216106.447   667.041    52.38   51.53
-215729.868   665.785    -3.34   39.91
-215353.330   673.437    20.32   38.04
-214976.833   667.602   -15.50   46.02
-214600.376   659.152   -22.45   51.82
-214223.960   644.811   -38.11   63.13
-213847.585   619.229   -67.98   58.54
-213471.251   604.990   -37.84   56.55
-213094.957   596.521   -22.51   60.76
-212718.704   572.197   -64.66   58.86
-212342.491   562.679   -25.30   51.52
-211966.320   568.492    15.46   57.95
-211590.188   586.555    48.03   63.23
-211214.098   617.495    82.28   63.89
-210838.048   602.155   -40.80   78.00
-210462.038   572.421   -79.10   90.15
-210086.070   535.299   -98.76   83.81
-209710.141   499.202   -96.04   70.06
-209334.254   472.352   -71.45   52.13
-208958.406   450.018   -59.43   29.03
-208582.600   437.715   -32.74    8.32
-208206.833   433.792   -10.44    4.76
-207831.108   430.727    -8.16    4.02
-207455.422   430.712    -0.04    9.82
-207079.777   435.708    13.30   23.57
-206704.173   441.645    15.81   34.54
-206328.609   461.102    51.82   53.67
-205953.085   488.470    72.90   71.74
-205577.602   519.194    81.84   87.22
-205202.159   547.209    74.63   90.82
-204826.757   540.013   -19.17   82.57
-204451.395   515.673   -64.86   72.83
-204076.073   484.792   -82.29   50.15
-203700.791   477.047   -20.64   39.99
-203325.550   473.369    -9.80   34.46
-202950.349   476.800     9.15   41.79
-202575.189   489.089    32.76   48.99
-202200.068   499.387    27.46   57.78
-201824.988   509.388    26.67   56.12
-201449.948   528.253    50.31   58.73
-201074.949   528.834     1.55   54.24
-200699.989   511.473   -46.31   63.02
-200325.070   478.808   -87.14   66.33
-199950.191   449.162   -79.10   51.44
-199575.352   443.457   -15.22   44.50
-199200.553   464.755    56.84   48.26
-198825.794   488.487    63.34   46.81
-198451.075   509.279    55.50   53.46
-198076.397   536.958    73.89   61.50
-197701.758   562.036    66.95   70.85
-197327.160   598.264    96.73   74.07
-196952.602   627.098    77.00   75.60
-196578.083   646.904    52.89   72.95
-196203.605   676.524    79.11   68.12
-195829.167   677.148     1.67   74.48
-195454.769   670.652   -17.36   79.19
-195080.410   670.559    -0.25   77.72
-194706.092   688.115    46.91   71.16
-194331.814   694.852    18.00   63.21
-193957.575   661.495   -89.15   82.22
-193583.377   629.490   -85.55   80.61
-193209.218   612.768   -44.70   70.46
-192835.100   622.369    25.67   77.41
-192461.021   650.231    74.50   87.02
-192086.982   662.565    32.98   74.41
-191712.983   665.966     9.10   59.49
-191339.024   679.318    35.71   45.43
-190965.104   696.463    45.86   47.93
-190591.225   749.110   140.84   83.05
-190217.385   806.231   152.82   78.21
-189843.585   834.223    74.90   62.65
-189469.824   830.317   -10.45   67.98
-189096.104   794.852   -94.91   67.41
-188722.423   759.085   -95.73   53.95
-188348.782   745.931   -35.21   53.06
-187975.181   744.229    -4.56   60.83
-187601.619   761.479    46.19   67.06
-187228.097   790.589    77.95   88.49
-186854.615   832.734   112.86   99.79
-186481.172   866.778    91.18   89.52
-186107.769   886.054    51.63   86.49
-185734.406   887.966     5.12   87.24
-185361.082   895.504    20.20   85.01
-184987.798   921.093    68.56   79.16
-184614.553   950.387    78.50   64.01
-184241.348   961.316    29.29   50.82
-183868.182   927.085   -91.75   84.56
-183495.056   864.030  -169.02  105.77
-183121.970   800.284  -170.89  103.57
-182748.923   768.530   -85.14   74.07
-182375.916   787.030    49.61   85.60
-182002.948   823.098    96.72   85.20
-181630.019   841.657    49.78   81.71
-181257.130   833.886   -20.84   78.08
-180884.281   807.352   -71.18   77.41
-180511.470   790.454   -45.34   71.14
-180138.700   786.388   -10.91   73.82
-179765.968   806.945    55.16   73.50
-179393.276   833.741    71.91   68.31
-179020.624   845.283    30.98   64.56
-178648.010   842.155    -8.39   78.12
-178275.436   816.467   -68.96   90.59
-177902.902   778.709  -101.37   93.06
-177530.407   742.352   -97.62   96.35
-177157.951   711.555   -82.70   99.15
-176785.534   705.282   -16.85   87.49
-176413.156   705.990     1.90   85.09
-176040.818   715.495    25.53   93.70
-175668.519   711.938    -9.55   97.89
-175296.260   705.406   -17.55  101.49
-174924.039   714.335    23.99   93.73
-174551.858   712.697    -4.40   84.61
-174179.716   712.843     0.39   84.38
-173807.613   720.194    19.76   90.35
-173435.549   710.896   -25.00   89.96
-173063.525   708.977    -5.16   80.86
-172691.539   716.886    21.27   68.88
-172319.593   730.826    37.48   66.58
-171947.685   717.798   -35.03   80.46
-171575.817   688.335   -79.24  105.06
-171203.988   668.655   -52.94  117.02
-170832.198   642.886   -69.32  112.95
-170460.447   637.074   -15.64  111.55
-170088.735   629.742   -19.73  104.16
-169717.062   627.878    -5.01   98.21
-169345.428   635.581    20.73   97.32
-168973.833   673.562   102.23  102.48
-168602.277   721.001   127.70   89.73
-168230.760   761.018   107.73   63.89
-167859.282   772.283    30.33   53.62
-167487.843   769.878    -6.48   56.26
-167116.443   733.584   -97.74   65.67
-166745.082   699.403   -92.06   74.75
-166373.759   663.709   -96.14   78.91
-166002.476   623.811  -107.48   74.59
-165631.231   578.406  -122.32   73.52
-165260.025   534.492  -118.32   71.32
-164888.858   506.905   -74.34   53.39
-164517.730   501.973   -13.29   59.98
-164146.641   505.387     9.20   80.48
-163775.590   501.115   -11.52   88.93
-163404.578   478.817   -60.11  100.95
-163033.605   451.773   -72.91   99.72
-162662.671   434.352   -46.97   86.87
-162291.776   433.593    -2.05   83.99
-161920.919   443.280    26.13   78.23
-161550.101   444.259     2.64   67.70
-161179.322   390.945  -143.81   94.40
-160808.581   320.013  -191.36   91.72
-160437.879   266.216  -145.14   84.22
-160067.216   220.990  -122.03   35.88
-159696.591   213.790   -19.43   32.00
-159326.005   220.420    17.89   46.54
-158955.458   218.731    -4.56   45.54
-158584.949   212.938   -15.64   41.06
-158214.479   204.115   -23.82   33.91
-157844.047   196.817   -19.70   27.75
-157473.654   192.548   -11.53   24.87
-157097.905   187.826   -12.57   21.56
-156719.682   182.333   -14.53   11.82
-156341.500   178.923    -9.02    3.07
-155963.357   177.115    -4.78    2.82
-155585.255   176.024    -2.88    3.01
-155207.194   175.973    -0.14    3.52
-154829.172   176.233     0.69    4.23
-154451.191   176.047    -0.49    4.47
-154073.250   175.048    -2.64    4.57
-153695.349   173.589    -3.86    5.12
-153317.489   172.247    -3.55    5.56
-152939.669   171.248    -2.64    6.04
-152561.889   169.731    -4.02    5.82
-152184.149   169.267    -1.23    6.06
-151806.449   168.888    -1.01    6.21
-151428.789   168.870    -0.05    6.70
-151051.170   167.454    -3.75    5.22
-150673.591   166.388    -2.82    4.25
-150296.051   164.817    -4.16    3.84
-149918.552   163.911    -2.40    4.18
-149541.093   163.141    -2.04    4.23
-149163.674   162.250    -2.36    4.14
-148786.295   161.715    -1.42    4.13
-148408.956   161.455    -0.69    3.47
-148031.657   160.816    -1.69    4.05
-147654.398   159.252    -4.15    5.14
-147277.179   157.024    -5.91    5.44
-146900.000   154.938    -5.53    5.12
-146522.861   153.606    -3.53    5.17
-146145.762   152.194    -3.75    5.56
-145768.703   150.759    -3.81    5.19
-145391.683   148.667    -5.55    4.55
-145014.704   146.727    -5.15    3.81
-144637.764   145.024    -4.52    3.05
-144260.865   144.030    -2.64    3.02
-143884.005   143.334    -1.85    2.76
-143507.185   143.334     0.00    3.23
-143130.405   143.691     0.95    4.18
-142753.665   144.477     2.09    4.93
-142376.964   145.894     3.76    5.86
-142000.303   146.834     2.50    5.90
-141623.682   147.299     1.24    6.19
-141247.101   146.755    -1.44    7.28
-140870.560   145.386    -3.64    9.13
-140494.058   143.923    -3.88    9.15
-140117.596   143.655    -0.71    8.71
-139741.174   142.233    -3.78    6.34
-139364.791   141.905    -0.87    5.31
-138988.448   142.115     0.56    7.58
-138612.145   142.555     1.17   10.79
-138235.881   142.628     0.19   13.00
-137859.657   140.248    -6.33   13.37
-137483.473   137.013    -8.60   10.04
-137107.328   135.084    -5.13    7.13
-136731.222   134.944    -0.37    7.33
-136355.157   133.911    -2.75    7.08
-135979.131   132.388    -4.05    5.93
-135603.144   130.283    -5.60    4.89
-135227.197   130.216    -0.18    5.82
-134851.290   129.128    -2.90    5.11
-134475.421   128.076    -2.80    4.04
-134099.593   128.734     1.75    5.93
-133723.804   132.059     8.85   12.32
-133348.054   134.037     5.27   15.02
-132972.344   133.618    -1.11   15.06
-132596.673   131.191    -6.46   12.80
-132221.042   127.145   -10.77    9.22
-131845.450   124.852    -6.11    6.90
-131469.898   122.334    -6.71    4.42
-131094.384   121.485    -2.26    3.42
-130718.911   120.963    -1.39    3.51
-130343.476   120.904    -0.16    3.62
-129968.081   121.461     1.48    4.21
-129592.725   121.165    -0.79    5.23
-129217.409   121.280     0.31    6.08
-128842.131   121.714     1.16    6.53
-128466.893   123.024     3.49    6.56
-128091.695   123.888     2.30    6.95
-127716.535   128.843    13.21   14.16
-127341.415   134.944    16.27   20.15
-126966.334   141.317    16.99   21.50
-126591.292   141.225    -0.25   21.39
-126216.290   135.697   -14.74   17.84
-125841.326   131.990    -9.89   13.88
-125466.402   132.928     2.50   14.78
-125091.517   141.886    23.90   22.58
-124716.671   148.263    17.01   23.82
-124341.864   155.454    19.19   22.92
-123967.096   153.160    -6.12   21.76
-123592.368   142.597   -28.19   24.26
-123217.678   138.479   -10.99   26.31
-122843.028   137.886    -1.58   25.12
-122468.416   156.211    48.92   45.53
-122093.844   188.024    84.94   54.97
-121719.311   216.248    75.37   44.77
-121344.816   233.655    46.49   36.21
-120970.361   237.552    10.41   36.05
-120595.944   243.276    15.29   35.65
-120221.567   244.685     3.76   34.72
-119847.229   226.188   -49.42   48.78
-119472.929   197.141   -77.61   55.55
-119098.668   165.477   -84.62   38.15
-118724.447   153.800   -31.21   15.73
-118350.264   165.317    30.78   22.67
-117976.120   184.264    50.65   30.18
-117602.015   201.285    45.50   32.60
-117227.949   214.944    36.52   32.11
-116853.922   232.995    48.26   33.88
-116479.933   246.006    34.80   33.64
-116105.984   256.264    27.43   41.11
-115732.073   268.388    32.43   54.89
-115358.201   277.674    24.84   74.18
-114984.367   289.194    30.82   84.58
-114610.573   291.763     6.87   80.49
-114236.817   316.521    66.25   72.97
-113863.100   334.423    47.91   62.34
-113489.422   345.001    28.31   63.88
-113115.782   349.463    11.94   77.44
-112742.181   340.748   -23.33   80.09
-112368.619   332.888   -21.05   69.36
-111995.095   351.623    50.16   70.52
-111621.610   411.194   159.52   85.66
-111248.164   449.727   103.19   66.68
-110874.757   453.040     8.87   67.47
-110501.387   440.931   -32.44   73.13
-110128.057   401.504  -105.62   75.71
-109754.765   358.315  -115.71   83.23
-109381.512   295.826  -167.44   91.94
-109008.297   225.241  -189.15   66.49
-108635.121   192.352   -88.14   39.02
-108261.983   191.798    -1.48   42.46
-107888.884   222.110    81.25   64.04
-107515.824   258.538    97.66   58.16
-107142.802   274.584    43.02   49.83
-106769.818   267.674   -18.53   51.36
-106396.873   254.225   -36.07   50.41
-106023.966   260.896    17.89   57.35
-105651.098   290.148    78.46   73.88
-105278.268   305.504    41.19   68.35
-104905.476   315.120    25.80   52.82
-104532.723   313.369    -4.70   42.95
-104160.009   301.473   -31.92   46.12
-103787.332   279.633   -58.61   51.77
-103414.694   245.955   -90.38   43.90
-103042.095   224.076   -58.73   34.27
-102669.533   207.566   -44.32   29.73
-102297.010   198.788   -23.57   33.41
-101924.526   193.911   -13.09   37.94
-101552.079   189.084   -12.96   41.81
-101179.671   173.776   -41.11   42.80
-100807.301   155.727   -48.47   45.81
-100434.970   135.773   -53.60   39.91
-100062.677   115.720   -53.87   25.02
 -99690.421   105.650   -27.05   18.24
 -99318.204   104.001    -4.43   22.59
 -98946.026   112.334    22.39   39.83
 -98573.885   119.176    18.39   46.02
 -98201.783   123.423    11.41   45.57
 -97829.719   114.155   -24.91   40.50
 -97457.692   100.352   -37.11   31.30
 -97085.704    85.110   -40.98   26.51
 -96713.755    70.479   -39.34   16.60
 -96341.843    60.475   -26.90   10.45
 -95969.969    53.780   -18.00    7.08
 -95598.134    49.352   -11.91    5.29
 -95226.336    46.124    -8.68    4.26
 -94854.577    44.054    -5.57    3.98
 -94482.855    41.468    -6.96    3.66
 -94111.172    39.404    -5.55    2.95
 -93739.526    37.455    -5.25    2.18
 -93367.919    35.963    -4.02    2.07
 -92996.349    34.685    -3.44    1.87
 -92624.818    34.201    -1.30    1.80
 -92253.324    35.233     2.78    2.84
 -91881.869    36.888     4.45    2.89
 -91510.451    38.317     3.85    2.35
 -91139.072    39.162     2.28    2.06
 -90767.730    40.162     2.69    2.09
 -90396.426    40.248     0.23    2.12
 -90025.160    39.562    -1.85    3.46
 -89653.931    39.155    -1.10    3.86
 -89282.741    38.788    -0.99    4.02
 -88911.589    38.386    -1.08    4.01
 -88540.474    38.459     0.20    3.87
 -88169.397    36.691    -4.77    4.18
 -87798.358    35.102    -4.28    3.58
 -87427.357    34.422    -1.83    3.31
 -87056.393    33.545    -2.36    1.73
 -86685.467    33.597     0.14    1.62
 -86314.579    33.597     0.00    1.62
 -85943.729    33.369    -0.62    1.42
 -85572.916    33.282    -0.24    1.33
 -85202.141    33.102    -0.49    1.44
 -84831.404    33.538     1.18    1.77
 -84460.705    33.643     0.28    1.94
 -84090.043    33.959     0.85    2.24
 -83719.419    34.056     0.26    2.20
 -83348.832    33.036    -2.75    2.32
 -82978.283    31.977    -2.86    2.25
 -82607.772    31.131    -2.28    1.91
 -82232.500    30.334    -2.13    1.89
 -81854.365    30.191    -0.38    2.10
 -81476.269    30.128    -0.17    2.26
 -81098.212    30.229     0.27    2.29
 -80720.195    30.250     0.06    2.45
 -80342.217    29.625    -1.66    2.15
 -79964.278    28.798    -2.19    2.32
 -79586.379    27.731    -2.82    2.04
 -79208.518    27.024    -1.87    1.66
 -78830.697    26.870    -0.41    1.64
 -78452.915    26.479    -1.03    1.38
 -78075.172    26.623     0.38    1.51
 -77697.468    26.697     0.20    1.60
 -77319.804    26.233    -1.23    1.83
 -76942.178    25.562    -1.78    1.87
 -76564.592    24.913    -1.72    1.63
 -76187.045    24.301    -1.62    1.21
 -75809.536    24.138    -0.43    1.20
 -75432.067    23.826    -0.83    1.31
 -75054.637    23.685    -0.37    1.41
 -74677.246    23.299    -1.02    1.61
 -74299.894    22.727    -1.52    1.59
 -73922.581    22.386    -0.90    1.44
 -73545.307    21.931    -1.21    1.35
 -73168.072    21.745    -0.49    1.41
 -72790.876    21.403    -0.91    1.58
 -72413.719    21.102    -0.80    1.55
 -72036.601    21.071    -0.08    1.68
 -71659.521    20.773    -0.79    1.76
 -71282.481    20.545    -0.60    1.81
 -70905.480    19.990    -1.47    1.56
 -70528.517    19.495    -1.31    1.49
 -70151.593    19.263    -0.62    1.37
 -69774.708    19.389     0.34    1.30
 -69397.862    19.267    -0.32    1.49
 -69021.055    19.102    -0.44    1.65
 -68644.287    19.041    -0.16    1.80
 -68267.557    18.548    -1.31    1.59
 -67890.867    18.441    -0.28    1.74
 -67514.215    18.420    -0.06    2.11
 -67137.601    18.204    -0.57    2.16
 -66761.027    18.102    -0.27    2.23
 -66384.491    18.152     0.13    2.46
 -66007.994    17.720    -1.15    2.28
 -65631.536    17.030    -1.83    2.49
 -65255.116    16.720    -0.82    2.37
 -64878.735    16.790     0.19    2.43
 -64502.393    17.120     0.87    2.48
 -64126.089    17.165     0.12    2.32
 -63749.824    16.988    -0.47    2.11
 -63373.598    16.720    -0.71    1.51
 -62997.410    16.492    -0.61    1.29
 -62621.261    16.459    -0.09    1.36
 -62245.151    16.457    -0.00    1.36
 -61869.079    16.685     0.61    1.58
 -61493.045    18.066     3.67    2.96
 -61117.050    19.296     3.27    2.92
 -60741.094    20.182     2.36    2.31
 -60365.176    20.513     0.88    1.56
 -59989.297    19.894    -1.65    1.18
 -59613.456    19.562    -0.88    1.05
 -59237.653    19.633     0.19    1.19
 -58861.889    19.490    -0.38    1.15
 -58486.164    19.405    -0.22    1.17
 -58110.477    19.282    -0.33    1.18
 -57734.828    18.870    -1.09    0.97
 -57359.218    18.685    -0.49    0.91
 -56983.646    18.495    -0.51    1.10
 -56608.113    18.318    -0.47    1.11
 -56232.618    18.124    -0.52    1.05
 -55857.161    18.227     0.27    0.99
 -55481.743    18.199    -0.07    0.89
 -55106.363    18.054    -0.39    0.96
 -54731.021    18.076     0.06    0.93
 -54355.718    18.018    -0.15    0.95
 -53980.453    17.905    -0.30    0.87
 -53605.226    17.888    -0.05    0.85
 -53230.037    18.007     0.32    1.41
 -52854.887    18.106     0.26    1.85
 -52479.775    18.584     1.27    2.33
 -52104.701    18.990     1.08    2.30
 -51729.665    18.788    -0.54    2.18
 -51354.668    18.555    -0.62    2.21
 -50979.708    17.778    -2.07    1.34
 -50604.787    17.597    -0.48    1.35
 -50229.904    17.247    -0.94    0.98
 -49855.059    17.089    -0.42    1.08
 -49480.253    17.369     0.75    1.45
 -49105.484    17.440     0.19    1.60
 -48730.754    17.441     0.00    1.60
 -48356.061    17.275    -0.44    1.53
 -47981.407    16.843    -1.15    1.06
 -47606.790    16.983     0.37    1.53
 -47232.212    16.955    -0.08    1.51
 -46857.672    16.948    -0.02    1.58
 -46483.170    16.816    -0.35    1.56
 -46108.706    16.438    -1.01    1.41
 -45734.280    16.243    -0.52    1.38
 -45359.891    15.852    -1.04    1.06
 -44985.541    15.611    -0.64    1.10
 -44611.229    15.404    -0.55    1.23
 -44236.955    15.106    -0.80    1.15
 -43862.718    15.024    -0.22    1.18
 -43488.520    15.316     0.78    1.19
 -43114.359    15.562     0.66    1.13
 -42740.236    15.645     0.22    1.08
 -42366.152    15.534    -0.30    1.02
 -41992.105    15.507    -0.07    1.06
 -41618.096    15.352    -0.41    0.97
 -41244.124    15.597     0.66    1.27
 -40870.191    15.974     1.01    1.21
 -40496.295    15.938    -0.10    1.23
 -40122.437    15.852    -0.23    1.39
 -39748.617    15.541    -0.83    1.39
 -39374.835    15.211    -0.88    1.16
 -39001.091    15.152    -0.16    1.10
 -38627.384    14.835    -0.85    0.86
 -38253.715    14.616    -0.59    0.81
 -37880.083    14.513    -0.28    0.83
 -37506.490    14.500    -0.03    0.86
 -37132.934    14.422    -0.21    0.86
 -36759.416    14.280    -0.38    0.87
 -36385.935    14.036    -0.65    0.93
 -36012.492    14.176     0.38    0.89
 -35639.087    14.263     0.23    0.94
 -35265.719    14.421     0.42    1.51
 -34892.389    14.030    -1.05    1.72
 -34519.097    13.685    -0.92    1.75
 -34145.842    13.390    -0.79    1.64
 -33772.624    13.548     0.42    1.55
 -33399.445    13.704     0.42    1.58
 -33026.303    13.317    -1.04    1.70
 -32653.198    13.048    -0.72    1.93
 -32280.131    12.597    -1.21    2.44
 -31907.101    12.159    -1.18    2.17
 -31534.109    12.006    -0.41    2.14
 -31161.154    11.869    -0.37    1.69
 -30788.237    11.880     0.03    1.59
 -30415.358    11.816    -0.17    1.33
 -30042.515    11.963     0.39    1.58
 -29669.711    12.459     1.33    1.61
 -29296.943    12.477     0.05    1.68
 -28924.213    12.089    -1.04    1.85
 -28551.521    11.457    -1.69    1.91
 -28178.865    10.826    -1.69    1.57
 -27806.247    10.369    -1.22    1.64
 -27433.667    10.298    -0.19    1.61
 -27061.124    10.199    -0.27    1.49
 -26688.618     9.813    -1.04    1.64
 -26316.149     9.440    -1.00    1.31
 -25943.718     9.443     0.01    1.24
 -25571.324     9.527     0.23    1.39
 -25198.968     9.461    -0.18    1.40
 -24826.648     9.422    -0.10    1.64
 -24454.366     9.071    -0.94    1.63
 -24082.121     8.691    -1.02    1.63
 -23709.914     8.783     0.25    1.53
 -23337.743     8.870     0.23    1.58
 -22965.610     8.668    -0.54    1.61
 -22593.514     8.813     0.39    1.53
 -22221.455     8.798    -0.04    1.55
 -21849.433     8.503    -0.79    2.01
 -21477.449     8.507     0.01    2.14
 -21105.501     8.152    -0.95    2.02
 -20733.591     8.138    -0.04    1.92
 -20361.718     8.527     1.05    1.70
 -19989.881     8.602     0.20    1.44
 -19618.082     8.538    -0.17    1.41
 -19246.321     8.334    -0.55    1.31
 -18874.596     8.615     0.76    1.71
 -18502.908     8.444    -0.46    1.92
 -18131.257     8.510     0.18    1.91
 -17759.643     8.691     0.49    1.99
 -17388.066     8.507    -0.50    1.82
 -17016.527     8.459    -0.13    1.94
 -16645.024     8.024    -1.17    1.93
 -16273.558     7.602    -1.14    1.76
 -15902.129     7.352    -0.67    1.56
 -15530.737     7.317    -0.09    1.65
 -15159.382     7.245    -0.19    1.56
 -14788.064     7.155    -0.24    1.26
 -14416.783     6.970    -0.50    1.27
 -14045.539     6.655    -0.85    1.19
 -13674.331     6.583    -0.20    1.25
 -13303.161     6.369    -0.58    1.15
 -12932.027     5.970    -1.08    1.11
 -12560.930     6.071     0.27    1.11
 -12189.870     6.120     0.13    1.13
 -11818.847     6.138     0.05    1.16
 -11447.861     5.763    -1.01    1.11
 -11076.911     5.566    -0.53    1.07
 -10705.998     5.173    -1.06    1.11
 -10335.122     4.734    -1.19    1.27
  -9964.283     4.527    -0.56    1.40
  -9593.480     4.444    -0.22    1.64
  -9222.715     4.317    -0.34    1.66
  -8851.986     4.220    -0.26    1.49
  -8481.293     4.282     0.17    1.49
  -8110.637     4.334     0.14    1.29
  -7740.018     4.995     1.78    1.59
  -7365.154     5.548     1.48    1.73
  -6987.100     5.941     1.04    1.59
  -6609.083     6.459     1.37    1.70
  -6231.105     7.107     1.71    2.00
  -5853.165     7.054    -0.14    2.20
  -5475.263     7.066     0.03    2.45
  -5097.400     7.036    -0.08    2.54
  -4719.574     6.191    -2.24    2.29
  -4341.787     5.798    -1.04    2.36
  -3964.038     4.800    -2.64    2.55
  -3586.327     3.389    -3.74    2.62
  -3208.655     1.834    -4.12    2.78
  -2831.020     0.907    -2.45    2.56
  -2453.424     1.298     1.04    2.72
  -2075.866     2.497     3.18    2.76
  -1698.345     3.477     2.59    2.16
  -1320.863     4.495     2.70    1.62
   -943.419     4.111    -1.02    2.52
   -566.013     2.709    -3.72    3.23
   -188.645     1.280    -3.79    3.21
    188.685     0.438    -2.23    2.54
    565.977     1.084     1.71    2.43
    943.230     2.405     3.50    2.73
   1320.446     3.387     2.60    2.45
   1697.624     3.798     1.09    2.47
   2074.764     3.977     0.47    2.62
   2451.866     4.314     0.89    2.79
   2828.930     4.584     0.72    2.61
   3205.956     5.534     2.52    1.82
   3582.945     5.923     1.03    2.59
   3959.895    14.602    23.02   16.08
   4336.808    29.879    40.53   25.98
   4713.682    57.745    73.94   38.80
   5090.519    89.729    84.88   41.35
   5467.318   108.931    50.96   37.90
   5844.079   116.025    18.83   35.22
   6220.802   120.878    12.88   37.57
   6597.487   130.703    26.08   42.71
   6974.135   135.915    13.84   44.31
   7350.745   148.633    33.77   48.35
   7727.317   158.486    26.17   55.32
   8103.851   162.298    10.12   55.64
   8480.348   164.970     7.10   56.23
   8856.807   169.510    12.06   63.12
   9233.228   161.071   -22.42   67.66
   9609.611   152.387   -23.07   62.19
   9985.957   138.405   -37.15   50.17
  10362.265   133.429   -13.22   48.48
  10738.536   137.438    10.66   57.57
  11114.769   156.584    50.89   74.26
  11490.964   168.194    30.86   64.55
  11867.121   178.691    27.91   55.65
  12243.241   173.763   -13.10   47.33
  12619.323   161.808   -31.79   49.15
  12995.368   141.389   -54.30   43.68
  13371.375   121.861   -51.94   41.10
  13747.345   100.500   -56.81   32.39
  14123.277    85.280   -40.48   26.06
  14499.172    70.734   -38.70   12.90
  14875.029    63.770   -18.53    6.48
  15250.848    59.923   -10.24    4.19
  15626.630    58.770    -3.07    5.17
  16002.375    59.128     0.95    7.78
  16378.082    60.497     3.65   10.26
  16753.751    60.640     0.38   10.29
  17129.383    59.481    -3.08    8.57
  17504.978    58.959    -1.39    5.79
  17880.535    62.120     8.42    9.20
  18256.055    73.209    29.53   22.75
  18631.538    90.299    45.51   29.52
  19006.983   103.388    34.86   28.40
  19382.391   119.615    43.22   33.87
  19757.761   128.967    24.91   34.86
  20133.094   149.490    54.68   46.35
  20508.390   165.155    41.74   45.84
  20883.649   164.685    -1.25   42.05
  21258.870   151.826   -34.27   49.05
  21634.054   123.297   -76.04   47.34
  22009.200    85.559  -100.59   33.80
  22384.310    62.275   -62.07   20.13
  22759.382    49.280   -34.64   13.78
  23134.417    39.697   -25.55    6.97
  23509.414    35.120   -12.21    4.46
  23884.375    32.352    -7.38    2.72
  24259.298    30.715    -4.36    2.04
  24634.184    29.691    -2.73    1.73
  25009.033    29.206    -1.29    1.65
  25383.844    28.229    -2.61    1.40
  25758.619    27.574    -1.75    1.40
  26133.356    26.580    -2.65    1.73
  26508.057    25.620    -2.56    1.72
  26882.720    24.773    -2.26    1.56
  27257.346    24.066    -1.89    1.42
  27631.935    23.475    -1.58    1.21
  28006.487    23.018    -1.22    1.24
  28381.002    22.537    -1.29    1.40
  28755.480    22.084    -1.21    1.43
  29129.921    21.429    -1.75    1.51
  29504.324    20.923    -1.35    1.40
  29878.691    20.552    -0.99    1.30
  30253.021    20.387    -0.44    1.21
  30627.314    20.155    -0.62    1.15
  31001.570    19.852    -0.81    1.16
  31375.789    19.457    -1.05    1.16
  31749.970    19.261    -0.52    1.06
  32124.115    19.159    -0.27    1.13
  32498.224    19.140    -0.05    1.14
  32872.295    18.959    -0.48    1.17
  33246.329    18.934    -0.07    1.18
  33620.327    19.001     0.18    1.27
  33994.287    18.816    -0.49    1.62
  34368.211    18.720    -0.26    1.72
  34742.098    18.780     0.16    1.87
  35115.948    18.426    -0.95    1.92
  35489.761    18.352    -0.20    1.72
  35863.537    18.206    -0.39    1.68
  36237.277    17.615    -1.58    1.67
  36610.980    17.276    -0.91    1.55
  36984.646    17.102    -0.47    1.58
  37358.275    16.923    -0.48    1.62
  37731.868    16.905    -0.05    1.64
  38105.424    16.720    -0.50    1.47
  38478.943    16.527    -0.52    1.44
  38852.425    16.388    -0.37    1.45
  39225.871    16.352    -0.10    1.60
  39599.280    16.318    -0.09    1.50
  39972.652    16.405     0.23    1.31
  40345.988    16.566     0.43    1.07
  40719.287    16.584     0.05    1.10
  41092.550    16.584     0.00    1.08
  41465.775    16.245    -0.91    1.15
  41838.965    16.459     0.57    1.37
  42212.117    16.388    -0.19    1.29
  42585.233    16.296    -0.24    1.12
  42958.313    16.247    -0.13    1.14
  43331.356    16.217    -0.08    1.05
  43704.362    16.089    -0.34    1.25
  44077.332    16.152     0.17    1.37
  44450.266    16.194     0.11    1.66
  44823.162    15.763    -1.16    1.63
  45196.023    15.638    -0.34    1.49
  45568.847    15.243    -1.06    1.26
  45941.634    15.188    -0.15    1.05
  46314.385    15.066    -0.33    1.07
  46687.100    14.948    -0.32    1.07
  47059.778    15.191     0.65    1.06
  47432.419    15.352     0.43    1.09
  47805.025    15.510     0.42    1.26
  48177.594    15.334    -0.47    1.35
  48550.126    15.188    -0.39    1.46
  48922.622    14.966    -0.60    1.50
  49295.082    14.816    -0.40    1.40
  49667.505    14.861     0.12    1.40
  50039.893    14.606    -0.68    1.17
  50412.243    14.745     0.37    1.26
  50784.558    14.506    -0.64    1.33
  51156.836    14.316    -0.51    1.21
  51529.078    14.389     0.20    1.41
  51901.284    14.299    -0.24    1.32
  52273.453    14.316     0.05    1.29
  52645.586    14.225    -0.25    1.16
  53017.683    14.280     0.15    1.09
  53389.744    14.061    -0.59    1.08
  53761.768    13.983    -0.21    1.01
  54133.756    13.963    -0.06    1.00
  54505.708    13.983     0.06    0.94
  54877.624    14.217     0.63    1.10
  55249.504    14.441     0.60    1.15
  55621.348    14.461     0.05    1.10
  55993.155    14.317    -0.39    1.09
  56364.927    14.191    -0.34    1.11
  56736.662    14.209     0.05    1.07
  57108.361    14.173    -0.10    1.10
  57480.024    14.079    -0.25    1.08
  57851.651    13.966    -0.30    1.16
  58223.242    13.907    -0.16    1.04
  58594.797    13.983     0.20    0.94
  58966.316    14.121     0.37    0.94
  59337.798    14.048    -0.20    0.89
  59709.245    14.097     0.13    0.99
  60080.656    14.030    -0.18    1.11
  60452.031    13.952    -0.21    1.13
  60823.370    13.988     0.10    1.14
  61194.673    14.352     0.98    1.35
  61565.939    14.370     0.05    1.38
  61937.170    14.510     0.38    1.41
  62308.365    14.780     0.73    1.48
  62679.525    15.071     0.78    1.86
  63050.648    15.429     0.96    1.92
  63421.735    15.370    -0.16    1.54
  63792.787    15.276    -0.25    1.45
  64163.802    15.352     0.20    1.32
  64534.782    15.570     0.59    1.20
  64905.726    15.638     0.18    1.11
  65276.634    15.709     0.19    1.14
  65647.506    15.155    -1.49    1.44
  66018.343    14.405    -2.02    1.71
  66389.143    13.806    -1.62    1.69
  66759.908    13.245    -1.51    1.40
  67130.637    13.061    -0.50    0.94
  67505.179    13.102     0.11    0.88
  67883.152    13.220     0.31    1.00
  68261.088    13.334     0.30    1.00
  68638.986    13.263    -0.19    1.03
  69016.847    13.370     0.28    1.10
  69394.671    13.316    -0.14    1.01
  69772.458    13.427     0.29    0.96
  70150.207    13.548     0.32    0.92
  70527.920    13.500    -0.13    0.90
  70905.595    13.584     0.22    0.87
  71283.233    13.584     0.00    0.81
  71660.833    13.588     0.01    0.90
  72038.397    13.566    -0.06    0.89
  72415.924    13.410    -0.41    1.00
  72793.413    13.317    -0.25    1.03
  73170.865    13.370     0.14    0.97
  73548.280    13.264    -0.28    0.99
  73925.658    13.444     0.48    1.00
  74302.999    13.444     0.00    1.09
  74680.303    13.477     0.09    1.15
  75057.570    13.640     0.43    1.09
  75434.800    13.548    -0.24    1.05
  75811.993    13.679     0.35    1.04
  76189.149    13.638    -0.11    1.02
  76566.268    13.661     0.06    1.05
  76943.349    13.606    -0.14    1.09
  77320.394    13.548    -0.15    1.00
  77697.402    13.559     0.03    0.93
  78074.373    13.566     0.02    0.89
  78451.307    13.734     0.44    0.89
  78828.204    13.477    -0.68    1.11
  79205.064    13.423    -0.14    1.09
  79581.888    13.643     0.58    1.03
  79958.674    13.679     0.10    0.96
  80335.424    13.941     0.70    0.87
  80712.136    14.018     0.21    1.01
  81088.812    14.179     0.43    0.96
  81465.451    14.120    -0.16    1.11
  81842.053    13.995    -0.33    1.07
  82218.619    14.018     0.06    1.09
  82595.147    14.124     0.28    1.00
  82971.639    14.167     0.11    0.99
  83348.094    14.227     0.16    0.97
  83724.512    14.429     0.54    0.93
  84100.894    14.650     0.59    0.96
  84477.239    15.152     1.33    1.06
  84853.547    15.685     1.42    1.12
  85229.818    16.054     0.98    0.98
  85606.053    16.204     0.40    0.88
  85982.251    16.102    -0.27    0.88
  86358.412    15.843    -0.69    0.74
  86734.537    16.790     2.52    2.97
  87110.625    17.648     2.28    3.42
  87486.676    17.513    -0.36    3.39
  87862.691    17.170    -0.91    3.24
  88238.669    16.548    -1.65    1.95
  88614.611    16.001    -1.46    0.92
  88990.516    16.031     0.08    0.92
  89366.384    16.191     0.43    0.91
  89742.216    16.352     0.43    1.06
  90118.011    16.597     0.65    1.29
  90493.770    17.030     1.15    1.29
  90869.492    17.734     1.87    1.39
  91245.178    18.530     2.12    1.57
  91620.827    19.093     1.50    1.58
  91996.440    19.297     0.54    1.64
  92372.016    19.037    -0.69    1.87
  92747.556    18.620    -1.11    1.94
  93123.059    18.093    -1.40    1.44
  93498.526    17.638    -1.21    1.41
  93873.957    17.279    -0.95    1.35
  94249.351    16.852    -1.14    1.44
  94624.708    16.298    -1.47    1.31
  95000.030    15.993    -0.81    1.16
  95375.315    15.870    -0.33    0.97
  95750.563    15.937     0.18    1.03
  96125.776    15.703    -0.62    0.99
  96500.951    15.352    -0.94    0.89
  96876.091    15.297    -0.15    0.99
  97251.194    15.209    -0.24    1.03
  97626.261    15.241     0.08    1.04
  98001.292    15.102    -0.37    1.07
  98376.286    14.889    -0.57    0.95
  98751.244    15.013     0.33    0.96
  99126.166    14.963    -0.13    0.96
  99501.052    15.030     0.18    0.79
  99875.901    14.970    -0.16    0.89
 100250.715    14.816    -0.41    1.01
 100625.492    14.773    -0.12    1.07
 101000.232    14.786     0.03    1.05
 101374.937    14.852     0.18    1.08
 101749.606    14.929     0.21    0.89
 102124.238    15.048     0.32    0.93
 102498.834    15.134     0.23    1.10
 102873.394    15.220     0.23    1.18
 103247.918    15.388     0.45    1.17
 103622.406    15.315    -0.19    1.08
 103996.858    15.006    -0.82    1.19
 104371.273    14.870    -0.36    1.21
 104745.653    14.638    -0.62    1.12
 105119.996    14.833     0.52    1.00
 105494.304    14.852     0.05    0.87
 105868.575    14.852     0.00    1.31
 106242.811    14.530    -0.86    1.76
 106617.010    13.852    -1.81    1.87
 106991.174    13.043    -2.16    1.32
 107365.301    12.709    -0.89    0.96
 107739.393    12.578    -0.35    0.93
 108113.448    12.477    -0.27    0.95
 108487.468    12.597     0.32    0.98
 108861.451    12.534    -0.17    0.96
 109235.399    12.407    -0.34    1.09
 109609.311    12.352    -0.15    1.11
 109983.187    12.370     0.05    1.15
 110357.027    12.497     0.34    1.28
 110730.831    12.370    -0.34    1.37
 111104.600    12.679     0.83    1.48
 111478.332    12.834     0.42    1.85
 111852.029    13.031     0.53    1.74
 112225.689    13.513     1.29    2.07
 112599.314    14.043     1.42    2.19
 112972.904    14.441     1.07    2.04
 113346.457    15.066     1.67    2.21
 113719.975    15.206     0.38    2.00
 114093.456    14.780    -1.14    1.59
 114466.903    14.974     0.52    1.55
 114840.313    15.461     1.30    2.20
 115213.688    16.111     1.74    2.21
 115587.026    15.825    -0.77    1.91
 115960.330    15.691    -0.36    1.96
 116333.597    15.191    -1.34    1.56
 116706.829    14.679    -1.37    0.90
 117080.025    14.548    -0.35    0.77
 117453.186    14.423    -0.33    0.81
 117826.311    14.257    -0.44    0.90
 118199.400    14.048    -0.56    0.87
 118572.453    13.871    -0.47    0.90
 118945.471    13.988     0.31    0.87
 119318.454    14.239     0.67    0.75
 119691.401    14.370     0.35    0.74
 120064.312    14.691     0.86    0.90
 120437.187    14.667    -0.07    1.01
 120810.028    14.530    -0.37    1.03
 121182.832    14.370    -0.43    1.06
 121555.601    14.299    -0.19    1.11
 121928.335    14.256    -0.12    1.14
 122301.033    13.852    -1.08    1.36
 122673.695    13.616    -0.63    1.39
 123046.322    13.298    -0.85    1.29
 123418.914    13.061    -0.64    0.99
 123791.470    13.066     0.01    1.17
 124163.991    12.977    -0.24    1.24
 124536.476    13.170     0.52    1.11
 124908.926    13.227     0.15    1.27
 125281.341    13.465     0.64    1.33
 125653.720    13.770     0.82    1.32
 126026.063    14.256     1.30    1.69
 126398.372    14.279     0.06    1.57
 126770.644    14.295     0.04    1.45
 127142.882    13.852    -1.19    1.24
 127515.084    13.497    -0.95    1.08
 127887.251    13.334    -0.44    1.04
 128259.383    13.227    -0.29    1.01
 128631.479    13.444     0.58    1.09
 129003.540    13.584     0.38    1.16
 129375.566    13.775     0.51    1.49
 129747.556    14.459     1.84    1.52
 130119.512    14.929     1.26    1.49
 130491.432    15.245     0.85    1.27
 130863.316    15.111    -0.36    1.10
 131235.166    15.030    -0.22    1.06
 131606.980    14.788    -0.65    0.96
 131978.759    14.763    -0.07    1.06
 132350.503    14.815     0.14    1.06
 132722.212    14.825     0.03    1.02
 133093.886    14.843     0.05    0.96
 133465.524    14.833    -0.03    0.90
 133837.127    14.834     0.00    1.03
 134208.696    14.937     0.28    1.12
 134580.229    14.959     0.06    0.98
 134951.727    15.031     0.19    0.92
 135323.190    15.167     0.36    0.99
 135694.617    15.227     0.16    0.88
 136066.010    15.333     0.29    0.90
 136437.368    15.597     0.71    1.11
 136808.690    15.556    -0.11    1.22
 137179.978    15.597     0.11    1.26
 137551.231    15.563    -0.09    1.36
 137922.448    15.334    -0.62    1.36
 138293.631    15.012    -0.87    1.25
 138664.778    14.780    -0.62    1.22
 139035.891    14.552    -0.62    0.95
 139406.969    14.602     0.13    0.94
 139778.011    14.697     0.26    1.04
 140149.019    14.788     0.24    1.12
 140519.992    14.673    -0.31    1.13
 140890.930    14.685     0.03    1.03
 141261.833    14.806     0.33    1.18
 141632.701    14.986     0.49    1.14
 142003.534    15.159     0.46    1.01
 142377.820    15.294     0.36    0.83
 142755.716    15.280    -0.04    0.91
 143133.576    15.425     0.38    0.92
 143511.400    15.620     0.52    1.00
 143889.187    15.870     0.66    0.99
 144266.938    16.000     0.34    0.99
 144644.653    16.066     0.18    1.06
 145022.332    16.276     0.56    1.50
 145399.974    16.370     0.25    1.74
 145777.581    16.241    -0.34    1.67
 146155.151    16.170    -0.19    1.63
 146532.684    16.084    -0.23    1.39
 146910.182    16.107     0.06    1.24
 147287.644    16.030    -0.20    1.31
 147665.069    16.257     0.60    1.26
 148042.458    16.097    -0.42    1.28
 148419.811    16.115     0.05    1.15
 148797.128    16.025    -0.24    1.22
 149174.409    15.995    -0.08    1.26
 149551.653    15.824    -0.45    1.19
 149928.862    15.888     0.17    1.21
 150306.034    15.993     0.28    1.43
 150683.171    15.715    -0.74    1.41
 151060.271    15.593    -0.33    1.40
 151437.335    15.715     0.33    1.38
 151814.363    15.770     0.14    1.38
 152191.356    15.937     0.44    1.59
 152568.312    15.870    -0.18    1.48
 152945.232    16.220     0.93    1.93
 153322.116    16.923     1.87    2.01
 153698.965    17.148     0.60    2.01
 154075.777    17.263     0.30    2.12
 154452.554    16.566    -1.85    2.10
 154829.294    16.220    -0.92    1.92
 155205.999    16.298     0.21    2.02
 155582.667    16.621     0.86    1.90
 155959.300    16.570    -0.14    1.86
 156335.897    16.279    -0.77    1.74
 156712.458    16.185    -0.25    1.45
 157088.983    16.280     0.25    1.23
 157465.472    16.130    -0.40    1.02
 157841.925    16.352     0.59    1.09
 158218.343    16.583     0.61    1.06
 158594.725    16.625     0.11    1.22
 158971.071    16.759     0.36    1.32
 159347.381    16.852     0.25    1.31
 159723.655    17.018     0.44    1.27
 160099.894    16.944    -0.20    1.41
 160476.097    17.006     0.16    1.36
 160852.264    16.775    -0.62    1.45
 161228.395    16.923     0.39    1.44
 161604.491    16.974     0.14    1.26
 161980.551    16.888    -0.23    1.44
 162356.575    16.796    -0.24    1.45
 162732.564    16.796     0.00    1.45
 163108.517    16.602    -0.52    1.34
 163484.434    16.679     0.20    1.40
 163860.316    16.620    -0.16    1.15
 164236.162    16.805     0.49    1.17
 164611.972    16.934     0.34    1.13
 164987.747    16.915    -0.05    1.36
 165363.486    16.956     0.11    1.52
 165739.190    17.138     0.48    1.57
 166114.858    16.907    -0.61    1.57
 166490.490    17.006     0.26    1.60
 166866.087    16.890    -0.31    1.58
 167241.648    16.897     0.02    1.50
 167617.174    16.861    -0.10    1.60
 167992.665    16.798    -0.17    1.43
 168368.119    16.794    -0.01    1.38
 168743.539    16.574    -0.59    1.18
 169118.922    16.479    -0.25    1.14
 169494.271    16.717     0.63    1.14
 169869.584    16.861     0.38    1.22
 170244.861    16.986     0.33    1.17
 170620.103    16.959    -0.07    1.19
 170995.310    17.061     0.27    1.31
 171370.481    17.000    -0.16    1.32
 171745.617    16.995    -0.01    1.18
 172120.717    17.182     0.50    1.14
 172495.782    17.173    -0.02    1.11
 172870.812    17.352     0.48    1.17
 173245.806    17.515     0.44    1.21
 173620.765    17.500    -0.04    1.31
 173995.689    17.537     0.10    1.23
 174370.577    17.655     0.32    1.11
 174745.430    17.648    -0.02    1.16
 175120.248    17.861     0.57    1.15
 175495.031    18.038     0.47    1.30
 175869.778    18.461     1.13    1.40
 176244.490    18.691     0.62    1.37
 176619.166    19.048     0.95    1.08
 176993.808    19.093     0.12    1.29
 177368.414    18.970    -0.33    1.43
 177742.985    18.995     0.07    1.42
 178117.521    18.685    -0.83    1.35
 178492.022    18.495    -0.51    1.23
 178866.487    18.602     0.29    1.43
 179240.917    18.530    -0.19    1.39
 179615.313    18.484    -0.12    1.35
 179989.673    18.239    -0.66    1.28
 180363.997    18.102    -0.37    1.18
 180738.287    18.056    -0.12    1.24
 181112.542    18.243     0.50    1.23
 181486.761    18.635     1.05    1.12
 181860.946    18.995     0.96    1.12
 182235.095    19.234     0.64    0.99
 182609.210    19.297     0.17    0.87
 182983.289    19.352     0.15    0.93
 183357.333    19.316    -0.10    1.01
 183731.343    19.407     0.24    1.04
 184105.317    19.515     0.29    1.17
 184479.256    19.425    -0.24    1.20
 184853.160    19.465     0.11    1.09
 185227.030    19.552     0.23    1.06
 185600.864    19.525    -0.07    1.06
 185974.663    19.477    -0.13    0.99
 186348.428    19.541     0.17    0.88
 186722.157    19.559     0.05    0.91
 187095.852    19.620     0.16    0.86
 187469.511    19.970     0.94    0.99
 187843.136    20.030     0.16    0.97
 188216.726    20.163     0.36    0.90
 188590.281    20.279     0.31    1.00
 188963.801    20.256    -0.06    1.01
 189337.287    20.334     0.21    1.05
 189710.737    20.465     0.35    1.20
 190084.153    20.566     0.27    1.14
 190457.534    20.842     0.74    1.17
 190830.880    21.111     0.72    1.20
 191204.191    21.588     1.28    1.44
 191577.467    22.144     1.49    1.56
 191950.709    22.530     1.03    1.66
 192323.916    22.772     0.65    1.67
 192697.088    22.727    -0.12    1.59
 193070.225    22.257    -1.26    1.30
 193443.328    22.316     0.16    1.21
 193816.396    22.530     0.57    1.10
 194189.429    22.704     0.46    1.28
 194562.428    23.013     0.83    1.35
 194935.392    23.407     1.06    1.25
 195308.321    23.389    -0.05    1.13
 195681.216    23.452     0.17    1.09
 196054.076    23.406    -0.12    1.11
 196426.901    23.710     0.82    1.49
 196799.692    24.370     1.77    1.83
 197172.448    24.729     0.96    1.72
 197545.169    24.870     0.38    1.63
 197917.856    24.833    -0.10    1.18
 198290.508    24.673    -0.43    1.12
 198663.126    24.497    -0.47    1.03
 199035.709    24.391    -0.29    1.04
 199408.258    24.425     0.09    1.10
 199780.772    24.408    -0.04    1.10
 200153.252    24.759     0.94    1.31
 200525.697    25.691     2.50    1.64
 200898.108    26.217     1.41    1.53
 201270.484    26.584     0.98    1.32
 201642.825    26.667     0.22    1.11
 202015.133    26.963     0.80    1.27
 202387.405    27.602     1.72    1.56
 202759.644    28.495     2.40    1.67
 203131.848    30.236     4.68    2.74
 203504.017    33.552     8.91    4.83
 203876.152    37.981    11.90    6.48
 204248.253    42.102    11.07    6.45
 204620.319    45.074     7.99    5.79
 204992.351    46.444     3.68    5.90
 205364.348    46.770     0.88    5.03
 205736.312    48.352     4.25    4.81
 206108.240    50.441     5.62    5.40
 206480.135    53.698     8.76    5.67
 206851.995    57.709    10.78    7.21
 207223.821    63.333    15.12    9.03
 207595.613    71.715    22.54   12.33
 207967.370    82.315    28.51   11.96
 208339.093    88.333    16.19    8.64
 208710.782    91.443     8.36    7.27
 209082.437    90.970    -1.27    8.75
 209454.057    87.635    -8.97   10.30
 209825.643    84.611    -8.14   11.74
 210197.195    85.715     2.97   13.67
 210568.712    89.006     8.85   15.71
 210940.196    95.977    18.76   15.97
 211311.645   104.929    24.09   15.00
 211683.060   109.138    11.33   14.50
 212054.441   111.188     5.52   13.09
 212425.788   112.691     4.05   12.04
 212797.101   112.120    -1.54   10.31
 213168.379   109.093    -8.15   10.52
 213539.624   107.102    -5.36   12.00
 213910.834   104.185    -7.86   10.88
 214282.010   100.188   -10.77    9.15
 214653.153    99.217    -2.62    8.56
 215024.261    95.643    -9.63    7.61
 215395.335    91.160   -12.08    6.18
 215766.375    87.500    -9.86    6.12
 216137.381    82.759   -12.78    5.73
 216508.353    79.102    -9.86    5.80
 216879.291    74.736   -11.77    5.27
 217253.389    71.148    -9.59    4.62
 217631.205    67.278   -10.24    3.71
 218008.986    64.583    -7.13    3.04
 218386.731    62.261    -6.14    2.53
 218764.441    60.136    -5.62    2.58
 219142.116    58.620    -4.01    2.26
 219519.755    57.752    -2.30    1.86
 219897.359    57.648    -0.27    2.26
 220274.928    58.370     1.91    3.19
 220652.461    59.852     3.92    3.78
 221029.959    61.825     5.22    4.20
 221407.422    64.691     7.59    5.74
 221784.849    68.167     9.21    8.94
 222162.242    72.941    12.65   13.11
 222539.599    76.556     9.58   15.44
 222916.921    75.952    -1.60   17.35
 223294.207    71.429   -11.99   17.10
 223671.459    64.704   -17.82   12.22
 224048.675    59.018   -15.07    2.36
 224425.856    61.506     6.59    6.38
 224803.002    72.843    30.05   18.35
 225180.113    86.012    34.91   20.99
 225557.189    98.352    32.72   15.67
 225934.229   104.248    15.63   10.13
 226311.235   101.370    -7.63   11.58
 226688.205    99.352    -5.35   11.27
 227065.141   100.625     3.38   11.35
 227442.041   105.465    12.84   11.36
 227818.906   110.259    12.72   13.12
 228195.736   119.734    25.14   17.06
 228572.531   131.006    29.91   19.91
 228949.291   142.588    30.74   23.48
 229326.016   157.390    39.28   26.46
 229702.706   171.084    36.35   28.84
 230079.361   190.050    50.34   33.70
 230455.981   209.815    52.47   38.15
 230832.566   221.745    31.67   36.11
 231209.116   228.692    18.45   29.50
 231585.631   213.673   -39.88   37.74
 231962.111   193.241   -54.26   44.57
 232338.557   184.606   -22.93   44.06
 232714.967   186.778     5.77   49.17
 233091.342   199.667    34.24   48.64
 233467.683   213.298    36.21   37.38
 233843.988   208.160   -13.65   37.21
 234220.259   193.816   -38.11   41.95
 234596.495   182.597   -29.81   44.78
 234972.696   180.918    -4.46   40.30
 235348.862   182.441     4.05   33.88
 235724.994   194.833    32.94   43.13
 236101.091   217.425    60.05   48.83
 236477.152   240.486    61.31   46.20
 236853.179   256.752    43.25   37.66
 237229.172   277.572    55.36   37.03
 237605.129   300.444    60.82   43.55
 237981.052   330.278    79.34   51.74
 238356.940   356.444    69.60   51.90
 238732.793   384.467    74.54   44.37
 239108.612   402.899    49.03   40.26
 239484.395   418.667    41.95   30.45
 239860.144   417.506    -3.09   32.92
 240235.859   400.566   -45.08   34.46
 240611.539   377.937   -60.22   38.56
 240987.184   358.155   -52.65   42.41
 241362.794   351.167   -18.60   37.96
 241738.370   350.503    -1.77   31.14
 242113.911   357.495    18.61   28.91
 242489.418   366.259    23.33   24.59
