# NaN NaN NaN ;Mean Elev.(m), Avg Gradient(m/km), RMS Gradient(m/km) - SRTM1     
#    6.061  -0.094   1.448 ;Mean Elev.(m), Avg Gradient(m/km), RMS Gradient(m/km) - ASTER GDEM
#    0.000  -0.111   1.686 ;Mean Elev.(m), Avg Gradient(m/km), RMS Gradient(m/km) - GMTED2010 
  7 139.659614  51.538868     7.578     7.578  2 52444.05891778 19.594
  8 139.663547  51.538358   305.807   305.799  3 52479.05891142 46.998
  9 139.670399  51.538786     7.472     7.472  2 52514.05885656 24.514
 10 139.673787  51.540770     6.188     5.818  3 52549.05890023 23.664
 11 139.674743  51.540395     4.098     4.083  3 52584.05889111 38.724
 12 139.659175  51.538219     4.867     4.867  2 52619.05886890 12.385
 13 139.682835  51.544195     3.079     3.073  4 52654.05884853  9.217
 14 139.663437  51.540154     4.490     4.893  3 52689.05884668  7.030
 15 139.671008  51.539279     5.592     5.592  2 52724.05889170  5.848
 16 139.653296  51.541392     6.694     6.668  3 52759.05891179 37.774
 17 139.682932  51.544280     5.953     5.572  4 52794.05886446 22.146
 18 139.684569  51.544755     4.303     4.286  5 52829.05893170 26.591
 19 139.682650  51.542989     6.292     6.305  4 52864.05897678 39.872
 20 139.665212  51.539840     8.036     8.124  3 52899.05900716 27.492
 21 139.658662  51.538394     7.027     6.697  3 52934.05895196 32.256
 22 139.675055  51.540652     5.729     5.729  2 52969.05896407 19.455
 23 139.661592  51.538681     5.245     5.245  2 53004.05898489 15.896
 24 139.657577  51.539378     5.711     5.779  3 53039.05893397 11.987
 25 139.665216  51.539450     5.999     5.999  2 53074.05896345 10.200
 26 139.656500  51.539445     5.827     4.257  3 53109.05893408 25.405
 27 139.671586  51.540153     8.170     8.246  3 53144.05897333 30.290
 28 139.672980  51.540444     8.886     8.886  2 53179.05899019 26.985
 30 139.664139  51.539299     7.364     7.017  3 53249.05898163 27.708
 31 139.671909  51.539521     5.513     5.513  2 53284.05897557 32.347
 33 139.669462  51.539051     3.822     3.841  3 53354.05893478 15.490
 34 139.677727  51.543506     5.382     5.376  4 53389.05893494  7.834
 35 139.674532  51.540561     5.554     5.609  3 53424.05893474 10.177
 36 139.683939  51.543836     7.992     7.974  4 53459.05893889  6.109
 37 139.664026  51.539126     7.864     7.864  2 53494.05902548 30.157
 38 139.675467  51.541218     8.433     8.433  2 53529.05900101 27.229
 39 139.659770  51.538677     7.686     7.686  2 53564.05903245 21.410
 40 139.667694  51.538577     7.484     7.484  2 53599.05897353 22.377
 41 139.672991  51.539952     5.194     5.194  2 53634.05896925 24.415
 42 139.665090  51.538428     7.202     7.355  3 53669.05899163 28.090
 43 139.672159  51.540037     2.698     2.636  3 53704.05893108 32.677
 44 139.663036  51.538216     3.023     3.064  3 53739.05884080 12.459
 45 139.679836  51.542811     3.898     3.933  4 53774.05885720  8.291
 46 139.664930  51.538299     4.868     4.795  3 53809.05884324  6.419
 48 139.678940  51.544523     7.518     7.408  4 53879.05891186 24.564
 49 139.663373  51.538463     7.456     7.782  3 53914.05896821 24.464
 50 139.657937  51.537474     7.667     7.667  2 53949.05898031 25.771
 51 139.663382  51.538881     7.935     7.774  3 53984.05891949 26.933
 52 139.678500  51.542200     5.453     5.458  4 54019.05895139 35.134
 53 139.682685  51.544066     4.541     4.531  4 54054.05894202 41.956
 54 139.667212  51.539254     5.402     5.402  2 54089.05893488 10.807
 55 139.680880  51.542780     3.739     3.710  4 54124.05885640 10.430
 56 139.669231  51.539678     5.292     5.292  2 54159.05889970  7.950
 57 139.679455  51.543563     5.594     5.553  4 54194.05885929  8.337
 58 139.671409  51.539807     7.469     7.518  3 54229.05891158 46.623
 59 139.672476  51.540454     7.379     7.038  3 54264.05892972 24.288
 60 139.672252  51.540060     6.212     5.276  3 54299.05893358 31.179
 61 139.667587  51.539212     6.781     6.314  3 54334.05892437 24.265
 63 139.667948  51.538629     4.662     4.662  2 54404.05886832 46.935
 64 139.680997  51.542879     3.068     3.065  4 54439.05882426 22.921
 65 139.675030  51.540720     3.049     3.029  3 54474.05885401 19.029
 66 139.680178  51.544107     3.403     2.982  4 54509.05883629 13.443
 67 139.670657  51.540339     5.881     5.881  2 54544.05886855 10.417
 68 139.673929  51.541066     6.174     6.174  2 54579.05883682 24.479
 69 139.670711  51.539141     6.502     5.731  3 54614.05885877 27.013
 70 139.671658  51.540648     5.415     5.415  2 54649.05886757 19.632
 71 139.666623  51.538946     7.079     7.502  3 54684.05886566 21.916
 72 139.680790  51.542611     4.446     4.333  4 54719.05881138 19.155
 73 139.671630  51.540274     6.195     6.195  2 54754.05883894 22.337
 74 139.678192  51.542448     4.905     4.916  4 54789.05880517 38.286
 75 139.674572  51.541033     4.006     4.047  3 54824.05883379 15.921
 76 139.680953  51.542294     3.829     3.796  4 54859.05879802 11.462
 77 139.666897  51.540144     3.659     3.680  3 54894.05883630  7.525
 78 139.675900  51.541279     6.573     6.573  2 54929.05879804  2.280
 79 139.670029  51.538865     7.578     7.528  3 54964.05883583 28.118
 80 139.667267  51.539641     5.383     5.383  2 54999.05885649 25.237
 81 139.672346  51.539429     8.052     8.052  2 55034.05884385 24.934
 82 139.666183  51.539480     8.860     8.860  2 55069.05883298 25.976
 83 139.677536  51.543455     9.027     8.995  5 55104.05877192 29.958
 84 139.670221  51.539209     5.787     5.769  3 55139.05878062 40.993
 85 139.680884  51.543993     4.347     4.381  4 55174.05873962 22.893
 86 139.672308  51.540045     5.008     4.996  3 55209.05877521 14.619
 87 139.676808  51.542724     5.503     5.505  4 55244.05874584  9.637
 88 139.666453  51.538648     5.388     5.126  3 55279.05876936  8.391
 89 139.671763  51.539904     5.674     5.674  2 55314.05873258 31.513
 90 139.668419  51.539518     8.532     8.532  2 55349.05873996 27.087
 91 139.675222  51.540009     7.377     7.469  3 55384.05873181 23.976
 92 139.672903  51.539993     7.898     7.754  3 55419.05875842 29.758
 93 139.665498  51.539380     9.072     9.072  2 55454.05873776 27.235
 94 139.661241  51.538162     7.613     7.613  2 55489.05865842 26.491
