# NaN NaN NaN ;Mean Elev.(m), Avg Gradient(m/km), RMS Gradient(m/km) - SRTM1     
#   49.032   0.086   1.269 ;Mean Elev.(m), Avg Gradient(m/km), RMS Gradient(m/km) - ASTER GDEM
#   41.305  -0.234   1.141 ;Mean Elev.(m), Avg Gradient(m/km), RMS Gradient(m/km) - GMTED2010 
  6    45.589 52437.07355757 11.95 133.142337  48.134317 17.903
  6    44.213 52437.07355821 11.76 133.141007  48.131077 17.903
  7    45.085 52472.07355846 13.07 133.145912  48.136407 15.676
  7    44.081 52472.07355911 12.52 133.144572  48.133157 15.676
  7    43.871 52472.07355975 20.06 133.143237  48.129921 10.856
  8    37.589 52507.07353425 19.52 133.147209  48.135968 17.528
  8    37.296 52507.07353490 20.26 133.145879  48.132718 17.528
  8    37.395 52507.07353554 29.48 133.144539  48.129478 17.528
  9    43.243 52542.07351645 19.85 133.162707  48.134572 21.911
  9    43.585 52542.07351710 22.15 133.161367  48.131322 21.911
 10    42.684 52577.07356635 47.73 133.147512  48.136441 34.621
 10    42.670 52577.07356700 51.14 133.146182  48.133191 34.621
 10    42.598 52577.07356764 51.15 133.144842  48.129951 34.621
 11    42.336 52612.07352998 28.17 133.144862  48.135919 10.610
 11    42.285 52612.07353062 32.13 133.143532  48.132679 10.610
 11    42.289 52612.07353127 30.70 133.142192  48.129429 10.610
 12    42.272 52647.07351455 16.76 133.154162  48.137034  4.259
 12    42.270 52647.07351519 17.77 133.152822  48.133794  4.259
 12    42.173 52647.07351584 18.87 133.151492  48.130554  4.259
 13    42.174 52682.07348458 11.56 133.155835  48.135867  3.072
 13    42.266 52682.07348522 11.25 133.154505  48.132627  3.072
 13    42.121 52682.07348587 11.24 133.153165  48.129387  3.072
 14    42.237 52717.07354389 25.37 133.150873  48.136933  8.489
 14    42.237 52717.07354454 22.86 133.149533  48.133693  8.489
 14    42.222 52717.07354518 20.08 133.148203  48.130453  8.489
 15    45.581 52752.07357019 23.39 133.133085  48.133714 18.864
 15    42.216 52752.07357084 26.61 133.131749  48.130478 22.028
 15    42.435 52752.07357148 27.58 133.130409  48.127228 22.028
 16    41.914 52787.07351384 48.72 133.156928  48.135132 23.834
 16    42.021 52787.07351448 54.48 133.155598  48.131882 23.834
 16    42.121 52787.07351513 45.90 133.154258  48.128642 23.834
 17    43.667 52822.07358688 16.62 133.155233  48.134370 14.982
 17    43.702 52822.07358753 29.02 133.153893  48.131120 14.982
 18    45.369 52857.07363342 16.23 133.157414  48.137380 26.525
 18    45.369 52857.07363406 13.31 133.156084  48.134140 26.525
 18    45.477 52857.07363471 16.10 133.154744  48.130890 26.525
 19    47.767 52892.07366631 41.30 133.146828  48.135497 25.721
 19    47.334 52892.07366696 35.80 133.145488  48.132257 25.721
 19    47.444 52892.07366760 39.43 133.144158  48.129017 25.721
 20    46.485 52927.07361863 29.59 133.140484  48.134812 28.244
 20    45.966 52927.07361927 25.29 133.139154  48.131572 28.244
 20    46.190 52927.07361992 31.02 133.137814  48.128332 28.244
 21    42.432 52962.07358643 42.93 133.164514  48.136866 24.252
 21    42.470 52962.07358708 49.61 133.163174  48.133616 24.252
 21    42.330 52962.07358772 46.43 133.161834  48.130376 24.252
 22    44.040 52997.07362939 19.18 133.148329  48.136396  5.697
 22    44.185 52997.07363003 20.21 133.146999  48.133156  5.697
 22    44.064 52997.07363068 20.52 133.145659  48.129916  5.697
 23    43.117 53032.07358886 16.04 133.141353  48.133403  4.057
 23    43.009 53032.07358950 14.29 133.140013  48.130163  4.057
 24    43.898 53067.07359813  9.45 133.155262  48.136156  3.296
 24    43.336 53067.07359877 10.48 133.153922  48.132906  3.296
 24    42.839 53067.07359942 10.89 133.152592  48.129666  3.296
 25    46.988 53102.07359334 37.50 133.139462  48.135534 26.638
 25    43.467 53102.07359398 31.30 133.138122  48.132294 26.638
 25    46.713 53102.07359463 22.09 133.136792  48.129044 26.638
 26    47.847 53137.07360029 17.44 133.158033  48.136489 21.885
 26    47.551 53137.07360093 14.48 133.156693  48.133239 21.885
 26    44.640 53137.07360158 19.29 133.155363  48.129999 21.885
 27    45.544 53172.07364925 32.36 133.149653  48.134436 22.966
 27    45.471 53172.07364989 34.09 133.148313  48.131196 22.966
 28    44.585 53207.07366353 49.10 133.147472  48.135138 23.457
 28    44.274 53207.07366418 50.11 133.146142  48.131898 23.457
 28    44.448 53207.07366482 48.89 133.144802  48.128648 23.457
 29    45.329 53242.07363118 41.62 133.149664  48.134896 26.467
 29    45.057 53242.07363183 39.09 133.148334  48.131656 26.467
 29    44.954 53242.07363247 39.01 133.146994  48.128406 26.467
 30    44.028 53277.07360323 51.37 133.158944  48.135803 30.326
 30    44.095 53277.07360387 54.30 133.157604  48.132553 30.326
 30    43.927 53277.07360452 48.32 133.156264  48.129313 30.326
 31    45.005 53312.07364020 18.90 133.148969  48.136068 20.864
 31    43.178 53312.07364085 23.66 133.147629  48.132828 20.864
 31    43.021 53312.07364149 31.63 133.146289  48.129588 20.864
 32    41.992 53347.07360620 24.05 133.149420  48.135235  6.345
 32    41.904 53347.07360685 23.24 133.148090  48.131995  6.345
 32    41.803 53347.07360749 24.66 133.146750  48.128755  6.345
 33    42.840 53382.07356771 15.97 133.159504  48.136531  9.154
 33    42.645 53382.07356835 16.95 133.158164  48.133281  9.154
 33    42.489 53382.07356900 18.19 133.156834  48.130041  9.154
 34    42.836 53417.07358470 13.34 133.156193  48.134368  5.519
 34    42.719 53417.07358534 14.31 133.154863  48.131128  5.519
 35    47.598 53452.07358397 16.57 133.161277  48.135260  7.962
 35    46.657 53452.07358461 15.42 133.159937  48.132020  7.962
 35    45.826 53452.07358526 16.92 133.158597  48.128770  7.962
 36    43.555 53487.07366982 50.24 133.143416  48.134027 35.262
 36    43.738 53487.07367046 50.40 133.142076  48.130777 35.262
 37    46.062 53522.07366046 16.86 133.152801  48.136390 26.158
 37    44.899 53522.07366111 22.62 133.151471  48.133140 26.158
 37    45.160 53522.07366175 22.32 133.150131  48.129900 26.158
 38    45.645 53557.07368625 15.74 133.141518  48.134297 24.643
 38    45.482 53557.07368689 21.86 133.140188  48.131057 24.643
 39    46.321 53592.07362262 55.47 133.153095  48.135245 40.505
 39    46.206 53592.07362327 53.63 133.151765  48.132005 40.505
 39    46.331 53592.07362391 49.56 133.150425  48.128765 40.505
 40    43.788 53627.07361257 32.88 133.152551  48.135699 28.681
 40    43.922 53627.07361321 48.12 133.151211  48.132459 28.681
 40    44.012 53627.07361385 54.47 133.149881  48.129209 28.681
 41    43.959 53662.07363839 14.67 133.149339  48.134574 14.199
 41    42.955 53662.07363903 20.13 133.147999  48.131334 14.199
 42    41.962 53697.07360482 43.70 133.146836  48.135252 29.969
 42    42.043 53697.07360547 50.88 133.145506  48.132002 29.969
 42    42.112 53697.07360611 44.44 133.144166  48.128762 29.969
 43    43.134 53732.07352703 27.45 133.147996  48.137255 11.510
 43    43.197 53732.07352767 30.05 133.146656  48.134015 11.510
 43    43.287 53732.07352831 45.96 133.145326  48.130765 11.510
 44    42.990 53767.07350160 17.66 133.159388  48.135608  5.319
 44    42.969 53767.07350224 19.13 133.158048  48.132368  5.319
 44    43.072 53767.07350289 21.60 133.156708  48.129118  5.319
 45    42.825 53802.07350252 27.08 133.149196  48.135116  9.401
 45    43.082 53802.07350316 33.46 133.147856  48.131876  9.401
 45    42.956 53802.07350381 40.49 133.146526  48.128636  9.401
 46    43.123 53837.07351209 31.93 133.157996  48.137044 21.177
 46    43.155 53837.07351274 32.67 133.156666  48.133804 21.177
 46    43.170 53837.07351338 28.00 133.155326  48.130554 21.177
 47    44.915 53872.07356596 51.84 133.152396  48.136130 35.182
 47    44.804 53872.07356660 50.38 133.151066  48.132890 35.182
 47    44.744 53872.07356725 50.95 133.149726  48.129650 35.182
 48    45.578 53907.07360594 13.69 133.148508  48.136246 15.853
 48    45.688 53907.07360659 13.27 133.147178  48.133006 15.853
 48    45.861 53907.07360723 16.33 133.145838  48.129766 15.853
 49    45.158 53942.07363408 19.66 133.139761  48.133839 26.523
 49    45.211 53942.07363472 24.82 133.138421  48.130599 26.523
 50    45.261 53977.07358819 21.65 133.141734  48.133679 24.048
 50    45.370 53977.07358883 23.41 133.140394  48.130429 24.048
 51    44.744 54012.07359207 15.47 133.160138  48.135528 16.476
 51    44.426 54012.07359272 16.24 133.158798  48.132288 16.476
 51    44.717 54012.07359336 20.80 133.157468  48.129048 16.476
 52    42.491 54047.07360447 34.97 133.158068  48.134991 32.242
 52    42.371 54047.07360511 30.52 133.156728  48.131741 32.242
 54    43.057 54117.07352941 19.91 133.142308  48.135447  3.376
 54    42.959 54117.07353005 20.39 133.140977  48.132209 11.165
 54    42.946 54117.07353070 21.02 133.139637  48.128959 11.165
 55    42.720 54152.07354890 12.78 133.149918  48.136494 10.930
 55    42.731 54152.07354955 13.60 133.148578  48.133244 10.930
 55    42.809 54152.07355019 13.94 133.147238  48.130004 10.930
 56    46.041 54187.07352278  7.35 133.143395  48.134601  6.676
 56    46.019 54187.07352343  7.52 133.142055  48.131361  6.676
 57    43.871 54222.07355869 31.60 133.151710  48.134738 30.646
 57    44.050 54222.07355934 42.14 133.150370  48.131498 30.646
 58    46.144 54257.07358093 17.62 133.150365  48.136076 26.124
 58    45.124 54257.07358157 14.68 133.149025  48.132826 26.124
 58    45.188 54257.07358222 15.56 133.147685  48.129586 26.124
 59    44.300 54292.07358308 18.08 133.152744  48.137261 17.577
 59    44.036 54292.07358372 19.54 133.151404  48.134011 17.577
 59    44.089 54292.07358437 25.14 133.150064  48.130771 17.577
 60    44.883 54327.07357990 18.56 133.150629  48.135713 14.730
 60    44.752 54327.07358055 20.38 133.149289  48.132473 14.730
 60    45.007 54327.07358119 25.61 133.147949  48.129233 14.730
 61    44.307 54362.07353054 17.81 133.142478  48.133841 14.119
 61    44.568 54362.07353119 19.89 133.141138  48.130601 14.119
 62    43.015 54397.07351985 49.40 133.153516  48.135341 25.434
 62    43.023 54397.07352049 50.97 133.152176  48.132101 25.434
 62    42.949 54397.07352114 47.35 133.150846  48.128861 25.434
 63    41.809 54432.07347995 30.14 133.147272  48.136231 12.042
 63    42.024 54432.07348060 31.78 133.145942  48.132991 12.042
 63    42.047 54432.07348124 36.79 133.144602  48.129751 12.042
 64    42.685 54467.07350093 21.43 133.156487  48.136218  4.953
 64    42.476 54467.07350158 20.91 133.155147  48.132978  4.953
 64    42.545 54467.07350222 21.97 133.153817  48.129738  4.953
 65    42.600 54502.07349465 23.87 133.147851  48.135251  6.390
 65    42.616 54502.07349530 22.83 133.146511  48.132011  6.390
 65    42.420 54502.07349594 20.13 133.145181  48.128771  6.390
 66    42.758 54537.07351650 36.83 133.151640  48.135815 19.543
 66    42.620 54537.07351714 33.50 133.150310  48.132565 19.543
 66    42.547 54537.07351779 30.12 133.148970  48.129325 19.543
 67    42.681 54572.07349603 50.59 133.146195  48.136112 30.005
 67    42.518 54572.07349667 57.56 133.144865  48.132872 30.005
 67    42.599 54572.07349732 53.09 133.143525  48.129632 30.005
 68    42.919 54607.07350989 23.99 133.151097  48.135830 16.491
 68    42.892 54607.07351054 23.84 133.149757  48.132590 16.491
 68    42.830 54607.07351118 25.49 133.148427  48.129340 16.491
 69    42.834 54642.07351887 32.02 133.149127  48.137087 20.656
 69    42.886 54642.07351951 25.51 133.147787  48.133837 20.656
 69    42.804 54642.07352016 30.49 133.146457  48.130597 20.656
 70    43.737 54677.07352094 22.98 133.149160  48.135624 21.728
 70    43.990 54677.07352159 30.19 133.147820  48.132384 21.728
 70    43.894 54677.07352223 39.88 133.146490  48.129134 21.728
 71    43.295 54712.07347539 37.53 133.146278  48.135609 27.665
 71    43.092 54712.07347604 27.97 133.144938  48.132369 27.665
 71    43.167 54712.07347668 31.66 133.143608  48.129129 27.665
 72    43.990 54747.07348964 28.97 133.151361  48.134959 27.114
 72    44.234 54747.07349029 38.01 133.150031  48.131719 27.114
 72    44.248 54747.07349093 42.14 133.148691  48.128479 27.114
 73    42.715 54782.07346169 48.27 133.149407  48.135065 26.446
 73    42.635 54782.07346233 50.88 133.148077  48.131825 26.446
 73    42.783 54782.07346298 46.78 133.146737  48.128585 26.446
 74    43.660 54817.07348193 23.21 133.153526  48.136682 10.516
 74    43.455 54817.07348258 24.55 133.152186  48.133432 10.516
 74    43.369 54817.07348322 25.13 133.150856  48.130192 10.516
 75    43.138 54852.07345925 16.45 133.148076  48.134806  4.955
 75    43.036 54852.07345990 17.30 133.146736  48.131556  4.955
 75    42.847 54852.07346054 18.62 133.145406  48.128316  4.955
 76    43.224 54887.07348661 11.36 133.150265  48.136603  2.780
 76    43.003 54887.07348726 11.75 133.148935  48.133363  2.780
 76    42.945 54887.07348790 12.22 133.147595  48.130123  2.780
 77    47.756 54922.07345991 18.69 133.140831  48.135637  9.781
 77    47.606 54922.07346055 17.13 133.139491  48.132387  9.781
 77    46.683 54922.07346119 15.60 133.138161  48.129147  9.781
 78    45.254 54957.07348237 14.74 133.152402  48.136140 15.435
 78    44.821 54957.07348302 14.90 133.151062  48.132890 15.435
 78    44.733 54957.07348366 15.98 133.149732  48.129650 15.435
 79    43.561 54992.07350610 25.20 133.147382  48.134212 20.318
 79    43.698 54992.07350675 32.19 133.146052  48.130972 20.318
 80    45.666 55027.07349675 17.01 133.148541  48.134306 19.746
 80    45.875 55027.07349739 20.04 133.147211  48.131066 19.746
 81    46.355 55062.07348939 48.95 133.149655  48.134327 38.091
 81    46.284 55062.07349003 50.87 133.148315  48.131077 38.091
 82    46.951 55097.07343794 30.70 133.141930  48.136122 43.441
 82    46.820 55097.07343859 24.26 133.140600  48.132882 43.441
 82    46.933 55097.07343923 28.16 133.139260  48.129632 43.441
 84    44.464 55167.07339983 20.11 133.149505  48.136764  6.537
 84    44.002 55167.07340048 24.87 133.148175  48.133524  6.537
 84    43.810 55167.07340112 21.61 133.146835  48.130274  6.537
 85    44.947 55202.07342431 12.16 133.152280  48.137374  3.498
 85    44.305 55202.07342496 13.20 133.150940  48.134124  3.498
 85    44.107 55202.07342560 14.01 133.149610  48.130884  3.498
 86    44.703 55237.07340715  8.31 133.145642  48.136501  2.578
 86    43.983 55237.07340780  9.01 133.144302  48.133251  2.578
 86    43.454 55237.07340844  9.91 133.142972  48.130011  2.578
 87    46.135 55272.07341897  6.59 133.149627  48.135620  2.176
 87    45.488 55272.07341962  7.43 133.148297  48.132370  2.176
 87    43.353 55272.07342026  7.86 133.146957  48.129130  2.176
 88    46.591 55307.07338860 38.01 133.145403  48.137088 27.394
 88    44.185 55307.07338924 31.62 133.144073  48.133848 27.394
 88    44.277 55307.07338989 27.74 133.142733  48.130608 27.394
 89    46.441 55342.07338837 30.75 133.152191  48.137217 27.463
 89    45.938 55342.07338901 21.49 133.150851  48.133977 27.463
 89    45.917 55342.07338966 22.10 133.149511  48.130727 27.463
 90    45.615 55377.07338264 14.55 133.148050  48.134849 23.430
 90    44.961 55377.07338328 18.58 133.146720  48.131609 23.430
 90    44.987 55377.07338393 20.17 133.145380  48.128369 23.430
 91    45.950 55412.07340550 34.29 133.153736  48.136112 28.916
 91    46.196 55412.07340615 33.76 133.152396  48.132862 28.916
 91    46.261 55412.07340679 36.19 133.151066  48.129622 28.916
 92    46.895 55447.07339683 41.11 133.150181  48.136649 36.621
 92    46.899 55447.07339748 46.92 133.148851  48.133409 36.621
 92    46.915 55447.07339812 48.74 133.147511  48.130159 36.621
 93    45.068 55482.07332836 21.29 133.142757  48.135295 19.193
 93    43.572 55482.07332900 24.56 133.141427  48.132055 19.193
 93    43.716 55482.07332965 37.20 133.140087  48.128805 19.193
