-161990.911    -0.078     0.00    0.00
-161621.033    -0.078     0.00    0.00
-161251.201    -0.078     0.00    0.00
-160881.415    -0.078     0.00    0.00
-160511.676    -0.078     0.00    0.00
-160141.982    -0.078     0.00    0.00
-159772.334    -0.078     0.00    0.00
-159402.733    -0.078     0.00    0.00
-159033.177    -0.078     0.00    0.00
-158663.667    -0.078     0.00    0.00
-158294.203    -0.078     0.00    0.00
-157924.785    -0.078     0.00    0.00
-157555.413    -0.078     0.00    0.00
-157182.734    -0.078     0.00    0.00
-156804.007    -0.078     0.00    0.00
-156425.328    -0.078     0.00    0.00
-156046.698    -0.078     0.00    0.00
-155668.116    -0.078     0.00    0.00
-155289.582    -0.078     0.00    0.00
-154911.097    -0.078     0.00    0.00
-154532.660    -0.078     0.00    0.00
-154154.271    -0.078     0.00    0.00
-153775.931    -0.078     0.00    0.00
-153397.638    -0.078     0.00    0.00
-153019.395    -0.078     0.00    0.00
-152641.199    -0.078     0.00    0.00
-152263.051    -0.078     0.00    0.00
-151884.952    -0.078     0.00    0.00
-151506.901    -0.078     0.00    0.00
-151128.898    -0.078     0.00    0.00
-150750.943    -0.078     0.00    0.00
-150373.037    -0.078     0.00    0.00
-149995.178    -0.078     0.00    0.00
-149617.368    -0.078     0.00    0.00
-149239.605    -0.078     0.00    0.00
-148861.891    -0.078     0.00    0.00
-148484.225    -0.078     0.00    0.00
-148106.606    -0.078     0.00    0.00
-147729.036    -0.078     0.00    0.00
-147351.513    -0.078     0.00    0.00
-146974.039    -0.078     0.00    0.00
-146596.612    -0.078     0.00    0.00
-146219.234    -0.078     0.00    0.00
-145841.903    -0.078     0.00    0.00
-145464.620    -0.078     0.00    0.00
-145087.385    -0.078     0.00    0.00
-144710.197    -0.078     0.00    0.00
-144333.058    -0.078     0.00    0.00
-143955.966    -0.078     0.00    0.00
-143578.922    -0.078     0.00    0.00
-143201.926    -0.078     0.00    0.00
-142824.978    -0.078     0.00    0.00
-142448.077    -0.078     0.00    0.00
-142071.224    -0.078     0.00    0.00
-141694.418    -0.078     0.00    0.00
-141317.661    -0.078     0.00    0.00
-140940.950    -0.078     0.00    0.00
-140564.288    -0.078     0.00    0.00
-140187.673    -0.078     0.00    0.00
-139811.106    -0.078     0.00    0.00
-139434.586    -0.078     0.00    0.00
-139058.114    -0.078     0.00    0.00
-138681.689    -0.078     0.00    0.00
-138305.311    -0.078     0.00    0.00
-137928.982    -0.078     0.00    0.00
-137552.699    -0.078     0.00    0.00
-137176.464    -0.078     0.00    0.00
-136800.277    -0.078     0.00    0.00
-136424.137    -0.078     0.00    0.00
-136048.044    -0.078     0.00    0.00
-135671.999    -0.078     0.00    0.00
-135296.001    -0.078     0.00    0.00
-134920.050    -0.078     0.00    0.00
-134544.146    -0.078     0.00    0.00
-134168.290    -0.078     0.00    0.00
-133792.481    -0.078     0.00    0.00
-133416.720    -0.078     0.00    0.00
-133041.005    -0.078     0.00    0.00
-132665.338    -0.078     0.00    0.00
-132289.718    -0.078     0.00    0.00
-131914.145    -0.078     0.00    0.00
-131538.620    -0.078     0.00    0.00
-131163.141    -0.078     0.00    0.00
-130787.709    -0.078     0.00    0.00
-130412.325    -0.078     0.00    0.00
-130036.988    -0.078     0.00    0.00
-129661.697    -0.078     0.00    0.00
-129286.454    -0.078     0.00    0.00
-128911.258    -0.078     0.00    0.00
-128536.109    -0.078     0.00    0.00
-128161.007    -0.078     0.00    0.00
-127785.951    -0.078     0.00    0.00
-127410.943    -0.078     0.00    0.00
-127035.981    -0.078     0.00    0.00
-126661.067    -0.078     0.00    0.00
-126286.199    -0.078     0.00    0.00
-125911.378    -0.078     0.00    0.00
-125536.605    -0.078     0.00    0.00
-125161.877    -0.078     0.00    0.00
-124787.197    -0.078     0.00    0.00
-124412.564    -0.078     0.00    0.00
-124037.977    -0.078     0.00    0.00
-123663.437    -0.078     0.00    0.00
-123288.943    -0.078     0.00    0.00
-122914.497    -0.078     0.00    0.00
-122540.097    -0.078     0.00    0.00
-122165.744    -0.078     0.00    0.00
-121791.437    -0.078     0.00    0.00
-121417.177    -0.078     0.00    0.00
-121042.964    -0.078     0.00    0.00
-120668.797    -0.078     0.00    0.00
-120294.677    -0.078     0.00    0.00
-119920.604    -0.078     0.00    0.00
-119546.577    -0.078     0.00    0.00
-119172.596    -0.078     0.00    0.00
-118798.662    -0.078     0.00    0.00
-118424.775    -0.078     0.00    0.00
-118050.934    -0.078     0.00    0.00
-117677.139    -0.078     0.00    0.00
-117303.391    -0.078     0.00    0.00
-116929.689    -0.078     0.00    0.00
-116556.034    -0.078     0.00    0.00
-116182.425    -0.078     0.00    0.00
-115808.862    -0.017     0.16    0.39
-115435.346     1.281     3.48    2.55
-115061.876     3.341     5.52    3.77
-114688.452     6.875     9.46    4.52
-114315.075    10.809    10.54    4.42
-113941.744    16.422    15.04    7.30
-113568.459    24.638    22.01   10.76
-113195.220    35.969    30.36   14.92
-112822.028    51.535    41.71   19.79
-112448.882    71.578    53.72   29.79
-112075.782    99.390    74.55   40.07
-111702.728   124.187    66.48   38.67
-111329.720   143.172    50.90   28.90
-110956.758   148.391    13.99   26.13
-110583.843   147.812    -1.55   28.87
-110210.973   144.255    -9.54   30.92
-109838.150   138.207   -16.22   35.21
-109465.372   120.309   -48.02   39.85
-109092.641    92.422   -74.83   36.86
-108719.956    74.222   -48.84   25.39
-108347.316    73.002    -3.27   24.32
-107974.723    68.725   -11.48   24.05
-107602.175    61.710   -18.83   25.26
-107229.674    52.938   -23.55   22.74
-106857.218    48.636   -11.55   17.33
-106484.808    57.260    23.16   26.48
-106112.445    79.065    58.56   37.45
-105740.127   107.045    75.16   36.96
-105367.854   119.244    32.77   30.07
-104995.628   110.239   -24.20   40.94
-104623.448    91.373   -50.70   45.10
-104251.313    69.414   -59.01   33.50
-103879.224    57.249   -32.70   12.48
-103507.181    66.151    23.93   17.72
-103135.183    80.549    38.71   23.17
-102763.232    97.391    45.29   29.66
-102391.326   113.228    42.59   32.58
-102019.465   131.672    49.60   37.94
-101647.650   154.164    60.50   38.50
-101275.881   175.000    56.05   40.62
-100904.158   195.525    55.22   44.93
-100532.480   216.297    55.89   49.70
-100160.848   234.081    47.86   46.67
 -99789.261   240.196    16.46   42.83
 -99417.720   253.812    36.65   43.37
 -99046.224   271.454    47.49   41.39
 -98674.774   292.131    55.67   38.28
 -98303.370   312.438    54.68   29.69
 -97932.010   336.013    63.49   40.25
 -97560.697   363.572    74.23   46.54
 -97189.429   403.842   108.48   55.44
 -96818.206   440.119    97.73   43.13
 -96447.028   449.156    24.35   36.16
 -96075.896   434.164   -40.40   52.80
 -95704.810   393.366  -109.95   69.32
 -95333.768   338.228  -148.62   60.27
 -94962.772   305.731   -87.60   48.10
 -94591.822   285.891   -53.49   44.46
 -94220.916   275.573   -27.82   43.87
 -93850.056   272.047    -9.51   38.26
 -93479.242   260.795   -30.35   33.94
 -93108.472   239.344   -57.86   40.00
 -92737.748   222.002   -46.78   41.21
 -92367.069   212.078   -26.78   35.20
 -91996.435   233.125    56.79   54.57
 -91625.846   280.176   126.97   65.15
 -91255.302   316.922    99.18   52.33
 -90884.804   323.528    17.83   43.68
 -90514.351   304.854   -50.41   48.24
 -90143.942   274.350   -82.36   48.40
 -89773.579   242.594   -85.75   34.86
 -89403.261   220.827   -58.79   28.46
 -89032.988   201.680   -51.71   26.83
 -88662.760   184.287   -46.98   30.08
 -88292.577   160.874   -63.25   28.29
 -87922.439   136.477   -65.92   29.98
 -87552.346   115.719   -56.10   28.41
 -87182.298   107.583   -21.99   25.71
 -86812.295   111.334    10.14   30.59
 -86442.337   122.470    30.10   35.07
 -86072.424   138.141    42.37   31.89
 -85702.555   156.155    48.71   30.33
 -85332.732   170.035    37.53   35.05
 -84962.953   182.956    34.95   43.27
 -84593.219   205.584    61.20   52.13
 -84223.530   219.680    38.13   54.94
 -83853.886   234.631    40.45   59.10
 -83484.287   250.388    42.64   60.00
 -83114.732   263.906    36.58   58.96
 -82745.222   277.454    36.67   57.83
 -82373.791   303.890    71.18   57.14
 -81995.162   346.406   112.30   55.62
 -81616.581   391.219   118.38   51.59
 -81238.047   428.763    99.19   45.78
 -80859.560   441.856    34.60   44.95
 -80481.120   414.250   -72.95   73.43
 -80102.727   358.284  -147.92   89.37
 -79724.381   290.301  -179.70   83.46
 -79346.082   226.019  -169.94   50.08
 -78967.830   195.922   -79.57   35.18
 -78589.626   181.446   -38.28   30.57
 -78211.468   180.551    -2.37   36.33
 -77833.357   186.734    16.35   38.18
 -77455.294   191.772    13.33   33.82
 -77077.277   186.293   -14.50   32.17
 -76699.307   170.856   -40.84   33.66
 -76321.384   155.652   -40.23   36.62
 -75943.508   144.325   -29.98   38.78
 -75565.679   149.479    13.64   50.99
 -75187.896   155.484    15.90   57.55
 -74810.161   158.535     8.08   58.10
 -74432.472   156.860    -4.43   56.61
 -74054.830   146.722   -26.85   50.55
 -73677.235   127.728   -50.30   53.15
 -73299.686   100.035   -73.36   44.70
 -72922.185    80.779   -51.01   35.61
 -72544.730    63.398   -46.05   16.33
 -72167.321    57.454   -15.75   12.97
 -71789.960    56.516    -2.49   15.71
 -71412.645    62.578    16.07   25.57
 -71035.377    72.890    27.34   35.18
 -70658.155    83.905    29.20   43.69
 -70280.980    96.842    34.30   55.92
 -69903.852   112.477    41.46   61.87
 -69526.770   137.594    66.61   62.55
 -69149.734   177.493   105.83   65.62
 -68772.746   205.035    73.06   60.94
 -68395.803   231.406    69.97   46.00
 -68018.908   235.572    11.05   42.11
 -67642.058   229.578   -15.91   38.11
 -67265.255   217.872   -31.07   37.44
 -66888.499   195.391   -59.67   46.00
 -66511.789   159.096   -96.35   69.00
 -66135.125    99.604  -157.96   72.06
 -65758.508    46.255  -141.66   54.26
 -65381.937    15.873   -80.69   30.62
 -65005.413     1.013   -39.47    2.50
 -64628.935     0.180    -2.21    0.48
 -64252.503     0.086    -0.25    0.37
 -63876.117     0.072    -0.04    0.40
 -63499.778     0.067    -0.01    0.47
 -63123.485     0.037    -0.08    0.45
 -62747.238    -0.015    -0.14    0.30
 -62371.037    -0.078    -0.17    0.00
 -61994.883    -0.078     0.00    0.00
 -61618.775    -0.078     0.00    0.00
 -61242.713    -0.078     0.00    0.00
 -60866.697    -0.078     0.00    0.00
 -60490.727    -0.044     0.09    0.18
 -60114.803    -0.016     0.08    0.24
 -59738.926    -0.013     0.01    0.25
 -59363.094     2.287     6.12    9.89
 -58987.309    15.144    34.22   26.35
 -58611.570    30.359    40.50   34.03
 -58235.876    61.078    81.77   43.59
 -57860.229    90.348    77.92   41.11
 -57484.627   111.809    57.14   45.74
 -57109.072   129.438    46.95   46.28
 -56733.562   141.234    31.41   43.30
 -56358.099   152.131    29.02   40.49
 -55982.681   161.391    24.66   36.88
 -55607.309   172.615    29.90   30.20
 -55231.983   165.334   -19.40   39.65
 -54856.703   145.062   -54.02   50.09
 -54481.469   124.277   -55.40   43.40
 -54106.280   115.453   -23.52   26.65
 -53731.138   129.272    36.84   30.45
 -53356.041   154.099    66.19   33.35
 -52980.990   186.955    87.61   38.44
 -52605.984   219.573    86.98   47.03
 -52231.025   258.551   103.96   49.50
 -51856.111   295.461    98.46   48.89
 -51481.243   336.857   110.43   52.19
 -51106.420   377.148   107.50   66.84
 -50731.643   438.744   164.36   86.24
 -50356.912   499.643   162.52   79.80
 -49982.226   539.470   106.30   50.58
 -49607.586   539.091    -1.01   49.93
 -49232.992   499.106  -106.75   74.29
 -48858.443   444.841  -144.89   74.47
 -48483.939   397.969  -125.16   72.19
 -48109.481   347.502  -134.78   74.07
 -47735.069   305.779  -111.44   76.25
 -47360.702   262.758  -114.92   70.11
 -46986.381   237.793   -66.70   59.74
 -46612.105   205.319   -86.77   57.99
 -46237.874   183.108   -59.35   51.34
 -45863.689   176.998   -16.33   55.21
 -45489.550   182.008    13.39   64.08
 -45115.455   187.115    13.65   69.34
 -44741.406   181.105   -16.07   70.35
 -44367.403   169.793   -30.25   63.51
 -43993.445   152.315   -46.74   54.43
 -43619.532   141.512   -28.89   53.60
 -43245.664   134.795   -17.97   53.56
 -42871.842   123.652   -29.81   43.24
 -42498.065   112.062   -31.01   36.08
 -42124.333   102.332   -26.04   31.42
 -41750.646    99.148    -8.52   26.62
 -41377.005    98.622    -1.41   28.55
 -41003.408    90.229   -22.46   29.50
 -40629.857    85.091   -13.76   30.36
 -40256.351    76.334   -23.45   26.64
 -39882.890    66.282   -26.92   19.47
 -39509.475    61.037   -14.05   18.03
 -39136.104    53.906   -19.10   13.96
 -38762.779    47.841   -16.25    6.67
 -38389.498    48.620     2.09    7.02
 -38016.263    54.793    16.54   14.41
 -37643.072    71.228    44.04   29.63
 -37269.927    88.939    47.46   35.97
 -36896.827    98.594    25.88   33.66
 -36523.771    98.538    -0.15   30.00
 -36150.761    98.470    -0.18   24.56
 -35777.795   106.207    20.75   32.88
 -35404.875   122.303    43.16   40.38
 -35031.999   142.437    54.00   34.58
 -34659.168   150.604    21.91   33.38
 -34286.382   158.573    21.38   34.50
 -33913.641   167.051    22.75   42.09
 -33540.945   195.760    77.03   60.74
 -33168.293   241.922   123.88   73.89
 -32795.687   290.648   130.77   62.03
 -32423.125   313.887    62.38   53.04
 -32050.608   291.270   -60.72   62.38
 -31678.136   257.594   -90.42   57.35
 -31305.708   225.341   -86.60   44.66
 -30933.325   199.791   -68.62   42.21
 -30560.987   177.551   -59.73   47.33
 -30188.693   152.002   -68.63   42.61
 -29816.444   143.192   -23.67   38.83
 -29444.240   135.446   -20.81   36.03
 -29072.081   128.725   -18.06   35.82
 -28699.966   122.890   -15.68   30.49
 -28327.895   111.922   -29.48   25.51
 -27955.869   106.390   -14.87   22.82
 -27583.888   111.077    12.60   24.87
 -27211.951   125.407    38.53   35.93
 -26840.059   149.905    65.88   43.09
 -26468.211   184.744    93.70   47.14
 -26096.408   215.822    83.59   47.59
 -25724.649   241.873    70.08   45.44
 -25352.935   262.825    56.37   46.87
 -24981.265   278.176    41.30   44.25
 -24609.640   283.842    15.25   43.10
 -24238.059   277.398   -17.34   39.93
 -23866.522   286.081    23.37   43.22
 -23495.029   297.712    31.31   44.95
 -23123.581   301.954    11.42   45.39
 -22752.178   318.196    43.73   40.58
 -22380.818   340.857    61.02   45.69
 -22009.503   363.905    62.07   43.48
 -21638.233   361.334    -6.92   40.56
 -21267.006   343.822   -47.18   57.47
 -20895.824   310.825   -88.90   66.75
 -20524.686   283.069   -74.79   53.23
 -20153.592   285.414     6.32   53.54
 -19782.542   308.309    61.70   54.26
 -19411.537   326.366    48.67   41.95
 -19040.576   326.381     0.04   41.79
 -18669.658   315.985   -28.03   50.60
 -18298.785   298.233   -47.87   54.36
 -17927.956   284.572   -36.84   59.41
 -17557.171   265.525   -51.37   60.82
 -17186.431   239.905   -69.11   63.69
 -16815.734   213.874   -70.22   69.40
 -16445.081   180.422   -90.25   56.03
 -16074.473   153.332   -73.10   42.44
 -15703.908   129.525   -64.24   35.02
 -15333.387   104.982   -66.24   36.49
 -14962.910    91.108   -37.45   28.95
 -14592.478    97.115    16.22   36.38
 -14222.089   125.038    75.39   51.66
 -13851.744   166.841   112.88   56.27
 -13481.443   201.578    93.81   53.21
 -13111.186   215.567    37.78   41.85
 -12740.973   219.115     9.58   42.06
 -12370.803   210.502   -23.27   43.31
 -12000.678   190.196   -54.86   41.68
 -11630.596   179.422   -29.11   45.28
 -11260.558   166.636   -34.55   50.24
 -10890.564   148.758   -48.32   46.27
 -10520.613   136.094   -34.23   46.86
 -10150.707   128.125   -21.54   46.51
  -9780.844   114.002   -38.18   42.11
  -9411.025    97.210   -45.41   38.04
  -9041.249    83.285   -37.66   34.01
  -8671.517    72.594   -28.92   24.63
  -8301.829    67.228   -14.51   24.23
  -7932.184    64.528    -7.30   30.95
  -7561.863    59.001   -14.93   30.48
  -7183.332    50.212   -23.22   26.79
  -6804.847    42.873   -19.39   19.47
  -6426.408    35.841   -18.58   16.73
  -6048.014    31.840   -10.57   16.10
  -5669.667    27.341   -11.89   14.20
  -5291.366    23.705    -9.61   12.91
  -4913.110    23.531    -0.46   14.00
  -4534.901    24.069     1.42   17.63
  -4156.737    29.019    13.09   24.51
  -3778.619    35.277    16.55   31.66
  -3400.546    43.086    20.66   37.12
  -3022.520    56.874    36.47   40.74
  -2644.539    59.132     5.97   37.78
  -2266.604    51.200   -20.99   33.18
  -1888.714    38.005   -34.92   30.90
  -1510.871    22.583   -40.82   21.37
  -1133.073    10.583   -31.76   13.37
   -755.320     3.857   -17.80    7.42
   -377.614     0.567    -8.71    2.33
      0.048    -0.078    -1.71    0.00
    377.663     0.002     0.21    0.38
    755.233     0.379     1.00    1.04
   1132.757     0.922     1.44    1.57
   1510.236     1.004     0.22    1.59
   1887.669     1.390     1.02    3.62
   2265.057     5.196    10.09    8.79
   2642.399    11.788    17.47   14.14
   3019.696    24.366    33.34   19.43
   3396.948    39.973    41.37   21.96
   3774.153    60.627    54.76   25.12
   4151.314    78.525    47.46   23.98
   4528.429   105.096    70.46   35.81
   4905.499   137.002    84.62   49.49
   5282.523   159.260    59.04   51.01
   5659.502   183.463    64.20   45.12
   6036.436   193.627    26.96   45.33
   6413.324   208.228    38.74   47.35
   6790.167   224.215    42.42   45.71
   7166.965   241.260    45.24   48.10
   7543.717   268.823    73.16   54.64
   7920.424   304.461    94.60   63.15
   8297.086   359.293   145.57   73.80
   8673.703   392.019    86.89   73.24
   9050.275   421.906    79.37   71.02
   9426.801   462.479   107.76   88.96
   9803.282   496.890    91.40   89.22
  10179.719   511.405    38.56   88.39
  10556.110   560.276   129.84  102.51
  10932.455   619.505   157.38  116.35
  11308.756   664.001   118.24  104.31
  11685.012   673.535    25.34   83.83
  12061.223   618.561  -146.12  105.23
  12437.388   559.954  -155.80   86.93
  12813.509   536.055   -63.54   55.76
  13189.585   553.192    45.57   56.15
  13565.615   593.922   108.31   47.29
  13941.601   618.643    65.75   39.61
  14317.542   632.555    37.01   33.80
  14693.438   650.397    47.46   35.69
  15069.289   662.692    32.71   33.99
  15445.095   662.233    -1.22   37.22
  15820.856   629.648   -86.72   67.30
  16196.572   587.390  -112.47   66.34
  16572.244   563.461   -63.69   52.86
  16947.870   579.249    42.03   62.92
  17323.452   621.357   112.11   67.29
  17698.989   669.277   127.60   86.60
  18074.482   731.890   166.75   97.83
  18449.929   780.217   128.72   79.84
  18825.332   791.176    29.19   71.91
  19200.690   769.086   -58.85   93.54
  19576.004   703.405  -175.00  109.64
  19951.272   622.731  -214.97  101.16
  20326.496   571.336  -136.97   84.46
  20701.676   529.047  -112.71   83.58
  21076.810   477.094  -138.49   81.86
  21451.901   415.096  -165.28   83.89
  21826.946   358.905  -149.82   73.52
  22201.947   311.496  -126.42   52.37
  22576.904   273.319  -101.81   28.26
  22951.815   254.496   -50.21   21.92
  23326.683   235.588   -50.44   19.06
  23701.506   221.164   -38.48   16.40
  24076.284   207.809   -35.63   14.03
  24451.018   195.215   -33.61   11.72
  24825.707   184.825   -27.73   11.01
  25200.352   176.397   -22.49    9.73
  25574.953   169.728   -17.80    8.84
  25949.509   163.578   -16.42    7.83
  26324.021   161.807    -4.73   11.12
  26698.488   162.725     2.45   15.31
  27072.911   164.692     5.25   18.69
  27447.290   163.244    -3.87   17.25
  27821.624   163.532     0.77   17.20
  28195.914   161.078    -6.56   16.75
  28570.160   156.062   -13.40   18.14
  28944.362   146.680   -25.07   21.83
  29318.519   134.738   -31.91   18.21
  29692.632   126.397   -22.30   14.52
  30066.701   120.610   -15.47    9.27
  30440.725   120.180    -1.15    8.03
  30814.706   121.938     4.70    7.99
  31188.642   124.007     5.53    7.08
  31562.534   125.922     5.12    7.42
  31936.382   126.009     0.23    8.76
  32310.186   124.500    -4.04   10.51
  32683.946   122.680    -4.87   12.48
  33057.662   121.890    -2.12   14.01
  33431.333   122.193     0.81   15.64
  33804.961   121.138    -2.82   16.59
  34178.544   115.188   -15.93   18.34
  34552.084   106.004   -24.59   18.63
  34925.580    94.731   -30.18   15.57
  35299.031    85.906   -23.63   12.73
  35672.439    78.712   -19.26   11.32
  36045.802    72.193   -17.46   10.45
  36419.122    66.017   -16.54    8.31
  36792.398    61.638   -11.73    7.62
  37165.630    56.406   -14.02    8.55
  37538.818    49.722   -17.91   10.34
  37911.962    42.578   -19.15   10.18
  38285.063    35.823   -18.10    8.43
  38658.119    30.922   -13.14    6.19
  39031.132    26.228   -12.58    3.95
  39404.101    23.455    -7.43    2.73
  39777.026    21.348    -5.65    2.22
  40149.907    19.772    -4.23    2.22
  40522.745    17.825    -5.22    2.58
  40895.539    15.956    -5.01    2.42
  41268.289    14.207    -4.69    2.39
  41640.996    12.939    -3.40    1.93
  42013.658    12.164    -2.08    1.63
  42386.278    11.643    -1.40    1.72
  42758.853    11.099    -1.46    1.96
  43131.385     9.659    -3.86    2.43
  43503.873     8.341    -3.54    2.41
  43876.318     6.938    -3.77    1.91
  44248.719     6.088    -2.28    1.60
  44621.077     4.779    -3.52    2.35
  44993.391     3.413    -3.67    2.55
  45365.662     2.081    -3.58    2.39
  45737.889     0.939    -3.07    1.69
  46110.072     0.266    -1.81    1.00
  46482.212    -0.078    -0.93    0.00
  46854.309    -0.078     0.00    0.00
  47226.362    -0.078     0.00    0.00
  47598.372    -0.078     0.00    0.00
  47970.338    -0.078     0.00    0.00
  48342.261    -0.078     0.00    0.00
  48714.141    -0.078     0.00    0.00
  49085.977    -0.078     0.00    0.00
  49457.770    -0.078     0.00    0.00
  49829.519    -0.078     0.00    0.00
  50201.225    -0.078     0.00    0.00
  50572.888    -0.078     0.00    0.00
  50944.508    -0.078     0.00    0.00
  51316.084    -0.078     0.00    0.00
  51687.618    -0.078     0.00    0.00
  52059.108    -0.078     0.00    0.00
  52430.554    -0.078     0.00    0.00
  52801.958    -0.078     0.00    0.00
  53173.318    -0.078     0.00    0.00
  53544.635    -0.078     0.00    0.00
  53915.910    -0.078     0.00    0.00
  54287.140     1.684     4.75    7.12
  54658.328     4.873     8.59   13.17
  55029.473     7.196     6.26   16.24
  55400.575     8.973     4.79   17.44
  55771.633     4.741   -11.40   13.28
  56142.649     0.663   -10.99    3.54
  56513.621    -0.078    -2.00    0.00
  56884.551    -0.078     0.00    0.00
  57255.437    -0.078     0.00    0.00
  57626.281    -0.078     0.00    0.00
  57997.082    -0.078     0.00    0.00
  58367.839    -0.078     0.00    0.00
  58738.554     0.020     0.27    0.57
  59109.226     1.151     3.05    2.71
  59479.855     2.841     4.56    4.39
  59850.441     5.648     7.57    5.95
  60220.984     9.020     9.10    6.82
  60591.484    14.664    15.23    7.58
  60961.941    20.355    15.36    8.62
  61332.356    26.373    16.25    9.58
  61702.728    33.009    17.92   10.15
  62073.057    38.250    14.15    9.36
  62443.343    42.163    10.57    7.35
  62813.587    42.890     1.96    5.15
  63183.788    41.532    -3.67    5.15
  63553.946    37.772   -10.16    5.78
  63924.061    33.355   -11.93    5.98
  64294.134    30.096    -8.81    4.50
  64664.164    28.338    -4.75    4.23
  65034.151    28.272    -0.18    4.71
  65404.096    28.303     0.08    4.61
  65773.998    28.348     0.12    4.38
  66143.858    28.020    -0.89    3.40
  66513.675    27.838    -0.49    2.94
  66883.449    27.954     0.31    2.03
  67253.181    27.129    -2.23    2.76
  67631.220    24.840    -6.05    4.20
  68009.612    22.870    -5.21    4.09
  68387.959    22.341    -1.40    4.86
  68766.261    23.055     1.89    6.04
  69144.519    25.496     6.45    6.74
  69522.731    27.643     5.68    6.23
  69900.899    29.741     5.55    7.86
  70279.023    35.390    14.94   16.99
  70657.102    40.305    13.00   23.24
  71035.136    40.196    -0.29   20.40
  71413.126    39.709    -1.29   16.66
  71791.071    36.622    -8.17   12.41
  72168.971    32.155   -11.82   10.21
  72546.827    26.905   -13.89   10.61
  72924.639    20.696   -16.43    7.75
  73302.406    16.353   -11.50    4.68
  73680.128    13.841    -6.65    2.78
  74057.806    12.244    -4.23    1.85
  74435.440    11.309    -2.48    1.65
  74813.029    10.610    -1.85    1.32
  75190.573    10.105    -1.34    0.62
  75568.073    10.192     0.23    0.83
  75945.529    10.498     0.81    1.07
  76322.941    10.715     0.58    1.08
  76700.308    10.992     0.73    1.08
  77077.631    11.115     0.33    1.08
  77454.909    11.125     0.03    1.13
  77832.143    10.855    -0.72    1.15
  78209.333    10.470    -1.02    0.92
  78586.479    10.255    -0.57    1.02
  78963.580     9.938    -0.84    1.00
  79340.637     9.577    -0.96    1.02
  79717.650     9.430    -0.39    0.98
  80094.619     9.508     0.21    0.99
  80471.544     9.672     0.43    1.08
  80848.424    10.072     1.06    1.33
  81225.260    10.200     0.34    1.28
  81602.052    10.250     0.13    1.23
  81978.800    10.038    -0.56    1.19
  82355.504     9.760    -0.74    0.94
  82732.164     9.797     0.10    1.03
  83108.779     9.594    -0.54    1.00
  83485.351     9.430    -0.43    1.02
  83861.879     9.334    -0.25    0.98
  84238.362     9.299    -0.09    0.95
  84614.802     9.188    -0.29    1.02
  84991.198     9.244     0.15    1.11
  85367.549     9.232    -0.03    1.16
  85743.857     9.390     0.42    1.05
  86120.121     9.474     0.22    1.06
  86496.341     9.551     0.21    1.04
  86872.517     9.561     0.03    0.98
  87248.649     9.622     0.16    0.96
  87624.737     9.305    -0.84    1.06
  88000.782     9.217    -0.23    1.02
  88376.782     8.922    -0.78    0.92
  88752.739     8.888    -0.09    0.94
  89128.652     8.970     0.22    0.88
  89504.521     8.725    -0.65    1.02
  89880.347     8.470    -0.68    1.14
  90256.128     8.184    -0.76    1.11
  90631.866     8.260     0.20    1.17
  91007.561     8.266     0.01    1.17
  91383.211     8.472     0.55    1.10
  91758.818     8.840     0.98    1.04
  92134.381     9.060     0.59    0.87
  92509.901     9.282     0.59    0.97
  92885.377     9.405     0.33    1.03
  93260.809     9.131    -0.73    1.18
  93636.198     8.676    -1.21    1.36
  94011.543     8.659    -0.04    1.30
  94386.845     8.888     0.61    1.31
  94762.103     9.388     1.33    1.16
  95137.317     9.906     1.38    0.79
  95512.488     9.988     0.22    0.76
  95887.616    10.038     0.13    0.76
  96262.700     9.832    -0.55    0.90
  96637.741     9.712    -0.32    1.04
  97012.738     9.588    -0.33    1.13
  97387.692     9.455    -0.36    1.13
  97762.602     9.512     0.15    1.05
  98137.469     9.578     0.17    0.93
  98512.292     9.705     0.34    0.87
  98887.073     9.838     0.36    0.94
  99261.809     9.760    -0.21    1.06
  99636.503     9.439    -0.86    1.34
 100011.153     8.922    -1.38    1.39
 100385.760     8.767    -0.41    1.30
 100760.324     8.777     0.03    1.11
 101134.844     8.922     0.39    0.91
 101509.321     9.119     0.53    0.73
 101883.755     9.004    -0.31    0.84
 102258.146     8.888    -0.31    0.96
 102632.493     8.634    -0.68    0.85
 103006.798     8.405    -0.61    0.78
 103381.059     8.037    -0.98    0.93
 103755.277     7.853    -0.49    1.07
 104129.452     7.676    -0.47    1.07
 104503.583     7.684     0.02    0.84
 104877.672     7.535    -0.40    1.01
 105251.718     7.122    -1.10    1.39
 105625.720     6.922    -0.53    1.48
 105999.679     6.890    -0.08    1.27
 106373.596     7.007     0.31    0.90
 106747.469     7.305     0.80    1.12
 107121.300     7.732     1.14    1.99
 107495.087     9.299     4.19    3.32
 107868.832     9.836     1.44    4.12
 108242.533     8.955    -2.36    4.54
 108616.192     7.200    -4.69    4.29
 108989.807     5.488    -4.58    2.56
 109363.380     4.638    -2.28    1.32
 109736.910     4.372    -0.71    1.37
 110110.397     4.509     0.37    1.47
 110483.841     4.464    -0.12    1.41
 110857.242     4.955     1.31    1.31
 111230.601     5.332     1.01    1.26
 111603.916     5.578     0.66    1.40
 111977.189     6.042     1.25    1.27
 112350.419     6.212     0.45    1.38
 112723.607     6.217     0.01    1.39
 113096.751     6.037    -0.48    1.50
 113469.853     6.072     0.09    1.49
 113842.912     5.971    -0.27    1.20
 114215.929     6.051     0.21    1.22
 114588.903     6.057     0.02    0.94
 114961.834     6.168     0.30    0.98
 115334.722     6.431     0.70    1.17
 115707.568     6.938     1.36    1.18
 116080.372     7.111     0.47    1.18
 116453.132     6.712    -1.07    1.32
 116825.850     6.210    -1.35    1.38
 117198.526     5.955    -0.68    1.41
 117571.159     6.355     1.07    1.71
 117943.749     6.890     1.43    1.75
 118316.297     7.512     1.67    1.32
 118688.803     7.472    -0.11    1.25
 119061.266     7.086    -1.04    1.31
 119433.686     6.836    -0.67    1.17
 119806.064     6.446    -1.05    1.13
 120178.400     6.353    -0.25    1.09
 120550.693     5.807    -1.47    1.92
 120922.944     5.129    -1.82    2.33
 121295.152     5.272     0.38    2.90
 121667.318     4.820    -1.21    3.08
 122039.442     5.081     0.70    3.14
 122411.523     5.322     0.65    2.92
 122783.562     4.142    -3.17    3.30
 123155.559     2.470    -4.49    3.16
 123527.513     0.955    -4.07    2.24
 123899.425     1.362     1.10    2.86
 124271.295     3.238     5.04    3.55
 124643.123     5.299     5.54    3.14
 125014.908     6.767     3.95    1.30
 125386.651     6.002    -2.06    1.90
 125758.352     5.732    -0.73    2.12
 126130.011     6.164     1.16    2.72
 126501.628     5.956    -0.56    4.33
 126873.202     6.515     1.51    4.27
 127244.735     6.414    -0.27    3.46
 127616.225     5.758    -1.76    2.49
 127987.673     7.379     4.36    4.98
 128359.079     9.138     4.74    8.02
 128730.443    13.303    11.21   12.21
 129101.765    18.922    15.13   16.40
 129473.045    27.446    22.96   18.87
 129844.283    34.097    17.91   20.64
 130215.479    44.479    27.97   27.95
 130586.633    58.698    38.30   34.11
 130957.745    84.086    68.40   38.92
 131328.814    95.869    31.75   33.24
 131699.842    87.479   -22.61   30.63
 132070.829    74.481   -35.03   30.09
 132441.773    53.390   -56.85   21.22
 132812.675    36.758   -44.84   14.88
 133183.535    29.151   -20.51   11.64
 133554.354    23.572   -15.04    7.16
 133925.130    21.414    -5.82    4.10
 134295.865    22.266     2.30    3.53
 134666.558    23.362     2.96    3.00
 135037.210    24.131     2.07    2.41
 135407.819    24.832     1.89    2.52
 135778.387    26.856     5.46    3.53
 136148.912    29.680     7.62    4.03
 136519.397    34.019    11.71    5.67
 136889.839    39.447    14.65    6.47
 137260.240    45.288    15.77    7.06
 137630.599    51.438    16.60    7.08
 138000.916    57.148    15.41    7.39
 138371.192    63.774    17.89    7.68
 138741.426    70.020    16.87    7.85
 139111.618    77.454    20.08    8.82
 139481.769    84.322    18.55    9.10
 139851.878    92.272    21.48    9.63
 140221.946    99.854    20.49    9.20
 140591.972   108.856    24.33   10.92
 140961.956   119.077    27.62   14.95
 141331.899   132.741    36.93   21.10
 141701.800   145.315    33.99   20.99
 142071.660   163.244    48.47   28.52
 142448.615   187.854    65.28   45.02
 142826.914   213.372    67.44   52.27
 143205.170   242.430    76.81   48.90
 143583.382   281.255   102.64   56.89
 143961.551   324.668   114.78   65.27
 144339.676   366.325   110.15   69.67
 144717.757   408.627   111.87   70.34
 145095.795   452.464   115.94   70.88
 145473.790   480.222    73.42   60.16
 145851.741   472.266   -21.05   67.48
 146229.649   422.397  -131.94   99.67
 146607.513   351.159  -188.50   93.14
 146985.334   294.870  -148.96   60.34
 147363.111   267.823   -71.58   51.52
 147740.846   250.887   -44.83   47.93
 148118.536   236.053   -39.27   42.68
 148496.184   222.594   -35.63   27.71
 148873.788   225.105     6.65   24.78
 149251.349   233.396    21.96   26.69
 149628.866   249.684    43.14   29.87
 150006.340   263.519    36.64   28.06
 150383.771   269.698    16.37   24.70
 150761.159   269.578    -0.32   25.75
 151138.503   265.872    -9.82   27.66
 151515.805   252.871   -34.45   24.87
 151893.063   246.803   -16.08   21.01
 152270.278   245.786    -2.70   24.95
 152647.449   246.470     1.81   27.37
 153024.578   242.097   -11.59   25.99
 153401.663   240.086    -5.33   29.28
 153778.706   233.368   -17.81   35.87
 154155.705   221.659   -31.05   34.98
 154532.661   216.938   -12.52   34.38
 154909.574   209.479   -19.79   24.37
 155286.444   207.069    -6.39   17.72
 155663.271   209.600     6.71   18.26
 156040.055   210.250     1.72   19.52
 156416.796   205.576   -12.40   21.25
 156793.494   197.938   -20.27   17.96
 157170.150   192.803   -13.63   17.43
 157546.762   186.477   -16.79   14.76
 157923.331   181.803   -12.41   12.48
 158299.857   179.346    -6.53   11.78
 158676.341   179.119    -0.60   12.12
 159052.781   178.261    -2.28   10.85
 159429.179   177.622    -1.70    8.76
 159805.533   179.939     6.16    7.83
 160181.845   184.341    11.70    8.56
 160558.115   193.822    25.19   13.47
 160934.341   211.040    45.76   29.97
 161310.524   241.855    81.90   51.11
 161686.665   264.422    59.99   50.84
 162062.763   282.346    47.65   43.03
 162438.818   287.129    12.72   38.30
 162814.831   285.528    -4.26   28.88
 163190.801   302.180    44.28   42.31
 163566.728   338.532    96.68   73.32
 163942.612   374.455    95.55   92.10
 164318.454   407.020    86.63  100.95
 164694.253   430.464    62.37   96.68
 165070.010   442.362    31.66   86.29
 165445.724   464.277    58.32   82.43
 165821.395   500.202    95.62   90.66
 166197.024   537.505    99.29  107.18
 166572.610   575.163   100.25  104.77
 166948.154   614.002   103.40  103.94
 167323.655   667.379   142.13   99.75
 167699.114   709.688   112.67   83.56
 168074.530   732.841    61.66   52.18
 168449.904   733.522     1.81   39.99
 168825.235   720.176   -35.55   39.38
 169200.523   699.466   -55.18   34.93
 169575.770   687.823   -31.02   29.77
 169950.974   682.129   -15.18   30.60
 170326.135   675.102   -18.73   41.68
 170701.254   653.987   -56.28   51.96
 171076.331   625.488   -75.97   57.91
 171451.365   599.312   -69.79   50.25
 171826.357   595.023   -11.43   48.31
 172201.307   605.309    27.43   52.93
 172576.214   619.886    38.88   45.03
 172951.079   627.446    20.16   34.17
 173325.902   625.631    -4.84   37.18
 173700.683   609.238   -43.73   43.59
 174075.421   596.057   -35.17   52.93
 174450.117   584.551   -30.70   61.12
 174824.771   574.822   -25.96   63.95
 175199.383   563.784   -29.46   64.98
 175573.952   548.987   -39.50   64.80
 175948.480   534.588   -38.44   54.98
 176322.965   524.655   -26.52   43.18
 176697.408   532.715    21.52   52.69
 177071.809   539.528    18.20   60.32
 177446.168   538.549    -2.62   53.34
 177820.484   523.312   -40.70   42.32
 178194.759   503.769   -52.20   26.94
 178568.992   492.305   -30.63   14.48
 178943.182   505.498    35.25   36.37
 179317.331   526.922    57.25   44.19
 179691.437   556.151    78.12   48.78
 180065.502   584.042    74.55   44.22
 180439.525   611.709    73.96   55.64
 180813.505   654.232   113.68   52.27
 181187.444   676.664    59.98   42.69
 181561.341   695.238    49.67   33.20
 181935.195   700.617    14.39   32.59
 182309.008   702.479     4.98   27.55
 182682.779   704.038     4.17   34.26
 183056.509   697.198   -18.30   40.08
 183430.196   681.547   -41.87   47.09
 183803.841   666.332   -40.71   49.95
 184177.445   646.457   -53.19   46.45
 184551.007   626.583   -53.19   44.17
 184924.527   603.009   -63.10   36.78
 185298.005   589.803   -35.35   28.73
 185671.442   583.722   -16.28   20.61
 186044.837   584.069     0.93   14.81
 186418.190   590.210    16.44   14.19
 186791.501   593.680     9.29   16.80
 187164.771   596.857     8.51   18.69
 187537.999   599.111     6.04   16.23
 187911.185   616.605    46.87   30.54
 188284.330   633.491    45.24   28.65
 188657.433   644.873    30.50   23.98
 189030.494   650.854    16.03   19.22
 189403.514   655.611    12.75   18.75
 189776.493   668.701    35.09   24.50
 190149.429   686.688    48.22   37.98
 190522.324   709.870    62.15   49.36
 190895.178   738.007    75.45   55.76
 191267.990   795.470   154.11   76.70
 191640.760   831.854    97.59   87.77
 192013.490   868.688    98.80   91.81
 192386.177   904.070    94.92   86.84
 192758.823   917.355    35.64   88.03
 193131.428   937.040    52.82   88.56
 193503.991   959.777    61.01   79.33
 193876.513   963.007     8.67   63.80
 194248.993   949.629   -35.91   52.99
 194621.432   925.722   -64.18   57.43
 194993.830   919.266   -17.33   59.16
 195366.186   911.474   -20.92   62.75
 195738.501   907.007   -12.00   68.66
 196110.775   887.987   -51.08   80.18
 196483.007   869.343   -50.08   71.08
 196855.198   864.072   -14.16   56.34
 197227.348   882.062    48.33   60.63
 197599.456   917.696    95.74   57.32
 197971.523   947.939    81.27   61.06
 198343.549   962.668    39.58   64.74
 198715.534   987.758    67.44   77.52
 199087.478  1003.155    41.39   89.24
 199459.380  1044.752   111.83  111.76
 199831.241  1129.532   227.94  117.14
 200203.061  1196.545   180.19  115.09
 200574.840  1228.129    84.94   90.76
 200946.578  1224.599    -9.49   97.10
 201318.274  1177.315  -127.19  112.09
 201689.930  1097.555  -214.56  117.82
 202061.544  1031.077  -178.85   93.68
 202433.118  1015.791   -41.13   81.93
 202804.650   998.515   -46.49   76.00
 203176.141   977.346   -56.97   82.34
 203547.591   952.227   -67.61   90.17
 203919.001   914.684  -101.06   92.87
 204290.369   864.215  -135.87   82.94
 204661.696   830.738   -90.14   84.54
 205032.983   788.196  -114.56   73.89
 205404.228   753.600   -93.17   59.88
 205775.432   716.672   -99.46   44.98
 206146.596   687.440   -78.74   28.20
 206517.719   666.055   -57.61   23.69
 206888.800   648.136   -48.28   17.97
 207259.841   632.583   -41.91   17.27
 207630.841   616.905   -42.25   15.09
 208001.800   604.732   -32.81   14.40
 208372.719   593.108   -31.33   12.67
 208743.596   583.545   -25.78   11.17
 209114.433   578.566   -13.42   12.49
 209485.229   573.329   -14.12   15.90
 209855.984   567.525   -15.65   19.58
 210226.698   560.600   -18.68   22.84
 210597.372   548.525   -32.57   21.99
 210968.005   533.225   -41.27   19.53
 211338.597   519.299   -37.57   15.26
 211709.149   509.511   -26.41   10.42
 212079.660   502.022   -20.21    9.76
 212450.130   496.190   -15.74   10.16
 212820.560   490.905   -14.26   10.25
 213190.949   489.439    -3.96   11.32
 213561.297   491.811     6.40   15.38
 213931.605   498.142    17.09   19.72
 214301.872   505.284    19.28   22.02
 214672.098   511.594    17.04   25.28
 215042.284   511.905     0.84   26.58
 215412.430   510.301    -4.33   26.62
 215782.535   506.752    -9.59   29.92
 216152.599   502.840   -10.57   30.97
 216522.623   500.698    -5.79   30.61
 216892.606   498.072    -7.10   25.47
 217268.591   492.811   -13.99   21.01
 217646.800   483.610   -24.32   17.51
 218024.967   474.395   -24.36   14.86
 218403.092   465.007   -24.82   12.47
 218781.174   456.638   -22.13   10.99
 219159.214   453.836    -7.41   12.18
 219537.211   454.788     2.52   16.12
 219915.166   457.681     7.65   19.29
 220293.079   458.040     0.95   21.59
 220670.950   446.439   -30.70   29.83
 221048.778   430.037   -43.40   31.94
 221426.563   414.396   -41.39   23.83
 221804.307   406.676   -20.43    6.93
 222182.008   410.260     9.49   10.67
 222559.667   416.082    15.41   13.10
 222937.284   419.870    10.03   12.03
 223314.858   424.007    10.95   11.77
 223692.390   430.002    15.88   11.69
 224069.881   435.820    15.41   10.52
 224447.328   439.722    10.33    8.27
 224824.734   440.971     3.31    6.40
 225202.098   437.711    -8.64    7.21
 225579.419   431.872   -15.47    7.57
 225956.699   425.350   -17.28    8.09
 226333.936   420.971   -11.61    7.75
 226711.131   415.387   -14.80    7.67
 227088.284   410.193   -13.77    8.52
 227465.396   404.970   -13.85    8.20
 227842.465   402.111    -7.58    6.20
 228219.492   400.288    -4.83    3.42
 228596.477   400.737     1.19    3.26
 228973.420   400.172    -1.50    3.28
 229350.321   398.887    -3.41    3.08
 229727.180   404.200    14.10   14.35
 230103.997   425.684    57.00   36.44
 230480.773   459.797    90.52   52.95
 230857.506   503.315   115.49   56.31
 231234.197   530.885    73.17   44.51
 231610.847   559.272    75.35   49.25
 231987.455   584.701    67.51   56.48
 232364.021   600.842    42.85   55.24
 232740.545   626.566    68.30   42.35
 233117.027   646.430    52.75   41.18
 233493.467   668.969    59.86   43.44
 233869.866   688.159    50.97   45.72
 234246.223   730.430   112.29   65.77
 234622.538   768.707   101.69   61.07
 234998.812   782.299    36.11   58.89
 235375.043   764.167   -48.18   80.94
 235751.233   702.430  -164.07   99.19
 236127.382   626.405  -202.07   90.81
 236503.488   563.379  -167.53   72.26
 236879.553   515.715  -126.72   41.71
 237255.576   488.213   -73.12   26.60
 237631.558   466.701   -57.20   26.36
 238007.498   453.475   -35.17   22.99
 238383.397   450.438    -8.08   24.89
 238759.254   452.939     6.65   30.61
 239135.069   469.974    45.32   38.62
 239510.843   498.888    76.93   56.26
 239886.575   527.803    76.94   68.38
 240262.266   559.483    84.30   64.10
 240637.915   579.185    52.43   60.78
 241013.523   591.594    33.03   58.91
 241389.089   590.025    -4.18   51.08
 241764.614   581.525   -22.63   49.40
 242140.097   568.837   -33.78   39.00
 242515.539   575.122    16.74   36.02
 242890.939   590.663    41.39   48.41
 243266.298   611.091    54.41   45.96
 243641.616   623.233    32.34   38.39
 244016.892   610.225   -34.65   46.98
 244392.127   575.040   -93.74   53.11
 244767.321   556.475   -49.47   47.72
 245142.473   566.439    26.55   56.63
 245517.584   604.922   102.57   67.22
 245892.654   634.135    77.87   48.86
 246267.683   623.594   -28.10   53.01
 246642.670   591.560   -85.41   70.77
 247017.616   548.364  -115.18   54.63
 247392.520   521.781   -70.89   26.49
 247767.384   526.193    11.77   26.69
 248142.206   549.466    62.07   40.98
 248516.987   574.496    66.77   55.84
 248891.727   598.301    63.51   53.61
 249266.426   594.538   -10.04   62.28
 249641.084   566.315   -75.31   62.56
 250015.700   548.957   -46.32   45.22
 250390.276   574.572    68.37   73.50
 250764.810   616.070   110.77   74.70
 251139.303   644.572    76.09   63.26
 251513.755   668.571    64.08   57.25
 251888.167   662.922   -15.08   63.86
 252262.537   660.329    -6.93   68.76
 252636.866   671.887    30.87   64.02
 253011.154   674.872     7.97   64.27
 253385.401   683.278    22.46   58.29
 253759.607   680.956    -6.20   56.66
 254133.772   664.077   -45.10   65.20
 254507.896   635.479   -76.42   67.44
 254881.979   607.600   -74.51   45.39
 255256.022   611.155     9.50   41.45
 255630.023   633.992    61.05   42.00
 256003.984   653.991    53.46   42.82
 256377.903   666.718    34.03   51.61
 256751.782   663.905    -7.52   53.79
 257125.620   674.836    29.23   47.78
 257499.417   681.360    17.45   42.55
 257873.174   685.282    10.49   38.73
 258246.889   694.279    24.07   53.88
 258620.564   677.801   -44.09   54.26
 258994.198   670.746   -18.88   51.73
 259367.791   687.233    44.12   65.09
 259741.344   720.746    89.69   66.03
 260114.856   739.663    50.63   49.53
 260488.327   731.856   -20.90   37.62
 260861.757   711.922   -53.37   45.42
 261235.147   686.405   -68.32   42.96
 261608.496   667.558   -50.47   51.26
 261981.805   651.605   -42.72   54.21
 262355.072   638.904   -34.02   46.92
 262728.300   632.315   -17.65   33.63
 263101.486   629.870    -6.55   13.79
 263474.632   641.611    31.46   20.49
 263847.738   661.007    51.97   31.32
 264220.802   685.159    64.72   39.93
 264593.827   701.646    44.19   35.57
 264966.811   705.295     9.78   31.32
 265339.754   708.648     8.99   28.11
 265712.657   699.690   -24.02   33.90
 266085.519   691.122   -22.97   31.14
 266458.341   688.033    -8.28   26.61
 266831.122   702.990    40.11   40.52
 267203.863   737.939    93.74   47.35
 267576.564   779.588   111.72   54.86
 267949.224   826.007   124.53   49.15
 268321.843   831.249    14.07   41.98
 268694.423   820.922   -27.71   49.93
 269066.962   808.973   -32.07   59.18
 269439.460   791.629   -46.55   53.34
 269811.919   791.466    -0.44   52.37
 270184.337   801.037    25.69   48.66
 270556.714   810.029    24.14   54.61
 270929.052   845.438    95.08   77.09
 271301.349   884.813   105.73   69.46
 271673.605   930.232   121.98   62.54
 272045.822   975.023   120.30   70.36
 272417.998  1013.233   102.64   69.83
 272790.135  1071.439   156.37   84.86
 273162.230  1122.680   137.67   84.13
 273534.286  1156.260    90.23   63.43
 273906.302  1158.023     4.74   65.33
 274278.277  1115.353  -114.68   89.45
 274650.212  1046.255  -185.73   91.02
 275022.107   989.549  -152.44   74.38
 275393.962   933.238  -151.39   64.36
 275765.777   875.446  -155.39   75.67
 276137.552   829.939  -122.37   73.02
 276509.287   796.836   -89.03   61.62
 276880.981   762.956   -91.12   50.56
 277252.636   750.481   -33.56   57.37
 277624.251   756.698    16.72   85.18
 277995.825   750.611   -16.37   92.55
 278367.360   734.102   -44.42   89.17
 278738.854   708.974   -67.62   83.66
 279110.309   675.905   -89.00   61.01
 279481.724   652.774   -62.26   60.21
 279853.098   647.172   -15.08   63.14
 280224.433   634.939   -32.93   61.51
 280595.728   645.741    29.09   65.67
 280966.983   685.159   106.14   75.84
 281338.198   718.422    89.58   87.28
 281709.373   777.871   160.12  101.11
 282080.509   850.210   194.86  110.46
 282451.604   901.232   137.45   82.21
 282822.660   912.784    31.12   66.83
 283193.676   856.905  -150.57  100.86
 283564.652   787.261  -187.68   91.74
 283935.588   728.105  -159.43   75.27
 284306.484   684.811  -116.70   59.36
 284677.341   643.718  -110.77   61.21
 285048.158   604.676  -105.26   51.90
 285418.935   581.971   -61.22   34.90
 285789.673   568.464   -36.42   11.66
 286160.371   574.413    16.04   12.23
 286531.029   590.210    42.61   25.27
 286901.648   609.159    51.11   35.31
 287272.226   640.922    85.69   49.52
 287642.766   683.007   113.54   60.14
 288013.265   752.594   187.77   81.07
 288383.725   819.094   179.46   87.82
 288754.146   871.278   140.84   69.86
 289124.526   910.496   105.86   68.81
 289494.868   905.767   -12.77   85.32
 289865.169   881.431   -65.70  100.19
 290235.431   850.938   -82.33  115.77
 290605.654   809.255  -112.56   89.49
 290975.837   797.060   -32.93   69.86
 291345.981   795.267    -4.84   59.88
 291716.085   790.525   -12.81   65.91
 292091.211   755.163   -94.24   75.62
 292469.332   728.290   -71.05   61.35
 292847.413   696.735   -83.44   56.83
 293225.452   675.886   -55.13   55.70
 293603.450   680.119    11.19   54.26
 293981.406   697.422    45.77   61.91
 294359.321   731.336    89.71   61.88
 294737.195   753.023    57.38   49.24
 295115.028   745.159   -20.81   54.43
 295492.819   732.350   -33.89   56.63
 295870.569   717.540   -39.20   51.39
 296248.278   729.488    31.62   57.25
 296625.946   746.518    45.08   52.75
 297003.573   734.853   -30.88   62.71
 297381.158   714.176   -54.74   69.41
 297758.702   680.009   -90.47   46.21
 298136.206   668.508   -30.46   33.89
 298513.668   676.467    21.08   43.43
 298891.089   687.505    29.24   41.72
 299268.469   693.690    16.38   35.38
 299645.807   685.692   -21.19   36.17
 300023.105   662.387   -61.75   44.75
 300400.362   647.456   -39.57   42.26
 300777.578   630.069   -46.08   33.27
 301154.752   618.007   -31.97   28.49
 301531.886   613.467   -12.03   28.45
