-285125.239   140.846     0.00    9.24
-284750.548   143.679     7.56   14.49
-284375.820   144.558     2.34   15.84
-284001.055   143.854    -1.88   14.23
-283626.252   140.814    -8.11    4.64
-283251.412   141.767     2.54    5.45
-282876.535   144.968     8.54   11.68
-282501.620   149.872    13.08   17.73
-282126.668   152.415     6.78   19.05
-281751.678   152.343    -0.19   16.29
-281376.652   154.325     5.28   14.04
-281001.587   156.577     6.00   13.88
-280626.485   164.593    21.36   20.52
-280251.346   172.709    21.63   21.18
-279876.170   177.790    13.54   20.30
-279500.955   178.825     2.76   18.67
-279125.704   171.779   -18.77   16.04
-278750.415   164.022   -20.66   13.20
-278375.088   158.950   -13.51   10.73
-277999.724   153.749   -13.85    5.99
-277624.322   152.968    -2.08    6.34
-277248.883   152.767    -0.54    5.57
-276873.406   155.007     5.96    9.81
-276497.891   171.075    42.78   32.08
-276122.339   190.468    51.62   41.72
-275746.750   211.837    56.88   42.32
-275371.122   221.293    25.17   36.59
-274995.457   219.468    -4.86   32.31
-274619.755   206.223   -35.25   26.70
-274244.015   193.940   -32.68   21.34
-273868.237   187.117   -18.15   14.74
-273492.421   183.575    -9.42   14.70
-273116.568   179.539   -10.74   11.99
-272740.677   179.450    -0.23    9.60
-272364.748   180.397     2.52    8.04
-271988.782   182.641     5.97    8.18
-271612.778   186.005     8.95    7.56
-271236.736   187.200     3.18    7.05
-270860.656   187.283     0.22    7.14
-270484.538   189.192     5.08    7.32
-270108.383   190.159     2.57    7.33
-269732.190   191.135     2.59    7.80
-269355.959   191.398     0.70    6.91
-268979.690   190.293    -2.94    5.95
-268603.383   189.779    -1.37    5.32
-268227.039   189.014    -2.03    4.72
-267850.657   188.047    -2.57    4.00
-267474.236   187.561    -1.29    3.78
-267097.778   186.879    -1.81    3.73
-266721.282   186.714    -0.44    3.69
-266344.748   187.022     0.82    3.48
-265968.176   187.040     0.05    2.96
-265591.566   187.741     1.86    2.71
-265214.918   188.718     2.59    3.18
-264838.232   190.598     4.99    4.17
-264461.508   192.399     4.78    4.53
-264084.746   194.450     5.44    4.63
-263707.946   195.950     3.98    4.74
-263331.108   198.556     6.91    4.94
-262954.232   200.433     4.98    4.91
-262577.318   202.661     5.91    5.38
-262200.365   204.565     5.05    5.68
-261823.375   206.325     4.67    6.36
-261446.347   207.522     3.17    6.82
-261069.280   209.556     5.39    7.31
-260692.175   212.398     7.53    8.36
-260315.032   215.837     9.12    9.56
-259937.851   221.293    14.46   10.92
-259560.632   226.853    14.74   11.92
-259183.375   230.727    10.27   12.15
-258806.079   235.196    11.84   10.89
-258428.746   239.679    11.88   11.34
-258051.374   244.591    13.01   11.05
-257673.963   247.468     7.62    9.03
-257296.515   246.819    -1.72    9.83
-256919.028   245.853    -2.56   10.65
-256541.503   249.415     9.43   14.97
-256163.940   255.290    15.56   19.70
-255786.338   260.170    12.92   18.63
-255408.698   267.223    18.67   20.79
-255031.020   269.995     7.34   22.14
-254653.303   274.732    12.54   22.53
-254275.548   277.334     6.89   23.67
-253897.755   279.675     6.20   23.14
-253519.923   278.123    -4.11   22.73
-253142.053   276.275    -4.89   21.72
-252764.144   270.754   -14.61   20.05
-252386.197   266.558   -11.10   16.65
-252013.254   266.977     1.12   16.29
-251642.774   268.411     3.87   16.11
-251272.258   274.363    16.06   18.23
-250901.704   282.505    21.97   14.81
-250531.114   284.398     5.11   13.42
-250160.487   288.141    10.10   16.11
-249789.823   288.710     1.53   18.64
-249419.123   282.575   -16.54   20.28
-249048.385   276.205   -17.18   18.50
-248677.611   266.591   -25.92   16.32
-248306.799   257.968   -23.25   12.93
-247935.951   254.854    -8.39    7.57
-247565.065   258.754    10.51   11.05
-247194.143   266.897    21.95   13.09
-246823.184   279.622    34.30   16.99
-246452.187   295.756    43.48   23.63
-246081.154   311.177    41.55   20.01
-245710.084   322.986    31.81   16.54
-245338.976   327.913    13.27   13.16
-244967.832   322.879   -13.56   17.80
-244596.651   310.591   -33.10   21.84
-244225.432   301.254   -25.15   18.82
-243854.176   300.047    -3.25   17.39
-243482.884   304.188    11.15   18.28
-243111.554   315.609    30.75   19.33
-242740.187   326.005    27.99   17.71
-242368.783   333.773    20.91   18.05
-241997.342   344.320    28.39   18.69
-241625.864   359.626    41.19   21.10
-241254.348   368.691    24.39   15.52
-240882.795   369.022     0.89   12.56
-240511.205   363.611   -14.56   13.94
-240139.578   357.503   -16.43   12.91
-239767.914   350.504   -18.83    8.99
-239396.213   347.325    -8.55    7.98
-239024.474   344.381    -7.92    8.04
-238652.698   343.363    -2.74    8.93
-238280.884   341.606    -4.72   10.04
-237909.034   339.257    -6.32   10.10
-237537.146   334.188   -13.63    9.06
-237165.221   330.177   -10.78    6.62
-236793.258   328.363    -4.88    6.12
-236421.258   328.325    -0.10    7.44
-236049.221   328.574     0.67    8.17
-235677.147   328.539    -0.09    8.55
-235305.035   327.767    -2.07    8.52
-234932.885   323.672   -11.00    7.72
-234560.699   319.986    -9.90    7.52
-234188.474   315.129   -13.05    5.78
-233816.213   311.988    -8.44    3.01
-233443.914   311.700    -0.77    2.57
-233071.577   313.505     4.84    4.46
-232699.204   317.696    11.25    6.85
-232326.792   323.397    15.30    8.43
-231954.343   329.175    15.51    9.17
-231581.857   335.907    18.07   10.60
-231209.333   343.558    20.53   12.46
-230836.772   348.570    13.45   10.02
-230464.173   349.933     3.66    8.48
-230091.536   345.843   -10.97   10.85
-229718.862   338.376   -20.03    9.43
-229346.150   331.379   -18.77    9.34
-228973.401   324.987   -17.14    8.46
-228600.614   319.296   -15.26    8.39
-228227.790   313.644   -15.16    6.29
-227854.927   311.082    -6.87    5.22
-227482.028   308.106    -7.98    3.48
-227109.090   306.754    -3.63    1.93
-226736.115   306.858     0.28    1.65
-226363.102   308.295     3.85    2.81
-225990.052   311.398     8.32    4.78
-225616.963   315.523    11.05    5.82
-225243.838   321.889    17.06    7.68
-224870.674   328.977    18.99    8.24
-224497.472   335.244    16.79    8.35
-224124.233   340.468    13.99    7.27
-223750.956   343.111     7.08    7.86
-223377.641   345.994     7.72    8.05
-223004.289   343.626    -6.34   11.71
-222630.898   336.872   -18.09   15.22
-222257.470   329.450   -19.87   13.27
-221884.004   324.236   -13.96    9.66
-221510.500   324.728     1.32    8.97
-221136.958   327.813     8.26    9.35
-220763.379   333.624    15.55   10.11
-220389.761   339.310    15.22    9.48
-220016.106   344.572    14.08    9.03
-219642.412   349.075    12.05    6.05
-219268.681   352.265     8.53    4.37
-218894.912   354.199     5.17    3.22
-218521.104   355.223     2.74    1.72
-218147.259   355.577     0.95    1.70
-217773.376   354.802    -2.07    2.77
-217399.455   353.040    -4.71    3.66
-217025.496   352.205    -2.23    3.69
-216651.498   352.451     0.66    3.61
-216277.463   352.736     0.76    3.53
-215903.390   353.658     2.46    3.44
-215529.278   355.523     4.98    4.23
-215155.129   359.942    11.81    6.69
-214780.941   365.523    14.91    6.71
-214406.715   370.647    13.69    6.22
-214032.452   375.942    14.15    5.76
-213658.150   380.188    11.34    6.29
-213283.809   386.058    15.68    6.63
-212909.431   390.147    10.92    4.98
-212535.015   391.744     4.27    3.81
-212160.560   390.268    -3.94    5.62
-211786.067   386.214   -10.82    6.35
-211411.536   383.072    -8.39    4.54
-211036.967   383.129     0.15    3.65
-210662.359   384.854     4.60    4.30
-210287.714   387.433     6.88    4.24
-209913.029   392.030    12.27    5.42
-209538.307   396.679    12.40    7.42
-209163.546   402.899    16.60    8.45
-208788.748   410.376    19.94    8.52
-208413.910   416.740    16.97    8.16
-208039.035   424.626    21.03    9.24
-207664.121   432.521    21.05    9.57
-207289.168   437.784    14.03    8.65
-206914.178   439.802     5.38    7.78
-206539.149   439.100    -1.87    8.18
-206164.081   436.361    -7.30    7.68
-205788.975   432.218   -11.04    7.58
-205413.831   427.795   -11.79    7.18
-205038.648   424.163    -9.68    6.44
-204663.427   419.861   -11.46    3.60
-204288.167   417.744    -5.64    3.23
-203912.869   415.153    -6.90    3.81
-203537.532   412.540    -6.96    4.25
-203162.157   408.841    -9.85    3.96
-202786.743   405.783    -8.14    3.45
-202411.291   402.924    -7.61    3.59
-202035.800   399.913    -8.02    3.59
-201660.271   396.434    -9.26    4.54
-201284.703   392.723    -9.88    4.40
-200909.097   388.399   -11.51    5.93
-200533.451   383.117   -14.06    6.42
-200157.768   380.093    -8.05    5.23
-199782.045   379.706    -1.03    4.70
-199406.284   380.596     2.37    4.63
-199030.484   380.308    -0.77    4.39
-198654.646   376.450   -10.26    6.16
-198278.769   370.995   -14.51    7.18
-197902.853   365.200   -15.41    6.93
-197526.899   361.468    -9.93    6.08
-197150.905   358.647    -7.50    6.12
-196774.874   356.283    -6.28    7.44
-196398.803   354.214    -5.50    8.12
-196022.693   354.736     1.39    7.28
-195646.545   358.468     9.92    8.48
-195270.358   365.328    18.23    9.55
-194894.132   371.004    15.08    6.80
-194517.867   374.606     9.57    4.78
-194141.564   375.170     1.50    5.97
-193765.222   375.218     0.13    6.97
-193388.840   374.876    -0.91    7.76
-193012.420   375.240     0.97    7.12
-192635.961   373.889    -3.59    7.99
-192259.463   371.768    -5.63    8.14
-191882.926   367.147   -12.27    7.06
-191506.351   363.504    -9.67    6.24
-191129.736   358.045   -14.49    8.07
-190753.082   352.668   -14.27    9.09
-190376.389   344.486   -21.72   10.55
-189999.658   336.068   -22.34    9.38
-189622.887   328.451   -20.21    8.97
-189246.077   322.236   -16.49    7.35
-188869.229   319.020    -8.53    5.88
-188492.341   316.960    -5.47    4.66
-188115.414   315.486    -3.91    5.01
-187738.448   314.977    -1.35    5.95
-187361.443   313.450    -4.05    7.06
-186984.399   310.197    -8.63    8.27
-186607.316   306.784    -9.05    7.93
-186230.194   304.802    -5.26    6.20
-185853.032   304.158    -1.71    5.54
-185475.832   305.416     3.33    6.88
-185098.592   307.718     6.10    7.04
-184721.313   311.283     9.45    6.06
-184343.995   315.045     9.97    4.90
-183966.637   318.040     7.94    4.44
-183589.241   320.003     5.20    3.43
-183211.805   320.865     2.28    2.35
-182834.330   320.683    -0.48    3.00
-182456.816   319.062    -4.29    4.27
-182079.262   317.007    -5.44    4.69
-181701.669   314.047    -7.84    6.31
-181324.037   309.950   -10.85    7.72
-180946.365   305.223   -12.52    9.64
-180568.654   300.433   -12.68    9.32
-180190.904   298.767    -4.41    8.49
-179813.114   296.170    -6.87    9.28
-179435.285   295.468    -1.86   10.18
-179057.417   292.468    -7.94   12.09
-178679.509   284.325   -21.54   16.51
-178301.562   276.661   -20.27   15.72
-177923.575   269.135   -19.91   15.23
-177545.549   263.986   -13.62   15.47
-177171.858   259.258   -12.65   15.29
-176801.496   253.941   -14.35   14.03
-176431.097   247.960   -16.15   11.90
-176060.659   242.770   -14.01    8.28
-175690.184   244.163     3.76   11.65
-175319.671   248.523    11.76   16.63
-174949.120   252.761    11.44   19.52
-174578.531   255.767     8.11   20.41
-174207.904   256.889     3.03   19.90
-173837.240   260.589     9.98   22.62
-173466.537   266.621    16.27   24.36
-173095.797   275.258    23.29   21.63
-172725.019   278.382     8.42   18.30
-172354.203   279.519     3.07   14.77
-171983.349   276.004    -9.48   15.42
-171612.457   271.129   -13.14   15.89
-171241.528   265.987   -13.86   15.86
-170870.560   264.451    -4.14   16.19
-170499.554   261.650    -7.55   18.41
-170128.511   256.079   -15.01   19.28
-169757.429   252.004   -10.98   18.56
-169386.309   250.692    -3.53   16.13
-169015.151   251.399     1.90   14.52
-168643.956   250.907    -1.33   14.86
-168272.722   248.417    -6.71   17.85
-167901.450   247.072    -3.62   17.81
-167530.140   245.950    -3.02   17.48
-167158.792   242.723    -8.69   19.69
-166787.406   241.807    -2.46   19.68
-166415.982   239.754    -5.53   21.18
-166044.519   240.333     1.56   21.27
-165673.019   241.325     2.67   20.86
-165301.480   245.153    10.30   15.96
-164929.903   246.346     3.21   11.28
-164558.288   247.012     1.79    5.46
-164186.635   246.819    -0.52    6.93
-163814.944   248.082     3.40    7.87
-163443.214   250.977     7.79    5.28
-163071.446   251.626     1.75    4.88
-162699.640   247.885   -10.06    6.24
-162327.795   245.024    -7.69    5.30
-161955.913   243.486    -4.13    4.38
-161583.992   242.905    -1.56    4.85
-161212.032   242.381    -1.41    5.47
-160840.035   240.700    -4.52    6.40
-160467.999   239.434    -3.40    6.44
-160095.925   239.539     0.28    5.24
-159723.812   240.683     3.07    4.95
-159351.661   244.035     9.01    5.64
-158979.472   246.819     7.48    4.50
-158607.244   248.606     4.80    2.67
-158234.978   248.968     0.97    2.45
-157862.673   246.942    -5.44    3.34
-157490.330   244.357    -6.94    4.05
-157117.948   241.352    -8.07    4.92
-156745.528   238.058    -8.84    4.13
-156373.070   236.537    -4.08    3.75
-156000.573   235.451    -2.92    3.35
-155628.038   234.761    -1.85    3.76
-155255.464   231.572    -8.56    6.60
-154882.851   225.504   -16.28   11.16
-154510.200   218.022   -20.08   14.22
-154137.510   207.865   -27.25   17.71
-153764.782   197.434   -27.98   19.28
-153392.015   186.111   -30.37   20.30
-153019.210   177.028   -24.36   19.84
-152646.366   171.917   -13.71   18.48
-152273.483   166.907   -13.43   16.97
-151900.562   161.977   -13.22   16.17
-151527.602   160.095    -5.04   15.89
-151154.603   155.129   -13.31   12.47
-150781.566   153.236    -5.07   11.28
-150408.490   153.384     0.40   11.68
-150035.375   153.379    -0.01   13.09
-149662.222   153.960     1.56   13.84
-149289.030   153.397    -1.51   13.52
-148915.799   153.450     0.14   12.97
-148542.529   155.282     4.91   13.16
-148169.221   157.837     6.84   13.08
-147795.874   161.749    10.48   11.86
-147422.487   165.141     9.08   10.86
-147049.063   169.994    12.99   10.27
-146675.599   175.093    13.65   11.26
-146302.096   178.536     9.22   10.70
-145928.555   179.579     2.79    9.08
-145554.975   178.022    -4.17    9.43
-145181.355   175.960    -5.52   11.07
-144807.697   172.675    -8.79   13.39
-144434.000   167.451   -13.98   14.63
-144060.264   162.655   -12.83   15.12
-143686.489   160.865    -4.79   15.84
-143312.676   161.416     1.47   16.17
-142938.823   168.095    17.86   14.38
-142564.931   174.603    17.40    8.67
-142191.000   175.022     1.12    7.43
-141817.030   172.683    -6.25    8.47
-141443.022   168.244   -11.87    9.06
-141068.974   162.986   -14.06    9.49
-140694.887   158.210   -12.76    9.92
-140320.761   153.451   -12.72    9.86
-139946.596   148.012   -14.53    8.15
-139572.391   143.163   -12.96    6.22
-139198.148   139.978    -8.51    4.65
-138823.866   137.275    -7.22    3.85
-138449.544   134.832    -6.53    3.36
-138075.183   133.382    -3.87    3.09
-137700.783   132.609    -2.07    2.78
-137326.344   132.261    -0.93    2.43
-136951.866   131.089    -3.13    3.88
-136577.349   128.188    -7.75    5.59
-136202.792   121.552   -17.71    9.21
-135828.196   111.802   -26.02   16.38
-135453.561    96.591   -40.60   22.49
-135078.886    86.996   -25.61   20.53
-134704.173    80.606   -17.05   19.60
-134329.420    76.575   -10.75   19.32
-133954.627    74.675    -5.07   21.40
-133579.796    68.089   -17.57   21.23
-133204.925    58.924   -24.44   19.69
-132830.014    47.768   -29.75   15.64
-132455.065    39.561   -21.89    8.72
-132080.076    34.732   -12.88    2.66
-131705.047    33.123    -4.29    2.24
-131329.979    32.106    -2.71    1.81
-130954.872    31.258    -2.26    1.22
-130579.725    30.830    -1.14    1.00
-130204.539    30.348    -1.29    1.33
-129829.314    29.907    -1.17    1.52
-129454.049    29.585    -0.86    1.35
-129078.744    29.135    -1.20    1.17
-128703.400    29.100    -0.09    1.11
-128328.016    29.153     0.14    1.17
-127952.593    29.003    -0.40    1.17
-127577.130    28.837    -0.44    1.20
-127201.628    28.710    -0.34    1.17
-126826.086    29.296     1.56    2.11
-126450.505    33.784    11.95   11.29
-126074.884    47.085    35.41   24.33
-125699.223    61.413    38.14   27.13
-125323.523    75.065    36.33   27.69
-124947.783    80.696    14.99   25.34
-124572.004    81.589     2.38   25.08
-124196.185    81.995     1.08   24.31
-123820.326    82.153     0.42   23.51
-123444.427    81.621    -1.41   22.06
-123068.489    79.305    -6.16   18.21
-122692.511    81.302     5.31   17.34
-122316.493    89.040    20.58   19.23
-121940.435    91.609     6.83   17.78
-121564.338    95.279     9.76   17.02
-121188.201    97.767     6.61   16.11
-120812.024   101.556    10.07   18.94
-120435.807    99.933    -4.31   21.10
-120059.551    89.146   -28.66   24.48
-119683.254    74.611   -38.62   24.72
-119306.918    63.885   -28.50   23.32
-118930.542    49.082   -39.32   23.32
-118554.126    35.696   -35.56   24.86
-118177.670    21.028   -38.96   21.22
-117801.174     9.124   -31.61   14.11
-117424.638     0.236   -23.60    5.27
-117048.062    -5.328   -14.77    6.06
-116671.447    -9.328   -10.62    5.99
-116294.791   -12.707    -8.97    4.24
-115918.096   -14.384    -4.45    2.14
-115541.360   -14.480    -0.25    1.37
-115164.584   -14.101     1.01    1.40
-114787.769   -13.991     0.29    1.31
-114410.913   -13.883     0.29    1.19
-114034.017   -14.083    -0.53    1.22
-113657.081   -14.235    -0.40    1.11
-113280.105   -14.566    -0.88    1.22
-112903.089   -14.692    -0.34    1.06
-112526.033   -14.566     0.34    1.00
-112148.937   -14.514     0.14    1.00
-111771.800   -14.300     0.57    1.13
-111394.624   -14.023     0.73    1.22
-111017.407   -13.995     0.08    1.19
-110640.150   -13.639     0.94    1.53
-110262.853   -14.040    -1.06    2.42
-109885.515   -14.101    -0.16    2.85
-109508.138   -14.549    -1.19    3.22
-109130.720   -14.854    -0.81    3.21
-108753.262   -14.748     0.28    2.97
-108375.763   -14.817    -0.18    2.84
-107998.224   -15.311    -1.31    3.31
-107620.645   -16.584    -3.37    3.68
-107243.026   -17.707    -2.97    3.46
-106865.366   -17.359     0.92    4.14
-106487.666   -15.379     5.24    5.02
-106109.926   -11.889     9.24    5.42
-105732.145    -9.459     6.43    4.88
-105354.324    -8.379     2.86    3.78
-104976.463    -8.268     0.29    2.81
-104598.561    -9.808    -4.07    2.80
-104220.618   -11.464    -4.38    1.99
-103842.635   -11.760    -0.78    1.56
-103464.612   -11.308     1.20    1.24
-103086.548   -10.968     0.90    1.34
-102708.444   -10.894     0.20    1.17
-102333.882   -11.067    -0.46    1.32
-101963.631   -11.048     0.05    1.36
-101593.342   -10.918     0.35    1.54
-101223.014   -10.756     0.44    1.74
-100852.647   -10.463     0.79    1.63
-100482.242   -10.619    -0.42    1.61
-100111.798   -10.670    -0.14    1.42
 -99741.315   -10.672    -0.01    1.55
 -99370.793   -10.918    -0.66    1.25
 -99000.232   -10.900     0.05    1.19
 -98629.633   -10.810     0.24    1.17
 -98258.995   -10.495     0.85    0.96
 -97888.318   -10.221     0.74    0.98
 -97517.602   -10.032     0.51    1.00
 -97146.847    -9.808     0.60    1.18
 -96776.053    -9.497     0.84    1.30
 -96405.220    -9.499    -0.01    1.28
 -96034.349    -9.532    -0.09    1.27
 -95663.438    -9.549    -0.05    1.26
 -95292.489    -9.582    -0.09    1.17
 -94921.500    -8.980     1.62    1.99
 -94550.473    -7.216     4.75    3.22
 -94179.407    -5.425     4.83    3.47
 -93808.301    -3.667     4.73    2.61
 -93437.157    -2.603     2.87    0.93
 -93065.973    -2.499     0.28    1.00
 -92694.751    -2.371     0.34    0.91
 -92323.489    -2.407    -0.10    0.88
 -91952.189    -2.514    -0.29    0.80
 -91580.849    -2.670    -0.42    0.76
 -91209.470    -2.339     0.89    1.30
 -90838.052    -1.921     1.12    1.43
 -90466.595    -1.825     0.26    1.44
 -90095.099    -1.817     0.02    1.40
 -89723.563    -2.105    -0.78    1.30
 -89351.989    -2.445    -0.92    1.20
 -88980.375    -2.317     0.34    1.25
 -88608.722    -1.939     1.02    1.50
 -88237.030    -1.820     0.32    1.44
 -87865.298    -1.746     0.20    1.37
 -87493.528    -1.632     0.31    1.30
 -87121.718    -1.566     0.18    1.14
 -86749.869    -1.549     0.04    1.13
 -86377.980    -1.342     0.56    1.12
 -86006.052    -0.955     1.04    1.10
 -85634.085    -0.567     1.04    1.09
 -85262.079    -0.076     1.32    1.20
 -84890.033     0.802     2.36    1.69
 -84517.948     1.723     2.48    2.30
 -84145.824     4.163     6.56    4.46
 -83773.660     6.394     5.99    5.19
 -83401.457    10.106     9.97    6.89
 -83029.214    14.089    10.70    7.48
 -82656.932    18.581    12.07    8.55
 -82284.610    24.754    16.58    8.15
 -81912.249    28.942    11.25    8.43
 -81539.849    34.585    15.15    7.20
 -81167.409    38.153     9.58    4.89
 -80794.929    37.960    -0.52    4.11
 -80422.410    34.196   -10.10    7.60
 -80049.852    30.214   -10.69    7.91
 -79677.254    28.165    -5.50    7.19
 -79304.616    28.813     1.74    8.13
 -78931.939    31.942     8.40    8.23
 -78559.223    32.942     2.68    9.53
 -78186.466    31.180    -4.73   11.03
 -77813.670    31.037    -0.38   11.11
 -77440.835    28.572    -6.61   11.01
 -77067.960    26.451    -5.69    9.82
 -76695.045    25.718    -1.97    8.74
 -76322.090    25.379    -0.91    7.95
 -75949.096    26.570     3.19    8.35
 -75576.062    28.941     6.36    8.35
 -75202.989    28.308    -1.70    7.62
 -74829.875    29.089     2.09    7.18
 -74456.722    29.735     1.73    7.49
 -74083.529    30.141     1.09    6.58
 -73710.297    31.231     2.92    5.84
 -73337.025    32.435     3.23    5.72
 -72963.712    34.539     5.63    6.08
 -72590.360    36.618     5.57    5.51
 -72216.969    38.154     4.11    5.03
 -71843.537    38.696     1.45    4.60
 -71470.066    39.644     2.54    4.68
 -71096.554    41.091     3.88    4.34
 -70723.003    42.521     3.83    3.57
 -70349.412    44.106     4.24    1.84
 -69975.781    44.807     1.88    1.21
 -69602.110    45.244     1.17    1.08
 -69228.399    45.644     1.07    0.98
 -68854.648    45.814     0.45    1.29
 -68480.857    46.135     0.86    1.48
 -68107.026    46.290     0.41    1.53
 -67733.156    46.583     0.78    1.44
 -67359.245    46.572    -0.03    1.36
 -66985.294    46.135    -1.17    1.21
 -66611.303    45.773    -0.97    1.41
 -66237.272    44.536    -3.31    2.56
 -65863.201    43.124    -3.78    3.42
 -65489.090    42.227    -2.40    3.93
 -65114.939    41.868    -0.96    4.56
 -64740.748    41.897     0.08    5.17
 -64366.516    42.824     2.48    4.52
 -63992.245    43.450     1.67    2.84
 -63617.933    42.398    -2.81    3.37
 -63243.581    41.079    -3.52    3.75
 -62869.189    40.079    -2.67    3.54
 -62494.757    38.819    -3.36    4.53
 -62120.284    36.348    -6.60    6.24
 -61745.771    31.026   -14.21    8.39
 -61371.218    26.014   -13.38    8.95
 -60996.625    21.333   -12.50    8.06
 -60621.992    18.687    -7.06    6.30
 -60247.318    21.279     6.92    8.74
 -59872.604    27.072    15.46   10.63
 -59497.849    32.985    15.78   10.01
 -59123.055    38.192    13.89    7.86
 -58748.220    41.065     7.66    8.15
 -58373.344    44.665     9.60    8.92
 -57998.428    47.227     6.83    7.56
 -57623.472    50.451     8.60    4.01
 -57248.476    49.765    -1.83    3.47
 -56873.439    48.268    -3.99    2.78
 -56498.361    47.129    -3.04    2.69
 -56123.243    46.335    -2.12    2.47
 -55748.085    45.502    -2.22    2.69
 -55372.886    45.022    -1.28    2.96
 -54997.647    45.218     0.52    2.89
 -54622.367    44.561    -1.75    3.49
 -54247.046    42.624    -5.16    4.60
 -53871.686    42.417    -0.55    4.46
 -53496.284    43.370     2.54    4.97
 -53120.842    45.275     5.07    5.01
 -52745.359    47.486     5.89    2.59
 -52369.836    47.968     1.29    1.98
 -51994.272    47.346    -1.66    1.68
 -51618.668    46.163    -3.15    1.94
 -51243.023    44.654    -4.02    2.56
 -50867.337    42.902    -4.66    3.27
 -50491.611    40.381    -6.71    4.12
 -50115.844    38.550    -4.87    4.22
 -49740.036    36.756    -4.77    3.07
 -49364.187    35.968    -2.10    2.30
 -48988.298    35.785    -0.49    2.07
 -48612.368    35.468    -0.84    2.29
 -48236.397    34.647    -2.18    3.24
 -47860.386    33.728    -2.44    3.53
 -47484.334    33.285    -1.18    3.73
 -47108.241    32.960    -0.87    3.51
 -46732.107    32.163    -2.12    3.98
 -46355.932    30.451    -4.55    4.15
 -45979.716    29.732    -1.91    4.21
 -45603.460    30.244     1.36    5.05
 -45227.162    31.668     3.78    5.68
 -44850.824    33.934     6.02    5.01
 -44474.445    35.058     2.99    3.30
 -44098.025    34.616    -1.17    3.24
 -43721.564    33.265    -3.59    3.49
 -43345.062    31.744    -4.04    3.87
 -42968.519    29.665    -5.52    3.62
 -42591.935    29.106    -1.48    2.61
 -42215.310    29.882     2.06    2.96
 -41838.644    31.339     3.87    3.08
 -41461.938    33.079     4.62    2.99
 -41085.190    34.082     2.66    2.75
 -40708.401    34.302     0.58    2.75
 -40331.570    34.841     1.43    1.79
 -39954.699    34.486    -0.94    1.76
 -39577.787    33.501    -2.61    2.01
 -39200.833    32.343    -3.07    2.01
 -38823.839    31.675    -1.77    1.79
 -38446.803    30.882    -2.10    1.82
 -38069.726    30.097    -2.08    1.93
 -37692.608    28.837    -3.34    2.46
 -37315.449    27.503    -3.54    2.51
 -36938.249    26.389    -2.95    2.30
 -36561.007    25.865    -1.39    2.12
 -36183.724    25.180    -1.81    2.03
 -35806.400    24.802    -1.00    2.04
 -35429.034    24.852     0.13    1.99
 -35051.628    25.047     0.52    2.05
 -34674.180    24.927    -0.32    1.94
 -34296.690    23.909    -2.70    2.82
 -33919.160    22.647    -3.34    2.70
 -33541.588    21.616    -2.73    2.38
 -33163.974    20.468    -3.04    2.80
 -32786.320    18.977    -3.95    3.29
 -32408.624    17.555    -3.77    3.62
 -32030.886    17.665     0.29    3.67
 -31653.107    18.606     2.49    3.88
 -31275.287    20.348     4.61    3.37
 -30897.425    21.862     4.01    1.66
 -30519.522    21.450    -1.09    1.77
 -30141.577    21.318    -0.35    2.47
 -29763.590    21.414     0.25    2.79
 -29385.563    22.382     2.56    2.87
 -29007.493    23.279     2.37    2.51
 -28629.382    24.062     2.07    2.39
 -28251.230    24.768     1.87    1.64
 -27873.036    24.558    -0.56    1.88
 -27497.515    23.583    -2.60    2.21
 -27127.390    22.032    -4.19    2.12
 -26757.226    20.275    -4.75    2.12
 -26387.022    19.296    -2.65    1.87
 -26016.778    18.665    -1.70    1.87
 -25646.495    16.942    -4.65    3.31
 -25276.172    16.124    -2.21    3.58
 -24905.809    15.018    -2.98    3.14
 -24535.406    14.536    -1.30    2.47
 -24164.963    15.486     2.56    1.72
 -23794.481    15.917     1.16    1.45
 -23423.959    16.348     1.16    1.50
 -23053.397    16.258    -0.24    1.40
 -22682.795    15.911    -0.94    0.94
 -22312.153    15.575    -0.91    0.89
 -21941.472    15.796     0.59    1.00
 -21570.750    16.632     2.26    2.13
 -21199.989    16.255    -1.02    4.38
 -20829.187    14.889    -3.68    6.75
 -20458.346    12.265    -7.08    8.23
 -20087.465     9.909    -6.35    8.58
 -19716.543     7.537    -6.39    7.55
 -19345.582     5.744    -4.83    5.69
 -18974.581     5.790     0.12    5.77
 -18603.540     4.744    -2.82    3.80
 -18232.458     4.330    -1.12    1.49
 -17861.337     4.321    -0.03    1.33
 -17490.176     4.258    -0.17    1.32
 -17118.974     4.330     0.20    1.25
 -16747.733     4.635     0.82    1.36
 -16376.451     4.685     0.13    1.53
 -16005.130     4.055    -1.70    2.05
 -15633.768     3.190    -2.33    2.11
 -15262.366     2.180    -2.72    1.57
 -14890.924     1.761    -1.13    1.11
 -14519.441     1.756    -0.01    1.46
 -14147.919     1.909     0.41    1.59
 -13776.356     1.692    -0.58    1.78
 -13404.753     1.486    -0.56    2.06
 -13033.110     1.173    -0.84    2.00
 -12661.427     0.854    -0.86    2.00
 -12289.703     0.845    -0.02    2.12
 -11917.939     0.728    -0.32    2.30
 -11546.135     0.452    -0.74    2.37
 -11174.290     0.100    -0.95    2.41
 -10802.406    -0.368    -1.26    2.21
 -10430.481    -0.905    -1.44    1.69
 -10058.515    -1.325    -1.13    0.87
  -9686.509    -1.074     0.67    1.25
  -9314.463    -0.820     0.68    1.54
  -8942.376    -0.170     1.75    2.17
  -8570.249     0.401     1.53    2.49
  -8198.082     1.009     1.64    2.72
  -7825.874     1.624     1.65    2.81
  -7453.626     1.909     0.77    2.96
  -7081.337     2.105     0.53    2.84
  -6709.007     2.268     0.44    2.65
  -6336.638     4.147     5.04    7.34
  -5964.227    13.288    24.55   21.73
  -5591.777    24.587    30.34   28.68
  -5219.285    28.917    11.62   28.94
  -4846.753    25.943    -7.98   26.60
  -4474.181    16.261   -25.99   19.22
  -4101.568     8.011   -22.14    9.67
  -3728.914     3.696   -11.58    2.04
  -3356.220     3.796     0.27    2.34
  -2983.485     3.714    -0.22    2.52
  -2610.709     3.158    -1.49    2.98
  -2237.893     2.655    -1.35    3.17
  -1865.036     1.824    -2.23    2.93
  -1492.139     1.296    -1.42    2.84
  -1119.200     0.740    -1.49    2.21
   -746.221     0.285    -1.22    1.94
   -373.202     0.310     0.07    1.80
     -0.141     0.927     1.65    2.41
    372.960     1.172     0.66    2.25
    746.102     1.118    -0.14    1.63
   1119.285     1.434     0.85    1.65
   1492.508     2.108     1.81    2.16
   1865.773     2.727     1.66    2.28
   2239.078     3.313     1.57    2.25
   2612.424     4.168     2.29    2.11
   2985.811     4.875     1.89    2.12
   3359.239     5.399     1.40    2.15
   3732.708     5.451     0.14    2.46
   4106.217     5.534     0.22    2.57
   4479.768     5.111    -1.13    2.75
   4853.359     4.689    -1.13    2.77
   5226.992     3.879    -2.17    2.82
   5600.665     3.244    -1.70    2.58
   5974.380     2.952    -0.78    2.47
   6348.135     2.632    -0.85    2.30
   6721.931     2.296    -0.90    1.93
   7095.769     2.231    -0.17    1.86
   7469.647     3.146     2.45    5.61
   7843.567     3.468     0.86    7.34
   8217.528     2.434    -2.77    3.90
   8591.529     3.575     3.05    6.59
   8965.572     4.775     3.21    7.71
   9339.656     6.240     3.92    7.94
   9713.781    10.790    12.16   12.71
  10087.948    19.485    23.24   22.15
  10462.155    31.553    32.25   33.36
  10836.404    52.968    57.22   42.91
  11210.694    74.848    58.46   46.84
  11585.025    96.102    56.78   42.21
  11959.397   115.736    52.45   31.58
  12333.810   118.878     8.39   30.63
  12708.265   127.141    22.07   29.92
  13082.761   130.227     8.24   30.11
  13457.298   128.062    -5.78   28.44
  13831.877   137.168    24.31   25.52
  14206.497   141.451    11.43   20.42
  14581.158   139.858    -4.25   17.77
  14955.861   137.632    -5.94   19.07
  15330.605   133.275   -11.63   19.66
  15705.390   133.190    -0.23   22.49
  16080.217   135.754     6.84   22.60
  16455.085   128.272   -19.96   23.29
  16829.995   120.343   -21.15   24.26
  17204.946   108.018   -32.87   23.54
  17579.938    94.059   -37.23   19.39
  17954.972    92.117    -5.18   19.61
  18330.048    94.202     5.56   24.30
  18705.165    99.705    14.67   29.64
  19080.323   115.108    41.06   28.92
  19455.523   125.468    27.61   27.98
  19830.765   134.662    24.50   24.77
  20206.048   137.718     8.14   20.94
  20581.372   137.951     0.62   18.96
  20956.739   136.239    -4.56   19.56
  21332.147   130.824   -14.42   21.91
  21707.596   121.641   -24.46   24.27
  22083.087   115.003   -17.68   24.96
  22458.620   108.485   -17.36   23.06
  22834.195   105.521    -7.89   23.83
  23209.811   106.214     1.85   23.36
  23585.469   119.536    35.46   24.42
  23961.168   129.367    26.17   21.72
  24336.910   137.282    21.07   19.90
  24712.693   141.756    11.91   17.49
  25088.517   144.042     6.08   14.92
  25464.384   144.897     2.27   16.28
  25840.293   140.318   -12.18   16.84
  26216.243   138.468    -4.92   16.89
  26592.235   133.779   -12.47   21.26
  26968.269   124.152   -25.60   21.55
  27344.344   112.649   -30.59   21.42
  27720.462    98.382   -37.93   22.75
  28096.622    87.710   -28.37   21.72
  28472.823    77.599   -26.88   16.73
  28849.066    73.040   -12.12   13.14
  29225.352    72.072    -2.57    9.39
  29601.679    77.892    15.47   12.50
  29978.048    87.389    25.23   14.31
  30354.459    96.451    24.08   17.05
  30730.912   103.418    18.51   20.44
  31107.408   107.849    11.77   20.68
  31483.945   111.434     9.52   21.31
  31860.524   114.568     8.32   21.01
  32237.145   118.741    11.08   22.42
  32613.809   129.386    28.26   23.67
  32990.514   133.290    10.36   22.02
  33367.262   134.868     4.19   20.21
  33744.052   142.665    20.69   16.03
  34120.883   148.848    16.41   14.75
  34497.757   152.418     9.47   13.25
  34874.674   152.728     0.82   13.48
  35251.632   148.535   -11.12   17.51
  35628.632   144.106   -11.75   18.20
  36005.675   141.468    -7.00   19.54
  36382.760   141.163    -0.81   19.40
  36759.888   143.830     7.07   16.69
  37137.057   143.185    -1.71   16.77
  37514.269   137.897   -14.02   18.83
  37891.523   125.796   -32.08   21.56
  38268.819   117.854   -21.05   18.43
  38646.158   120.534     7.10   21.65
  39023.539   130.635    26.77   22.10
  39400.963   144.129    35.76   16.22
  39778.428   148.049    10.38   14.32
  40155.937   145.112    -7.78   16.96
  40533.487   139.848   -13.95   20.23
  40911.080   126.075   -36.48   22.60
  41288.716   115.681   -27.53   21.71
  41666.394   110.106   -14.76   17.21
  42044.114   112.279     5.75   15.20
  42421.877   124.862    33.31   19.60
  42799.682   139.702    39.28   17.83
  43177.530   148.486    23.25   13.42
  43555.421   148.843     0.95   15.22
  43933.354   144.862   -10.54   18.17
  44311.329   145.624     2.02   18.19
  44689.347   146.952     3.51   15.70
  45067.408   145.796    -3.06   13.86
  45445.512   143.875    -5.08   15.44
  45823.658   134.089   -25.88   19.24
  46201.846   119.808   -37.76   21.91
  46580.077   104.587   -40.24   20.93
  46958.351    95.147   -24.96   12.76
  47334.970    98.017     7.62   17.13
  47704.976   108.367    27.97   19.81
  48075.022   119.112    29.04   19.21
  48445.109   125.835    18.17   19.36
  48815.236   128.534     7.29   19.19
  49185.405   136.231    20.79   19.90
  49555.614   141.926    15.38   19.05
  49925.863   145.405     9.40   17.19
  50296.154   147.570     5.85   15.75
  50666.485   143.865   -10.01   18.14
  51036.858   133.451   -28.12   24.74
  51407.271   116.845   -44.83   26.56
  51777.725   104.399   -33.60   21.27
  52148.219    97.102   -19.70   12.20
  52518.755    95.996    -2.99    8.54
  52889.332    99.168     8.56    8.59
  53259.949   106.124    18.77    8.73
  53630.607   112.097    16.12    8.48
  54001.307   117.638    14.95    7.10
  54372.047   121.227     9.68    6.54
  54742.828   125.468    11.44    6.94
  55113.651   128.587     8.41    6.98
  55484.514   132.210     9.77    6.09
  55855.418   134.824     7.05    6.25
  56226.363   136.632     4.87    6.19
  56597.350   137.153     1.40    6.00
  56968.377   135.268    -5.08    6.05
  57339.445   132.968    -6.20    6.39
  57710.555   129.130   -10.34    8.57
  58081.706   128.350    -2.10    9.12
  58452.897   134.385    16.26   15.11
  58824.130   141.157    18.24   17.12
  59195.404   145.756    12.39   16.07
  59566.720   153.248    20.18   12.92
  59938.076   154.824     4.24   12.68
  60309.474   156.485     4.47   10.78
  60680.912   158.210     4.64    8.72
  61052.392   155.108    -8.35   10.35
  61423.914   151.522    -9.65   12.31
  61795.476   144.752   -18.22   16.44
  62167.080   137.037   -20.76   15.26
  62538.725   134.665    -6.38   15.95
  62910.412   131.282    -9.10   17.16
  63282.139   127.892    -9.12   17.31
  63653.908   127.926     0.09   18.29
  64025.719   126.920    -2.71   18.72
  64397.571   128.824     5.12   18.79
  64769.464   135.418    17.73   18.78
  65141.398   142.611    19.34   16.64
  65513.374   147.604    13.42   14.29
  65885.392   149.316     4.60   12.66
  66257.450   137.960   -30.52   20.01
  66629.551   125.009   -34.81   19.52
  67001.693   121.254   -10.09   19.27
  67373.876   124.895     9.78   21.41
  67746.100   136.761    31.88   22.97
  68118.367   148.572    31.73   15.90
  68490.675   156.268    20.67    8.81
  68863.024   157.206     2.52    8.87
  69235.415   152.435   -12.81   11.19
  69607.847   146.802   -15.13   11.55
  69980.321   143.239    -9.57   12.19
  70352.837   143.141    -0.26   13.20
  70725.394   145.035     5.08   13.30
  71097.993   147.141     5.65   12.20
  71470.634   149.763     7.04   10.17
  71843.316   148.641    -3.01   11.49
  72216.040   146.824    -4.87   12.77
  72588.806   142.790   -10.82   14.17
  72961.613   137.759   -13.50   16.14
  73334.462   136.214    -4.14   12.97
  73707.353   131.235   -13.35   15.11
  74080.286   123.135   -21.72   17.36
  74453.260   114.485   -23.19   18.18
  74826.277   104.146   -27.72   17.96
  75199.335    96.611   -20.20   14.44
  75572.435    93.550    -8.20    9.84
  75945.576    94.933     3.70   10.16
  76318.760   106.239    30.30   19.73
  76691.985   121.655    41.31   22.96
  77065.253   131.451    26.25   18.49
  77438.562   139.316    21.07   14.90
  77811.913   142.288     7.96   15.21
  78185.306   144.085     4.81   14.43
  78558.741   147.865    10.12   12.82
  78932.218   146.888    -2.62   14.60
  79305.737   142.700   -11.21   17.51
  79679.298   142.468    -0.62   17.64
  80052.901   141.727    -1.98   17.67
  80426.546   144.372     7.08   17.19
  80800.233   150.652    16.81   16.30
  81173.963   155.062    11.80   15.83
  81547.734   159.202    11.08   11.44
  81921.547   160.655     3.89    9.40
  82295.403   161.316     1.77    9.58
  82669.300   160.655    -1.77   10.61
  83043.240   161.649     2.66   10.59
  83417.222   164.968     8.88    9.40
  83791.246   167.868     7.75    8.89
  84165.312   168.830     2.57    8.45
  84539.420   167.033    -4.81    9.35
  84913.571   160.316   -17.95   11.92
  85287.764   155.052   -14.07   10.10
  85661.999   153.780    -3.40   11.70
  86036.276   154.085     0.82   13.68
  86410.596   157.011     7.82   14.22
  86784.958   155.399    -4.30   16.62
  87159.362   152.436    -7.92   18.57
  87533.809   150.205    -5.96   19.83
  87908.298   146.780    -9.15   19.02
  88282.829   140.335   -17.21   14.74
  88657.403   136.333   -10.69   10.16
  89032.019   135.841    -1.31    6.28
  89406.678   138.062     5.93    5.53
  89781.379   142.984    13.14    6.24
  90156.122   147.587    12.28    5.29
  90530.908   152.403    12.85    5.34
  90905.736   157.765    14.31    5.74
  91280.607   163.902    16.37    7.46
  91655.520   170.068    16.45    7.69
  92030.476   174.662    12.25    7.05
  92405.475   177.604     7.85    7.29
  92780.515   179.638     5.42    8.45
  93155.599   182.785     8.39    8.46
  93530.725   184.435     4.40    7.27
  93905.894   184.152    -0.76    7.00
  94281.105   180.779    -8.99    8.88
  94656.359   175.108   -15.11    9.26
  95031.656   168.175   -18.47    8.99
  95406.995   164.265   -10.42    7.71
  95782.377   164.318     0.14    9.55
  96157.801   167.239     7.78   11.62
  96533.269   172.585    14.24   12.81
  96908.779   178.909    16.84   11.86
  97284.332   185.355    17.17   10.35
  97659.927   189.872    12.03    7.78
  98035.566   189.935     0.17    7.01
  98411.247   187.399    -6.75    7.85
  98786.971   183.643   -10.00    8.09
  99162.738   182.218    -3.79    8.73
  99538.547   184.163     5.18    9.30
  99914.400   182.662    -3.99   11.49
 100290.295   179.335    -8.85   13.25
 100666.233   173.485   -15.56   12.54
 101042.215   170.924    -6.81   11.15
 101418.239   168.944    -5.27   11.68
 101794.306   167.011    -5.14   11.71
 102170.416   165.011    -5.32   10.34
 102546.569   163.173    -4.89    8.90
 102922.765   160.943    -5.93    8.40
 103299.004   157.011   -10.45    8.44
 103675.286   153.095   -10.41    8.63
 104051.611   144.862   -21.88   12.78
 104427.979   136.865   -21.25   12.36
 104804.390   131.302   -14.78    8.00
 105180.844   130.589    -1.89    7.29
 105557.342   132.370     4.73    7.77
 105933.882   133.468     2.92    6.95
 106310.466   133.118    -0.93    6.51
 106687.092   132.881    -0.63    5.67
 107063.762   132.723    -0.42    4.64
 107440.476   132.599    -0.33    3.96
 107817.232   131.379    -3.24    4.72
 108194.031   126.646   -12.56    8.90
 108570.874   121.210   -14.43   10.01
 108947.760   117.535    -9.75    9.03
 109324.689   122.140    12.22   17.08
 109701.662   130.068    21.03   21.38
 110078.678   132.604     6.73   21.05
 110455.737   131.819    -2.08   20.08
 110832.840   127.190   -12.28   17.08
 111209.985   127.285     0.25   14.26
 111587.175   137.785    27.84   16.64
 111964.407   151.124    35.36   14.42
 112341.683   160.206    24.08   11.78
 112719.003   164.723    11.97    7.61
 113096.366   164.604    -0.31    7.86
 113473.772   162.977    -4.31    9.73
 113851.222   160.106    -7.61   10.50
 114228.715   157.468    -6.99   11.57
 114606.252   160.599     8.29   11.03
 114983.832   160.868     0.71    8.71
 115361.456   160.028    -2.23    8.37
 115739.123   159.868    -0.42    7.53
 116116.834   152.936   -18.36   11.72
 116494.589   145.865   -18.72   12.48
 116872.387   142.168    -9.79   11.55
 117250.228   142.240     0.19   12.09
 117628.114   148.468    16.48   11.47
 118006.043   156.002    19.94    8.51
 118384.015   159.618     9.57    6.40
 118762.032   159.833     0.57    6.64
 119140.092   158.045    -4.73    8.60
 119518.195   153.796   -11.24    9.52
 119896.343   149.451   -11.49    8.97
 120274.534   145.420   -10.66    9.71
 120652.769   140.672   -12.56   10.16
 121031.048   135.796   -12.89   10.30
 121409.370   128.040   -20.50    9.54
 121787.737   121.231   -18.00    9.47
 122165.570   115.518   -15.12    7.81
 122535.445   110.272   -14.18    6.59
 122905.361   103.059   -19.50    9.61
 123275.320    97.520   -14.97    9.27
 123645.320    94.944    -6.96    6.49
 124015.362    96.655     4.62    8.13
 124385.445   105.059    22.71   13.73
 124755.571   115.830    29.11   16.08
 125125.738   126.565    29.00   17.52
 125495.947   137.124    28.53   18.51
 125866.198   146.468    25.24   15.19
 126236.491   154.735    22.33   10.11
 126606.826   154.862     0.34   12.31
 126977.202   146.888   -21.53   21.83
 127347.621   142.385   -12.16   22.35
 127718.081   137.146   -14.14   19.98
 128088.584   136.468    -1.83   17.03
 128459.128   138.321     5.00   16.75
 128829.715   142.796    12.08   16.51
 129200.343   148.091    14.29   15.66
 129571.013   152.003    10.55   14.22
 129941.726   157.536    14.93   15.61
 130312.480   164.152    17.85   13.70
 130683.276   168.262    11.09   12.23
 131054.115   170.218     5.28   12.91
 131424.996   171.773     4.19   13.70
 131795.918   173.049     3.44   11.78
 132166.883   173.935     2.39   10.11
 132537.890   173.197    -1.99    8.63
 132908.939   168.926   -11.51   10.54
 133280.031   162.533   -17.23   11.07
 133651.164   158.609   -10.57   10.70
 134022.340   156.250    -6.36   11.51
 134393.558   151.951   -11.58   12.66
 134764.818   149.862    -5.63   12.02
 135136.120   150.197     0.90   13.34
 135507.465   149.689    -1.37   15.36
 135878.852   154.102    11.88   16.48
 136250.281   156.968     7.72   17.46
 136621.752   159.180     5.96   15.99
 136993.266   159.255     0.20   15.10
 137364.822   157.802    -3.91   15.66
 137736.421   154.218    -9.64   15.55
 138108.062   147.960   -16.84   18.14
 138479.745   136.572   -30.64   21.53
 138851.471   126.222   -27.85   18.00
 139223.239   121.227   -13.44   11.28
 139595.049   122.385     3.12    7.89
 139966.902   129.451    19.00   10.26
 140338.798   136.178    18.09   12.88
 140710.736   141.018    13.02   12.60
 141082.716   143.402     6.41   13.17
 141454.739   144.337     2.52   11.59
 141826.805   145.108     2.07   10.77
 142198.913   148.985    10.42   10.19
 142571.063   153.068    10.97   10.42
 142943.257   157.597    12.17    8.09
 143315.492   159.518     5.16    6.12
 143687.771   161.370     4.97    6.42
 144060.092   161.736     0.98    7.61
 144432.455   159.839    -5.09    9.22
 144804.862   157.927    -5.13    9.84
 145177.311   155.678    -6.04   11.32
 145549.802   148.272   -19.89   12.61
 145922.337   143.102   -13.88   15.89
 146294.914   131.868   -30.15   21.32
 146667.534   119.977   -31.92   20.70
 147040.197   105.872   -37.85   12.30
 147412.902   102.502    -9.04    7.91
 147785.650   110.452    21.33   18.76
 148158.441   125.397    40.10   23.56
 148531.275   142.678    46.36   21.11
 148904.152   156.486    37.04   11.09
 149277.071   161.372    13.10    7.97
 149650.034   162.068     1.87    8.02
 150023.039   160.068    -5.36    9.96
 150396.087   156.602    -9.29   11.91
 150769.178   151.190   -14.51   14.56
 151142.312   142.662   -22.86   15.93
 151515.489   135.824   -18.33   17.32
 151888.709   133.698    -5.70   20.13
 152261.972   125.960   -20.73   23.15
 152635.278   118.226   -20.72   22.46
 153008.627   113.313   -13.16   18.61
 153382.019   106.420   -18.46   12.12
 153755.454   103.399    -8.09   10.13
 154128.932   101.059    -6.27    7.67
 154502.454   100.485    -1.54    6.22
 154876.018   104.226    10.02   11.17
 155249.625   114.501    27.50   20.02
 155623.276   120.518    16.11   21.60
 155996.970   123.796     8.78   18.65
 156370.707   128.100    11.52   16.96
 156744.487   138.178    26.97   19.07
 157118.310   149.089    29.19   17.39
 157492.176   158.872    26.17   12.07
 157866.086   160.282     3.77   11.96
 158240.039   153.075   -19.28   16.20
 158614.035   149.152   -10.49   15.23
 158988.075   150.042     2.38   16.75
 159362.158   158.307    22.10   15.42
 159736.284   161.002     7.20   12.98
 160110.453   160.288    -1.91   12.72
 160484.666   159.696    -1.58   12.90
 160858.922   164.726    13.44   12.87
 161233.222   168.830    10.97   10.32
 161607.565   164.872   -10.58   13.21
 161981.951   160.885   -10.65   14.75
 162356.381   159.102    -4.76   15.41
 162730.854   161.337     5.97   16.44
 163105.371   166.091    12.70   15.27
 163479.931   169.372     8.76   14.94
 163854.534   175.468    16.28   14.86
 164229.181   181.017    14.81   13.06
 164603.872   183.539     6.73   10.14
 164978.606   183.549     0.03    9.39
 165353.384   182.140    -3.76    9.28
 165728.206   179.001    -8.38   10.62
 166103.071   179.124     0.33   11.50
 166477.979   179.818     1.85    9.94
 166852.931   170.752   -24.18   18.74
 167227.927   159.550   -29.88   25.21
 167602.967   143.839   -41.90   23.35
 167978.050   132.841   -29.33   13.49
 168353.177   130.087    -7.34    6.86
 168728.348   131.343     3.35    4.81
 169103.562   134.597     8.67    4.68
 169478.820   138.419    10.19    6.14
 169854.122   142.599    11.14    7.51
 170229.467   148.059    14.55    9.42
 170604.857   154.868    18.14   11.81
 170980.290   163.052    21.80   15.09
 171355.767   169.756    17.86   14.34
 171731.288   179.026    24.69   12.80
 172106.853   184.865    15.55    7.45
 172482.462   180.813   -10.79   11.62
 172858.114   176.518   -11.43   14.00
 173233.811   172.849    -9.77   12.66
 173609.551   171.714    -3.02   11.84
 173985.335   174.977     8.68   12.00
 174361.164   179.294    11.49   12.82
 174737.036   186.146    18.23   12.70
 175112.952   191.135    13.27    9.42
 175488.913   193.003     4.97    8.27
 175864.917   191.075    -5.13   10.25
 176240.965   188.028    -8.10   10.88
 176617.058   184.321    -9.86   12.21
 176993.194   180.108   -11.20   15.60
