# NaN NaN NaN ;Mean Elev.(m), Avg Gradient(m/km), RMS Gradient(m/km) - SRTM1     
#  110.210  -1.706   3.348 ;Mean Elev.(m), Avg Gradient(m/km), RMS Gradient(m/km) - ASTER GDEM
#  122.005  -1.396   2.489 ;Mean Elev.(m), Avg Gradient(m/km), RMS Gradient(m/km) - GMTED2010 
  7   124.741 52444.53305402 43.75 127.730288  50.343741 33.566
  7   124.695 52444.53305466 49.06 127.728848  50.346971 33.566
  7   124.613 52444.53305531 48.56 127.727408  50.350211 33.566
  7   124.649 52444.53305595 44.64 127.725968  50.353441 33.566
  7   124.965 52444.53305659 41.64 127.724528  50.356671 33.566
  7   124.923 52444.53305724 45.97 127.723088  50.359911 33.566
  7   125.123 52444.53305788 49.03 127.721648  50.363141 33.566
  8   125.001 52479.53304798 47.13 127.734873  50.349115 37.998
  8   125.174 52479.53304926 46.04 127.731993  50.355585 37.998
  8   125.088 52479.53304991 41.61 127.730553  50.358815 37.998
  8   125.230 52479.53305055 47.86 127.729113  50.362045 37.998
  8   125.231 52479.53305120 50.33 127.727673  50.365285 37.998
  8   125.128 52479.53305184 51.59 127.726233  50.368515 37.998
  9   123.299 52514.53299989 43.95 127.738916  50.377742 36.411
  9   123.422 52514.53300053 45.09 127.737476  50.380972 36.411
  9   123.355 52514.53300118 41.69 127.736036  50.384212 36.411
  9   123.275 52514.53300182 35.35 127.734596  50.387442 36.411
  9   123.464 52514.53300247 34.49 127.733156  50.390672 36.411
 10   124.663 52549.53303872 44.94 127.730924  50.344163 33.710
 10   124.873 52549.53303936 46.14 127.729484  50.347393 33.710
 10   124.851 52549.53304001 46.72 127.728044  50.350633 33.710
 10   124.819 52549.53304065 45.27 127.726604  50.353863 33.710
 10   124.940 52549.53304130 43.80 127.725164  50.357093 33.710
 10   124.872 52549.53304194 50.50 127.723724  50.360333 33.710
 10   125.130 52549.53304259 47.23 127.722284  50.363563 33.710
 10   125.061 52549.53304323 46.46 127.720844  50.366793 33.710
 11   124.860 52584.53302831 41.83 127.737930  50.366339 27.553
 11   124.859 52584.53302896 46.39 127.736490  50.369569 27.553
 11   124.926 52584.53302960 49.00 127.735050  50.372809 27.553
 11   124.983 52584.53303025 47.22 127.733610  50.376039 27.553
 11   124.949 52584.53303089 40.07 127.732170  50.379269 27.553
 11   125.038 52584.53303153 40.64 127.730730  50.382509 27.553
 11   124.986 52584.53303218 36.94 127.729290  50.385739 27.553
 12   124.824 52619.53300513 24.23 127.738469  50.358375 10.710
 12   124.991 52619.53300578 23.61 127.737029  50.361605 10.710
 12   125.005 52619.53300642 24.64 127.735589  50.364835 10.710
 12   125.009 52619.53300707 24.08 127.734149  50.368075 10.710
 12   125.147 52619.53300771 26.64 127.732709  50.371305 10.710
 12   125.249 52619.53300836 32.09 127.731269  50.374535 10.710
 12   125.151 52619.53300900 24.36 127.729829  50.377775 10.710
 12   125.226 52619.53300965 23.67 127.728389  50.381005 10.710
 12   125.232 52619.53301029 24.21 127.726949  50.384235 10.710
 13   125.010 52654.53299121 19.06 127.737845  50.362322  9.121
 13   125.185 52654.53299186 19.66 127.736405  50.365562  9.121
 13   125.122 52654.53299250 19.16 127.734965  50.368792  9.121
 13   125.083 52654.53299315 20.39 127.733525  50.372022  9.121
 13   125.267 52654.53299379 20.80 127.732085  50.375262  9.121
 13   125.237 52654.53299444 20.52 127.730645  50.378492  9.121
 13   125.321 52654.53299508 23.52 127.729205  50.381722  9.121
 13   125.393 52654.53299573 23.70 127.727765  50.384962  9.121
 14   125.676 52689.53298775 30.99 127.737421  50.369736 30.391
 14   125.347 52689.53298840 27.75 127.735981  50.372966 30.391
 14   125.771 52689.53298904 28.73 127.734541  50.376196 30.391
 14   125.727 52689.53298969 29.35 127.733101  50.379436 30.391
 14   125.688 52689.53299033 27.03 127.731661  50.382666 30.391
 14   125.692 52689.53299098 30.40 127.730221  50.385896 30.391
 15   124.907 52724.53302988 24.81 127.735450  50.357874 13.839
 15   124.731 52724.53303052 20.96 127.734000  50.361104 13.839
 15   125.090 52724.53303117 17.95 127.732560  50.364334 13.839
 15   125.133 52724.53303181 18.44 127.731120  50.367574 13.839
 15   125.330 52724.53303246 18.20 127.729684  50.370799  9.597
 15   125.462 52724.53303310 19.74 127.728244  50.374039  9.597
 15   125.727 52724.53303374 18.72 127.726804  50.377269  9.597
 15   125.735 52724.53303439 19.87 127.725364  50.380499  9.597
 15   125.617 52724.53303503 22.55 127.723924  50.383739  9.597
 16   124.797 52759.53304706 26.37 127.734687  50.346412 33.446
 16   124.904 52759.53304771 26.73 127.733247  50.349652 33.446
 16   124.767 52759.53304835 22.65 127.731807  50.352882 33.446
 16   124.824 52759.53304900 23.25 127.730367  50.356112 33.446
 16   124.979 52759.53304964 25.47 127.728927  50.359352 33.446
 16   125.082 52759.53305029 23.18 127.727487  50.362582 33.446
 16   124.986 52759.53305093 20.32 127.726047  50.365812 33.446
 16   125.165 52759.53305158 26.40 127.724607  50.369052 33.446
 17   127.132 52794.53300392 51.07 127.734252  50.354884 39.176
 17   127.049 52794.53300457 51.85 127.732812  50.358114 39.176
 17   127.140 52794.53300521 51.71 127.731372  50.361354 39.176
 17   127.056 52794.53300586 52.50 127.729932  50.364584 39.176
 17   127.141 52794.53300650 51.22 127.728492  50.367814 39.176
 17   127.255 52794.53300715 53.85 127.727052  50.371054 39.176
 17   127.334 52794.53300779 49.31 127.725612  50.374284 39.176
 17   127.409 52794.53300844 50.70 127.724162  50.377514 39.176
 17   127.404 52794.53300908 48.93 127.722722  50.380754 39.176
 18   127.103 52829.53307148 50.62 127.734846  50.357725 37.939
 18   127.039 52829.53307213 51.17 127.733406  50.360955 37.939
 18   127.084 52829.53307277 53.10 127.731966  50.364195 37.939
 18   127.026 52829.53307341 53.62 127.730526  50.367425 37.939
 18   127.118 52829.53307406 52.41 127.729086  50.370655 37.939
 18   127.188 52829.53307470 52.83 127.727646  50.373895 37.939
 18   127.168 52829.53307535 52.97 127.726196  50.377125 37.939
 18   127.275 52829.53307599 52.06 127.724756  50.380355 37.939
 18   127.429 52829.53307664 51.15 127.723316  50.383595 37.939
 19   125.689 52864.53311689 36.93 127.737422  50.363329 28.843
 19   125.678 52864.53311753 28.96 127.735982  50.366569 28.843
 19   125.408 52864.53311818 25.26 127.734542  50.369799 28.843
 19   125.508 52864.53311882 24.85 127.733102  50.373029 28.843
 19   125.650 52864.53311947 25.91 127.731662  50.376269 28.843
 19   125.799 52864.53312011 26.03 127.730222  50.379499 28.843
 19   125.922 52864.53312076 27.29 127.728772  50.382729 28.843
 20   126.056 52899.53314501 39.42 127.736597  50.357846 32.004
 20   126.066 52899.53314565 39.17 127.735157  50.361076 32.004
 20   126.107 52899.53314630 46.92 127.733717  50.364316 32.004
 20   126.161 52899.53314694 43.09 127.732277  50.367546 32.004
 20   126.247 52899.53314759 42.99 127.730837  50.370776 32.004
 20   126.348 52899.53314823 46.93 127.729397  50.374016 32.004
 20   126.439 52899.53314888 47.01 127.727957  50.377246 32.004
 20   126.476 52899.53314952 48.47 127.726517  50.380476 32.004
 20   126.406 52899.53315016 52.76 127.725077  50.383716 32.004
 21   125.388 52934.53308981 26.80 127.737091  50.364722 30.608
 21   125.248 52934.53309046 21.05 127.735651  50.367952 30.608
 21   125.160 52934.53309110 23.22 127.734211  50.371182 30.608
 21   125.277 52934.53309175 24.88 127.732771  50.374422 30.608
 21   125.339 52934.53309239 26.70 127.731331  50.377652 30.608
 21   125.569 52934.53309304 27.60 127.729891  50.380882 30.608
 21   125.514 52934.53309368 29.33 127.728451  50.384122 30.608
 22   125.609 52969.53310224 29.79 127.735440  50.348854 20.798
 22   125.757 52969.53310353 34.31 127.732560  50.355314 20.798
 22   125.762 52969.53310418 36.72 127.731120  50.358554 20.798
 22   125.913 52969.53310482 38.29 127.729680  50.361784 20.798
 22   125.822 52969.53310547 34.53 127.728240  50.365014 20.798
 22   125.736 52969.53310611 30.21 127.726800  50.368254 20.798
 23   125.428 53004.53312049 17.86 127.734636  50.347007  7.128
 23   125.535 53004.53312113 19.96 127.733196  50.350237  7.128
 23   125.508 53004.53312178 20.50 127.731756  50.353477  7.128
 23   125.490 53004.53312242 20.30 127.730316  50.356707  7.128
 23   125.643 53004.53312307 19.54 127.728876  50.359937  7.128
 23   125.675 53004.53312371 19.24 127.727436  50.363177  7.128
 23   125.790 53004.53312436 19.08 127.725996  50.366407  7.128
 23   125.744 53004.53312500 19.07 127.724556  50.369637  7.128
 24   125.413 53039.53306925 13.08 127.729859  50.342239  4.355
 24   125.360 53039.53306989 14.05 127.728419  50.345469  4.355
 24   125.144 53039.53307054 14.74 127.726979  50.348699  4.355
 24   125.168 53039.53307118 14.94 127.725539  50.351939  4.355
 24   125.269 53039.53307182 13.73 127.724099  50.355169  4.355
 24   125.249 53039.53307247 14.50 127.722659  50.358399  4.355
 24   125.357 53039.53307311 14.38 127.721219  50.361639  4.355
 24   125.382 53039.53307376 13.78 127.719779  50.364869  4.355
 25   125.831 53074.53310226 10.39 127.735366  50.355805  3.097
 25   125.877 53074.53310291 10.23 127.733926  50.359035  3.097
 25   125.771 53074.53310355 10.66 127.732486  50.362275  3.097
 25   125.857 53074.53310420 10.66 127.731046  50.365505  3.097
 25   125.841 53074.53310484 10.25 127.729606  50.368735  3.097
 25   125.835 53074.53310549 11.74 127.728166  50.371975  3.097
 25   125.876 53074.53310613 12.24 127.726723  50.375210  4.511
 25   125.689 53074.53310678 17.78 127.725283  50.378440  4.511
 25   125.816 53074.53310742 16.17 127.723843  50.381670  4.511
 26   125.779 53109.53307064 34.12 127.727098  50.346288 32.285
 26   125.921 53109.53307129 32.43 127.725658  50.349528 32.285
 26   125.992 53109.53307193 31.07 127.724218  50.352758 32.285
 26   126.052 53109.53307258 29.32 127.722778  50.355988 32.285
 26   126.328 53109.53307322 28.91 127.721338  50.359228 32.285
 26   126.452 53109.53307386 35.46 127.719898  50.362458 32.285
 27   126.931 53144.53311183 43.69 127.735534  50.346988 32.075
 27   126.901 53144.53311247 51.01 127.734094  50.350218 32.075
 27   126.923 53144.53311312 54.75 127.732654  50.353448 32.075
 27   127.013 53144.53311376 48.46 127.731224  50.356688 32.075
 27   127.095 53144.53311441 46.04 127.729774  50.359918 32.075
 27   127.179 53144.53311505 47.61 127.728334  50.363148 32.075
 27   127.214 53144.53311570 51.06 127.726894  50.366388 32.075
 27   127.154 53144.53311634 52.63 127.725455  50.369614 33.415
 28   126.448 53179.53312837 50.97 127.738807  50.357228 40.142
 28   126.573 53179.53312901 49.09 127.737367  50.360458 40.142
 28   126.484 53179.53312965 52.72 127.735927  50.363688 40.142
 28   126.584 53179.53313030 51.09 127.734487  50.366928 40.142
 28   126.668 53179.53313094 48.86 127.733047  50.370158 40.142
 28   126.626 53179.53313159 51.66 127.731607  50.373388 40.142
 28   126.787 53179.53313223 52.50 127.730167  50.376628 40.142
 28   126.843 53179.53313288 50.64 127.728727  50.379858 40.142
 28   126.819 53179.53313352 51.32 127.727287  50.383088 40.142
 29   126.264 53214.53314986 49.60 127.734458  50.356032 42.165
 29   126.409 53214.53315050 51.47 127.733018  50.359272 42.165
 29   126.616 53214.53315115 49.79 127.731578  50.362502 42.165
 29   126.528 53214.53315179 50.69 127.730138  50.365732 42.165
 29   126.546 53214.53315244 51.77 127.728698  50.368972 42.165
 29   126.609 53214.53315308 53.29 127.727258  50.372202 42.165
 29   126.641 53214.53315372 52.63 127.725818  50.375432 42.165
 29   126.794 53214.53315437 51.01 127.724378  50.378672 42.165
 29   126.726 53214.53315501 50.83 127.722938  50.381902 42.165
 30   125.847 53249.53312141 27.18 127.737866  50.365762 26.455
 30   125.604 53249.53312206 21.59 127.736436  50.368992 26.455
 30   125.357 53249.53312270 20.76 127.734996  50.372232 26.455
 30   125.462 53249.53312335 21.46 127.733546  50.375462 26.455
 30   125.751 53249.53312399 20.63 127.732106  50.378692 26.455
 30   125.977 53249.53312464 21.40 127.730676  50.381932 26.455
 30   126.310 53249.53312528 23.99 127.729230  50.385158 29.664
 31   125.470 53284.53311296 39.10 127.731001  50.342534 32.265
 31   125.468 53284.53311360 42.41 127.729561  50.345774 32.265
 31   125.675 53284.53311425 44.78 127.728121  50.349004 32.265
 31   125.651 53284.53311489 47.20 127.726681  50.352234 32.265
 31   125.855 53284.53311553 50.43 127.725241  50.355474 32.265
 31   125.810 53284.53311618 51.24 127.723801  50.358704 32.265
 31   125.891 53284.53311682 53.94 127.722361  50.361934 32.265
 31   126.082 53284.53311747 47.45 127.720921  50.365174 32.265
 32   124.904 53319.53310483 43.97 127.737772  50.362037 27.779
 32   124.819 53319.53310547 49.21 127.736332  50.365267 27.779
 32   124.853 53319.53310612 46.79 127.734892  50.368497 27.779
 32   124.893 53319.53310676 45.36 127.733452  50.371737 27.779
 32   124.764 53319.53310741 49.42 127.732012  50.374967 27.779
 32   124.810 53319.53310805 39.77 127.730572  50.378197 27.779
 32   124.753 53319.53310869 36.63 127.729132  50.381437 27.779
 32   125.064 53319.53310934 40.16 127.727692  50.384667 27.779
 33   125.406 53354.53307447 21.56 127.739329  50.374439  6.883
 33   125.732 53354.53307511 21.24 127.737889  50.377669  6.883
 33   125.707 53354.53307576 20.87 127.736449  50.380909  6.883
 33   125.801 53354.53307640 21.35 127.735009  50.384139  6.883
 33   125.882 53354.53307705 21.34 127.733569  50.387369  6.883
 33   125.912 53354.53307769 19.94 127.732129  50.390609  6.883
 34   125.334 53389.53307340 16.03 127.732855  50.346035  5.491
 34   125.392 53389.53307404 15.85 127.731415  50.349275  5.491
 34   125.396 53389.53307469 16.58 127.729975  50.352505  5.491
 34   125.517 53389.53307533 17.06 127.728535  50.355735  5.491
 34   125.343 53389.53307597 17.68 127.727095  50.358975  5.491
 34   125.369 53389.53307662 17.37 127.725655  50.362205  5.491
 34   125.374 53389.53307726 17.67 127.724215  50.365435  5.491
 35   125.557 53424.53307613 17.59 127.737991  50.369779  6.019
 35   125.533 53424.53307677 18.68 127.736551  50.373019  6.019
 35   125.809 53424.53307742 17.48 127.735111  50.376249  6.019
 35   125.958 53424.53307806 20.32 127.733671  50.379479  6.019
 35   126.089 53424.53307871 20.66 127.732231  50.382719  6.019
 35   126.180 53424.53307935 22.27 127.730786  50.385943  6.437
 36   125.583 53459.53307913 22.68 127.734700  50.358215 15.341
 36   125.519 53459.53307977 22.72 127.733260  50.361455 15.341
 36   125.494 53459.53308042 21.33 127.731820  50.364685 15.341
 36   125.502 53459.53308106 21.29 127.730380  50.367915 15.341
 36   125.706 53459.53308171 23.52 127.728940  50.371155 15.341
 36   125.668 53459.53308235 26.67 127.727490  50.374385 15.341
 36   125.757 53459.53308300 26.91 127.726050  50.377615 15.341
 36   126.013 53459.53308364 27.38 127.724610  50.380855 15.341
 37   125.956 53494.53316216 53.72 127.731739  50.344998 39.753
 37   125.919 53494.53316281 53.15 127.730299  50.348238 39.753
 37   125.931 53494.53316345 50.91 127.728859  50.351468 39.753
 37   126.081 53494.53316409 52.51 127.727419  50.354698 39.753
 37   126.128 53494.53316474 50.75 127.725979  50.357938 39.753
 37   126.248 53494.53316538 50.77 127.724539  50.361168 39.753
 37   126.276 53494.53316603 50.99 127.723099  50.364398 39.753
 38   126.542 53529.53314167 35.20 127.738033  50.368173 30.067
 38   126.512 53529.53314232 39.76 127.736593  50.371403 30.067
 38   126.692 53529.53314296 32.73 127.735153  50.374643 30.067
 38   126.513 53529.53314360 31.00 127.733713  50.377873 30.067
 38   126.631 53529.53314425 35.95 127.732273  50.381103 30.067
 38   126.754 53529.53314489 44.38 127.730833  50.384343 30.067
 39   125.642 53564.53317014 25.09 127.732954  50.356576 32.016
 39   125.321 53564.53317078 25.57 127.731514  50.359806 32.016
 39   125.690 53564.53317143 27.30 127.730074  50.363046 32.016
 39   125.877 53564.53317207 32.88 127.728634  50.366276 32.016
 39   125.852 53564.53317272 31.28 127.727194  50.369506 32.016
 39   126.046 53564.53317336 34.75 127.725754  50.372746 32.016
 39   126.146 53564.53317465 36.88 127.722874  50.379206 32.016
 40   125.221 53599.53311414 51.52 127.738142  50.369444 30.182
 40   125.312 53599.53311478 50.60 127.736702  50.372684 30.182
 40   125.324 53599.53311543 50.63 127.735262  50.375914 30.182
 40   125.218 53599.53311607 51.91 127.733822  50.379144 30.182
 40   125.378 53599.53311672 50.30 127.732382  50.382384 30.182
 40   125.537 53599.53311736 46.64 127.730943  50.385610 36.137
 41   125.474 53634.53310583 52.51 127.731824  50.343016 37.810
 41   125.448 53634.53310648 52.83 127.730384  50.346246 37.810
 41   125.542 53634.53310712 50.60 127.728944  50.349486 37.810
 41   125.604 53634.53310776 49.81 127.727504  50.352716 37.810
 41   125.642 53634.53310841 52.23 127.726064  50.355946 37.810
 41   125.708 53634.53310905 51.36 127.724624  50.359186 37.810
 41   125.733 53634.53310970 51.52 127.723184  50.362416 37.810
 41   125.802 53634.53311034 52.38 127.721744  50.365646 37.810
 42   124.220 53669.53312772 41.20 127.734847  50.345689 27.471
 42   124.164 53669.53312836 39.62 127.733407  50.348919 27.471
 42   124.440 53669.53312901 40.73 127.731967  50.352159 27.471
 42   124.546 53669.53312965 47.44 127.730527  50.355389 27.471
 42   124.541 53669.53313030 44.63 127.729087  50.358619 27.471
 42   124.678 53669.53313094 47.25 127.727647  50.361859 27.471
 42   124.861 53669.53313158 48.30 127.726207  50.365089 27.471
 42   124.829 53669.53313223 49.11 127.724767  50.368319 27.471
 43   125.350 53704.53307111 28.54 127.737857  50.374807 16.136
 43   125.463 53704.53307175 27.61 127.736417  50.378037 16.136
 43   125.754 53704.53307240 31.93 127.734977  50.381277 16.136
 43   125.796 53704.53307304 35.06 127.733537  50.384507 16.136
 43   125.873 53704.53307369 34.37 127.732097  50.387737 16.136
 44   125.678 53739.53298275 19.95 127.740541  50.384645  5.508
 44   125.788 53739.53298339 19.59 127.739101  50.387885  5.508
 44   125.944 53739.53298404 19.58 127.737662  50.391112 15.110
 44   125.922 53739.53298468 21.36 127.736222  50.394352 15.110
 44   125.978 53739.53298533 22.05 127.734782  50.397582 15.110
 45   125.378 53774.53299707 15.38 127.738936  50.358321  5.995
 45   125.382 53774.53299772 15.28 127.737496  50.361551  5.995
 45   125.526 53774.53299836 15.59 127.736056  50.364791  5.995
 45   125.704 53774.53299901 15.07 127.734616  50.368021  5.995
 45   125.638 53774.53299965 15.61 127.733176  50.371251  5.995
 45   125.545 53774.53300029 17.22 127.731736  50.374491  5.995
 45   125.760 53774.53300094 15.99 127.730296  50.377721  5.995
 45   125.873 53774.53300158 16.76 127.728856  50.380951  5.995
 45   125.897 53774.53300223 16.98 127.727406  50.384191  5.995
 46   125.499 53809.53298396 15.98 127.738843  50.375451  8.691
 46   125.604 53809.53298460 16.37 127.737403  50.378691  8.691
 46   125.824 53809.53298525 18.83 127.735963  50.381921  8.691
 46   126.009 53809.53298589 19.54 127.734523  50.385151  8.691
 46   126.044 53809.53298654 23.27 127.733083  50.388391  8.691
 47   125.671 53844.53302003 43.87 127.733769  50.345658 47.817
 47   125.623 53844.53302068 51.75 127.732329  50.348898 47.817
 47   125.838 53844.53302132 38.35 127.730889  50.352128 47.817
 47   125.897 53844.53302197 47.33 127.729449  50.355358 47.817
 47   125.846 53844.53302261 43.30 127.728009  50.358598 47.817
 47   125.916 53844.53302325 33.79 127.726569  50.361828 47.817
 47   125.917 53844.53302390 32.23 127.725129  50.365058 47.817
 47   126.079 53844.53302454 40.55 127.723689  50.368298 47.817
 48   125.760 53879.53305123 25.98 127.737139  50.356084 25.100
 48   125.730 53879.53305187 27.59 127.735699  50.359314 25.100
 48   125.596 53879.53305252 24.42 127.734259  50.362554 25.100
 48   125.697 53879.53305316 21.76 127.732819  50.365784 25.100
 48   125.810 53879.53305380 21.99 127.731379  50.369014 25.100
 48   125.996 53879.53305445 25.35 127.729939  50.372254 25.100
 48   126.040 53879.53305509 24.95 127.728499  50.375484 25.100
 48   126.059 53879.53305574 24.83 127.727059  50.378714 25.100
 48   126.145 53879.53305638 28.36 127.725619  50.381954 25.100
 49   125.380 53914.53310550 56.08 127.733135  50.346235 46.203
 49   125.568 53914.53310614 51.11 127.731695  50.349475 46.203
 49   125.591 53914.53310678 49.23 127.730255  50.352705 46.203
 49   125.613 53914.53310743 52.47 127.728815  50.355935 46.203
 49   125.613 53914.53310807 53.72 127.727375  50.359175 46.203
 49   125.767 53914.53310872 53.53 127.725935  50.362405 46.203
 49   125.675 53914.53310936 50.28 127.724495  50.365635 46.203
 50   125.318 53949.53311610 52.62 127.733658  50.346377 43.149
 50   125.371 53949.53311674 47.02 127.732218  50.349607 43.149
 50   125.569 53949.53311739 52.69 127.730778  50.352847 43.149
 50   125.541 53949.53311803 54.75 127.729338  50.356077 43.149
 50   125.534 53949.53311868 54.87 127.727898  50.359307 43.149
 50   125.630 53949.53311932 52.70 127.726458  50.362547 43.149
 50   125.697 53949.53311996 50.08 127.725018  50.365777 43.149
 51   126.704 53984.53305749 31.10 127.738370  50.363657 32.021
 51   126.843 53984.53305814 27.84 127.736930  50.366887 32.021
 51   126.494 53984.53305878 23.20 127.735490  50.370127 32.021
 51   126.415 53984.53305943 23.34 127.734050  50.373357 32.021
 51   126.214 53984.53306007 24.67 127.732610  50.376587 32.021
 51   126.715 53984.53306072 22.43 127.731170  50.379827 32.021
 51   126.807 53984.53306136 23.78 127.729730  50.383057 32.021
 52   125.756 54019.53308979 51.67 127.736011  50.348331 44.804
 52   125.948 54019.53309108 49.81 127.733131  50.354801 44.804
 52   125.958 54019.53309172 53.29 127.731691  50.358031 44.804
 52   125.980 54019.53309237 49.18 127.730251  50.361271 44.804
 52   126.155 54019.53309301 50.24 127.728811  50.364501 44.804
 52   126.033 54019.53309366 51.64 127.727371  50.367731 44.804
 52   126.128 54019.53309430 51.73 127.725931  50.370971 44.804
 53   124.817 54054.53308477 45.80 127.737539  50.371977 25.341
 53   124.738 54054.53308541 43.83 127.736099  50.375217 25.341
 53   124.846 54054.53308605 49.25 127.734659  50.378447 25.341
 53   124.985 54054.53308670 44.08 127.733219  50.381677 25.341
 53   124.786 54054.53308734 35.98 127.731779  50.384917 25.341
 54   125.767 54089.53307388 24.83 127.737647  50.367287 12.190
 54   125.900 54089.53307453 24.82 127.736207  50.370527 12.190
 54   126.044 54089.53307517 26.06 127.734767  50.373757 12.190
 54   126.151 54089.53307582 27.25 127.733327  50.376987 12.190
 54   126.342 54089.53307646 27.74 127.731887  50.380227 12.190
 54   126.417 54089.53307710 28.10 127.730447  50.383457 12.190
 55   125.550 54124.53299535 17.88 127.734281  50.347691  6.995
 55   125.482 54124.53299599 19.48 127.732841  50.350921  6.995
 55   125.409 54124.53299664 21.27 127.731401  50.354151  6.995
 55   125.545 54124.53299728 20.50 127.729961  50.357391  6.995
 55   125.591 54124.53299793 20.15 127.728521  50.360621  6.995
 55   125.647 54124.53299857 20.65 127.727081  50.363851  6.995
 55   125.527 54124.53299922 20.61 127.725641  50.367091  6.995
 56   125.523 54159.53303843 13.57 127.735232  50.358505  4.781
 56   125.574 54159.53303907 13.83 127.733792  50.361735  4.781
 56   125.575 54159.53303972 14.57 127.732352  50.364975  4.781
 56   125.677 54159.53304036 14.38 127.730912  50.368205  4.781
 56   125.739 54159.53304101 14.38 127.729472  50.371435  4.781
 56   125.834 54159.53304165 15.44 127.728032  50.374675  4.781
 56   126.030 54159.53304230 14.66 127.726592  50.377905  4.781
 56   126.093 54159.53304294 14.25 127.725152  50.381135  4.781
 57   125.504 54194.53299721 28.00 127.735332  50.346160 24.904
 57   125.245 54194.53299785 30.12 127.733892  50.349400 24.904
 57   125.197 54194.53299850 34.07 127.732452  50.352630 24.904
 57   125.120 54194.53299914 36.02 127.731012  50.355860 24.904
 57   125.348 54194.53299979 32.80 127.729572  50.359100 24.904
 57   125.381 54194.53300043 36.68 127.728132  50.362330 24.904
 57   125.419 54194.53300108 29.12 127.726692  50.365560 24.904
 57   125.529 54194.53300172 25.68 127.725252  50.368800 24.904
 58   125.103 54229.53305035 53.03 127.735872  50.355313 30.546
 58   125.189 54229.53305100 51.84 127.734432  50.358543 30.546
 58   125.309 54229.53305164 52.22 127.732992  50.361783 30.546
 58   125.347 54229.53305228 51.25 127.731552  50.365013 30.546
 58   125.227 54229.53305293 53.86 127.730112  50.368243 30.546
 58   125.327 54229.53305357 54.38 127.728672  50.371483 30.546
 58   125.457 54229.53305422 52.48 127.727232  50.374708 31.472
 58   125.555 54229.53305486 50.88 127.725792  50.377948 31.472
 58   125.511 54229.53305551 51.15 127.724352  50.381178 31.472
 59   125.626 54264.53306898 50.35 127.735383  50.357964 31.231
 59   125.618 54264.53306962 50.24 127.733943  50.361194 31.231
 59   125.766 54264.53307027 50.16 127.732503  50.364434 31.231
 59   125.679 54264.53307091 51.93 127.731063  50.367664 31.231
 59   125.762 54264.53307155 48.97 127.729623  50.370894 31.231
 59   125.766 54264.53307220 52.05 127.728183  50.374134 31.231
 59   125.767 54264.53307284 51.17 127.726739  50.377360 33.234
 59   125.894 54264.53307349 53.80 127.725299  50.380600 33.234
 59   126.048 54264.53307413 47.11 127.723859  50.383830 33.234
 60   126.315 54299.53307242 45.90 127.737605  50.357454 30.446
 60   126.287 54299.53307306 46.73 127.736165  50.360684 30.446
 60   126.469 54299.53307370 50.86 127.734725  50.363914 30.446
 60   126.575 54299.53307435 48.77 127.733285  50.367154 30.446
 60   126.446 54299.53307499 48.95 127.731845  50.370384 30.446
 60   126.541 54299.53307564 51.49 127.730405  50.373614 30.446
 60   126.484 54299.53307628 51.22 127.728965  50.376854 30.446
 60   126.618 54299.53307693 50.31 127.727522  50.380078 33.867
 60   126.704 54299.53307757 47.05 127.726082  50.383318 33.867
 61   126.423 54334.53306376 51.05 127.737540  50.364339 28.715
 61   126.606 54334.53306440 49.48 127.736100  50.367569 28.715
 61   126.670 54334.53306505 48.46 127.734660  50.370799 28.715
 61   126.645 54334.53306569 51.28 127.733220  50.374039 28.715
 61   126.637 54334.53306634 50.40 127.731777  50.377264 38.833
 61   126.651 54334.53306698 55.11 127.730337  50.380504 38.833
 61   126.788 54334.53306763 53.17 127.728897  50.383734 38.833
 63   124.728 54404.53300675 29.79 127.737186  50.359583 24.108
 63   124.769 54404.53300740 29.59 127.735746  50.362813 24.108
 63   124.736 54404.53300804 29.31 127.734306  50.366043 24.108
 63   124.602 54404.53300868 29.58 127.732866  50.369283 24.108
 63   124.824 54404.53300933 31.89 127.731426  50.372513 24.108
 63   124.988 54404.53300997 37.21 127.729986  50.375743 24.108
 63   125.175 54404.53301062 34.44 127.728546  50.378983 24.108
 63   125.282 54404.53301126 35.52 127.727105  50.382208 27.617
 64   125.486 54439.53296159 31.60 127.732489  50.345438 16.012
 64   125.569 54439.53296224 30.49 127.731049  50.348668 16.012
 64   125.489 54439.53296288 30.45 127.729609  50.351898 16.012
 64   125.654 54439.53296353 30.15 127.728169  50.355138 16.012
 64   125.707 54439.53296417 31.93 127.726729  50.358368 16.012
 64   125.671 54439.53296482 32.19 127.725289  50.361598 16.012
 64   125.646 54439.53296546 31.00 127.723849  50.364828 16.012
 65   125.511 54474.53299268 21.94 127.737135  50.355795  6.492
 65   125.507 54474.53299333 22.16 127.735695  50.359035  6.492
 65   125.710 54474.53299397 22.04 127.734255  50.362265  6.492
 65   125.615 54474.53299462 22.88 127.732815  50.365495  6.492
 65   125.716 54474.53299526 23.67 127.731375  50.368735  6.492
 65   125.735 54474.53299591 22.94 127.729935  50.371965  6.492
 65   125.798 54474.53299655 23.61 127.728495  50.375195  6.492
 65   125.917 54474.53299719 23.01 127.727055  50.378435  6.492
 65   125.901 54474.53299784 22.72 127.725615  50.381665  6.492
 66   125.365 54509.53297512 19.89 127.734056  50.348659  6.864
 66   125.478 54509.53297576 20.61 127.732616  50.351899  6.864
 66   125.468 54509.53297641 21.93 127.731176  50.355129  6.864
 66   125.568 54509.53297705 23.05 127.729736  50.358359  6.864
 66   125.680 54509.53297770 21.74 127.728296  50.361599  6.864
 66   125.635 54509.53297834 22.20 127.726856  50.364829  6.864
 66   125.716 54509.53297898 22.59 127.725416  50.368059  6.864
 67   125.677 54544.53300738 21.34 127.738184  50.357696 15.859
 67   125.615 54544.53300803 21.20 127.736744  50.360936 15.859
 67   125.722 54544.53300867 21.19 127.735304  50.364166 15.859
 67   125.879 54544.53300932 21.99 127.733864  50.367396 15.859
 67   126.107 54544.53300996 23.04 127.732424  50.370636 15.859
 67   125.996 54544.53301061 25.47 127.730984  50.373866 15.859
 67   126.069 54544.53301125 24.70 127.729544  50.377096 15.859
 67   126.080 54544.53301189 23.95 127.728104  50.380336 15.859
 67   126.186 54544.53301254 23.49 127.726664  50.383566 15.859
 68   125.058 54579.53297565 30.21 127.735367  50.357425 35.642
 68   125.162 54579.53297630 27.83 127.733927  50.360655 35.642
 68   125.104 54579.53297694 24.20 127.732487  50.363895 35.642
 68   125.068 54579.53297759 23.63 127.731047  50.367125 35.642
 68   125.163 54579.53297823 27.37 127.729607  50.370355 35.642
 68   125.356 54579.53297887 34.02 127.728167  50.373595 35.642
 68   125.453 54579.53297952 40.93 127.726727  50.376825 35.642
 68   125.631 54579.53298016 41.64 127.725287  50.380055 35.642
 68   125.782 54579.53298081 38.59 127.723847  50.383295 35.642
 69   125.240 54614.53299727 40.04 127.738264  50.357110 32.981
 69   125.157 54614.53299792 36.01 127.736824  50.360350 32.981
 69   125.173 54614.53299856 31.02 127.735384  50.363580 32.981
 69   125.158 54614.53299921 26.57 127.733944  50.366810 32.981
 69   125.259 54614.53299985 29.18 127.732504  50.370050 32.981
 69   125.321 54614.53300050 29.75 127.731064  50.373280 32.981
 69   125.495 54614.53300114 30.95 127.729624  50.376510 32.981
 69   125.533 54614.53300179 31.10 127.728184  50.379750 32.981
 69   125.624 54614.53300243 31.72 127.726744  50.382980 32.981
 70   124.196 54649.53300704 30.08 127.734646  50.354683 23.411
 70   124.261 54649.53300769 30.20 127.733206  50.357913 23.411
 70   124.393 54649.53300833 25.03 127.731766  50.361153 23.411
 70   124.384 54649.53300897 29.75 127.730326  50.364383 23.411
 70   124.320 54649.53300962 25.66 127.728886  50.367613 23.411
 70   124.638 54649.53301026 23.99 127.727446  50.370853 23.411
 70   124.658 54649.53301091 28.84 127.726005  50.374078 33.941
 70   124.821 54649.53301155 32.73 127.724565  50.377318 33.941
 70   125.045 54649.53301220 29.36 127.723125  50.380548 33.941
 71   126.082 54684.53300416 46.90 127.738533  50.359705 37.373
 71   126.286 54684.53300481 46.88 127.737093  50.362945 37.373
 71   126.234 54684.53300545 47.12 127.735653  50.366175 37.373
 71   126.441 54684.53300610 45.13 127.734213  50.369405 37.373
 71   126.344 54684.53300674 43.73 127.732773  50.372645 37.373
 71   126.500 54684.53300739 42.49 127.731333  50.375875 37.373
 71   126.416 54684.53300803 48.28 127.729893  50.379105 37.373
 71   126.551 54684.53300868 51.37 127.728453  50.382345 37.373
 72   125.083 54719.53295021 30.25 127.734609  50.348015 32.155
 72   125.123 54719.53295086 27.66 127.733169  50.351245 32.155
 72   125.366 54719.53295150 31.36 127.731729  50.354485 32.155
 72   125.468 54719.53295214 34.26 127.730289  50.357715 32.155
 72   125.152 54719.53295279 25.79 127.728849  50.360945 32.155
 72   124.918 54719.53295343 24.50 127.727409  50.364185 32.155
 72   125.542 54719.53295408 27.71 127.725969  50.367415 32.155
 73   125.270 54754.53297713 55.12 127.735749  50.356150 39.399
 73   125.266 54754.53297777 49.37 127.734309  50.359390 39.399
 73   125.244 54754.53297842 50.05 127.732869  50.362620 39.399
 73   125.423 54754.53297906 46.61 127.731429  50.365850 39.399
 73   125.360 54754.53297971 50.70 127.729989  50.369090 39.399
 73   125.502 54754.53298035 51.92 127.728549  50.372320 39.399
 73   125.597 54754.53298099 53.69 127.727109  50.375550 39.399
 73   125.623 54754.53298164 50.88 127.725669  50.378790 39.399
 73   125.790 54754.53298228 47.95 127.724229  50.382020 39.399
 74   124.161 54789.53294335 36.37 127.733039  50.347370 23.278
 74   124.303 54789.53294400 40.00 127.731599  50.350610 23.278
 74   124.318 54789.53294464 43.86 127.730159  50.353840 23.278
 74   124.415 54789.53294529 40.48 127.728719  50.357070 23.278
 74   124.527 54789.53294593 43.95 127.727279  50.360300 23.278
 74   124.624 54789.53294658 42.79 127.725839  50.363540 23.278
 74   124.739 54789.53294722 45.24 127.724399  50.366770 23.278
 75   125.918 54824.53297294 23.25 127.734679  50.356313 10.258
 75   126.000 54824.53297359 22.57 127.733239  50.359543 10.258
 75   125.999 54824.53297423 22.12 127.731799  50.362773 10.258
 75   126.061 54824.53297487 22.47 127.730359  50.366013 10.258
 75   125.957 54824.53297552 22.82 127.728919  50.369243 10.258
 75   126.077 54824.53297616 24.03 127.727479  50.372473 10.258
 75   126.065 54824.53297681 23.78 127.726039  50.375713 10.258
 75   126.285 54824.53297745 24.11 127.724599  50.378943 10.258
 75   126.233 54824.53297810 25.72 127.723159  50.382173 10.258
 76   125.565 54859.53293678 13.74 127.734615  50.348642  3.370
 76   125.491 54859.53293743 14.89 127.733175  50.351868  5.436
 76   125.527 54859.53293807 15.40 127.731735  50.355108  5.436
 76   125.811 54859.53293871 14.94 127.730295  50.358338  5.436
 76   125.823 54859.53293936 14.71 127.728855  50.361568  5.436
 76   125.837 54859.53294000 14.46 127.727415  50.364808  5.436
 76   125.721 54859.53294065 15.22 127.725975  50.368038  5.436
 77   125.724 54894.53297481 12.93 127.736485  50.359231  4.771
 77   125.834 54894.53297545 12.46 127.735045  50.362461  4.771
 77   125.718 54894.53297610 12.75 127.733605  50.365691  4.771
 77   125.773 54894.53297674 12.24 127.732165  50.368931  4.771
 77   125.785 54894.53297739 13.98 127.730725  50.372161  4.771
 77   125.992 54894.53297803 12.63 127.729285  50.375391  4.771
 77   126.250 54894.53297868 13.40 127.727845  50.378631  4.771
 77   126.232 54894.53297932 14.10 127.726405  50.381861  4.771
 78   125.326 54929.53293558 32.34 127.734433  50.345464 26.604
 78   125.229 54929.53293622 35.44 127.732993  50.348694 26.604
 78   125.195 54929.53293687 34.77 127.731553  50.351924 26.604
 78   125.251 54929.53293751 34.00 127.730113  50.355164 26.604
 78   125.197 54929.53293816 29.73 127.728673  50.358394 26.604
 78   125.298 54929.53293880 27.40 127.727233  50.361624 26.604
 78   125.457 54929.53293945 26.46 127.725793  50.364864 26.604
 78   126.076 54929.53294009 28.49 127.724353  50.368094 26.604
 79   126.840 54964.53297491 53.37 127.735380  50.357093 43.455
 79   126.680 54964.53297555 53.65 127.733940  50.360323 43.455
 79   126.814 54964.53297620 50.70 127.732500  50.363563 43.455
 79   126.945 54964.53297684 51.57 127.731060  50.366793 43.455
 79   126.825 54964.53297749 51.30 127.729620  50.370023 43.455
 79   126.936 54964.53297813 49.91 127.728180  50.373263 43.455
 79   127.070 54964.53297877 51.65 127.726740  50.376493 43.455
 79   126.949 54964.53297942 52.84 127.725300  50.379723 43.455
 79   126.988 54964.53298006 51.76 127.723860  50.382963 43.455
 80   125.888 54999.53299468 23.96 127.735062  50.354997 26.136
 80   125.833 54999.53299532 24.05 127.733622  50.358237 26.136
 80   125.777 54999.53299597 21.44 127.732182  50.361467 26.136
 80   125.915 54999.53299661 21.99 127.730742  50.364697 26.136
 80   126.311 54999.53299726 23.49 127.729302  50.367937 26.136
 80   126.395 54999.53299790 27.10 127.727862  50.371167 26.136
 80   126.454 54999.53299855 29.17 127.726422  50.374397 26.136
 80   126.371 54999.53299919 32.41 127.724982  50.377637 26.136
 80   126.482 54999.53299984 45.78 127.723542  50.380867 26.136
 81   125.502 55034.53298139 55.97 127.735678  50.356262 39.266
 81   125.523 55034.53298204 51.30 127.734238  50.359492 39.266
 81   125.572 55034.53298268 51.94 127.732798  50.362732 39.266
 81   125.656 55034.53298333 50.89 127.731358  50.365962 39.266
 81   125.727 55034.53298397 52.99 127.729918  50.369192 39.266
 81   125.782 55034.53298462 50.37 127.728478  50.372432 39.266
 81   125.686 55034.53298526 54.64 127.727038  50.375662 39.266
 81   125.812 55034.53298590 53.45 127.725598  50.378892 39.266
 81   125.978 55034.53298655 51.05 127.724158  50.382132 39.266
 82   125.891 55069.53297246 29.86 127.738140  50.363887 33.157
 82   125.940 55069.53297310 26.31 127.736700  50.367117 33.157
 82   125.835 55069.53297375 21.74 127.735260  50.370347 33.157
 82   125.711 55069.53297439 22.16 127.733820  50.373587 33.157
 82   125.769 55069.53297504 21.66 127.732380  50.376817 33.157
 82   125.979 55069.53297568 22.81 127.730940  50.380047 33.157
 82   126.388 55069.53297632 26.04 127.729500  50.383287 33.157
 83   126.583 55104.53290978 25.50 127.733462  50.346260 21.421
 83   126.108 55104.53291042 23.49 127.732022  50.349490 21.421
 83   126.006 55104.53291107 20.58 127.730582  50.352720 21.421
 83   125.839 55104.53291171 20.97 127.729142  50.355960 21.421
 83   125.802 55104.53291236 19.06 127.727702  50.359190 21.421
 83   126.114 55104.53291300 17.96 127.726262  50.362420 21.421
 83   126.696 55104.53291365 18.15 127.724822  50.365660 21.421
 84   125.218 55139.53291784 43.59 127.737387  50.356381 31.492
 84   125.043 55139.53291849 43.06 127.735947  50.359611 31.492
 84   125.158 55139.53291913 43.27 127.734507  50.362851 31.492
 84   125.249 55139.53291978 40.83 127.733067  50.366081 31.492
 84   125.356 55139.53292042 45.39 127.731627  50.369311 31.492
 84   125.277 55139.53292107 45.63 127.730187  50.372551 31.492
 84   125.457 55139.53292171 49.20 127.728747  50.375781 31.492
 84   125.333 55139.53292235 40.99 127.727307  50.379011 31.492
 84   125.497 55139.53292300 46.33 127.725867  50.382241 31.492
 85   125.988 55174.53287716 24.26 127.734663  50.346852 12.553
 85   126.107 55174.53287781 29.73 127.733223  50.350092 12.553
 85   126.049 55174.53287845 26.82 127.731783  50.353322 12.553
 85   126.064 55174.53287910 26.25 127.730343  50.356552 12.553
 85   126.141 55174.53287974 26.15 127.728903  50.359792 12.553
 85   126.082 55174.53288039 24.42 127.727463  50.363022 12.553
 85   125.995 55174.53288103 23.58 127.726023  50.366252 12.553
 85   126.190 55174.53288167 24.32 127.724583  50.369492 12.553
 86   125.867 55209.53291372 15.69 127.735427  50.356157  6.167
 86   125.920 55209.53291436 15.49 127.733987  50.359397  6.167
 86   125.939 55209.53291501 15.70 127.732547  50.362627  6.167
 86   125.924 55209.53291565 15.49 127.731107  50.365857  6.167
 86   125.874 55209.53291629 16.55 127.729667  50.369097  6.167
 86   125.977 55209.53291694 17.39 127.728227  50.372327  6.167
 86   126.063 55209.53291758 17.24 127.726787  50.375557  6.167
 86   126.222 55209.53291823 17.00 127.725347  50.378797  6.167
 86   126.330 55209.53291887 17.45 127.723907  50.382027  6.167
 87   125.696 55244.53288354 10.66 127.734582  50.348345  3.408
 87   125.646 55244.53288419 11.64 127.733142  50.351575  3.408
 87   125.580 55244.53288483 11.61 127.731702  50.354805  3.408
 87   125.701 55244.53288548 11.45 127.730262  50.358045  3.408
 87   125.619 55244.53288612 11.49 127.728822  50.361275  3.408
 87   125.803 55244.53288677 11.11 127.727382  50.364505  3.408
 87   125.897 55244.53288741 11.51 127.725942  50.367735  3.408
 88   126.121 55279.53290787  8.23 127.737747  50.358819  5.706
 88   125.686 55279.53290851  9.50 127.736307  50.362049  5.706
 88   125.822 55279.53290916 10.55 127.734867  50.365279  5.706
 88   125.912 55279.53290980 11.49 127.733427  50.368519  5.706
 88   126.035 55279.53291045 12.06 127.731987  50.371749  5.706
 88   126.080 55279.53291109 12.85 127.730547  50.374979  5.706
 88   126.041 55279.53291174 14.03 127.729107  50.378219  5.706
 88   125.635 55279.53291238 17.75 127.727667  50.381449  5.706
 89   125.475 55314.53287270 38.25 127.734287  50.357913 29.682
 89   125.479 55314.53287335 36.79 127.732847  50.361143 29.682
 89   125.685 55314.53287399 40.09 127.731407  50.364383 29.682
 89   125.881 55314.53287464 46.33 127.729967  50.367613 29.682
 89   125.773 55314.53287528 49.77 127.728527  50.370843 29.682
 89   125.941 55314.53287593 46.87 127.727087  50.374083 29.682
 89   125.952 55314.53287657 40.65 127.725643  50.377309 31.421
 89   126.233 55314.53287722 40.26 127.724203  50.380549 31.421
 90   126.363 55349.53287879 49.27 127.739094  50.357477 39.251
 90   126.561 55349.53287944 51.86 127.737654  50.360707 39.251
 90   126.486 55349.53288008 52.80 127.736214  50.363937 39.251
 90   126.653 55349.53288073 51.59 127.734774  50.367177 39.251
 90   126.575 55349.53288137 50.50 127.733334  50.370407 39.251
 90   126.647 55349.53288202 53.29 127.731894  50.373637 39.251
 90   126.801 55349.53288266 53.45 127.730454  50.376877 39.251
 90   126.839 55349.53288331 52.83 127.729014  50.380107 39.251
 90   126.756 55349.53288395 51.21 127.727574  50.383337 39.251
 91   126.989 55384.53286967 50.88 127.734231  50.347730 31.733
 91   126.964 55384.53287032 50.70 127.732791  50.350970 31.733
 91   126.902 55384.53287096 51.37 127.731351  50.354200 31.733
 91   126.953 55384.53287161 51.50 127.729911  50.357430 31.733
 91   127.011 55384.53287225 52.57 127.728471  50.360670 31.733
 91   127.077 55384.53287290 52.23 127.727031  50.363900 31.733
 91   127.160 55384.53287354 49.23 127.725591  50.367130 31.733
 92   126.663 55419.53289757 50.26 127.735962  50.357402 40.410
 92   126.715 55419.53289821 50.66 127.734522  50.360642 40.410
 92   126.795 55419.53289886 50.29 127.733082  50.363872 40.410
 92   126.908 55419.53289950 50.02 127.731642  50.367102 40.410
 92   126.797 55419.53290015 51.65 127.730202  50.370342 40.410
 92   126.909 55419.53290079 49.42 127.728762  50.373572 40.410
 92   126.987 55419.53290144 52.16 127.727322  50.376802 40.410
 92   126.988 55419.53290208 49.75 127.725882  50.380042 40.410
 92   127.133 55419.53290273 49.27 127.724442  50.383272 40.410
 93   125.914 55454.53287724 27.59 127.737905  50.366326 27.946
 93   125.562 55454.53287789 24.12 127.736465  50.369556 27.946
 93   125.632 55454.53287853 22.63 127.735025  50.372786 27.946
 93   125.902 55454.53287918 22.66 127.733585  50.376026 27.946
 93   125.986 55454.53287982 23.12 127.732145  50.379256 27.946
 93   126.117 55454.53288046 25.37 127.730705  50.382486 27.946
 93   126.186 55454.53288111 28.18 127.729265  50.385726 27.946
 94   125.545 55489.53279790 49.75 127.739800  50.374162 34.592
 94   125.494 55489.53279854 50.16 127.738360  50.377392 34.592
 94   125.550 55489.53279919 54.24 127.736920  50.380622 34.592
 94   125.696 55489.53279983 47.71 127.735480  50.383862 34.592
 94   125.811 55489.53280047 49.81 127.734040  50.387092 34.592
 94   125.827 55489.53280112 50.10 127.732600  50.390322 34.592
