# NaN NaN NaN ;Mean Elev.(m), Avg Gradient(m/km), RMS Gradient(m/km) - SRTM1     
#   36.423   0.497   3.186 ;Mean Elev.(m), Avg Gradient(m/km), RMS Gradient(m/km) - ASTER GDEM
#   35.884  -0.293   1.713 ;Mean Elev.(m), Avg Gradient(m/km), RMS Gradient(m/km) - GMTED2010 
  8    39.364 52488.07151466 17.51 133.927659  48.276233 14.516
  8    39.487 52488.07151530 18.10 133.926319  48.272993 14.516
  9    39.095 52523.07148754 28.15 133.922548  48.277643 24.243
  9    38.856 52523.07148819 23.73 133.921208  48.274403 24.243
  9    38.938 52523.07148883 19.61 133.919868  48.271163 24.243
 10    38.776 52558.07153791 17.40 133.926825  48.277570  7.514
 10    38.369 52558.07153856 21.10 133.925485  48.274330  7.514
 11    36.793 52593.07153658 23.34 133.921790  48.278304 16.256
 11    36.815 52593.07153722 26.59 133.920450  48.275054 16.256
 11    36.753 52593.07153787 24.85 133.919100  48.271814 16.256
 13    36.099 52663.07149869 12.78 133.926337  48.278847  3.183
 13    36.454 52663.07149934 12.39 133.924997  48.275607  3.183
 13    36.478 52663.07149998 11.64 133.923657  48.272367  3.183
 15    36.858 52733.07149462 25.04 133.935154  48.276988  8.558
 15    37.677 52733.07149526 20.52 133.933814  48.273738  8.558
 16    36.621 52768.07150337 35.49 133.917511  48.277467 22.186
 16    36.464 52768.07150402 25.21 133.916171  48.274217 22.186
 16    36.415 52768.07150466 21.78 133.914831  48.270977 22.186
 20    41.653 52908.07160915 25.50 133.928354  48.275881 36.161
 20    41.648 52908.07160979 26.66 133.927014  48.272641 36.161
 23    38.373 53013.07159387 13.36 133.922955  48.278443  4.176
 23    38.518 53013.07159452 12.19 133.921615  48.275203  4.176
 23    38.509 53013.07159516 12.16 133.920275  48.271963  4.176
 24    38.549 53048.07156285  9.36 133.932843  48.277578  2.770
 24    38.921 53048.07156350  8.87 133.931503  48.274338  2.770
 25    41.385 53083.07159882  7.45 133.918315  48.276187  1.904
 25    41.182 53083.07159946  7.24 133.916975  48.272937  1.904
 26    38.638 53118.07156846 26.82 133.928575  48.277265 29.738
 26    38.820 53118.07156910 29.66 133.927235  48.274025 29.738
 27    43.171 53153.07161831 36.38 133.924793  48.278849 37.134
 27    42.716 53153.07161896 31.91 133.923453  48.275609 37.134
 27    42.871 53153.07161960 32.04 133.922103  48.272359 37.134
 29    39.707 53223.07162530 34.98 133.927974  48.278505 11.483
 29    39.716 53223.07162594 39.81 133.926634  48.275265 11.483
 29    39.764 53223.07162659 35.49 133.925294  48.272025 11.483
 30    39.218 53258.07160174 24.62 133.917265  48.275937 26.434
 30    39.228 53258.07160238 20.77 133.915925  48.272697 26.434
 31    38.634 53293.07162191 21.94 133.925153  48.276919 17.028
 31    38.614 53293.07162256 24.24 133.923803  48.273669 17.028
 32    36.996 53328.07159538 36.02 133.929586  48.278248 25.631
 32    37.112 53328.07159603 41.64 133.928246  48.275008 25.631
 35    38.170 53433.07156293 10.08 133.925670  48.276309  2.807
 35    38.130 53433.07156358  9.82 133.924330  48.273069  2.807
 37    39.585 53503.07164994 22.32 133.921842  48.276104 17.615
 37    40.986 53503.07165058 16.05 133.920502  48.272864 17.615
 38    41.989 53538.07164440 38.54 133.926626  48.277661 22.122
 38    42.026 53538.07164504 37.15 133.925286  48.274421 22.122
 39    40.723 53573.07164645 20.32 133.920990  48.276590 28.050
 39    40.603 53573.07164709 21.05 133.919650  48.273350 28.050
 40    40.127 53608.07159566 39.21 133.919823  48.276875 19.172
 40    39.929 53608.07159631 37.81 133.918483  48.273635 19.172
 42    37.154 53678.07161540 40.90 133.922433  48.278290 18.561
 42    37.412 53678.07161604 39.92 133.921093  48.275050 18.561
 42    37.360 53678.07161669 30.44 133.919753  48.271810 18.561
 43    37.092 53713.07154414 23.80 133.926080  48.277296 11.406
 43    37.265 53713.07154479 24.20 133.924740  48.274056 11.406
 45    37.773 53783.07148809 10.35 133.931001  48.277585  2.778
 45    37.951 53783.07148873 10.14 133.929661  48.274345  2.778
 46    38.321 53818.07145229  8.24 133.921773  48.276088  2.422
 46    38.099 53818.07145294  7.90 133.920433  48.272848  2.422
 47    38.713 53853.07152766 35.72 133.928037  48.277057 26.471
 47    39.054 53853.07152831 37.32 133.926697  48.273817 26.471
 48    38.440 53888.07153438 24.20 133.937127  48.277151 17.477
 48    38.684 53888.07153502 29.14 133.935787  48.273901 17.477
 50    41.894 53958.07159808 41.76 133.917097  48.275060 22.427
 50    41.742 53958.07159872 42.04 133.915747  48.271820 22.427
 52    38.487 54028.07158567 21.21 133.934781  48.276338 19.651
 52    38.597 54028.07158631 24.80 133.933441  48.273098 19.651
 54    38.023 54098.07154826 19.85 133.922655  48.278540  4.801
 54    38.219 54098.07154890 21.12 133.921305  48.275300  4.801
 54    38.238 54098.07154955 21.11 133.919965  48.272060  4.801
 56    38.323 54168.07152199  9.86 133.923555  48.278908  2.579
 56    38.518 54168.07152263  9.86 133.922215  48.275658  2.579
 56    38.006 54168.07152328  9.71 133.920875  48.272418  2.579
 58    38.783 54238.07154093 18.23 133.930431  48.277660 13.845
 58    38.938 54238.07154157 18.16 133.929091  48.274420 13.845
 59    38.586 54273.07155975 23.88 133.928240  48.276957 13.219
 59    38.838 54273.07156039 26.52 133.926900  48.273717 13.219
 60    39.820 54308.07156201 49.22 133.929147  48.276092 19.061
 60    39.864 54308.07156266 51.48 133.927807  48.272852 19.061
 61    40.619 54343.07154063 45.06 133.924698  48.277604 18.639
 61    40.642 54343.07154128 48.12 133.923358  48.274354 18.639
 61    40.730 54343.07154192 42.94 133.922018  48.271114 18.639
 62    38.686 54378.07149728 39.27 133.931245  48.276517 12.701
 62    38.807 54378.07149792 40.65 133.929905  48.273277 12.701
 63    36.979 54413.07148856 54.80 133.926176  48.276234 20.446
 63    37.033 54413.07148920 51.21 133.924829  48.272990 13.412
 65    36.969 54483.07148163 19.45 133.929906  48.276329  3.838
 65    37.084 54483.07148227 19.02 133.928566  48.273089  3.838
 67    37.448 54553.07149338 37.86 133.924576  48.278991 22.614
 67    37.347 54553.07149402 34.69 133.923236  48.275741 22.614
 67    37.400 54553.07149467 31.57 133.921886  48.272501 22.614
 68    37.055 54588.07147265 41.38 133.930073  48.276127 17.430
 68    37.228 54588.07147329 43.27 133.928733  48.272887 17.430
 69    37.719 54623.07149065 19.32 133.927387  48.277496 17.658
 69    37.839 54623.07149129 23.35 133.926047  48.274256 17.658
 70    37.172 54658.07149964 33.55 133.926912  48.278333 14.041
 70    37.197 54658.07150029 29.89 133.925562  48.275083 14.041
 70    37.304 54658.07150093 30.82 133.924222  48.271843 14.041
 71    38.861 54693.07148145 20.97 133.926537  48.278666 18.196
 71    38.964 54693.07148209 19.47 133.925197  48.275426 18.196
 71    39.038 54693.07148274 17.18 133.923857  48.272176 18.196
 72    38.790 54728.07145306 23.31 133.932957  48.277118 11.763
 72    39.072 54728.07145371 24.77 133.931617  48.273878 11.763
 73    38.344 54763.07145976 26.28 133.926922  48.276519 18.108
 73    38.587 54763.07146040 29.37 133.925572  48.273279 18.108
 74    37.609 54798.07144662 28.71 133.933184  48.276194 14.741
 74    37.293 54798.07144726 29.31 133.931844  48.272954 14.741
 75    38.201 54833.07144918 17.89 133.927477  48.278283  3.872
 75    38.360 54833.07144983 17.27 133.926137  48.275033  3.872
 75    38.313 54833.07145047 17.64 133.924787  48.271793  3.872
 76    37.738 54868.07144263 15.37 133.934440  48.276793  3.467
 76    37.831 54868.07144327 13.28 133.933100  48.273553  3.467
 77    38.275 54903.07145944  8.82 133.922294  48.278306  2.377
 77    38.317 54903.07146008  8.85 133.920944  48.275066  2.377
 77    38.123 54903.07146073  9.28 133.919604  48.271826  2.377
 79    39.249 54973.07146480 21.91 133.929594  48.277224  4.881
 79    39.236 54973.07146544 22.83 133.928254  48.273984  4.881
 80    40.309 55008.07148116 49.94 133.925022  48.276424 14.318
 80    40.425 55008.07148181 49.43 133.923682  48.273184 14.318
 82    42.424 55078.07144819 45.29 133.924991  48.278658 32.366
 82    42.305 55078.07144884 48.36 133.923651  48.275418 32.366
 82    42.268 55078.07144948 48.53 133.922311  48.272168 32.366
 83    41.578 55113.07140269 47.63 133.931223  48.276735 32.396
 83    41.567 55113.07140333 52.38 133.929883  48.273495 32.396
 84    38.475 55148.07140365 46.95 133.926280  48.277337 26.428
 84    38.450 55148.07140429 51.94 133.924940  48.274087 26.428
 86    38.485 55218.07140157 11.01 133.924485  48.275948  3.043
 86    38.431 55218.07140222 10.91 133.923145  48.272708  3.043
 87    38.004 55253.07137983 10.44 133.934113  48.277554  2.713
 87    38.225 55253.07138047  9.80 133.932773  48.274314  2.713
 88    38.601 55288.07139118  6.56 133.922721  48.278149 12.513
 88    38.266 55288.07139182 10.85 133.921381  48.274899 12.513
 88    38.732 55288.07139247  8.67 133.920031  48.271659 12.513
 89    39.754 55323.07136759 22.18 133.926700  48.278070 15.449
 89    41.091 55323.07136824 20.82 133.925350  48.274820 15.449
 89    41.789 55323.07136888 19.55 133.924010  48.271580 15.449
 90    40.865 55358.07136716 36.60 133.925911  48.276241 13.509
 90    40.833 55358.07136780 34.50 133.924561  48.273001 13.509
 91    39.449 55393.07136976 15.33 133.930610  48.276728 16.951
 91    39.746 55393.07137040 15.52 133.929260  48.273488 16.951
 92    41.871 55428.07138292 25.76 133.929172  48.276306 28.519
 92    42.327 55428.07138356 28.32 133.927822  48.273056 28.519
 93    40.032 55463.07134698 25.07 133.925118  48.277772 25.250
 93    40.085 55463.07134762 37.66 133.923778  48.274532 25.250
 93    40.508 55463.07134827 32.33 133.922438  48.271292 25.250
