# NaN NaN NaN ;Mean Elev.(m), Avg Gradient(m/km), RMS Gradient(m/km) - SRTM1     
#   25.049   1.454  18.675 ;Mean Elev.(m), Avg Gradient(m/km), RMS Gradient(m/km) - ASTER GDEM
#   33.166   0.795  17.347 ;Mean Elev.(m), Avg Gradient(m/km), RMS Gradient(m/km) - GMTED2010 
  8 134.336983  48.377453    37.866    37.866  2 52502.51666683 27.165
  9 134.325184  48.380472    73.258    73.258  2 52537.51665290  1.013
 10 134.331428  48.377733    66.515    66.515  2 52572.51669055  7.449
 11 134.340610  48.378382    34.752    34.811  3 52607.51664782 24.693
 12 134.329687  48.377569    35.372    35.368  3 52642.51664597 15.339
 13 134.341317  48.378107    35.082    35.054  3 52677.51663087 11.750
 14 134.328656  48.378473    36.878    36.835  3 52712.51666488  8.464
 15 134.329961  48.377995    62.461    62.461  2 52747.51669121 15.433
 16 134.324287  48.380718    34.362    34.362  2 52782.51663173 23.505
 17 134.325462  48.377510    36.040    35.899  3 52817.51670982 34.849
 18 134.332323  48.377795    38.292    38.292  2 52852.51675994 23.020
 20 134.340302  48.376581    76.145    75.827  3 52922.51674834  2.476
 21 134.335425  48.377947    36.221    36.222  3 52957.51671425 44.068
 22 134.337305  48.377133    36.369    36.337  3 52992.51673668 27.524
 23 134.346406  48.377716    36.120    36.148  4 53027.51670213 18.162
 24 134.340635  48.376275    35.762    35.744  3 53062.51671068 13.575
 25 134.335117  48.376938    37.039    37.039  2 53097.51673213 15.317
 26 134.340016  48.379550    78.946    78.946  2 53132.51670870  2.639
 28 134.333240  48.377916    37.745    37.745  2 53202.51678547 22.618
 29 134.345721  48.378448    37.438    37.390  4 53237.51675405 24.766
 31 134.326895  48.377438    36.658    36.755  3 53307.51677486 18.723
 32 134.338302  48.376609    34.416    34.410  3 53342.51674133 35.783
 33 134.329853  48.378829    35.837    35.837  2 53377.51667858 17.882
 34 134.339130  48.377729    35.632    35.632  2 53412.51671722 16.579
 36 134.324507  48.378278    64.896    64.896  2 53482.51678888  8.972
 37 134.337503  48.376882    70.585    70.319  3 53517.51678961  7.469
 38 134.329720  48.378064    38.075    38.075  2 53552.51681103 32.975
 39 134.342910  48.377378    38.425    38.383  4 53587.51676276 26.820
 41 134.329391  48.378147    74.305    74.305  2 53657.51675900  0.790
 42 134.337026  48.376600    35.005    35.005  2 53692.51674243 41.852
 43 134.346380  48.376834    36.403    36.399  4 53727.51666565 22.885
 44 134.337074  48.377938    35.742    35.739  3 53762.51662149 15.976
 45 134.344233  48.377688    35.735    35.753  4 53797.51663261 11.939
 48 134.333591  48.377220    75.631    75.631  2 53902.51672262  0.410
 49 134.323200  48.380453    38.316    38.264  3 53937.51676098 34.803
 50 134.336313  48.376330    69.716    69.716  2 53972.51672360  4.430
 52 134.336562  48.377910    35.986    36.090  3 54042.51673449 40.583
 53 134.339526  48.376338    35.861    35.907  3 54077.51672798 24.598
 54 134.343115  48.378424    36.170    36.164  4 54112.51666770 19.949
 55 134.332348  48.377006    35.543    35.543  2 54147.51667168 10.219
 56 134.342305  48.378460    36.121    36.192  3 54182.51665580  9.590
 57 134.330582  48.378362    81.286    81.286  2 54217.51668049  0.490
 58 134.333544  48.377915    74.183    74.146  3 54252.51670620  2.420
 59 134.338372  48.377973    36.953    36.723  3 54287.51671065 17.084
 60 134.336811  48.379246    82.678    82.678  2 54322.51670805  1.047
 61 134.343671  48.378101    37.194    37.104  3 54357.51666607 24.692
 62 134.335788  48.377652    77.856    77.418  3 54392.51664819  3.251
 63 134.340189  48.377176    33.751    33.751  2 54427.51661597 39.577
 64 134.333584  48.377358    35.512    35.463  3 54462.51662607 44.245
 66 134.335939  48.377866    35.548    35.548  2 54532.51663942 28.533
 67 134.342858  48.377979    37.623    37.589  4 54567.51662935 45.511
 68 134.334028  48.377752    74.823    74.823  2 54602.51663496  3.478
 69 134.335479  48.377429    36.111    36.111  2 54637.51664588 17.049
 70 134.336146  48.377241    36.867    36.844  3 54672.51664916 29.274
 71 134.342140  48.377202    36.116    36.098  3 54707.51660842 42.860
 72 134.333959  48.377501    37.206    37.181  3 54742.51661440 42.410
 73 134.340125  48.377545    35.779    35.754  3 54777.51658977 44.005
 74 134.331494  48.377610    35.934    35.934  2 54812.51660790 20.670
 75 134.339412  48.378066    35.953    35.964  3 54847.51659031 18.547
 76 134.332506  48.378228    35.703    35.703  2 54882.51661120 10.646
 77 134.339976  48.378664    36.060    36.013  3 54917.51659304  8.092
 79 134.331686  48.378404    83.075    83.075  2 54987.51662983  0.496
 80 134.339208  48.377306    77.424    77.424  2 55022.51662159  3.670
 81 134.338364  48.376571    80.731    80.731  2 55057.51661763  1.991
 82 134.341572  48.377299    78.673    84.148  3 55092.51657354  3.555
 83 134.335220  48.377188    73.115    73.912  3 55127.51655756  4.343
 84 134.338465  48.377590    36.256    36.196  3 55162.51653493 41.648
 85 134.332138  48.377015    36.823    36.823  2 55197.51654890 27.528
 86 134.339995  48.378427    36.251    36.239  3 55232.51653898 11.494
 87 134.335079  48.378072    36.276    36.276  2 55267.51654363 10.632
 88 134.343653  48.377406    75.817    77.782  3 55302.51651927  2.489
 89 134.336413  48.378090    86.093    86.313  3 55337.51651808  1.559
 90 134.338279  48.377951    37.927    37.668  3 55372.51650783 20.369
 91 134.335524  48.377403    90.231    92.877  3 55407.51652817  2.379
 92 134.338306  48.377771    75.498    75.498  2 55442.51652684  3.634
 93 134.344960  48.376956    36.636    36.647  4 55477.51646669 21.393
