# NaN NaN NaN ;Mean Elev.(m), Avg Gradient(m/km), RMS Gradient(m/km) - SRTM1     
#    2.368   1.662  17.053 ;Mean Elev.(m), Avg Gradient(m/km), RMS Gradient(m/km) - ASTER GDEM
#   13.228   2.141  16.127 ;Mean Elev.(m), Avg Gradient(m/km), RMS Gradient(m/km) - GMTED2010 
  9 136.919082  50.212337    16.617    16.593  9 52536.06512933 21.562
 11 136.898415  50.189562    14.408    14.395  4 52606.06513582 35.645
 12 136.911886  50.205229    14.030    14.015 11 52641.06512395 19.726
 13 136.900111  50.192445    14.185    14.276  5 52676.06511678 24.114
 14 136.911933  50.206003    13.679    13.655 11 52711.06513887 20.807
 15 136.886003  50.181251    18.284    18.506  3 52746.06517192 28.888
 16 136.915602  50.207703    14.295    14.300 10 52781.06510377 43.031
 17 136.912899  50.205096    15.348    15.093 11 52816.06518541 23.092
 18 136.915883  50.211020    68.080    66.034  6 52851.06523569  4.357
 19 136.897530  50.189727    18.647    18.657  4 52886.06527487 27.784
 20 136.895918  50.188267    18.236    18.244  4 52921.06523089 22.454
 21 136.925674  50.218243    15.198    15.197  7 52956.06518901 49.410
 22 136.919462  50.212974    15.426    15.409  9 52991.06520661 19.889
 23 136.913287  50.206641    15.277    15.268 11 53026.06517410 15.662
 24 136.923234  50.217255    14.740    14.814  7 53061.06518192 16.153
 25 136.885853  50.181336    16.498    16.498  2 53096.06521901 10.122
 26 136.925821  50.219102    18.322    18.466  6 53131.06518328 22.917
 28 136.907940  50.203340    16.742    16.777 11 53201.06526173 33.930
 29 136.912113  50.204895    18.038    18.032 11 53236.06523086 24.816
 30 136.925147  50.218303    16.160    15.949  7 53271.06518800 32.533
 31 136.900123  50.192754    15.486    15.510  5 53306.06525707 47.398
 32 136.897744  50.189961    14.755    14.750  4 53341.06522548 36.831
 33 136.897497  50.190066    15.262    15.255  4 53376.06515527 14.822
 34 136.913015  50.205517    14.631    14.734 12 53411.06519697 13.637
 35 136.892199  50.187054    14.928    14.940  4 53446.06518311 15.458
 36 136.900222  50.192990    44.635    44.635  2 53481.06526628  7.348
 37 136.907274  50.203759    43.944    43.411  7 53516.06526806  4.481
 38 136.892797  50.186771    18.285    18.284  4 53551.06529180 36.670
 39 136.907074  50.203075    18.028    17.960 10 53586.06524581 23.660
 40 136.911307  50.205947    16.617    16.660 11 53621.06520597 22.181
 41 136.909940  50.203217    16.184    16.282 11 53656.06523512 19.289
 42 136.897296  50.189854    14.814    14.791  4 53691.06522755 27.478
 43 136.895027  50.188381    15.182    15.150  4 53726.06515173 13.318
 44 136.929056  50.220911    14.810    14.867  7 53761.06509374 12.093
 45 136.906412  50.202615    21.724    22.934 11 53796.06511290  9.200
 47 136.909213  50.203797    18.882    18.710 11 53866.06516964 22.279
 49 136.889791  50.185427    18.108    18.102  4 53936.06524203 31.221
 50 136.892534  50.187532    19.374    19.381  5 53971.06520872 31.389
 52 136.920450  50.214641    16.234    16.427  7 54041.06521146 26.020
 53 136.901491  50.194301    15.025    14.982  7 54076.06521025 34.594
 54 136.889887  50.185773    15.279    15.304  4 54111.06515393 14.646
 55 136.911552  50.204131    15.223    14.490 11 54146.06514845 14.875
 56 136.892743  50.187509    15.400    15.335  4 54181.06514024 13.860
 57 136.910933  50.205386    17.782    17.737 11 54216.06515632 27.181
 58 136.908067  50.202907    17.228    17.228 10 54251.06518335 36.481
 59 136.907320  50.202428    16.446    16.348 11 54286.06518981 21.235
 60 136.908778  50.203615    17.036    17.167 10 54321.06518656 20.878
 61 136.895347  50.188068    18.897    18.788  4 54356.06515073 17.289
 62 136.909862  50.205088    15.690    15.582 11 54391.06512698 34.000
 63 136.901258  50.193702    14.824    14.896  5 54426.06509972 37.325
 64 136.913702  50.205587    14.681    14.683 11 54461.06510350 21.878
 65 136.900957  50.192501    14.690    14.725  5 54496.06510658 19.463
 66 136.913447  50.205760    14.251    14.217 12 54531.06511651 20.070
 67 136.894629  50.188564    16.314    16.446  4 54566.06511309 21.744
 68 136.909414  50.204663    15.443    15.467 11 54601.06511201 48.031
 69 136.903239  50.196737    15.980    15.977  7 54636.06512581 19.626
 70 136.900083  50.191990    15.442    15.587  5 54671.06513060 20.331
 71 136.898865  50.189551    16.140    16.194  4 54706.06509223 15.113
 72 136.911750  50.205717    15.786    15.818 11 54741.06509177 33.824
 73 136.901929  50.193894    14.974    14.988  6 54776.06507288 49.127
 74 136.914635  50.206528    14.631    14.626 11 54811.06508495 18.435
 75 136.898242  50.189585    14.874    14.870  4 54846.06507318 14.175
 76 136.908523  50.202718    14.663    14.697 11 54881.06508928 10.564
 77 136.891996  50.186552    14.840    14.897  5 54916.06507733 10.244
 78 136.904201  50.194355    38.200    29.536  6 54951.06508377 17.817
 79 136.912743  50.217067    66.840    66.840  2 54986.06510412  5.707
 80 136.907763  50.202586    21.559    20.152 10 55021.06510010 17.175
 81 136.904988  50.199657    20.150    20.098  9 55056.06509759 29.588
 82 136.895061  50.189208    20.037    20.026  4 55091.06505801 40.141
 83 136.914721  50.214623    68.681    68.190  5 55126.06503367  4.192
 85 136.913446  50.206277    15.685    15.709 11 55196.06502567 16.672
 86 136.894729  50.188321    15.664    15.635  4 55231.06502278 12.309
 87 136.910288  50.205332    15.759    15.779 11 55266.06502106 10.444
 89 136.902278  50.195081    20.461    20.246  6 55336.06499863 20.514
 90 136.907237  50.202969    17.428    17.432 10 55371.06498749 28.329
 91 136.912977  50.205771    17.488    17.523 12 55406.06500552 24.198
 92 136.904048  50.198101    20.421    20.023  8 55441.06500717 27.783
 93 136.895350  50.188220    17.392    17.472  4 55476.06495266 25.829
