# NaN NaN NaN ;Mean Elev.(m), Avg Gradient(m/km), RMS Gradient(m/km) - SRTM1     
#   47.131   0.072   1.741 ;Mean Elev.(m), Avg Gradient(m/km), RMS Gradient(m/km) - ASTER GDEM
#   40.648  -0.306   1.537 ;Mean Elev.(m), Avg Gradient(m/km), RMS Gradient(m/km) - GMTED2010 
  6 133.130325  48.105132    44.200    44.225  3 52437.07356337 25.486
  7 133.133894  48.107218    44.058    44.108  3 52472.07356427 14.519
  8 133.135196  48.106778    37.447    37.460  3 52507.07354005 24.779
  9 133.152682  48.110250    43.298    43.339  4 52542.07352129 25.793
 10 133.135495  48.107254    42.543    42.540  3 52577.07357216 49.669
 11 133.132852  48.106732    42.218    42.235  3 52612.07353578 26.281
 12 133.142139  48.107854    42.295    42.281  3 52647.07352035 17.040
 13 133.144490  48.108304    42.160    42.136  4 52682.07349006 11.535
 14 133.138850  48.107750    42.220    42.115  3 52717.07354969 24.651
 15 133.121069  48.104531    42.646    42.424  3 52752.07357599 44.945
 16 133.145575  48.107565    41.786    41.764  4 52787.07351932 47.254
 17 133.144540  48.108426    43.439    43.504  3 52822.07359204 25.219
 18 133.145396  48.108195    45.587    45.727  3 52857.07363922 23.478
 19 133.134807  48.106318    47.560    47.586  3 52892.07367211 45.142
 20 133.128476  48.105630    46.185    46.038  3 52927.07362443 22.491
 21 133.153154  48.109301    42.348    42.324  4 52962.07359191 44.882
 22 133.136316  48.107216    43.937    43.946  3 52997.07363519 21.986
 23 133.130005  48.105838    43.564    43.563  4 53032.07359433 14.653
 24 133.143912  48.108591    42.966    42.979  4 53067.07360361 11.384
 25 133.127449  48.106347    45.621    46.327  3 53102.07359914 25.905
 26 133.146678  48.108924    45.337    45.295  4 53137.07360577 19.760
 27 133.138970  48.108496    45.615    45.596  3 53172.07365440 47.846
 28 133.135459  48.105951    44.353    44.267  3 53207.07366933 38.789
 29 133.138987  48.108953    44.870    44.898  3 53242.07363634 51.754
 30 133.147584  48.108238    43.974    43.984  4 53277.07360871 49.623
 31 133.136946  48.106888    43.649    44.064  3 53312.07364601 22.142
 32 133.137407  48.106055    42.156    42.209  3 53347.07361200 23.798
 33 133.148149  48.108966    42.751    42.746  4 53382.07357319 34.329
 34 133.145516  48.108431    42.655    42.567  3 53417.07358986 20.419
 35 133.150584  48.109320    42.769    42.714  3 53452.07358912 17.502
 36 133.132063  48.106459    43.633    43.622  4 53487.07367530 49.798
 37 133.140784  48.107200    45.493    45.475  3 53522.07366626 28.045
 38 133.129505  48.105114    45.761    45.980  3 53557.07369205 25.825
 39 133.141752  48.107682    46.249    46.253  4 53592.07362810 49.227
 40 133.141191  48.108137    43.937    43.936  4 53627.07361805 47.976
 41 133.138652  48.108631    42.619    42.652  3 53662.07364354 20.582
 42 133.134823  48.106062    42.217    42.229  3 53697.07361063 45.124
 43 133.135979  48.108068    43.121    43.124  3 53732.07353283 20.416
 44 133.148031  48.108046    42.943    42.929  4 53767.07350708 14.994
 45 133.137846  48.107553    42.963    42.961  4 53802.07350800 14.042
 46 133.145973  48.107861    43.101    43.114  3 53837.07351790 33.858
 47 133.140379  48.106950    44.791    44.798  3 53872.07357176 51.256
 48 133.136491  48.107066    45.895    45.952  3 53907.07361175 23.125
 49 133.127744  48.104659    45.460    45.414  3 53942.07363988 23.769
 50 133.130386  48.106111    45.544    45.565  4 53977.07359367 38.899
 51 133.148778  48.107968    44.392    44.256  4 54012.07359755 15.481
 52 133.146713  48.107423    42.407    42.397  4 54047.07360995 37.368
 54 133.130297  48.106262    43.367    43.397  3 54117.07353521 42.379
 55 133.137895  48.107304    43.138    43.163  3 54152.07355471 41.535
 56 133.131382  48.105422    42.985    42.909  3 54187.07352858 35.998
 57 133.141023  48.108800    44.094    44.059  3 54222.07356385 33.966
 58 133.138340  48.106887    45.249    45.189  3 54257.07358673 27.555
 59 133.140722  48.108071    44.321    44.346  3 54292.07358888 24.515
 60 133.138607  48.106534    45.021    44.930  3 54327.07358571 32.021
 61 133.131132  48.106281    44.631    44.650  4 54362.07353602 19.197
 62 133.142161  48.107779    43.030    43.022  4 54397.07352533 49.960
 63 133.135262  48.107051    42.194    42.195  3 54432.07348576 32.537
 64 133.145132  48.108655    42.402    42.448  4 54467.07350641 20.228
 65 133.135834  48.106068    42.657    42.663  3 54502.07350045 18.177
 66 133.139627  48.106625    42.716    42.698  3 54537.07352230 28.947
 67 133.134185  48.106925    42.731    42.734  3 54572.07350183 49.381
 68 133.139080  48.106643    43.290    42.802  3 54607.07351570 24.332
 69 133.137110  48.107900    42.740    42.720  3 54642.07352467 21.560
 70 133.137143  48.106437    43.880    43.900  3 54677.07352675 39.125
 71 133.134265  48.106426    43.341    43.283  3 54712.07348120 37.146
 72 133.140011  48.107399    44.166    44.150  4 54747.07349512 39.515
 73 133.138062  48.107507    42.692    42.696  4 54782.07346717 46.988
 74 133.141506  48.107492    43.376    43.365  3 54817.07348773 31.523
 75 133.136726  48.107241    43.093    43.070  4 54852.07346473 22.964
 76 133.138252  48.107423    43.105    43.122  3 54887.07349241 12.348
 77 133.128818  48.106447    43.477    43.482  3 54922.07346571 11.019
 78 133.140379  48.106950    44.799    44.699  3 54957.07348817 30.706
 79 133.136705  48.108275    43.864    43.879  3 54992.07351126 41.383
 80 133.137864  48.108366    46.183    46.133  3 55027.07350190 19.613
 81 133.138972  48.108380    46.470    46.477  3 55062.07349455 51.184
 82 133.129923  48.106935    46.994    46.944  3 55097.07344375 29.106
 84 133.137492  48.107581    43.922    43.904  3 55167.07340563 21.602
 85 133.140263  48.108187    44.247    44.282  3 55202.07343012 17.241
 86 133.133625  48.107311    44.332    44.397  3 55237.07341295 10.853
 87 133.137614  48.106430    44.291    44.388  3 55272.07342477  8.315
 88 133.132728  48.106280    46.197    46.189  4 55307.07339472 25.443
 89 133.140168  48.108030    46.214    46.200  3 55342.07339417 23.649
 90 133.136705  48.107291    44.756    44.708  4 55377.07338812 25.497
 91 133.141713  48.106925    46.426    46.442  3 55412.07341130 37.795
 92 133.138168  48.107462    46.921    46.908  3 55447.07340263 42.504
 93 133.130750  48.106108    43.752    43.561  3 55482.07333416 29.329
