-293757.276   279.241     0.00   66.70
-293386.438   267.930   -30.49   53.79
-293015.565   272.000    10.97   48.46
-292644.656   283.833    31.89   48.24
-292273.712   311.814    75.41   47.43
-291902.734   323.852    32.44   43.68
-291531.720   324.527     1.82   54.79
-291160.671   337.760    35.65   62.16
-290789.587   349.134    30.64   70.79
-290418.467   366.779    47.53   65.72
-290047.313   363.652    -8.42   64.38
-289676.123   341.982   -58.36   64.78
-289304.899   308.420   -90.38   56.93
-288933.639   299.937   -22.84   56.62
-288562.344   305.527    15.05   62.69
-288191.013   331.345    69.51   71.11
-287819.648   346.723    41.40   67.17
-287448.247   343.152    -9.61   67.16
-287076.811   327.683   -41.63   69.78
-286705.340   311.044   -44.78   66.56
-286333.833   308.529    -6.77   65.33
-285962.291   318.777    27.57   51.34
-285590.714   306.873   -32.03   44.66
-285219.102   288.277   -50.03   50.01
-284847.454   261.384   -72.34   53.14
-284475.771   231.796   -79.58   56.57
-284104.053   199.460   -86.97   61.89
-283732.299   164.850   -93.07   62.31
-283360.510   132.144   -87.94   45.43
-282988.685   119.299   -34.54   31.28
-282616.826   143.991    66.38   49.34
-282244.930   173.590    79.57   43.31
-281873.000   190.044    44.23   35.24
-281501.033   185.105   -13.28   37.26
-281129.032   178.513   -17.71   38.16
-280756.995   171.144   -19.80   40.56
-280384.923   172.323     3.17   44.77
-280012.815   174.830     6.74   39.10
-279640.671   178.296     9.31   29.68
-279268.492   186.443    21.88   27.33
-278896.278   187.496     2.83   23.73
-278524.028   179.372   -21.82   29.56
-278151.743   163.426   -42.82   33.99
-277779.422   149.973   -36.12   28.13
-277407.065   156.159    16.61   45.20
-277034.673   177.419    57.08   67.29
-276662.245   208.468    83.35   81.91
-276289.782   229.815    57.30   84.46
-275917.283   222.419   -19.85   74.58
-275544.749   211.704   -28.76   57.02
-275172.179   195.277   -44.08   39.77
-274799.573   190.991   -11.50   45.42
-274426.932   189.330    -4.46   52.75
-274054.255   177.667   -31.29   55.00
-273681.542   162.544   -40.56   42.72
-273308.794   159.941    -6.98   33.71
-272936.009   158.419    -4.08   31.12
-272563.190   159.705     3.45   32.65
-272190.334   163.486    10.14   31.99
-271817.443   165.955     6.62   26.13
-271444.516   172.491    17.52   27.19
-271071.553   180.991    22.78   27.11
-270698.555   195.816    39.74   35.41
-270325.520   212.408    44.46   42.22
-269952.450   237.419    67.03   52.42
-269579.344   255.614    48.75   55.18
-269206.203   274.491    50.58   56.57
-268833.025   296.463    58.86   59.90
-268459.812   308.259    31.60   59.27
-268086.563   325.426    45.98   59.89
-267713.278   334.527    24.37   56.90
-267339.957   350.043    41.55   50.84
-266966.600   366.705    44.62   50.88
-266593.207   392.919    70.19   53.54
-266219.778   420.759    74.53   56.98
-265846.314   433.544    34.23   50.78
-265472.813   428.486   -13.54   52.16
-265099.277   399.009   -78.89   63.81
-264725.704   351.326  -127.61   80.41
-264352.096   287.241  -171.48   84.76
-263978.452   245.510  -111.66   69.31
-263604.771   238.544   -18.64   58.65
-263231.055   268.905    81.22   80.76
-262857.302   313.294   118.74   92.97
-262483.514   374.086   162.59   86.39
-262109.690   406.923    87.82   74.28
-261735.829   425.241    48.98   71.28
-261361.932   438.420    35.24   66.65
-260988.000   442.348    10.50   48.17
-260614.031   452.345    26.72   40.61
-260240.026   472.866    54.85   31.55
-259865.985   487.959    40.34   31.37
-259491.908   499.437    30.68   31.04
-259117.795   515.455    42.80   29.27
-258743.645   527.277    31.59   27.85
-258369.460   545.384    48.38   37.88
-257995.238   562.606    46.01   47.95
-257620.980   572.829    27.31   50.40
-257246.686   588.741    42.50   48.92
-256872.355   598.268    25.44   49.73
-256497.989   595.537    -7.29   48.13
-256123.586   586.741   -23.49   50.76
-255749.147   564.352   -59.78   48.25
-255374.671   539.123   -67.35   46.10
-255000.160   519.455   -52.50   49.35
-254625.612   494.818   -65.76   48.88
-254251.027   466.062   -76.75   61.43
-253876.407   446.307   -52.72   70.44
-253501.750   418.969   -72.95   71.81
-253127.057   419.580     1.63   66.22
-252752.327   426.616    18.77   68.32
-252377.561   459.562    87.89   83.38
-252002.759   511.667   138.98   69.04
-251627.920   521.758    26.92   70.75
-251253.045   514.482   -19.41   90.26
-250878.133   508.793   -15.17   82.82
-250503.186   519.093    27.46   84.79
-250128.201   568.223   130.99   92.36
-249753.180   620.455   139.24   93.93
-249378.123   667.562   125.57   68.93
-249003.029   700.705    88.34   36.82
-248627.899   700.911     0.55   25.98
-248252.732   693.937   -18.58   20.11
-247877.529   690.568    -8.98   18.92
-247502.289   699.205    23.01   25.82
-247127.013   711.141    31.80   21.04
-246751.700   702.105   -24.07   31.64
-246376.350   668.022   -90.78   57.43
-246000.964   619.722  -128.63   67.75
-245625.542   552.348  -179.42   71.36
-245250.083   499.222  -141.46   54.26
-244874.587   489.864   -24.92   52.53
-244499.054   495.278    14.41   57.47
-244123.485   512.062    44.68   56.66
-243747.880   522.116    26.76   44.58
-243372.237   504.116   -47.91   50.93
-242996.558   458.902  -120.32   60.25
-242620.842   426.833   -85.33   60.39
-242245.090   385.437  -110.14   63.44
-241869.301   352.375   -87.96   54.53
-241493.475   331.723   -54.94   49.29
-241117.612   308.014   -63.07   37.74
-240741.713   296.377   -30.95   28.76
-240365.777   288.653   -20.54   19.85
-239989.804   292.486    10.19   24.98
-239613.794   309.232    44.52   39.00
-239237.748   336.185    71.66   54.42
-238861.665   380.285   117.23   72.10
-238485.544   435.222   146.03   72.22
-238109.388   487.544   139.06   71.90
-237733.194   537.704   133.30   75.79
-237356.963   575.468   100.35   63.36
-236980.696   609.669    90.87   47.40
-236604.391   632.482    60.61   39.68
-236228.050   651.062    49.36   33.75
-235851.672   660.222    24.33   27.13
-235475.256   655.848   -11.62   30.75
-235098.804   646.884   -23.81   37.12
-234722.315   631.923   -39.73   47.65
-234345.789   594.302   -99.89   70.79
-233969.226   539.286  -146.07   86.71
-233592.626   467.530  -190.49   84.62
-233215.989   420.852  -123.91   64.72
-232839.315   415.267   -14.82   54.08
-232462.604   421.450    16.41   53.07
-232085.856   433.777    32.71   51.53
-231709.071   449.491    41.70   40.20
-231332.249   460.685    29.70   49.51
-230955.390   475.384    38.99   60.79
-230578.494   489.408    37.20   71.80
-230201.560   500.598    29.68   71.99
-229824.590   519.652    50.53   70.63
-229447.582   516.616    -8.05   77.91
-229070.537   514.598    -5.35   78.07
-228693.455   529.130    38.53   67.35
-228316.336   555.337    69.48   67.24
-227939.180   585.905    81.03   57.22
-227561.986   617.390    83.45   41.90
-227184.756   628.455    29.33   29.79
-226807.488   611.864   -43.97   44.22
-226430.183   569.014  -113.54   65.81
-226052.840   519.977  -129.92   70.11
-225675.461   464.530  -146.89   64.20
-225298.044   435.202   -77.69   60.35
-224920.589   421.884   -35.28   65.86
-224543.098   409.395   -33.07   70.32
-224165.569   391.636   -47.03   70.49
-223788.003   366.223   -67.29   67.28
-223410.400   336.601   -78.43   55.01
-223032.759   315.565   -55.69   35.61
-222655.081   296.645   -50.09   31.74
-222277.365   275.986   -54.68   40.20
-221899.612   254.945   -55.69   43.51
-221521.822   237.432   -46.35   37.11
-221143.994   218.565   -49.92   14.63
-220766.129   213.014   -14.69    8.33
-220388.227   209.776    -8.57    6.98
-220015.037   207.145    -7.05    6.79
-219644.409   202.741   -11.88    7.64
-219273.746   197.704   -13.59    8.00
-218903.047   195.723    -5.34    8.51
-218532.311   199.486    10.15   15.44
-218161.540   215.848    44.12   36.50
-217790.733   247.794    86.13   55.80
-217419.890   280.009    86.85   66.16
-217049.011   312.109    86.53   65.86
-216678.095   347.759    96.09   70.20
-216307.144   360.355    33.95   59.96
-215936.157   356.816    -9.54   57.99
-215565.134   325.955   -83.16   59.98
-215194.074   291.299   -93.38   50.65
-214822.979   258.491   -88.39   49.28
-214451.848   234.870   -63.63   42.53
-214080.680   223.881   -29.60   43.89
-213709.477   199.384   -65.98   45.50
-213338.237   171.866   -74.11   41.58
-212966.961   147.776   -64.87   28.33
-212595.649   132.741   -40.48   11.80
-212224.301   127.495   -14.12    3.19
-211852.917   126.214    -3.45    1.97
-211481.496   128.951     7.37   11.26
-211110.040   139.125    27.38   24.31
-210738.547   162.187    62.07   37.06
-210367.018   181.995    53.30   32.46
-209995.453   198.267    43.78   25.59
-209623.851   203.187    13.24   25.85
-209252.213   197.366   -15.66   30.41
-208880.539   190.530   -18.39   28.44
-208508.829   188.741    -4.81   23.36
-208137.083   192.372     9.77   20.94
-207765.300   199.241    18.47   22.19
-207393.481   203.793    12.24   20.27
-207021.625   204.933     3.06   19.03
-206649.733   196.634   -22.31   22.89
-206277.805   183.630   -34.96   23.04
-205905.841   171.811   -31.77   20.26
-205533.840   162.991   -23.71   17.96
-205161.803   162.098    -2.40   17.59
-204789.729   170.366    22.22   18.17
-204417.619   174.395    10.83   15.94
-204045.473   174.197    -0.53   16.84
-203673.290   163.945   -27.54   18.97
-203301.070   152.029   -32.01   15.09
-202928.815   146.702   -14.31    9.16
-202556.523   153.116    17.22   14.93
-202184.194   162.109    24.15   18.58
-201811.829   170.671    22.99   17.15
-201439.427   179.687    24.21   13.60
-201066.989   183.902    11.31   12.63
-200694.514   188.062    11.17   13.98
-200322.003   198.482    27.96   25.59
-199949.455   216.846    49.28   41.58
-199576.870   231.268    38.70   39.26
-199204.249   227.758    -9.42   41.90
-198831.592   208.533   -51.58   53.04
-198458.898   175.741   -87.97   46.38
-198086.167   148.144   -74.02   20.82
-197713.399   138.057   -27.06    9.55
-197340.595   134.197   -10.35    3.96
-196967.755   132.741    -3.90    2.85
-196594.877   131.812    -2.49    2.74
-196221.963   131.043    -2.06    1.94
-195849.012   130.706    -0.90    1.53
-195476.025   131.074     0.99    1.86
-195103.001   131.758     1.83    1.71
-194729.940   132.359     1.61    1.68
-194356.842   132.723     0.98    1.37
-193983.708   132.846     0.33    1.26
-193610.537   133.495     1.74    1.96
-193237.329   134.811     3.52    4.25
-192864.084   135.796     2.64    4.95
-192490.803   137.991     5.88    7.44
-192117.484   141.279     8.81   10.79
-191744.129   145.601    11.57   16.14
-191370.737   151.068    14.64   19.45
-190997.308   152.197     3.02   19.09
-190623.842   150.491    -4.57   17.62
-190250.340   151.811     3.53   17.70
-189876.800   151.523    -0.77   21.51
-189503.224   155.577    10.85   23.96
-189129.611   159.689    11.00   23.71
-188755.960   161.741     5.49   20.93
-188382.273   167.465    15.32   20.61
-188008.549   183.345    42.48   27.68
-187634.788   200.120    44.87   32.02
-187260.990   210.668    28.21   29.34
-186887.155   214.086     9.14   30.73
-186513.282   202.232   -31.70   35.86
-186139.373   190.669   -30.92   35.57
-185765.427   174.051   -44.43   27.32
-185391.444   167.574   -17.32   16.84
-185017.424   167.777     0.54   18.70
-184643.366   166.452    -3.54   19.26
-184269.272   167.384     2.49   20.07
-183895.140   167.505     0.32   21.14
-183520.972   171.986    11.98   24.76
-183146.766   175.473     9.32   21.77
-182772.523   179.687    11.26   21.39
-182398.243   183.074     9.05   25.14
-182023.926   180.704    -6.33   26.63
-181649.572   182.741     5.44   30.95
-181275.180   183.130     1.04   34.70
-180900.751   179.636    -9.33   33.07
-180526.286   174.848   -12.78   31.13
-180151.782   167.116   -20.64   22.90
-179777.242   159.437   -20.50   11.18
-179402.664   159.214    -0.60   11.93
-179028.049   162.509     8.79   19.13
-178653.397   162.852     0.92   17.88
-178278.708   160.116    -7.30   12.12
-177903.981   162.068     5.21   14.74
-177529.217   162.741     1.79   15.73
-177154.416   162.241    -1.33   14.33
-176779.577   160.162    -5.55    8.44
-176404.701   159.706    -1.22    5.28
-176029.787   163.068     8.97   11.62
-175654.836   167.548    11.95   17.53
-175279.848   170.606     8.15   18.95
-174904.823   170.616     0.03   16.29
-174529.760   171.259     1.72   13.93
-174154.659   173.706     6.52   13.73
-173779.521   182.009    22.13   20.43
-173404.346   189.653    20.37   21.38
-173029.133   196.074    17.11   20.16
-172653.883   198.214     5.70   18.63
-172278.595   189.741   -22.57   16.37
-171903.270   183.032   -17.87   13.34
-171527.907   178.074   -13.21   11.24
-171152.506   172.086   -15.95    5.65
-170777.069   171.437    -1.73    6.29
-170401.593   171.009    -1.14    5.75
-170026.080   172.991     5.28    9.51
-169650.530   186.616    36.27   30.36
-169274.941   205.982    51.55   40.52
-168899.315   228.134    58.96   42.41
-168523.652   240.908    34.00   37.03
-168147.951   237.827    -8.20   33.37
-167772.212   224.723   -34.87   26.88
-167396.436   212.205   -33.31   21.23
-167020.622   206.969   -13.93   15.38
-166644.770   202.437   -12.05   14.51
-166268.881   198.793    -9.69   13.14
-165892.953   197.375    -3.77    9.67
-165516.989   198.669     3.44    8.04
-165140.986   201.241     6.84    8.17
-164764.946   204.057     7.49    7.57
-164388.867   205.671     4.29    7.15
-164012.751   205.372    -0.79    7.02
-163636.598   207.259     5.01    7.14
-163260.406   208.645     3.68    7.47
-162884.177   209.148     1.34    7.70
-162507.910   209.884     1.96    7.18
-162131.605   208.320    -4.16    5.90
-161755.262   208.241    -0.21    5.28
-161378.881   207.169    -2.85    4.37
-161002.462   206.362    -2.15    4.16
-160626.006   205.816    -1.45    3.81
-160249.511   205.144    -1.78    3.79
-159872.979   205.019    -0.33    3.88
-159496.409   205.285     0.71    3.45
-159119.801   205.366     0.22    3.01
-158743.154   205.864     1.32    2.78
-158366.470   206.881     2.70    3.14
-157989.748   208.519     4.35    4.12
-157612.988   210.707     5.81    4.50
-157236.190   212.432     4.58    4.67
-156859.353   214.039     4.26    4.79
-156482.479   216.486     6.49    4.85
-156105.567   218.366     4.99    4.94
-155728.616   220.794     6.44    5.32
-155351.628   222.687     5.02    5.63
-154974.601   224.152     3.88    6.29
-154597.537   225.667     4.02    6.91
-154220.434   227.758     5.55    7.40
-153843.293   230.223     6.53    7.95
-153466.114   234.277    10.75    9.49
-153088.896   238.916    12.30   10.92
-152711.641   243.776    12.88   12.33
-152334.347   249.206    14.39   12.21
-151957.016   252.814     9.56   11.18
-151579.646   257.396    12.14   11.54
-151202.237   262.296    12.98   11.52
-150824.791   265.455     8.37    9.03
-150447.306   264.846    -1.61    9.64
-150069.783   264.408    -1.16   10.39
-149692.222   267.652     8.59   14.75
-149314.622   273.611    15.78   20.13
-148936.984   278.259    12.30   18.34
-148559.308   285.205    18.39   21.02
-148181.593   286.495     3.42   21.47
-147803.840   293.390    18.25   22.99
-147426.049   297.495    10.86   23.78
-147048.219   296.862    -1.68   23.43
-146670.351   297.941     2.86   22.50
-146292.445   293.080   -12.86   22.18
-145914.500   289.926    -8.34   20.57
-145536.517   285.669   -11.26   17.05
-145162.656   285.022    -1.73   16.20
-144792.141   287.777     7.43   16.48
-144421.589   292.162    11.83   18.07
-144051.000   299.179    18.93   15.97
-143680.374   301.636     6.63   12.71
-143309.712   305.214     9.65   14.27
-142939.012   306.224     2.72   18.59
-142568.276   302.648    -9.64   20.47
-142197.503   294.741   -21.32   18.25
-141826.692   285.595   -24.66   16.15
-141455.845   276.884   -23.49   13.59
-141084.961   272.884   -10.78    7.43
-140714.040   275.517     7.10    9.83
-140343.082   285.169    26.02   13.09
-139972.087   296.636    30.90   17.41
-139601.055   312.109    41.70   22.99
-139229.986   326.941    39.96   21.12
-138858.880   340.655    36.95   16.34
-138487.737   346.491    15.72   13.29
-138116.557   341.991   -12.12   17.20
-137745.340   329.296   -34.19   22.35
-137374.086   320.741   -23.04   20.00
-137002.795   317.562    -8.56   16.72
-136631.466   321.499    10.60   18.64
-136260.101   333.705    32.86   19.46
-135888.698   343.223    25.62   18.23
-135517.259   352.355    24.58   17.93
-135145.782   360.687    22.43   18.30
-134774.268   376.487    42.52   21.34
-134402.717   386.269    26.33   16.75
-134031.128   387.705     3.86   12.36
-133659.503   383.370   -11.66   13.13
-133287.840   376.039   -19.72   13.05
-132916.140   369.390   -17.89    8.88
-132544.403   366.017    -9.07    8.01
-132172.628   362.902    -8.38    7.89
-131800.817   361.688    -3.26    8.59
-131428.968   360.548    -3.07   10.00
-131057.081   357.723    -7.60    9.86
-130685.158   353.127   -12.36    9.41
-130313.197   348.905   -11.35    6.99
-129941.198   346.723    -5.86    5.84
-129569.163   346.395    -0.88    7.34
-129197.090   347.131     1.98    8.36
-128824.980   346.866    -0.71    8.63
-128452.832   346.165    -1.88    8.50
-128080.647   342.530    -9.76    8.06
-127708.425   338.793   -10.04    7.72
-127336.165   334.127   -12.53    6.09
-126963.867   330.937    -8.57    3.88
-126591.533   329.937    -2.69    2.43
-126219.161   331.577     4.40    4.43
-125846.751   335.443    10.38    6.58
-125474.304   340.908    14.67    8.33
-125101.819   346.189    14.18    8.82
-124729.297   353.705    20.17   10.27
-124356.737   361.793    21.71   12.35
-123984.140   366.443    12.48   10.53
-123611.505   367.951     4.05    8.65
-123238.833   364.846    -8.33   10.64
-122866.123   357.973   -18.44   10.33
-122493.376   350.509   -20.02    9.27
-122120.591   343.963   -17.56    8.86
-121747.768   337.927   -16.19    8.32
-121374.908   332.559   -14.40    6.06
-121002.010   329.707    -7.65    5.36
-120629.074   326.598    -8.34    3.65
-120256.101   325.127    -3.94    2.01
-119883.090   324.969    -0.42    1.63
-119510.042   326.205     3.31    2.66
-119136.956   329.250     8.16    4.61
-118763.832   333.109    10.34    5.55
-118390.670   339.169    16.24    7.63
-118017.470   346.068    18.48    7.82
-117644.233   352.470    17.15    8.59
-117270.958   358.144    15.20    7.26
-116897.645   361.285     8.41    7.83
-116524.295   364.544     8.73    7.99
-116150.906   362.741    -4.83   11.06
-115777.480   355.741   -18.74   14.95
-115404.016   349.548   -16.58   14.55
-115030.514   342.919   -17.74   10.24
-114656.975   342.450    -1.26    9.21
-114283.397   345.931     9.32    9.11
-113909.782   350.486    12.19    9.78
-113536.128   356.656    16.51    9.87
-113162.437   362.491    15.61    8.94
-112788.708   366.899    11.79    6.53
-112414.941   370.144     8.68    4.67
-112041.135   372.205     5.51    3.36
-111667.292   373.337     3.03    1.98
-111293.411   373.923     1.57    1.60
-110919.492   373.179    -1.99    2.55
-110545.535   371.549    -4.36    3.61
-110171.540   370.571    -2.61    3.62
-109797.507   370.562    -0.02    3.66
-109423.436   370.986     1.13    3.46
-109049.327   371.793     2.16    3.54
-108675.180   373.285     3.99    4.32
-108300.994   377.741    11.91    6.69
-107926.771   383.086    14.28    7.01
-107552.509   388.277    13.87    6.27
-107178.210   393.130    12.96    5.52
-106803.872   398.127    13.35    6.40
-106429.496   403.723    14.95    6.63
-106055.082   408.144    11.81    5.15
-105680.629   409.973     4.88    3.73
-105306.139   408.937    -2.77    5.47
-104931.610   404.537   -11.75    6.36
-104557.043   401.723    -7.51    4.78
-104182.438   401.425    -0.80    3.70
-103807.795   402.759     3.56    4.11
-103433.113   405.636     7.68    4.22
-103058.393   409.794    11.10    5.07
-102683.635   414.293    12.00    7.06
-102308.838   420.934    17.72    8.33
-101934.004   427.509    17.54    8.95
-101559.130   434.537    18.75    8.22
-101184.219   441.384    18.26    8.86
-100809.269   449.758    22.33    9.82
-100434.281   456.111    16.94    8.86
-100059.254   457.991     5.01    7.82
 -99684.189   456.919    -2.86    8.37
 -99309.086   454.741    -5.81    7.94
 -98933.944   450.408   -11.55    7.53
 -98558.764   446.372   -10.75    7.46
 -98183.545   442.688    -9.82    6.59
 -97808.288   438.830   -10.28    3.96
 -97432.993   436.232    -6.92    3.18
 -97057.659   433.948    -6.08    3.48
 -96682.286   430.937    -8.02    4.30
 -96306.875   427.583    -8.93    3.98
 -95931.425   424.636    -7.85    3.86
 -95555.937   421.372    -8.69    3.56
 -95180.410   418.495    -7.66    3.74
 -94804.845   415.062    -9.14    4.47
 -94429.241   411.684    -8.99    4.20
 -94053.599   407.487   -11.17    5.84
 -93677.918   401.986   -14.64    6.40
 -93302.198   398.881    -8.26    5.27
 -92926.440   397.793    -2.90    4.57
 -92550.643   398.530     1.96    4.74
 -92174.807   398.741     0.56    4.22
 -91798.933   395.032    -9.87    6.18
 -91423.020   389.829   -13.84    7.35
 -91047.068   384.590   -13.93    6.54
 -90671.078   380.224   -11.61    6.05
 -90295.049   377.402    -7.50    6.01
 -89918.981   375.258    -5.70    7.29
 -89542.874   372.344    -7.75    8.18
 -89166.729   373.152     2.15    7.37
 -88790.544   376.470     8.82    8.66
 -88414.321   382.452    15.90    9.17
 -88038.060   388.916    17.18    7.27
 -87661.759   392.505     9.53    4.75
 -87285.419   393.320     2.17    5.95
 -86909.041   393.390     0.19    6.95
 -86532.624   393.390     0.00    7.63
 -86156.168   393.671     0.75    7.27
 -85779.673   392.919    -2.00    7.90
 -85403.139   390.141    -7.38    8.41
 -85026.566   386.014   -10.96    7.23
 -84649.954   381.986   -10.69    6.38
 -84273.304   377.372   -12.25    7.61
 -83896.614   371.864   -14.62    9.43
 -83519.885   363.636   -21.84   10.36
 -83143.118   355.223   -22.33    9.75
 -82766.311   347.973   -19.24    9.07
 -82389.465   341.222   -17.91    7.24
 -82012.581   337.893    -8.83    5.93
 -81635.657   335.134    -7.32    4.70
 -81258.694   333.775    -3.60    5.06
 -80881.692   333.372    -1.07    5.78
 -80504.651   332.098    -3.38    6.84
 -80127.571   328.792    -8.77    8.18
 -79750.452   325.628    -8.39    7.89
 -79373.294   322.955    -7.09    6.19
 -78996.096   322.277    -1.80    5.47
 -78618.860   323.172     2.37    6.69
 -78241.584   325.881     7.18    7.02
 -77864.269   329.390     9.30    5.97
 -77486.915   332.846     9.16    4.94
 -77109.521   335.977     8.30    4.69
 -76732.089   338.046     5.48    3.70
 -76354.617   339.098     2.79    2.38
 -75977.106   339.179     0.22    2.73
 -75599.555   337.723    -3.86    4.05
 -75221.966   335.794    -5.11    4.63
 -74844.337   332.513    -8.69    6.28
 -74466.669   328.705   -10.08    7.80
 -74088.961   323.848   -12.86    9.56
 -73711.214   319.286   -12.08    9.41
 -73333.428   317.283    -5.30    8.77
 -72955.602   314.884    -6.35    8.74
 -72577.737   313.241    -4.35   10.17
 -72199.833   310.891    -6.22   12.11
 -71821.889   303.793   -18.78   16.36
 -71443.906   295.706   -21.39   15.84
 -71065.883   287.614   -21.41   15.39
 -70687.821   282.544   -13.41   15.21
 -70313.190   277.986   -12.17   15.13
 -69942.792   273.656   -11.69   15.21
 -69572.357   266.320   -19.80   11.82
 -69201.884   261.810   -12.17    8.97
 -68831.374   261.327    -1.30    9.90
 -68460.825   265.723    11.86   16.01
 -68090.239   270.673    13.36   19.43
 -67719.615   273.519     7.68   20.85
 -67348.953   275.896     6.41   19.72
 -66978.253   277.889     5.38   21.98
 -66607.515   284.487    17.79   23.74
 -66236.740   293.241    23.61   21.73
 -65865.926   295.724     6.70   19.02
 -65495.075   297.103     3.72   15.90
 -65124.185   294.636    -6.65   15.22
 -64753.258   289.521   -13.79   16.38
 -64382.293   286.355    -8.53   15.27
 -64011.290   282.986    -9.08   16.24
 -63640.249   280.062    -7.88   18.26
 -63269.170   274.931   -13.83   19.24
 -62898.053   271.886    -8.20   18.13
 -62526.898   269.504    -6.42   16.38
 -62155.705   269.213    -0.78   14.86
 -61784.473   269.062    -0.40   14.97
 -61413.204   265.758    -8.90   18.38
 -61041.897   264.899    -2.32   17.68
 -60670.552   263.687    -3.26   17.77
 -60299.168   261.965    -4.64   19.69
 -59927.747   259.127    -7.64   20.26
 -59556.287   258.741    -1.04   20.85
 -59184.789   257.978    -2.05   21.27
 -58813.253   259.302     3.56   21.06
 -58441.679   262.913     9.72   17.08
 -58070.067   265.074     5.81   11.39
 -57698.416   265.443     0.99    5.69
 -57326.728   264.955    -1.31    6.93
 -56955.001   266.124     3.14    7.72
 -56583.236   269.286     8.51    5.36
 -56211.432   270.057     2.07    4.86
 -55839.591   266.879    -8.55    6.24
 -55467.711   264.062    -7.57    5.71
 -55095.793   261.810    -6.06    4.42
 -54723.836   261.294    -1.39    4.73
 -54351.842   260.937    -0.96    5.28
 -53979.809   258.952    -5.33    6.24
 -53607.737   257.588    -3.67    6.38
 -53235.627   257.486    -0.27    5.44
 -52863.479   259.012     4.10    4.94
 -52491.293   261.881     7.71    5.53
 -52119.068   264.565     7.21    4.90
 -51746.805   266.916     6.31    2.68
 -51374.503   267.198     0.76    2.39
 -51002.163   265.348    -4.97    3.33
 -50629.784   263.241    -5.66    3.88
 -50257.367   259.690    -9.53    4.94
 -49884.912   256.580    -8.35    4.28
 -49512.418   254.876    -4.57    3.77
 -49139.886   253.814    -2.85    3.38
 -48767.315   253.277    -1.44    3.53
 -48394.705   250.114    -8.49    6.44
 -48022.057   245.499   -12.38    9.89
 -47649.371   236.344   -24.56   14.33
 -47276.646   226.707   -25.86   17.79
 -46903.882   217.258   -25.35   18.80
 -46531.080   206.402   -29.12   20.15
 -46158.239   196.436   -26.73   19.98
 -45785.359   189.816   -17.75   18.92
 -45412.441   186.074   -10.03   17.11
 -45039.484   181.977   -10.98   16.62
 -44666.489   178.931    -8.17   15.79
 -44293.455   174.044   -13.10   12.89
 -43920.382   171.639    -6.45   11.05
 -43547.270   172.068     1.15   11.60
 -43174.120   171.134    -2.50   12.66
 -42800.931   172.429     3.47   13.90
 -42427.704   172.250    -0.48   13.81
 -42054.437   171.548    -1.88   13.08
 -41681.132   173.408     4.98   13.19
 -41307.788   175.758     6.29   13.18
 -40934.405   179.215     9.26   12.25
 -40560.984   182.429     8.61   11.32
 -40187.523   188.044    15.03    9.95
 -39814.024   192.109    10.88   11.44
 -39440.486   196.641    12.13   11.03
 -39066.909   198.259     4.33    9.17
 -38693.293   196.366    -5.07    9.44
 -38319.638   194.574    -4.79   11.08
 -37945.945   190.636   -10.54   13.34
 -37572.212   186.259   -11.71   14.72
 -37198.441   181.208   -13.51   15.15
 -36824.630   179.548    -4.44   15.29
 -36450.781   179.162    -1.03   16.23
 -36076.893   185.487    16.92   14.93
 -35702.965   191.530    16.16   10.08
 -35328.999   193.302     4.74    7.30
 -34954.993   191.341    -5.24    8.37
 -34580.949   186.830   -12.06    8.99
 -34206.866   181.723   -13.65    9.69
 -33832.743   177.158   -12.20    9.99
 -33458.582   172.152   -13.38    9.86
 -33084.381   166.723   -14.51    8.13
 -32710.141   162.249   -11.95    6.49
 -32335.862   158.777    -9.28    4.88
 -31961.544   155.776    -8.02    4.00
 -31587.187   153.177    -6.94    3.37
 -31212.791   151.844    -3.56    3.10
 -30838.355   150.977    -2.32    2.86
 -30463.881   150.528    -1.20    2.50
 -30089.367   149.580    -2.53    3.61
 -29714.814   146.829    -7.35    5.41
 -29340.222   141.413   -14.46    8.18
 -28965.590   132.134   -24.77   14.85
 -28590.919   116.162   -42.63   22.67
 -28216.209   106.268   -26.40   20.56
 -27841.460    98.179   -21.58   19.48
 -27466.671    95.850    -6.22   19.87
 -27091.843    94.282    -4.18   21.30
 -26716.976    87.636   -17.73   21.66
 -26342.070    77.723   -26.44   19.88
 -25967.124    67.913   -26.16   16.67
 -25592.138    58.830   -24.22    9.93
 -25217.114    53.513   -14.18    3.31
 -24842.050    51.505    -5.35    2.25
 -24466.946    50.530    -2.60    1.84
 -24091.803    49.577    -2.54    1.27
 -23716.621    49.200    -1.01    1.04
 -23341.399    48.705    -1.32    1.31
 -22966.138    48.302    -1.07    1.52
 -22590.837    47.876    -1.13    1.37
 -22215.497    47.580    -0.79    1.23
 -21840.117    47.390    -0.51    1.11
 -21464.698    47.450     0.16    1.17
 -21089.239    47.259    -0.51    1.19
 -20713.741    47.187    -0.19    1.22
 -20338.203    46.991    -0.52    1.19
 -19962.626    47.509     1.38    2.11
 -19587.009    51.460    10.52   10.82
 -19211.352    63.639    32.42   23.70
 -18835.656    77.951    38.09   27.42
 -18459.920    91.293    35.51   27.85
 -18084.144    98.074    18.05   25.72
 -17708.329    99.775     4.53   25.19
 -17332.474    99.688    -0.23   24.68
 -16956.580    99.624    -0.17   23.47
 -16580.645    99.955     0.88   22.45
 -16204.671    97.062    -7.69   18.14
 -15828.658    98.991     5.13   16.91
 -15452.604   104.565    14.82   19.45
 -15076.511   110.137    14.82   17.69
 -14700.378   112.056     5.10   16.45
 -14324.205   115.499     9.15   16.38
 -13947.993   120.330    12.84   18.23
 -13571.740   118.826    -4.00   21.51
 -13195.448   108.548   -27.31   24.41
 -12819.116    94.044   -38.54   25.42
 -12442.744    81.790   -32.56   23.30
 -12066.332    69.141   -33.60   21.52
 -11689.880    54.916   -37.79   24.83
 -11313.389    40.541   -38.18   21.42
 -10936.857    28.127   -32.97   14.87
 -10560.286    18.705   -25.02    5.22
 -10183.674    13.499   -13.82    6.21
  -9807.023     9.372   -10.96    6.08
  -9430.332     6.302    -8.15    4.71
  -9053.600     3.888    -6.41    2.14
  -8676.829     3.795    -0.25    1.41
  -8300.018     4.162     0.97    1.41
  -7923.166     4.302     0.37    1.32
  -7546.275     4.431     0.34    1.19
  -7169.343     4.197    -0.62    1.21
  -6792.372     4.004    -0.51    1.11
  -6415.360     3.724    -0.74    1.24
  -6038.308     3.616    -0.29    1.10
  -5661.216     3.674     0.15    0.99
  -5284.084     3.793     0.32    1.01
  -4906.912     3.969     0.47    1.12
  -4529.700     4.215     0.65    1.22
  -4152.447     4.362     0.39    1.20
  -3775.155     4.653     0.77    1.33
  -3397.822     4.352    -0.80    2.25
  -3020.449     4.165    -0.50    2.82
  -2643.035     3.864    -0.80    3.17
  -2265.582     3.593    -0.72    3.13
  -1888.088     3.448    -0.39    3.00
  -1510.554     3.603     0.41    2.83
  -1132.979     2.905    -1.85    3.30
   -755.364     1.884    -2.70    3.67
   -377.709     0.741    -3.03    3.51
     -0.014     0.377    -0.96    3.67
    377.722     2.605     5.90    4.98
    755.498     6.137     9.35    5.49
   1133.314     8.758     6.94    4.75
   1511.171     9.913     3.06    3.79
   1889.069    10.232     0.84    2.69
   2267.006     8.605    -4.30    2.86
   2644.985     6.941    -4.40    1.96
   3023.003     6.473    -1.24    1.55
   3401.062     6.876     1.07    1.34
   3779.162     7.317     1.17    1.38
   4157.302     7.413     0.25    1.29
   4532.827     7.258    -0.41    1.33
   4903.112     7.198    -0.16    1.36
   5273.437     7.402     0.55    1.52
   5643.800     7.453     0.14    1.63
   6014.201     7.870     1.13    1.61
   6384.642     7.634    -0.64    1.61
   6755.121     7.568    -0.18    1.45
   7125.639     7.610     0.11    1.52
   7496.196     7.277    -0.90    1.24
   7866.792     7.362     0.23    1.18
   8237.426     7.317    -0.12    1.10
   8608.099     7.637     0.86    1.09
   8978.812     8.034     1.07    0.96
   9349.563     8.232     0.53    1.00
   9720.353     8.355     0.33    1.13
  10091.182     8.758     1.09    1.32
  10462.049     8.774     0.04    1.29
  10832.956     8.723    -0.14    1.27
  11203.902     8.708    -0.04    1.26
  11574.886     8.705    -0.01    1.14
  11945.910     9.109     1.09    1.67
  12316.972    10.951     4.96    3.17
  12688.074    12.544     4.29    3.51
  13059.214    14.565     5.45    2.65
  13430.394    15.580     2.73    1.06
  13801.612    15.773     0.52    1.00
  14172.870    15.951     0.48    0.92
  14544.167    15.846    -0.28    0.88
  14915.503    15.759    -0.23    0.78
  15286.877    15.656    -0.28    0.79
  15658.291    15.723     0.18    1.02
  16029.744    16.298     1.55    1.42
  16401.237    16.482     0.50    1.42
  16772.768    16.495     0.04    1.42
  17144.339    16.206    -0.78    1.34
  17515.948    15.827    -1.02    1.20
  17887.597    15.951     0.33    1.24
  18259.285    16.351     1.08    1.47
  18631.013    16.431     0.21    1.45
  19002.779    16.583     0.41    1.31
  19374.585    16.608     0.07    1.32
  19746.430    16.632     0.07    1.10
  20118.314    16.706     0.20    1.14
  20490.238    16.908     0.54    1.16
  20862.201    17.258     0.94    1.13
  21234.203    17.669     1.11    1.09
  21606.245    18.080     1.10    1.12
  21978.326    18.944     2.32    1.69
  22350.446    19.827     2.37    2.33
  22722.606    21.879     5.51    3.69
  23094.805    24.283     6.46    5.13
  23467.043    27.671     9.10    6.63
  23839.321    31.866    11.27    7.45
  24211.638    36.341    12.02    8.54
  24583.995    41.866    14.84    7.92
  24956.391    47.141    14.17    8.37
  25328.827    52.366    14.03    7.18
  25701.302    56.004     9.77    5.30
  26073.816    56.517     1.38    4.04
  26446.371    52.927    -9.63    7.56
  26818.964    48.881   -10.86    7.81
  27191.597    46.931    -5.24    7.39
  27564.270    47.085     0.41    8.13
  27936.982    49.616     6.79    7.86
  28309.734    50.944     3.56    9.40
  28682.526    49.833    -2.98   11.01
  29055.357    49.029    -2.16   11.22
  29428.228    47.162    -5.01   11.18
  29801.138    44.839    -6.23   10.09
  30174.088    43.810    -2.76    8.89
  30547.078    43.327    -1.29    7.91
  30920.107    44.479     3.09    8.15
  31293.176    46.344     5.00    8.33
  31666.285    46.618     0.73    7.64
  32039.434    47.177     1.50    7.36
  32412.622    47.741     1.51    7.43
  32785.850    48.437     1.87    6.68
  33159.118    49.528     2.92    5.90
  33532.425    50.586     2.83    5.64
  33905.773    52.568     5.31    5.99
  34279.160    54.639     5.55    5.74
  34652.587    56.080     3.86    5.25
  35026.054    56.862     2.09    4.73
  35399.561    57.862     2.68    4.57
  35773.107    59.291     3.83    4.34
  36146.694    60.509     3.26    3.86
  36520.320    62.148     4.39    2.19
  36893.986    63.068     2.46    1.22
  37267.692    63.478     1.10    1.11
  37641.439    63.862     1.03    0.96
  38015.225    64.041     0.48    1.27
  38389.051    64.460     1.12    1.47
  38762.917    64.620     0.43    1.51
  39136.823    64.856     0.63    1.44
  39510.769    64.866     0.03    1.35
  39884.755    64.453    -1.10    1.25
  40258.781    64.204    -0.67    1.28
  40632.847    62.860    -3.59    2.58
  41006.954    61.513    -3.60    3.33
  41381.100    60.643    -2.33    3.89
  41755.286    60.039    -1.61    4.60
  42129.513    60.172     0.35    5.03
  42503.780    60.987     2.18    4.78
  42878.087    61.689     1.88    3.02
  43252.434    60.793    -2.39    3.33
  43626.821    59.315    -3.95    3.88
  44001.248    58.334    -2.62    3.78
  44375.716    57.197    -3.04    4.28
  44750.223    54.741    -6.56    6.20
  45124.771    50.571   -11.13    7.72
  45499.360    45.568   -13.36    9.39
  45873.988    39.793   -15.42    8.23
  46248.657    37.478    -6.18    6.71
  46623.366    38.793     3.51    8.47
  46998.115    44.366    14.87   10.60
  47372.905    50.315    15.87   10.24
  47747.735    55.881    14.85    7.81
  48122.606    59.241     8.96    8.27
  48497.516    62.379     8.37    9.11
  48872.467    65.310     7.82    7.60
  49247.459    68.258     7.86    4.77
  49622.491    68.302     0.12    3.67
  49997.563    66.690    -4.30    2.93
  50372.676    65.437    -3.34    2.78
  50747.829    64.774    -1.77    2.53
  51123.023    63.689    -2.89    2.69
  51498.257    63.215    -1.26    2.96
  51873.532    63.588     1.00    2.91
  52248.847    62.775    -2.17    3.35
  52624.203    60.999    -4.73    4.72
  52999.599    60.482    -1.38    4.36
  53375.036    61.508     2.73    4.92
  53750.513    63.419     5.09    5.03
  54126.031    65.537     5.64    2.81
  54501.590    66.337     2.13    1.98
  54877.189    65.811    -1.40    1.84
  55252.828    64.499    -3.49    1.89
  55628.509    63.232    -3.37    2.67
  56004.230    61.495    -4.62    3.12
  56379.992    59.258    -5.95    3.97
  56755.794    57.069    -5.83    4.29
  57131.637    55.195    -4.98    3.27
  57507.521    54.436    -2.02    2.44
  57883.446    54.057    -1.01    2.11
  58259.411    53.672    -1.02    2.28
  58635.417    52.948    -1.93    3.19
  59011.464    52.368    -1.54    3.60
  59387.552    51.419    -2.52    3.68
  59763.680    51.187    -0.62    3.57
  60139.849    50.610    -1.54    3.84
  60516.060    48.759    -4.92    4.18
  60892.311    48.039    -1.91    4.16
  61268.602    48.402     0.96    4.93
  61644.935    49.588     3.15    5.67
  62021.309    52.120     6.73    4.95
  62397.723    53.068     2.52    3.73
  62774.179    52.888    -0.48    3.24
  63150.675    51.919    -2.57    3.34
  63527.212    50.141    -4.72    3.88
  63903.791    48.098    -5.43    3.71
  64280.410    47.413    -1.82    2.70
  64657.070    48.103     1.83    2.90
  65033.772    49.396     3.43    3.15
  65410.514    51.206     4.81    3.07
  65787.297    52.187     2.60    2.80
  66164.122    52.626     1.16    2.76
  66540.987    53.162     1.42    1.82
  66917.894    52.811    -0.93    1.73
  67294.842    51.893    -2.43    2.04
  67671.830    50.775    -2.97    2.08
  68048.860    50.017    -2.01    1.84
  68425.931    49.275    -1.97    1.74
  68803.044    48.424    -2.26    1.93
  69180.197    47.348    -2.85    2.32
  69557.392    45.941    -3.73    2.63
  69934.628    44.672    -3.36    2.26
  70311.905    44.022    -1.72    2.09
  70689.223    43.517    -1.34    1.99
  71066.583    43.074    -1.17    1.99
  71443.984    43.080     0.01    1.98
  71821.426    43.359     0.74    2.09
  72198.909    43.200    -0.42    1.90
  72576.434    42.385    -2.16    2.77
  72954.000    40.986    -3.70    2.72
  73331.607    40.029    -2.54    2.37
  73709.256    38.927    -2.92    2.82
  74086.946    37.460    -3.88    3.14
  74464.678    36.080    -3.65    3.62
  74842.451    35.927    -0.40    3.63
  75220.265    36.509     1.54    3.87
  75598.121    38.364     4.91    3.64
  75976.018    40.114     4.63    1.66
  76353.957    39.879    -0.62    1.68
  76731.937    39.482    -1.05    2.44
  77109.959    39.686     0.54    2.79
  77488.022    40.453     2.03    2.97
  77866.127    41.348     2.37    2.48
  78244.274    42.134     2.08    2.30
  78622.461    43.029     2.37    1.71
  79000.691    42.862    -0.44    1.81
  79377.200    41.921    -2.50    2.19
  79747.359    40.605    -3.56    2.31
  80117.558    38.758    -4.99    2.18
  80487.797    37.544    -3.28    1.91
  80858.076    36.891    -1.77    1.85
  81228.394    35.455    -3.88    3.17
  81598.752    34.470    -2.66    3.58
  81969.150    33.286    -3.20    3.21
  82339.587    32.811    -1.28    2.48
  82710.064    33.588     2.10    1.86
  83080.582    34.080     1.33    1.50
  83451.139    34.588     1.37    1.51
  83821.735    34.568    -0.05    1.37
  84192.372    34.265    -0.82    1.09
  84563.049    33.879    -1.04    0.89
  84933.765    34.057     0.48    1.00
  85304.521    34.690     1.71    1.80
  85675.318    34.674    -0.04    4.12
  86046.154    33.384    -3.48    6.66
  86417.030    30.921    -6.64    8.05
  86787.946    28.437    -6.70    8.59
  87158.902    25.724    -7.32    7.45
  87529.898    24.482    -3.35    6.24
  87900.934    24.015    -1.26    5.64
  88272.010    23.179    -2.25    4.04
  88643.126    22.499    -1.83    1.48
  89014.282    22.541     0.11    1.35
  89385.478    22.571     0.08    1.35
  89756.715    22.655     0.22    1.30
  90127.991    22.879     0.60    1.33
  90499.307    22.961     0.22    1.44
  90870.664    22.390    -1.54    2.03
  91242.060    21.544    -2.28    2.10
  91613.497    20.562    -2.64    1.74
  91984.974    20.103    -1.24    1.15
  92356.491    20.022    -0.22    1.42
  92728.049    20.167     0.39    1.59
  93099.646    20.080    -0.23    1.76
  93471.284    19.741    -0.91    2.00
  93842.962    19.458    -0.76    2.04
  94214.680    19.232    -0.61    1.98
  94586.439    19.120    -0.30    2.14
  94958.237    18.986    -0.36    2.31
  95330.076    18.741    -0.66    2.35
  95701.956    18.402    -0.91    2.42
  96073.875    17.987    -1.12    2.26
  96445.835    17.491    -1.33    1.87
  96817.836    16.948    -1.46    0.87
  97189.876    17.155     0.56    1.21
  97561.958    17.495     0.91    1.58
  97934.079    17.899     1.09    1.95
  98306.241    18.622     1.94    2.50
  98678.443    19.158     1.44    2.70
  99050.686    19.565     1.10    2.83
  99422.969    20.120     1.49    2.97
  99795.293    20.377     0.69    2.84
 100167.657    20.458     0.22    2.69
 100540.062    22.169     4.60    7.35
 100912.507    30.511    22.40   20.59
 101284.993    42.189    31.35   28.93
 101657.519    47.074    13.11   29.19
 102030.086    44.232    -7.63   26.59
 102402.693    36.385   -21.06   21.40
 102775.341    26.275   -27.13    9.79
 103148.029    22.165   -11.03    2.22
 103520.759    22.003    -0.43    2.32
 103893.528    22.022     0.05    2.45
 104266.339    21.508    -1.38    2.96
 104639.190    20.963    -1.46    3.12
 105012.082    20.241    -1.94    3.04
 105385.014    19.634    -1.63    2.86
 105757.987    19.102    -1.43    2.35
 106131.001    18.658    -1.19    2.05
 106504.056    18.637    -0.05    1.87
 106877.151    19.046     1.10    2.29
 107250.287    19.300     0.68    2.20
 107623.464    19.413     0.30    1.70
 107996.682    19.655     0.65    1.64
 108369.940    20.380     1.94    2.16
 108743.240    20.919     1.44    2.26
 109116.580    21.558     1.71    2.24
 109489.961    22.323     2.05    2.02
 109863.383    23.097     2.07    2.09
 110236.845    23.689     1.59    2.15
 110610.349    23.741     0.14    2.39
 110983.894    23.824     0.22    2.59
 111357.479    23.603    -0.59    2.69
 111731.105    22.905    -1.87    2.78
 112104.773    22.379    -1.41    2.90
 112478.481    21.499    -2.35    2.60
 112852.231    21.294    -0.55    2.53
 113226.021    20.856    -1.17    2.25
 113599.852    20.655    -0.54    2.00
 113973.725    20.482    -0.46    1.88
 114347.638    21.446     2.58    5.65
 114721.593    21.413    -0.09    6.98
 115095.588    21.436     0.06    6.81
 115469.625    21.910     1.27    6.74
 115843.703    22.757     2.26    7.42
 116217.822    24.366     4.30    8.03
 116591.982    28.167    10.16   12.15
 116966.183    36.432    22.09   20.58
 117340.425    49.074    33.79   32.53
 117714.709    68.673    52.37   42.50
 118089.034    90.483    58.27   47.90
 118463.400   111.097    55.07   42.85
 118837.807   130.554    51.98   32.49
 119212.255   136.503    15.89   30.35
 119586.745   146.351    26.30   30.12
 119961.276   148.999     7.07   28.79
 120335.848   145.152   -10.27   28.47
 120710.462   154.708    25.51   25.58
 121085.117   159.068    11.64   21.00
 121459.813   157.758    -3.50   18.77
 121834.551   157.046    -1.90   18.75
 122209.330   152.792   -11.35   19.25
 122584.150   150.896    -5.06   22.05
 122959.012   153.425     6.75   22.71
 123333.915   147.608   -15.52   23.42
 123708.860   138.098   -25.37   24.31
 124083.846   128.987   -24.30   23.36
 124458.873   113.470   -41.38   20.04
 124833.942   109.689   -10.08   18.50
 125209.052   114.131    11.84   23.87
 125584.204   117.012     7.68   29.09
 125959.398   130.656    36.37   29.29
 126334.633   143.368    33.88   27.47
 126709.909   152.643    24.72   24.86
 127085.228   156.672    10.74   20.80
 127460.587   155.691    -2.61   19.35
 127835.989   154.759    -2.48   19.40
 128211.431   149.258   -14.65   21.76
 128586.916   139.913   -24.89   24.27
 128962.442   134.249   -15.08   25.43
 129338.010   127.208   -18.75   23.08
 129713.619   123.565    -9.70   22.98
 130089.271   124.891     3.53   23.25
 130464.964   134.796    26.37   23.26
 130840.698   146.541    31.26   22.09
 131216.475   154.826    22.05   19.72
 131592.293   159.709    13.00   17.58
 131968.153   162.334     6.98   14.84
 132344.054   163.241     2.41   15.97
 132719.998   159.479   -10.01   16.32
 133095.983   157.379    -5.59   16.74
 133472.010   151.876   -14.63   21.21
 133848.079   144.437   -19.78   20.52
 134224.190   132.052   -32.93   21.89
 134600.342   118.017   -37.32   22.65
 134976.537   107.172   -28.83   22.62
 135352.773    96.347   -28.77   16.81
 135729.052    92.191   -11.05   13.56
 136105.372    90.758    -3.81    9.96
 136481.734    94.277     9.35   11.22
 136858.139   105.282    29.24   13.84
 137234.585   113.794    22.62   16.41
 137611.073   120.118    16.80   19.50
 137987.603   125.741    14.94   20.94
 138364.176   129.758    10.67   21.40
 138740.790   132.103     6.23   20.66
 139117.446   137.165    13.44   22.16
 139494.145   147.408    27.20   24.02
 139870.885   151.277    10.27   21.85
 140247.668   153.511     5.93   19.98
 140624.493   159.910    16.98   15.74
 141001.360   166.517    17.53   14.76
 141378.269   170.453    10.44   13.04
 141755.220   171.608     3.06   13.00
 142132.213   167.758   -10.21   16.46
 142509.249   163.012   -12.59   18.39
 142886.327   159.905    -8.24   19.66
 143263.447   159.934     0.08   19.76
 143640.609   162.206     6.03   16.82
 144017.814   161.588    -1.64   16.66
 144395.061   156.374   -13.82   18.29
 144772.350   145.206   -29.60   21.12
 145149.682   138.158   -18.68   19.46
 145527.055   138.806     1.72   21.65
 145904.472   146.810    21.21   21.97
 146281.930   161.308    38.41   16.30
 146659.431   166.495    13.74   14.12
 147036.974   163.809    -7.12   17.00
 147414.560   158.300   -14.59   20.10
 147792.188   147.334   -29.04   23.12
 148169.859   134.626   -33.65   21.83
 148547.572   128.723   -15.63   18.37
 148925.327   130.131     3.73   14.43
 149303.125   140.562    27.62   17.92
 149680.966   157.327    44.38   18.60
 150058.849   165.841    22.53   13.94
 150436.775   167.446     4.25   13.69
 150814.743   163.791    -9.67   18.00
 151192.753   163.586    -0.54   18.11
 151570.807   165.774     5.79   15.76
 151948.903   164.955    -2.17   14.39
 152327.041   162.351    -6.89   15.42
 152705.222   153.341   -23.83   18.68
 153083.446   140.282   -34.53   22.58
 153461.712   124.051   -42.91   21.53
 153840.021   114.622   -24.93   14.54
 154217.652   115.692     2.83   16.61
 154587.692   125.337    26.07   20.48
 154957.772   135.189    26.62   18.53
 155327.894   144.969    26.43   19.45
 155698.056   147.265     6.21   19.09
 156068.258   154.482    19.50   19.68
 156438.502   160.499    16.25   19.27
 156808.786   163.118     7.07   17.18
 157179.111   165.724     7.04   15.70
 157549.477   162.402    -8.97   18.10
 157919.884   153.458   -24.15   23.92
 158290.331   137.003   -44.42   26.44
 158660.819   124.652   -33.34   22.94
 159031.349   115.593   -24.45   12.48
 159401.919   114.583    -2.73    9.03
 159772.530   117.424     7.67    8.58
 160143.182   123.620    16.72    8.87
 160513.874   129.921    17.00    8.54
 160884.608   135.408    14.80    7.35
 161255.383   138.978     9.63    6.49
 161626.199   143.344    11.78    7.06
 161997.055   146.918     9.64    6.93
 162367.953   150.344     9.24    6.27
 162738.892   152.927     6.96    6.09
 163109.872   154.921     5.38    6.29
 163480.892   155.495     1.55    5.84
 163851.954   154.029    -3.95    6.50
 164223.057   151.741    -6.17    6.62
 164594.201   147.413   -11.66    8.56
 164965.386   145.913    -4.04    8.22
 165336.613   151.725    15.66   14.83
 165707.880   158.402    17.99   17.26
 166079.188   163.724    14.34   16.13
 166450.538   170.982    19.55   12.72
 166821.929   173.096     5.69   12.44
 167193.361   174.232     3.06   11.35
 167564.834   176.944     7.30    8.51
 167936.349   176.866    -0.21    7.52
