# NaN NaN NaN ;Mean Elev.(m), Avg Gradient(m/km), RMS Gradient(m/km) - SRTM1     
#   50.637  -0.281   3.396 ;Mean Elev.(m), Avg Gradient(m/km), RMS Gradient(m/km) - ASTER GDEM
#   46.609  -0.242   1.347 ;Mean Elev.(m), Avg Gradient(m/km), RMS Gradient(m/km) - GMTED2010 
  7    50.988 52456.07562997 18.44 132.257190  47.714856 18.514
  7    50.999 52456.07563062 16.25 132.255880  47.711606 18.514
  7    50.776 52456.07563126 16.44 132.254560  47.708366 18.514
  7    52.083 52456.07563191 18.34 132.253240  47.705126 18.514
 10    50.422 52561.07563090 36.23 132.264768  47.719387 31.434
 10    50.546 52561.07563155 36.96 132.263458  47.716147 31.434
 10    50.117 52561.07563219 44.42 132.262138  47.712907 31.434
 10    50.183 52561.07563284 52.40 132.260818  47.709657 31.434
 11    49.425 52596.07564360 30.32 132.250659  47.711331 14.737
 11    49.570 52596.07564424 32.56 132.249339  47.708091 14.737
 11    49.709 52596.07564489 29.35 132.248019  47.704841 14.737
 12    49.045 52631.07557731 18.79 132.271521  47.727845  5.393
 12    49.101 52631.07557795 18.66 132.270201  47.724605  5.393
 12    49.233 52631.07557860 19.05 132.268881  47.721365  5.393
 12    49.091 52631.07557924 18.58 132.267561  47.718115  5.393
 12    49.181 52631.07557989 18.34 132.266241  47.714875  5.393
 12    49.398 52631.07558053 17.78 132.264921  47.711625  5.393
 15    49.362 52736.07561226 25.26 132.262416  47.717460 17.852
 15    49.382 52736.07561290 34.08 132.261096  47.714210 17.852
 15    49.331 52736.07561355 32.38 132.259776  47.710970 17.852
 15    49.246 52736.07561419 34.31 132.258456  47.707720 17.852
 17    51.357 52806.07563471 40.79 132.268137  47.723255 34.209
 17    51.089 52806.07563535 37.07 132.266817  47.720015 34.209
 17    51.073 52806.07563600 36.60 132.265507  47.716775 34.209
 17    51.082 52806.07563664 51.21 132.264187  47.713525 34.209
 17    51.172 52806.07563728 50.28 132.262867  47.710285 34.209
 18    53.871 52841.07569427 53.06 132.269758  47.725667 34.050
 18    53.960 52841.07569492 52.45 132.268438  47.722427 34.050
 18    54.008 52841.07569556 50.55 132.267118  47.719177 34.050
 18    53.999 52841.07569621 48.69 132.265798  47.715937 34.050
 18    53.969 52841.07569685 50.26 132.264488  47.712697 34.050
 18    53.970 52841.07569750 48.18 132.263168  47.709447 34.050
 19    54.019 52876.07573449 35.73 132.263893  47.719613 27.742
 19    53.975 52876.07573514 35.96 132.262573  47.716373 27.742
 19    53.943 52876.07573578 37.14 132.261253  47.713133 27.742
 19    53.936 52876.07573643 35.03 132.259943  47.709883 27.742
 19    54.269 52876.07573707 38.08 132.258623  47.706643 27.742
 20    53.572 52911.07569968 27.81 132.264141  47.718531 19.595
 20    53.441 52911.07570033 23.20 132.262821  47.715291 19.595
 20    53.524 52911.07570097 20.26 132.261511  47.712041 19.595
 20    53.696 52911.07570162 23.52 132.260191  47.708801 19.595
 23    50.083 53016.07568953 16.63 132.254554  47.713475  5.111
 23    50.131 53016.07569017 17.33 132.253234  47.710225  5.111
 23    50.120 53016.07569082 18.15 132.251924  47.706985  5.111
 23    49.994 53016.07569146 16.19 132.250604  47.703735  5.111
 24    49.591 53051.07566285 14.17 132.273042  47.728106  9.046
 24    49.767 53051.07566350 13.95 132.271722  47.724866  9.046
 24    50.429 53051.07566414 13.27 132.270402  47.721616  9.046
 24    50.758 53051.07566479 13.06 132.269082  47.718376  9.046
 24    50.477 53051.07566543 15.21 132.267772  47.715136  9.046
 24    49.768 53051.07566607 22.64 132.266452  47.711886  9.046
 25    54.217 53086.07570327  5.35 132.247023  47.711157  8.346
 25    54.199 53086.07570392  5.63 132.245703  47.707917  8.346
 25    51.931 53086.07570456  6.49 132.244383  47.704667  8.346
 26    51.111 53121.07567106 27.74 132.264404  47.719850 28.279
 26    51.052 53121.07567170 22.05 132.263094  47.716610 28.279
 26    51.191 53121.07567235 22.13 132.261774  47.713360 28.279
 26    51.224 53121.07567299 19.06 132.260454  47.710120 28.279
 26    53.406 53121.07567364 26.14 132.259134  47.706870 28.279
 27    55.396 53156.07572638 51.89 132.256537  47.715404 37.421
 27    55.385 53156.07572703 50.55 132.255217  47.712164 37.421
 27    55.437 53156.07572767 49.96 132.253897  47.708914 37.421
 27    55.502 53156.07572832 52.06 132.252577  47.705674 37.421
 28    52.130 53191.07571572 28.68 132.269632  47.724854 19.706
 28    52.196 53191.07571637 24.86 132.268312  47.721614 19.706
 28    52.360 53191.07571701 20.38 132.267002  47.718364 19.706
 28    52.362 53191.07571765 16.36 132.265682  47.715124 19.706
 28    52.444 53191.07571830 15.98 132.264362  47.711874 19.706
 28    54.016 53191.07571894 15.72 132.263042  47.708634 19.706
 29    52.682 53226.07572322 31.77 132.262056  47.716815 22.863
 29    52.713 53226.07572386 42.52 132.260736  47.713575 22.863
 29    52.684 53226.07572451 33.34 132.259416  47.710325 22.863
 29    52.639 53226.07572515 26.19 132.258106  47.707085 22.863
 30    52.618 53261.07569875 45.96 132.249115  47.710789 23.165
 30    52.463 53261.07569940 35.01 132.247805  47.707549 23.165
 30    52.273 53261.07570004 31.43 132.246485  47.704299 23.165
 31    51.398 53296.07573017 51.14 132.254203  47.712933 33.430
 31    51.425 53296.07573081 50.57 132.252883  47.709693 33.430
 31    51.483 53296.07573145 48.31 132.251563  47.706443 33.430
 32    48.829 53331.07570187 29.98 132.261267  47.716395 24.041
 32    48.965 53331.07570252 34.87 132.259947  47.713155 24.041
 32    48.974 53331.07570316 46.43 132.258627  47.709905 24.041
 32    49.019 53331.07570381 46.92 132.257307  47.706665 24.041
 33    50.088 53366.07564969 17.17 132.258127  47.715752  4.776
 33    50.226 53366.07565033 16.75 132.256807  47.712502  4.776
 33    50.207 53366.07565098 17.62 132.255497  47.709262  4.776
 33    50.060 53366.07565162 16.91 132.254177  47.706012  4.776
 35    50.352 53436.07566576 10.42 132.258032  47.715358  3.631
 35    50.167 53436.07566641 10.99 132.256722  47.712118  3.631
 35    50.322 53436.07566705 10.07 132.255402  47.708868  3.631
 35    50.126 53436.07566770 10.29 132.254082  47.705628  3.631
 36    50.097 53471.07571366 27.71 132.262990  47.719340 25.099
 36    50.313 53471.07571431 32.00 132.261670  47.716090 25.099
 36    50.239 53471.07571495 34.13 132.260350  47.712850 25.099
 36    50.126 53471.07571560 31.48 132.259030  47.709600 25.099
 36    54.003 53471.07571624 31.21 132.257710  47.706360 25.099
 37    51.836 53506.07575004 20.92 132.256081  47.713625 25.231
 37    51.890 53506.07575068 20.76 132.254761  47.710375 25.231
 37    53.541 53506.07575133 19.28 132.253451  47.707135 25.231
 38    53.099 53541.07575342 52.35 132.256819  47.714146 36.798
 38    53.077 53541.07575407 48.51 132.255499  47.710896 36.798
 38    53.111 53541.07575471 49.94 132.254179  47.707656 36.798
 38    53.115 53541.07575536 47.39 132.252859  47.704406 36.798
 39    52.271 53576.07574516 54.40 132.252957  47.712060 29.732
 39    52.315 53576.07574580 51.33 132.251647  47.708820 29.732
 39    52.262 53576.07574645 50.93 132.250327  47.705570 29.732
 40    51.440 53611.07569692 15.84 132.249643  47.710308 17.990
 40    50.877 53611.07569757 18.29 132.248323  47.707058 17.990
 40    51.918 53611.07569821 17.22 132.247003  47.703818 17.990
 41    51.714 53646.07569731 17.61 132.270685  47.726118 28.054
 41    51.349 53646.07569795 17.70 132.269365  47.722868 28.054
 41    50.741 53646.07569860 27.86 132.268045  47.719628 28.054
 41    50.735 53646.07569924 28.41 132.266735  47.716388 28.054
 41    50.627 53646.07569989 33.62 132.265415  47.713138 28.054
 41    50.477 53646.07570053 26.91 132.264095  47.709898 28.054
 42    49.609 53681.07571713 30.06 132.251714  47.711917 30.929
 42    49.679 53681.07571777 40.12 132.250394  47.708667 30.929
 42    49.673 53681.07571842 37.33 132.249074  47.705427 30.929
 43    49.698 53716.07564385 27.43 132.259278  47.716101 11.479
 43    49.840 53716.07564450 28.45 132.257958  47.712851 11.479
 43    49.905 53716.07564514 30.84 132.256648  47.709611 11.479
 43    49.990 53716.07564578 32.82 132.255328  47.706361 11.479
 44    49.952 53751.07555461 22.42 132.286611  47.749125  6.754
 44    49.804 53751.07555526 33.10 132.285291  47.745885  6.754
 44    49.811 53751.07555590 25.56 132.283971  47.742635  6.754
 44    49.825 53751.07555654 19.48 132.282651  47.739395  6.754
 44    49.978 53751.07555719 18.74 132.281331  47.736153  8.735
 44    49.916 53751.07555783 18.80 132.280011  47.732903  8.735
 44    49.972 53751.07555848 19.03 132.278691  47.729663  8.735
 44    49.975 53751.07555912 19.71 132.277371  47.726423  8.735
 44    49.973 53751.07555977 19.70 132.276051  47.723173  8.735
 44    49.750 53751.07556041 22.11 132.274741  47.719933  8.735
 44    49.791 53751.07556106 26.70 132.273421  47.716683  8.735
 44    49.861 53751.07556170 29.76 132.272101  47.713443  8.735
 45    49.829 53786.07559127 14.31 132.263918  47.718485  9.046
 45    49.951 53786.07559191 26.65 132.262598  47.715245  9.046
 45    50.071 53786.07559255 32.64 132.261288  47.712005  9.046
 45    50.057 53786.07559320 40.23 132.259968  47.708755  9.046
 46    50.422 53821.07554973  9.92 132.253365  47.711850  3.690
 46    50.410 53821.07555037 11.07 132.252045  47.708610  3.690
 46    50.319 53821.07555102 10.95 132.250725  47.705370  3.690
 47    50.799 53856.07563596 30.10 132.259570  47.715852 19.521
 47    50.738 53856.07563660 28.78 132.258250  47.712602 19.521
 47    50.555 53856.07563725 25.41 132.256930  47.709362 19.521
 47    50.702 53856.07563789 27.44 132.255610  47.706122 19.521
 48    51.315 53891.07564449 41.31 132.273119  47.729071 42.772
 48    51.397 53891.07564513 35.50 132.271799  47.725831 42.772
 48    51.408 53891.07564578 43.66 132.270489  47.722591 42.772
 48    51.321 53891.07564642 43.99 132.269169  47.719341 42.772
 48    51.241 53891.07564706 55.95 132.267849  47.716101 42.772
 48    51.276 53891.07564771 53.35 132.266529  47.712851 42.772
 48    51.418 53891.07564835 51.76 132.265209  47.709611 42.772
 49    51.980 53926.07571136 29.21 132.249404  47.710713 17.584
 49    53.023 53926.07571201 22.18 132.248084  47.707473 17.584
 49    53.285 53926.07571265 28.40 132.246764  47.704233 17.584
 50    53.119 53961.07569831 51.96 132.248049  47.710291 39.608
 50    53.046 53961.07569895 52.35 132.246739  47.707041 39.608
 50    53.033 53961.07569960 53.06 132.245419  47.703801 39.608
 51    52.206 53996.07562938 51.90 132.286938  47.748432 28.046
 51    52.082 53996.07563003 51.42 132.285618  47.745182 28.046
 51    52.107 53996.07563067 53.25 132.284298  47.741942 28.046
 51    52.224 53996.07563132 52.01 132.282978  47.738692 28.046
 51    52.234 53996.07563196 49.01 132.281648  47.735452 28.046
 51    52.175 53996.07563261 49.21 132.280328  47.732202 28.046
 51    52.127 53996.07563325 50.11 132.279008  47.728962 28.046
 51    52.152 53996.07563389 49.83 132.277689  47.725718 25.263
 51    52.202 53996.07563454 51.21 132.276369  47.722478 25.263
 51    52.257 53996.07563518 50.51 132.275049  47.719228 25.263
 51    52.315 53996.07563583 50.43 132.273729  47.715988 25.263
 51    52.385 53996.07563647 49.27 132.272409  47.712738 25.263
 52    50.903 54031.07568804 33.24 132.272103  47.727727 30.108
 52    50.806 54031.07568869 33.83 132.270783  47.724477 30.108
 52    50.972 54031.07568933 41.99 132.269471  47.721233 30.698
 52    50.997 54031.07568998 43.16 132.268151  47.717993 30.698
 52    51.023 54031.07569062 51.83 132.266831  47.714743 30.698
 52    51.067 54031.07569127 49.83 132.265511  47.711503 30.698
 53    49.032 54066.07568395 26.75 132.262893  47.719053 15.968
 53    49.233 54066.07568459 26.48 132.261573  47.715803 15.968
 53    49.296 54066.07568524 31.34 132.260253  47.712563 15.968
 53    49.344 54066.07568588 31.94 132.258933  47.709313 15.968
 53    49.273 54066.07568653 33.62 132.257623  47.706073 15.968
 54    50.361 54101.07564776 22.60 132.254276  47.713707  5.760
 54    50.442 54101.07564840 23.17 132.252956  47.710467  5.760
 54    50.364 54101.07564905 23.65 132.251636  47.707217  5.760
 54    50.309 54101.07564969 24.48 132.250326  47.703977  5.760
 55    50.426 54136.07560978 17.01 132.267199  47.721248  5.356
 55    50.594 54136.07561042 17.37 132.265879  47.717998  5.356
 55    50.555 54136.07561107 18.48 132.264559  47.714758  5.356
 55    50.501 54136.07561171 19.73 132.263239  47.711508  5.356
 55    50.257 54136.07561236 16.54 132.261919  47.708268  5.356
 57    50.974 54206.07561536 52.68 132.265512  47.718343 35.386
 57    50.989 54206.07561601 52.49 132.264192  47.715093 35.386
 57    50.999 54206.07561665 42.20 132.262872  47.711853 35.386
 57    50.933 54206.07561730 46.17 132.261552  47.708603 35.386
 58    51.251 54241.07564861 21.38 132.262327  47.717643 14.130
 58    51.423 54241.07564925 17.53 132.261007  47.714393 14.130
 58    51.492 54241.07564989 18.41 132.259697  47.711153 14.130
 58    52.970 54241.07565054 16.77 132.258377  47.707913 14.130
 59    51.373 54276.07566372 22.68 132.262539  47.719018 14.907
 59    51.440 54276.07566436 19.68 132.261219  47.715778 14.907
 59    51.546 54276.07566501 28.65 132.259899  47.712528 14.907
 59    51.531 54276.07566565 26.41 132.258589  47.709288 14.907
 59    51.479 54276.07566630 26.45 132.257269  47.706048 14.907
 61    53.745 54346.07564049 49.70 132.254844  47.712868 25.617
 61    53.611 54346.07564114 48.81 132.253524  47.709618 25.617
 61    53.723 54346.07564178 49.28 132.252204  47.706378 25.617
 62    51.328 54381.07560127 27.63 132.266368  47.720012 35.063
 62    51.193 54381.07560192 21.95 132.265058  47.716772 35.063
 62    51.241 54381.07560256 21.21 132.263738  47.713522 35.063
 62    51.173 54381.07560321 20.27 132.262417  47.710277 17.468
 63    49.487 54416.07558867 29.59 132.258226  47.716645 27.933
 63    49.559 54416.07558932 36.92 132.256906  47.713405 27.933
 63    49.566 54416.07558996 51.35 132.255588  47.710158 22.578
 63    49.641 54416.07559061 54.33 132.254278  47.706918 22.578
 64    49.261 54451.07556853 28.88 132.270008  47.725820  9.111
 64    49.488 54451.07556917 27.57 132.268688  47.722580  9.111
 64    49.526 54451.07556982 27.49 132.267368  47.719340  9.111
 64    49.721 54451.07557046 26.61 132.266048  47.716090  9.111
 64    50.058 54451.07557111 33.92 132.264731  47.712845  7.365
 64    50.082 54451.07557175 39.68 132.263411  47.709605  7.365
 65    49.795 54486.07558436 16.84 132.263341  47.717897  4.269
 65    50.027 54486.07558500 21.75 132.262021  47.714647  4.269
 65    50.088 54486.07558565 23.18 132.260711  47.711407  4.269
 65    50.060 54486.07558629 15.39 132.259391  47.708157  4.269
 66    49.653 54521.07558280 13.55 132.267528  47.721653  9.839
 66    49.768 54521.07558345 14.44 132.266208  47.718403  9.839
 66    49.914 54521.07558409 21.26 132.264888  47.715163  9.839
 66    49.973 54521.07558474 35.24 132.263568  47.711913  9.839
 66    49.890 54521.07558538 34.51 132.262248  47.708673  9.839
 67    50.380 54556.07559586 41.61 132.256109  47.714282 25.927
 67    50.554 54556.07559651 43.15 132.254789  47.711042 25.927
 67    50.395 54556.07559715 35.26 132.253469  47.707792 25.927
 67    50.498 54556.07559779 36.93 132.252159  47.704552 25.927
 68    50.574 54591.07557914 30.36 132.263287  47.718817 21.640
 68    49.675 54591.07557979 31.23 132.261967  47.715567 21.640
 68    49.769 54591.07558043 47.61 132.260647  47.712327 21.640
 68    49.748 54591.07558108 51.94 132.259327  47.709077 21.640
 69    50.491 54626.07559614 25.14 132.259537  47.716217 20.432
 69    50.438 54626.07559678 23.65 132.258217  47.712977 20.432
 69    50.446 54626.07559742 19.61 132.256897  47.709727 20.432
 69    50.468 54626.07559807 21.44 132.255587  47.706487 20.432
 70    49.731 54661.07560413 26.18 132.259397  47.716111 12.530
 70    50.032 54661.07560477 34.64 132.258077  47.712871 12.530
 70    50.105 54661.07560542 33.90 132.256757  47.709621 12.530
 70    50.104 54661.07560606 29.33 132.255437  47.706381 12.530
 71    51.511 54696.07558165 36.89 132.257794  47.714601 24.799
 71    51.478 54696.07558229 26.29 132.256474  47.711351 24.799
 71    51.316 54696.07558293 14.21 132.255154  47.708111 24.799
 71    51.197 54696.07558358 17.91 132.253834  47.704861 24.799
 72    51.491 54731.07555899 24.46 132.265898  47.719221 21.609
 72    51.520 54731.07555964 24.03 132.264578  47.715971 21.609
 72    51.418 54731.07556028 22.48 132.263258  47.712731 21.609
 72    51.850 54731.07556093 25.94 132.261938  47.709481 21.609
 73    50.683 54766.07556026 37.38 132.260966  47.716645 23.897
 73    50.663 54766.07556090 30.69 132.259646  47.713395 23.897
 73    50.543 54766.07556155 19.56 132.258326  47.710155 23.897
 73    50.199 54766.07556219 18.99 132.257006  47.706905 23.897
 75    50.673 54836.07555173 17.39 132.260593  47.717127  4.884
 75    50.567 54836.07555237 17.88 132.259273  47.713877  4.884
 75    50.181 54836.07555302 18.15 132.257953  47.710637  4.884
 75    50.171 54836.07555366 17.47 132.256633  47.707387  4.884
 76    50.013 54871.07554963 12.83 132.269430  47.725740  3.376
 76    50.437 54871.07555027 12.37 132.268110  47.722500  3.376
 76    50.797 54871.07555092 12.38 132.266790  47.719250  3.376
 76    50.651 54871.07555156 12.70 132.265470  47.716010  3.376
 76    50.608 54871.07555220 12.33 132.264150  47.712760  3.376
 76    50.257 54871.07555285 12.71 132.262830  47.709520  3.376
 77    50.047 54906.07556115  9.39 132.252595  47.713252  3.094
 77    50.265 54906.07556180  9.42 132.251275  47.710002  3.094
 77    50.080 54906.07556244 11.78 132.249965  47.706762  3.094
 77    50.134 54906.07556308 11.38 132.248645  47.703512  3.094
 78    50.981 54941.07554296 30.09 132.264648  47.718483 24.977
 78    51.199 54941.07554361 39.18 132.263328  47.715243 24.977
 78    51.124 54941.07554425 33.24 132.262008  47.711993 24.977
 78    51.144 54941.07554490 31.89 132.260688  47.708753 24.977
 79    51.347 54976.07557219 23.57 132.261328  47.717544 22.233
 79    51.507 54976.07557284 24.80 132.260008  47.714294 22.233
 79    51.369 54976.07557348 26.24 132.258688  47.711054 22.233
 79    51.253 54976.07557413 18.77 132.257368  47.707804 22.233
 80    54.650 55011.07558313 13.21 132.258212  47.714832 20.549
 80    55.128 55011.07558377 14.34 132.256892  47.711592 20.549
 80    55.398 55011.07558442 13.82 132.255572  47.708342 20.549
 80    52.814 55011.07558506 15.25 132.254262  47.705102 20.549
 81    53.905 55046.07557367 26.93 132.262500  47.717229 36.434
 81    53.685 55046.07557431 25.75 132.261180  47.713979 36.434
 81    53.973 55046.07557495 25.49 132.259860  47.710739 36.434
 81    54.196 55046.07557560 37.34 132.258540  47.707489 36.434
 82    54.408 55081.07554813 45.11 132.255199  47.714157 35.603
 82    54.428 55081.07554877 41.48 132.253879  47.710907 35.603
 82    54.465 55081.07554942 41.83 132.252559  47.707667 35.603
 82    54.445 55081.07555006 47.59 132.251239  47.704417 35.603
 83    53.352 55116.07550555 27.20 132.265740  47.719263 36.646
 83    53.259 55116.07550619 21.85 132.264420  47.716013 36.646
 83    53.296 55116.07550683 23.65 132.263100  47.712773 36.646
 83    53.654 55116.07550748 23.16 132.261780  47.709523 36.646
 84    50.333 55151.07550514 33.17 132.258702  47.715745 20.901
 84    50.396 55151.07550579 42.42 132.257382  47.712505 20.901
 84    50.392 55151.07550643 48.13 132.256062  47.709255 20.901
 84    50.426 55151.07550708 42.86 132.254742  47.706015 20.901
 85    52.098 55186.07549057 29.16 132.266223  47.720276 11.048
 85    52.007 55186.07549122 25.83 132.264903  47.717026 11.048
 85    51.984 55186.07549186 23.14 132.263583  47.713786 11.048
 85    51.831 55186.07549251 19.56 132.262263  47.710536 11.048
 85    51.770 55186.07549315 17.47 132.260943  47.707296 11.048
 86    51.902 55221.07550337 14.69 132.258373  47.715999  4.836
 86    51.985 55221.07550402 14.33 132.257053  47.712759  4.836
 86    51.867 55221.07550466 13.43 132.255733  47.709509  4.836
 86    51.736 55221.07550531 13.40 132.254423  47.706269  4.836
 87    52.003 55256.07548714  9.54 132.265639  47.718776  4.067
 87    51.860 55256.07548779  9.53 132.264319  47.715536  4.067
 87    51.870 55256.07548843  9.79 132.262999  47.712286  4.067
 87    51.705 55256.07548908 10.14 132.261679  47.709046  4.067
 88    54.166 55291.07549255  9.58 132.253830  47.713021  9.493
 88    54.918 55291.07549319  8.21 132.252510  47.709781  9.493
 88    55.138 55291.07549384  8.21 132.251190  47.706531  9.493
 89    51.949 55326.07547245 15.80 132.259666  47.716963 17.498
 89    52.168 55326.07547309 15.69 132.258346  47.713713 17.498
 89    52.119 55326.07547373 15.23 132.257026  47.710473 17.498
 89    53.615 55326.07547438 15.89 132.255706  47.707223 17.498
 90    52.349 55361.07547003 49.70 132.257931  47.715032 34.875
 90    52.432 55361.07547067 48.41 132.256611  47.711792 34.875
 90    52.400 55361.07547132 47.18 132.255291  47.708542 34.875
 90    52.427 55361.07547196 39.63 132.253971  47.705302 34.875
 91    51.875 55396.07547499 25.90 132.265248  47.719767 26.146
 91    51.980 55396.07547563 29.39 132.263928  47.716517 26.146
 91    52.082 55396.07547628 39.85 132.262608  47.713277 26.146
 91    52.166 55396.07547692 37.74 132.261288  47.710027 26.146
 92    54.932 55431.07548420 46.99 132.263856  47.718768 37.170
 92    54.985 55431.07548484 46.91 132.262536  47.715528 37.170
 92    54.996 55431.07548549 42.61 132.261216  47.712278 37.170
 92    55.009 55431.07548613 39.55 132.259896  47.709038 37.170
 93    51.620 55466.07544628 36.91 132.255154  47.714209 30.533
 93    51.665 55466.07544693 23.08 132.253834  47.710959 30.533
 93    51.628 55466.07544757 16.63 132.252514  47.707719 30.533
 93    54.010 55466.07544822 26.83 132.251194  47.704469 30.533
