# NaN NaN NaN ;Mean Elev.(m), Avg Gradient(m/km), RMS Gradient(m/km) - SRTM1     
#    4.286  -1.102  17.539 ;Mean Elev.(m), Avg Gradient(m/km), RMS Gradient(m/km) - ASTER GDEM
#   18.375  -0.917  17.114 ;Mean Elev.(m), Avg Gradient(m/km), RMS Gradient(m/km) - GMTED2010 
  8    21.329 52496.50889119 42.04 136.753203  49.470511 12.114
  8    22.107 52496.50889183 34.27 136.751803  49.473741 12.114
  8    22.018 52496.50889248 35.42 136.750413  49.476981 12.114
  8    22.360 52496.50889312 41.08 136.749013  49.480221 12.114
  9    21.491 52531.50887725 36.97 136.737291  49.467810 16.629
  9    21.840 52531.50887790 35.09 136.735901  49.471050 16.629
  9    22.144 52531.50887854 36.60 136.734501  49.474280 16.629
  9    21.807 52531.50887919 43.84 136.733101  49.477520 16.629
 10    20.911 52566.50889879 34.33 136.749455  49.468690 12.968
 10    20.404 52566.50889943 34.43 136.748053  49.471931 19.919
 10    20.820 52566.50890008 24.92 136.746663  49.475171 19.919
 10    20.670 52566.50890072 24.20 136.745263  49.478401 19.919
 11    19.672 52601.50891071 27.96 136.746192  49.469086  9.187
 11    19.838 52601.50891136 27.81 136.744792  49.472326  9.187
 11    19.776 52601.50891200 28.22 136.743402  49.475566  9.187
 11    19.367 52601.50891265 27.87 136.742002  49.478796  9.187
 12    19.856 52636.50887539 13.15 136.739715  49.468708  2.763
 12    20.063 52636.50887603 12.83 136.738315  49.471948  2.763
 12    19.866 52636.50887668 12.70 136.736915  49.475178  2.763
 12    19.611 52636.50887732 12.90 136.735515  49.478418  2.763
 13    19.541 52671.50888018 12.29 136.748168  49.467947  4.972
 13    19.764 52671.50888082 12.56 136.746778  49.471187  4.972
 13    19.738 52671.50888147 11.69 136.745378  49.474427  4.972
 13    19.566 52671.50888211 12.61 136.743988  49.477667  4.972
 14    19.974 52706.50887835  9.23 136.745296  49.467933  2.956
 14    19.889 52706.50887899  9.47 136.743906  49.471173  2.956
 14    19.763 52706.50887964  9.81 136.742506  49.474403  2.956
 14    19.757 52706.50888028  9.28 136.741106  49.477643  2.956
 15    20.083 52741.50891136 35.25 136.746034  49.470340 24.447
 15    20.142 52741.50891201 36.11 136.744644  49.473580 24.447
 15    19.593 52741.50891265 32.85 136.743244  49.476820 24.447
 15    20.098 52741.50891330 28.74 136.741854  49.480050 24.447
 16    19.296 52776.50885489 47.41 136.758047  49.471495 19.619
 16    19.720 52776.50885554 49.31 136.756657  49.474735 19.619
 16    19.107 52776.50885618 47.60 136.755264  49.477971 21.392
 16    19.869 52776.50885682 47.76 136.753864  49.481201 21.392
 17    20.312 52811.50893241 46.56 136.738517  49.468605 18.153
 17    20.296 52811.50893306 48.27 136.737117  49.471845 18.153
 17    19.798 52811.50893370 42.38 136.735717  49.475085 18.153
 17    20.178 52811.50893435 37.43 136.734327  49.478325 18.153
 18    22.929 52846.50898744 48.00 136.741076  49.468643 23.411
 18    23.083 52846.50898808 46.50 136.739676  49.471873 23.411
 18    22.976 52846.50898872 46.27 136.738276  49.475113 23.411
 18    22.946 52846.50898937 49.01 136.736876  49.478353 23.411
 19    22.466 52881.50902420 36.83 136.744762  49.468382 15.965
 19    23.193 52881.50902484 19.81 136.743367  49.471625 31.930
 19    23.341 52881.50902548 19.25 136.741977  49.474855 31.930
 19    24.003 52881.50902613 24.46 136.740577  49.478095 31.930
 20    22.752 52916.50898178 30.17 136.753598  49.472184 20.173
 20    22.867 52916.50898243 25.77 136.752201  49.475428 33.092
 20    22.872 52916.50898307 25.24 136.750801  49.478658 33.092
 21    20.713 52951.50894203 43.65 136.744853  49.468258 15.822
 21    20.589 52951.50894268 46.05 136.743453  49.471498 15.822
 21    20.942 52951.50894332 44.03 136.742053  49.474728 15.822
 21    20.810 52951.50894397 45.98 136.740663  49.477968 15.822
 22    20.740 52986.50896019 11.30 136.752991  49.470506  3.594
 22    20.497 52986.50896083 11.59 136.751591  49.473736  3.594
 22    20.621 52986.50896147 11.49 136.750201  49.476976  3.594
 22    20.438 52986.50896212 11.56 136.748801  49.480216  3.594
 23    21.544 53021.50894936  8.87 136.754838  49.468962  3.420
 23    20.632 53021.50895001  9.78 136.753438  49.472202  3.420
 23    20.545 53021.50895065 10.12 136.752048  49.475442  3.420
 23    20.294 53021.50895130 10.16 136.750648  49.478682  3.420
 24    20.973 53056.50893994  7.68 136.749413  49.471049  2.869
 24    20.912 53056.50894059  8.31 136.748013  49.474289  2.869
 24    20.459 53056.50894123  8.69 136.746613  49.477529  2.869
 25    23.177 53091.50897733  9.80 136.745649  49.468842  3.145
 25    20.837 53091.50897797 11.30 136.744259  49.472082  3.145
 25    21.175 53091.50897862 10.18 136.742859  49.475322  3.145
 25    20.712 53091.50897926 10.42 136.741469  49.478552  3.145
 26    21.288 53126.50894846 34.17 136.744754  49.470599  8.955
 26    21.563 53126.50894911 34.04 136.743354  49.473839  8.955
 26    22.018 53126.50894975 32.93 136.741954  49.477069  8.955
 27    24.361 53161.50901051 31.85 136.741347  49.467069 10.836
 27    24.199 53161.50901115 18.12 136.739947  49.470299 10.836
 27    24.139 53161.50901180 17.85 136.738549  49.473543 33.047
 27    24.745 53161.50901244 21.23 136.737159  49.476773 33.047
 28    21.093 53196.50900890 30.00 136.749382  49.469015 27.294
 28    21.378 53196.50900954 17.15 136.747982  49.472245 27.294
 28    21.741 53196.50901018 17.31 136.746592  49.475485 27.294
 28    22.654 53196.50901083 17.08 136.745192  49.478725 27.294
 29    23.509 53231.50899108 16.85 136.754924  49.471140 13.352
 29    22.438 53231.50899173 17.95 136.753524  49.474370 13.352
 29    22.723 53231.50899237 18.89 136.752134  49.477610 13.352
 29    23.121 53231.50899301 27.84 136.750734  49.480850 13.352
 30    21.382 53266.50896064 32.84 136.754513  49.470927 10.900
 30    21.423 53266.50896129 32.03 136.753113  49.474167 10.900
 30    21.813 53266.50896193 32.76 136.751723  49.477407 10.900
 30    21.872 53266.50896258 36.52 136.750323  49.480637 10.900
 31    20.220 53301.50901269 33.79 136.733426  49.470888 12.310
 31    20.536 53301.50901333 30.05 136.732030  49.474130 24.726
 31    20.900 53301.50901398 30.63 136.730630  49.477360 24.726
 32    19.360 53336.50898225 36.17 136.748769  49.468556 11.515
 32    19.673 53336.50898289 43.82 136.747379  49.471796 11.515
 32    19.340 53336.50898354 44.23 136.745979  49.475026 11.515
 32    19.027 53336.50898418 42.53 136.744582  49.478270 10.326
 33    19.661 53371.50891893 17.00 136.757233  49.470418  6.547
 33    19.770 53371.50891957 17.83 136.755843  49.473658  6.547
 33    19.607 53371.50892022 18.36 136.754443  49.476898  6.547
 33    19.950 53371.50892086 18.25 136.753053  49.480128  6.547
 34    19.949 53406.50895537 10.19 136.745641  49.470697  5.306
 34    19.753 53406.50895601 11.42 136.744251  49.473927  5.306
 34    19.732 53406.50895666 11.05 136.742854  49.477169  2.350
 35    19.690 53441.50894104  9.83 136.754987  49.469987  4.687
 35    19.979 53441.50894168  9.90 136.753587  49.473227  4.687
 35    20.233 53441.50894233  9.89 136.752197  49.476457  4.687
 35    20.088 53441.50894297  9.09 136.750802  49.479701  2.755
 36    20.363 53476.50900905 37.41 136.739976  49.467040 10.193
 36    20.381 53476.50900969 33.73 136.738576  49.470281 25.761
 36    20.126 53476.50901034 37.94 136.737186  49.473521 25.761
 36    19.900 53476.50901098 31.68 136.735786  49.476751 25.761
 37    23.373 53511.50902327 46.17 136.745906  49.470668 18.760
 37    22.890 53511.50902391 45.35 136.744516  49.473908 18.760
 37    23.658 53511.50902456 33.03 136.743116  49.477148 18.760
 38    23.081 53546.50904029 33.87 136.744848  49.469757 13.381
 38    23.133 53546.50904094 32.35 136.743447  49.473003 35.142
 38    22.279 53546.50904158 39.18 136.742047  49.476233 35.142
 38    23.241 53546.50904222 32.03 136.740657  49.479473 35.142
 39    22.198 53581.50901198 43.43 136.751056  49.468140 13.941
 39    21.875 53581.50901263 44.12 136.749666  49.471380 13.941
 39    22.274 53581.50901327 36.19 136.748266  49.474620 13.941
 39    21.948 53581.50901391 37.86 136.746866  49.477850 13.941
 40    21.035 53616.50896729 28.80 136.752256  49.468902 13.530
 40    20.636 53616.50896793 23.92 136.750856  49.472142 13.530
 40    20.995 53616.50896858 18.57 136.749466  49.475372 13.530
 40    22.086 53616.50896922 15.59 136.748072  49.478617 27.181
 41    19.745 53651.50898275 53.54 136.745008  49.470265 13.079
 41    20.640 53651.50898339 46.78 136.743606  49.473507 28.812
 41    20.563 53651.50898404 48.95 136.742216  49.476747 28.812
 41    20.237 53651.50898468 49.71 136.740816  49.479977 28.812
 42    19.686 53686.50898837 45.16 136.743817  49.469702 12.535
 42    18.977 53686.50898901 45.77 136.742427  49.472942 12.535
 42    19.225 53686.50898965 42.88 136.741027  49.476172 12.535
 42    19.168 53686.50899030 40.93 136.739627  49.479415 13.031
 43    19.590 53721.50891428 14.52 136.756421  49.472146  5.298
 43    19.855 53721.50891493 14.04 136.755021  49.475386  5.298
 43    19.794 53721.50891557 12.51 136.753631  49.478616  5.298
 43    19.458 53721.50891622 12.99 136.752233  49.481860  2.670
 44    24.004 53756.50884364 11.72 136.750194  49.468105  3.531
 44    23.400 53756.50884428 11.70 136.748804  49.471335  3.531
 44    20.251 53756.50884493 12.66 136.747405  49.474575  3.488
 44    20.251 53756.50884557 13.23 136.746005  49.477815  3.488
 45    25.592 53791.50887002  7.75 136.753905  49.468839  2.950
 45    24.435 53791.50887066  7.87 136.752515  49.472079  2.950
 45    22.679 53791.50887130  8.76 136.751115  49.475309  2.950
 45    22.638 53791.50887195  8.99 136.749718  49.478552  2.847
 46    25.327 53826.50883269  9.81 136.744121  49.470488  2.345
 46    24.597 53826.50883333 10.04 136.742721  49.473728  2.345
 46    23.416 53826.50883398 10.90 136.741321  49.476958  2.345
 47    21.417 53861.50892209 49.06 136.741043  49.468868 13.043
 47    21.815 53861.50892274 48.97 136.739643  49.472098 13.043
 47    21.675 53861.50892338 46.15 136.738253  49.475338 13.043
 47    21.727 53861.50892403 48.19 136.736853  49.478578 13.043
 48    20.439 53896.50894267 26.38 136.746016  49.470530 32.197
 48    21.371 53896.50894331 20.29 136.744626  49.473760 32.197
 48    21.558 53896.50894396 20.08 136.743226  49.477000 32.197
 49    22.863 53931.50899277 48.81 136.739142  49.467357 11.987
 49    22.882 53931.50899341 46.67 136.737752  49.470597 11.987
 49    22.978 53931.50899406 46.11 136.736352  49.473837 11.987
 49    22.663 53931.50899470 48.42 136.734952  49.477077 11.987
 50    23.867 53966.50896827 48.23 136.744901  49.467502 15.717
 50    24.197 53966.50896891 48.60 136.743501  49.470742 15.717
 50    24.347 53966.50896956 44.34 136.742101  49.473982 15.717
 50    24.163 53966.50897020 44.03 136.740711  49.477212 15.717
 51    20.979 54001.50893057 32.46 136.741042  49.468554 10.280
 51    21.565 54001.50893122 17.34 136.739642  49.471794 10.280
 51    21.791 54001.50893186 16.56 136.738252  49.475034 10.280
 51    22.676 54001.50893251 17.65 136.736852  49.478264 10.280
 52    19.837 54036.50897063 23.19 136.747628  49.469864  8.723
 52    20.389 54036.50897127 20.82 136.746228  49.473094  8.723
 52    21.169 54036.50897192 18.74 136.744828  49.476334  8.723
 52    22.411 54036.50897256 17.61 136.743438  49.479574  8.723
 53    20.434 54071.50896439 29.55 136.750344  49.468294  9.668
 53    19.316 54071.50896504 38.94 136.748954  49.471534  9.668
 53    19.959 54071.50896568 28.47 136.747554  49.474764  9.668
 53    19.509 54071.50896633 27.26 136.746164  49.478004  9.668
 54    19.739 54106.50891626 20.29 136.754414  49.470748  5.522
 54    19.692 54106.50891690 20.00 136.753014  49.473988  5.522
 54    19.754 54106.50891755 19.10 136.751624  49.477218  5.522
 54    19.850 54106.50891819 19.26 136.750224  49.480458  5.522
 55    19.777 54141.50889849 13.79 136.744024  49.468660  4.324
 55    19.912 54141.50889914 14.47 136.742634  49.471900  4.324
 55    19.731 54141.50889978 14.91 136.741234  49.475140  4.324
 55    19.610 54141.50890043 14.73 136.739834  49.478380  4.324
 56    23.008 54176.50889782  6.92 136.750776  49.471244  2.956
 56    22.575 54176.50889847  6.92 136.749376  49.474474  2.956
 56    20.211 54176.50889911  7.45 136.747986  49.477714  2.956
 57    21.435 54211.50890539 43.77 136.743751  49.468671 21.330
 57    21.569 54211.50890604 39.55 136.742361  49.471911 21.330
 57    21.087 54211.50890668 39.85 136.740961  49.475151 21.330
 57    21.859 54211.50890733 35.31 136.739571  49.478391 21.330
 58    21.105 54246.50893547 27.10 136.745803  49.469981 17.607
 58    21.621 54246.50893612 18.14 136.744413  49.473221 17.607
 58    22.231 54246.50893676 16.60 136.743013  49.476461 17.607
 58    22.836 54246.50893741 34.04 136.741623  49.479701 17.607
 60    21.461 54316.50894393 28.29 136.750952  49.469747 17.040
 60    21.901 54316.50894458 21.87 136.749552  49.472977 17.040
 60    21.868 54316.50894522 21.61 136.748162  49.476217 17.040
 60    22.181 54316.50894587 22.62 136.746762  49.479457 17.040
 61    21.936 54351.50891124 18.66 136.752302  49.471433 20.445
 61    22.259 54351.50891189 17.00 136.750902  49.474673 20.445
 61    22.631 54351.50891253 20.72 136.749512  49.477903 20.445
 61    22.652 54351.50891318 26.95 136.748112  49.481143 20.445
 62    20.813 54386.50888303 23.55 136.747291  49.468887 16.520
 62    20.466 54386.50888368 21.49 136.745891  49.472127 16.520
 62    20.560 54386.50888432 19.03 136.744491  49.475367 16.520
 62    21.737 54386.50888497 18.19 136.743101  49.478597 16.520
 63    19.422 54421.50886028 34.99 136.751709  49.468314 12.228
 63    19.354 54421.50886092 40.00 136.750319  49.471554 12.228
 63    19.514 54421.50886156 42.20 136.748919  49.474794 12.228
 63    19.049 54421.50886221 40.89 136.747519  49.478034 12.228
 64    18.994 54456.50885583 22.37 136.743323  49.467405  5.520
 64    19.299 54456.50885648 22.63 136.741923  49.470645  5.520
 64    19.296 54456.50885712 23.62 136.740533  49.473875  5.520
 64    19.189 54456.50885777 23.34 136.739133  49.477115  5.520
 65    19.185 54491.50886211 20.30 136.751859  49.469095  6.106
 65    19.283 54491.50886275 20.60 136.750461  49.472339  3.610
 65    19.273 54491.50886340 20.68 136.749061  49.475569  3.610
 65    19.480 54491.50886404 20.89 136.747671  49.478809  3.610
 66    19.404 54526.50886896 11.91 136.746634  49.469877  4.775
 66    19.420 54526.50886960 12.09 136.745234  49.473117  4.775
 66    19.479 54526.50887025 12.14 136.743834  49.476357  4.775
 66    19.228 54526.50887089 12.61 136.742444  49.479597  4.775
 67    20.295 54561.50887053 41.55 136.752349  49.468884 14.243
 67    19.999 54561.50887118 48.93 136.750959  49.472114 14.243
 67    19.370 54561.50887182 41.90 136.749562  49.475359 22.699
 67    20.313 54561.50887247 38.61 136.748162  49.478589 22.699
 68    20.044 54596.50886520 49.46 136.746914  49.470600 27.507
 68    20.190 54596.50886584 49.93 136.745524  49.473840 27.507
 68    20.107 54596.50886649 49.88 136.744124  49.477080 27.507
 68    19.693 54596.50886713 48.05 136.742724  49.480310 27.507
 69    20.424 54631.50887828 46.09 136.746919  49.468692 17.652
 69    20.363 54631.50887892 48.40 136.745519  49.471922 17.652
 69    20.662 54631.50887957 45.45 136.744129  49.475162 17.652
 69    20.777 54631.50888021 46.31 136.742729  49.478402 17.652
 70    18.849 54666.50888477 50.60 136.745669  49.470661 19.120
 70    19.793 54666.50888541 49.58 136.744269  49.473891 19.120
 70    20.003 54666.50888606 48.49 136.742879  49.477131 19.120
 71    21.236 54701.50885251 46.75 136.754651  49.469409 16.394
 71    21.206 54701.50885315 48.22 136.753251  49.472649 16.394
 71    21.305 54701.50885380 48.43 136.751861  49.475889 16.394
 71    21.131 54701.50885444 48.86 136.750461  49.479125 17.950
 72    19.919 54736.50884471 37.87 136.742834  49.469798 18.952
 72    19.650 54736.50884535 29.32 136.741434  49.473038 18.952
 72    19.914 54736.50884600 22.97 136.740034  49.476278 18.952
 72    20.756 54736.50884664 19.83 136.738644  49.479518 18.952
 73    19.321 54771.50883311 43.29 136.751156  49.470243 14.498
 73    19.342 54771.50883375 35.43 136.749756  49.473473 14.498
 73    19.440 54771.50883440 25.36 136.748363  49.476716 14.998
 73    19.274 54771.50883504 20.65 136.746963  49.479946 14.998
 74    19.701 54806.50883824 20.21 136.741756  49.469528  3.577
 74    19.566 54806.50883889 20.47 136.740356  49.472758  3.577
 74    19.366 54806.50883953 20.87 136.738956  49.475998  3.577
 74    19.551 54806.50884018 19.75 136.737566  49.479238  3.577
 75    19.410 54841.50882934 15.51 136.748979  49.469932  5.444
 75    19.733 54841.50882999 15.50 136.747585  49.473176  2.803
 75    19.470 54841.50883063 16.14 136.746195  49.476406  2.803
 75    19.579 54841.50883128 15.29 136.744795  49.479646  2.803
 76    19.822 54876.50883975 10.67 136.744298  49.470261  2.536
 76    19.677 54876.50884039 11.06 136.742898  49.473501  2.536
 76    19.495 54876.50884104 10.47 136.741498  49.476741  2.536
 76    19.504 54876.50884168 11.34 136.740108  49.479971  2.536
 77    25.439 54911.50883406  7.86 136.751723  49.469003  3.171
 77    24.440 54911.50883470  7.83 136.750333  49.472233  3.171
 77    23.922 54911.50883535  7.69 136.748938  49.475476  2.086
 77    22.726 54911.50883599  8.93 136.747538  49.478706  2.086
 78    22.393 54946.50883218 47.63 136.743792  49.467479 30.482
 78    22.263 54946.50883282 49.18 136.742392  49.470719 30.482
 78    21.842 54946.50883347 49.73 136.740992  49.473959 30.482
 78    22.539 54946.50883411 47.65 136.739602  49.477199 30.482
 79    20.426 54981.50885853 52.83 136.746404  49.469843 22.522
 79    21.550 54981.50885918 48.69 136.745014  49.473083 22.522
 79    21.323 54981.50885982 49.45 136.743614  49.476323 22.522
 79    21.286 54981.50886047 50.10 136.742214  49.479553 22.522
 80    23.087 55016.50885906 47.99 136.747619  49.470281 13.842
 80    22.783 55016.50885970 51.34 136.746224  49.473524 24.586
 80    23.038 55016.50886035 46.80 136.744834  49.476764 24.586
 80    23.118 55016.50886099 49.68 136.743434  49.479994 24.586
 81    25.165 55051.50885357 47.13 136.750068  49.468434 16.874
 81    24.999 55051.50885421 47.26 136.748676  49.471678 36.717
 81    25.147 55051.50885486 44.30 136.747276  49.474918 36.717
 81    25.243 55051.50885550 41.40 136.745886  49.478148 36.717
 82    24.349 55086.50881870 20.07 136.753072  49.471175 20.105
 82    24.076 55086.50881934 19.84 136.751682  49.474415 20.105
 82    24.261 55086.50881999 21.96 136.750282  49.477645 20.105
 82    24.671 55086.50882063 26.80 136.748882  49.480885 20.105
 83    22.535 55121.50878783 25.66 136.745632  49.469123 18.456
 83    22.717 55121.50878848 20.39 136.744242  49.472363 18.456
 83    22.803 55121.50878912 21.49 136.742842  49.475593 18.456
 83    23.109 55121.50878977 28.29 136.741442  49.478833 18.456
 84    20.921 55156.50877838 30.53 136.750100  49.469262 10.196
 84    21.050 55156.50877902 35.85 136.748710  49.472502 10.196
 84    20.587 55156.50877967 38.35 136.747310  49.475732 10.196
 84    20.397 55156.50878031 33.30 136.745910  49.478972 10.196
 85    21.200 55191.50877753 13.12 136.742513  49.468681  2.623
 85    20.982 55191.50877817 14.72 136.741113  49.471921  2.623
 85    21.036 55191.50877882 14.68 136.739713  49.475161  2.623
 85    20.993 55191.50877946 14.66 136.738323  49.478401  2.623
 86    24.597 55226.50877927  8.93 136.749815  49.470043  3.174
 86    22.813 55226.50877991  9.02 136.748415  49.473273  3.174
 86    20.863 55226.50878056  9.66 136.747015  49.476513  3.174
 86    20.412 55226.50878120  9.69 136.745625  49.479753  3.174
 87    24.276 55261.50877317  7.07 136.747211  49.470653  3.392
 87    23.050 55261.50877381  7.25 136.745821  49.473893  3.392
 87    21.367 55261.50877446  8.08 136.744421  49.477123  3.392
 88    24.868 55296.50876437 15.56 136.752495  49.470032  8.924
 88    24.050 55296.50876502 14.60 136.751105  49.473272  8.924
 88    20.277 55296.50876566 15.40 136.749705  49.476502  8.924
 88    22.584 55296.50876631 13.94 136.748305  49.479742  8.924
 89    23.335 55331.50875347 28.53 136.746961  49.468366 16.345
 89    23.348 55331.50875411 22.31 136.745561  49.471606 16.345
 89    22.949 55331.50875476 21.05 136.744171  49.474846 16.345
 89    23.526 55331.50875540 19.60 136.742771  49.478086 16.345
 90    22.081 55366.50874633 45.04 136.750493  49.470278 15.901
 90    22.369 55366.50874697 40.37 136.749093  49.473518 15.901
 90    22.477 55366.50874762 42.55 136.747693  49.476758 15.901
 90    22.489 55366.50874826 44.41 136.746303  49.479998 15.901
 91    22.156 55401.50875979 49.30 136.743365  49.469625 12.572
 91    21.887 55401.50876044 50.39 136.741965  49.472865 12.572
 91    22.317 55401.50876108 49.03 136.740575  49.476095 12.572
 91    22.068 55401.50876173 49.36 136.739175  49.479335 12.572
 92    24.751 55436.50876370 47.55 136.751263  49.469813 13.587
 92    24.578 55436.50876435 46.32 136.749863  49.473053 13.587
 92    24.538 55436.50876499 48.18 136.748473  49.476293 13.587
 92    24.925 55436.50876564 45.25 136.747073  49.479523 13.587
 93    20.924 55471.50871498 28.84 136.754678  49.471444 10.588
 93    21.454 55471.50871562 28.12 136.753278  49.474684 10.588
 93    21.609 55471.50871627 27.49 136.751888  49.477914 10.588
 93    22.042 55471.50871691 38.76 136.750490  49.481159 32.322
