# NaN NaN NaN ;Mean Elev.(m), Avg Gradient(m/km), RMS Gradient(m/km) - SRTM1     
#   25.049   1.454  18.675 ;Mean Elev.(m), Avg Gradient(m/km), RMS Gradient(m/km) - ASTER GDEM
#   33.166   0.795  17.347 ;Mean Elev.(m), Avg Gradient(m/km), RMS Gradient(m/km) - GMTED2010 
  8    37.677 52502.51666651 29.24 134.337658  48.375833 15.163
  8    38.056 52502.51666715 23.05 134.336308  48.379073 15.163
  9    71.924 52537.51665258  0.08 134.325859  48.378847 18.543
  9    74.592 52537.51665322  1.78 134.324509  48.382097 18.543
 10    66.895 52572.51669023  7.09 134.332103  48.376113 12.978
 10    66.136 52572.51669087  7.78 134.330753  48.379353 12.978
 11    34.615 52607.51664717 25.20 134.341960  48.375139  5.169
 11    34.829 52607.51664782 24.18 134.340610  48.378379  5.169
 11    34.811 52607.51664846 24.64 134.339260  48.381629  5.169
 12    35.456 52642.51664533 15.64 134.331037  48.374329  3.825
 12    35.368 52642.51664597 15.27 134.329687  48.377569  3.825
 12    35.292 52642.51664662 15.09 134.328337  48.380809  3.825
 13    35.054 52677.51663022 12.56 134.342664  48.374864  2.568
 13    35.164 52677.51663087 11.37 134.341314  48.378104  2.568
 13    35.029 52677.51663151 11.19 134.339974  48.381354  2.568
 14    36.835 52712.51666423  9.81 134.329999  48.375226  4.006
 14    37.082 52712.51666488  7.86 134.328659  48.378476  4.006
 14    36.715 52712.51666552  7.31 134.327309  48.381716  4.006
 15    67.691 52747.51669088  4.83 134.330636  48.376370 13.097
 15    57.232 52747.51669153 18.25 134.329286  48.379620 13.097
 16    34.393 52782.51663141 24.17 134.324957  48.379098 17.372
 16    34.331 52782.51663205 22.72 134.323617  48.382338 17.372
 17    35.899 52817.51670918 38.59 134.326809  48.374270 21.775
 17    36.517 52817.51670982 28.37 134.325459  48.377510 21.775
 17    35.706 52817.51671047 30.96 134.324119  48.380750 21.775
 18    38.160 52852.51675962 23.06 134.332998  48.376175 26.063
 18    38.424 52852.51676026 22.98 134.331648  48.379415 26.063
 20    75.827 52922.51674769  2.67 134.341645  48.373334 14.967
 20    79.533 52922.51674834  2.30 134.340305  48.376584 14.967
 20    73.076 52922.51674898  2.45 134.338955  48.379824 14.967
 21    36.240 52957.51671361 35.00 134.336775  48.374707 27.873
 21    36.222 52957.51671425 44.42 134.335425  48.377947 27.873
 21    36.201 52957.51671490 46.60 134.334075  48.381187 27.873
 22    36.209 52992.51673603 25.54 134.338655  48.373893 12.192
 22    36.337 52992.51673668 28.24 134.337305  48.377133 12.192
 22    36.562 52992.51673732 28.27 134.335955  48.380373 12.192
 23    36.064 53027.51670116 16.26 134.348428  48.372856  5.911
 23    36.232 53027.51670181 18.02 134.347078  48.376096  5.911
 23    36.300 53027.51670245 18.88 134.345728  48.379336  5.911
 23    35.886 53027.51670310 18.98 134.344388  48.382576  5.911
 24    35.804 53062.51671003 12.83 134.341978  48.373028  4.573
 24    35.738 53062.51671068 13.24 134.340638  48.376278  4.573
 24    35.744 53062.51671132 14.48 134.339288  48.379518  4.573
 25    36.920 53097.51673181 15.94 134.335792  48.375316  6.504
 25    37.157 53097.51673245 14.59 134.334443  48.378560  9.728
 26    85.959 53132.51670838  1.25 134.340691  48.377930 10.104
 26    71.932 53132.51670903  3.69 134.339341  48.381170 10.104
 28    37.382 53202.51678515 23.32 134.333915  48.376296 28.738
 28    38.108 53202.51678580 21.78 134.332565  48.379536 28.738
 29    37.461 53237.51675309 23.87 134.347741  48.373588 31.796
 29    37.228 53237.51675373 23.90 134.346391  48.376828 31.796
 29    37.319 53237.51675438 24.76 134.345051  48.380068 31.796
 29    37.746 53237.51675502 26.13 134.343701  48.383308 31.796
 31    36.397 53307.51677421 19.39 134.328239  48.374197 10.091
 31    36.755 53307.51677486 17.66 134.326893  48.377439 23.177
 31    36.823 53307.51677550 18.94 134.325553  48.380679 23.177
 32    34.410 53342.51674069 35.78 134.339644  48.373361  8.133
 32    34.477 53342.51674133 36.17 134.338304  48.376611  8.133
 32    34.360 53342.51674198 35.36 134.336959  48.379854 14.771
 33    35.906 53377.51667825 18.02 134.330528  48.377209  3.603
 33    35.768 53377.51667890 17.74 134.329178  48.380449  3.603
 34    35.668 53412.51671690 16.40 134.339801  48.376108  3.100
 34    35.596 53412.51671754 16.75 134.338459  48.379350  3.380
 36    58.712 53482.51678856 10.73 134.325182  48.376658 17.422
 36    71.081 53482.51678920  5.97 134.323832  48.379898 17.422
 37    70.319 53517.51678896  9.20 134.338853  48.373635 18.812
 37    69.182 53517.51678961  8.46 134.337503  48.376885 18.812
 37    72.252 53517.51679025  1.52 134.336153  48.380125 18.812
 38    38.106 53552.51681071 31.83 134.330395  48.376444 25.700
 38    38.044 53552.51681136 33.88 134.329045  48.379684 25.700
 39    38.538 53587.51676179 31.34 134.344929  48.372514 11.453
 39    38.195 53587.51676244 21.14 134.343579  48.375754 11.453
 39    38.228 53587.51676308 18.91 134.342239  48.379004 11.453
 39    38.740 53587.51676373 25.49 134.340892  48.382238 41.963
 41    74.238 53657.51675868  0.41 134.330061  48.376527 18.657
 41    74.372 53657.51675932  1.14 134.328721  48.379767 18.657
 42    35.128 53692.51674211 39.97 134.337696  48.374975 14.525
 42    34.881 53692.51674275 43.16 134.336356  48.378225 14.525
 43    36.462 53727.51666469 22.80 134.348400  48.371972  4.153
 43    36.523 53727.51666533 22.75 134.347050  48.375212  4.153
 43    36.291 53727.51666598 23.12 134.345710  48.378452  4.153
 43    36.336 53727.51666662 22.86 134.344360  48.381702  4.153
 44    35.765 53762.51662085 15.65 134.338417  48.374698  3.381
 44    35.739 53762.51662149 16.09 134.337077  48.377938  3.381
 44    35.722 53762.51662214 16.17 134.335727  48.381178  3.381
 45    35.855 53797.51663164 11.53 134.346255  48.372821  2.778
 45    35.786 53797.51663229 11.84 134.344905  48.376071  2.778
 45    35.721 53797.51663293 12.09 134.343555  48.379305  3.127
 45    35.579 53797.51663358 12.26 134.342215  48.382555  3.127
 48    75.887 53902.51672230  0.36 134.334261  48.375600 12.340
 48    75.374 53902.51672294  0.46 134.332921  48.378840 12.340
 49    38.264 53937.51676034 34.50 134.324549  48.377208 11.388
 49    38.161 53937.51676098 35.86 134.323199  48.380458 11.388
 49    38.523 53937.51676163 33.79 134.321852  48.383692 20.337
 50    70.203 53972.51672327  4.37 134.336988  48.374710 13.750
 50    69.230 53972.51672392  4.49 134.335638  48.377950 13.750
 52    35.740 54042.51673385 43.31 134.337905  48.374670 14.214
 52    36.129 54042.51673449 38.11 134.336565  48.377910 14.214
 52    36.090 54042.51673514 38.07 134.335215  48.381150 14.214
 53    35.718 54077.51672734 24.31 134.340869  48.373098  7.024
 53    35.907 54077.51672798 25.09 134.339529  48.376338  7.024
 53    35.957 54077.51672863 24.35 134.338179  48.379578  7.024
 54    36.355 54112.51666673 19.72 134.345135  48.373564  4.468
 54    36.280 54112.51666737 19.80 134.343785  48.376804  4.468
 54    36.049 54112.51666802 20.06 134.342445  48.380044  4.468
 54    35.995 54112.51666866 20.20 134.341095  48.383284  4.468
 55    35.709 54147.51667136 10.40 134.333023  48.375386  5.974
 55    35.377 54147.51667200 10.03 134.331673  48.378626  5.974
 56    36.192 54182.51665516  9.70 134.343648  48.375220  3.533
 56    36.227 54182.51665580  9.35 134.342308  48.378460  3.533
 56    35.945 54182.51665645  9.71 134.340958  48.381700  3.533
 57    79.432 54217.51668017  0.84 134.331252  48.376737  9.735
 57    83.141 54217.51668082  0.11 134.329912  48.379987  9.735
 58    79.309 54252.51670556  2.47 134.334891  48.374672 10.754
 58    69.092 54252.51670620  2.58 134.333541  48.377912 10.754
 58    74.146 54252.51670684  2.20 134.332201  48.381162 10.754
 59    36.650 54287.51671000 17.03 134.339715  48.374733 17.681
 59    36.723 54287.51671065 17.05 134.338375  48.377973 17.681
 59    37.484 54287.51671129 17.17 134.337025  48.381213 17.681
 60    81.420 54322.51670773  1.64 134.337486  48.377626  3.938
 60    83.935 54322.51670838  0.36 134.336136  48.380866  3.938
 61    37.104 54357.51666543 24.28 134.345014  48.374861 22.272
 61    37.072 54357.51666607 25.28 134.343674  48.378101 22.272
 61    37.407 54357.51666671 24.45 134.342324  48.381341 22.272
 62    74.260 54392.51664755  5.86 134.337131  48.374412  9.739
 62    81.889 54392.51664819  0.48 134.335791  48.377652  9.739
 62    77.418 54392.51664884  1.37 134.334441  48.380892  9.739
 63    33.637 54427.51661565 28.09 134.340864  48.375551 18.351
 63    33.866 54427.51661629 42.43 134.339514  48.378801 18.351
 64    35.441 54462.51662543 25.95 134.334934  48.374118  9.245
 64    35.463 54462.51662607 28.02 134.333584  48.377358  9.245
 64    35.631 54462.51662672 48.96 134.332234  48.380598  9.245
 66    35.535 54532.51663910 28.79 134.336614  48.376246 10.861
 66    35.561 54532.51663974 28.26 134.335264  48.379486 10.861
 67    37.391 54567.51662838 44.45 134.344873  48.373119 24.655
 67    37.564 54567.51662903 34.58 134.343533  48.376359 24.655
 67    37.923 54567.51662967 47.47 134.342183  48.379599 24.655
 67    37.613 54567.51663032 47.46 134.340843  48.382839 24.655
 68    75.408 54602.51663464  2.64 134.334703  48.376127  5.532
 68    74.238 54602.51663528  4.18 134.333353  48.379377  5.532
 69    36.019 54637.51664556 17.22 134.336154  48.375809 18.081
 69    36.203 54637.51664620 16.87 134.334804  48.379049 18.081
 70    37.014 54672.51664851 32.14 134.337489  48.374001 12.558
 70    36.743 54672.51664916 26.68 134.336149  48.377241 12.558
 70    36.844 54672.51664980 26.39 134.334799  48.380481 12.558
 71    36.060 54707.51660777 43.09 134.343490  48.373962 20.168
 71    36.098 54707.51660842 38.77 134.342140  48.377202 20.168
 71    36.190 54707.51660906 44.78 134.340790  48.380442 20.168
 72    37.016 54742.51661376 44.01 134.335306  48.374261 15.987
 72    37.420 54742.51661440 38.87 134.333956  48.377501 15.987
 72    37.181 54742.51661505 42.87 134.332616  48.380741 15.987
 73    35.754 54777.51658913 48.40 134.341472  48.374305 23.588
 73    35.932 54777.51658977 36.24 134.340122  48.377545 23.588
 73    35.650 54777.51659042 33.13 134.338782  48.380785 23.588
 74    36.126 54812.51660758 20.70 134.332169  48.375990  5.508
 74    35.742 54812.51660823 20.64 134.330819  48.379230  5.508
 75    35.964 54847.51658966 18.85 134.340759  48.374826  3.881
 75    35.995 54847.51659031 18.70 134.339409  48.378066  3.881
 75    35.901 54847.51659095 18.05 134.338069  48.381306  3.881
 76    35.826 54882.51661088 10.33 134.333181  48.376608  2.843
 76    35.580 54882.51661152 10.94 134.331831  48.379848  2.843
 77    36.326 54917.51659240  8.03 134.341323  48.375424  2.243
 77    36.013 54917.51659304  8.25 134.339973  48.378664  2.243
 77    35.840 54917.51659369  7.99 134.338633  48.381904  2.243
 79    83.559 54987.51662919  0.90 134.333031  48.375164  9.054
 79    82.590 54987.51663048  0.05 134.330341  48.381644  9.054
 80    75.300 55022.51662127  4.25 134.339883  48.375686 14.052
 80    79.547 55022.51662192  3.00 134.338533  48.378926 14.052
 81    80.615 55057.51661731  1.91 134.339034  48.374951 14.272
 81    80.846 55057.51661796  2.07 134.337694  48.378191 14.272
 82    85.568 55092.51657268  0.49 134.343365  48.372972 18.074
 82    84.148 55092.51657332  0.16 134.342025  48.376222 18.074
 82    66.304 55092.51657461  6.67 134.339325  48.382702 18.074
 83    70.438 55127.51655692  6.03 134.336567  48.373948 13.066
 83    74.997 55127.51655756  3.48 134.335217  48.377188 13.066
 83    73.912 55127.51655821  2.83 134.333877  48.380428 13.066
 84    35.961 55162.51653428 26.18 134.339815  48.374350 13.322
 84    36.196 55162.51653493 35.36 134.338465  48.377590 13.322
 84    36.610 55162.51653557 46.02 134.337115  48.380830 13.322
 85    36.664 55197.51654858 16.09 134.332808  48.375395  9.809
 85    36.981 55197.51654922 30.38 134.331468  48.378635  9.809
 86    36.239 55232.51653833 10.93 134.341342  48.375187  3.278
 86    36.239 55232.51653898 11.67 134.339992  48.378427  3.278
 86    36.274 55232.51653962 11.83 134.338652  48.381667  3.278
 87    36.084 55267.51654330 10.37 134.335749  48.376447  2.781
 87    36.468 55267.51654395 10.88 134.334409  48.379697  2.781
 88    71.468 55302.51651862  3.89 134.344996  48.374159 10.746
 88    77.782 55302.51651927  1.82 134.343656  48.377409 10.746
 88    78.202 55302.51651991  1.31 134.342306  48.380649 10.746
 89    86.313 55337.51651744  2.67 134.337760  48.374850  7.997
 89    86.380 55337.51651808  1.27 134.336410  48.378090  7.997
 89    85.586 55337.51651872  0.44 134.335070  48.381330  7.997
 90    37.372 55372.51650718 20.87 134.339622  48.374711 20.922
 90    37.668 55372.51650783 19.61 134.338282  48.377951 20.922
 90    38.739 55372.51650847 20.53 134.336932  48.381191 20.922
 91    93.872 55407.51652753  2.28 134.336871  48.374163  7.293
 91    92.877 55407.51652817  2.57 134.335521  48.377403  7.293
 91    83.946 55407.51652882  2.28 134.334181  48.380643  7.293
 92    80.600 55442.51652652  3.10 134.338976  48.376151 18.326
 92    70.396 55442.51652716  4.11 134.337636  48.379391 18.326
 93    36.691 55477.51646572 21.64 134.346977  48.372095 12.173
 93    36.556 55477.51646637 20.86 134.345635  48.375330 28.279
 93    36.680 55477.51646701 20.01 134.344285  48.378580 28.279
 93    36.615 55477.51646766 22.63 134.342945  48.381820 28.279
