# NaN NaN NaN ;Mean Elev.(m), Avg Gradient(m/km), RMS Gradient(m/km) - SRTM1     
#    7.486  -0.073   2.145 ;Mean Elev.(m), Avg Gradient(m/km), RMS Gradient(m/km) - ASTER GDEM
#    1.012   0.055   2.390 ;Mean Elev.(m), Avg Gradient(m/km), RMS Gradient(m/km) - GMTED2010 
  8 140.073704  51.671354     5.167     4.621  3 52487.49736372 21.013
  9 140.074871  51.670962     5.770     5.770  2 52522.49733488 20.351
 11 140.069198  51.664162     3.343     3.343  2 52592.49738074 31.206
 12 140.070808  51.670440     2.455     2.357  3 52627.49730057 17.716
 13 140.071155  51.667678     3.282     3.282  2 52662.49734431 13.201
 14 140.068599  51.663015     5.572     5.572  2 52697.49732034 11.303
 15 140.078981  51.672426     2.267     1.696  3 52732.49734377 29.451
 16 140.074355  51.670454     3.985     4.024  3 52767.49735244 37.936
 18 140.068971  51.667305     4.055     4.055  2 52837.49742867 29.954
 19 140.070877  51.668580     6.011     6.026  3 52872.49746903 23.581
 20 140.075558  51.671579     6.595     6.595  2 52907.49745769 25.316
 21 140.069702  51.667580     5.178     5.178  2 52942.49738458 32.099
 23 140.070978  51.667521     3.616     3.476  3 53012.49744131 19.961
 25 140.068459  51.665798     5.762     5.762  2 53082.49744368 10.654
 28 140.076313  51.670504     7.212     7.328  3 53187.49745164 25.399
 29 140.074184  51.671956     6.669     6.660  3 53222.49747330 22.851
 30 140.072767  51.670284     6.233     6.413  3 53257.49744893 23.254
 32 140.074541  51.669626     3.553     3.573  3 53327.49744112 40.053
 33 140.078609  51.672667     2.069     2.069  2 53362.49739658 15.527
 34 140.067879  51.663908     2.598     2.598  2 53397.49741675 22.673
 35 140.077528  51.672277     3.758     3.704  3 53432.49740935  9.315
 37 140.068109  51.663754     7.819     7.819  2 53502.49749581 28.877
 38 140.071755  51.670250     7.605     7.627  4 53537.49749027 24.688
 39 140.069550  51.667513     5.881     5.881  2 53572.49749309 26.378
 40 140.077991  51.670921     5.641     5.641  2 53607.49744244 24.324
 42 140.069111  51.663265     2.856     2.856  2 53677.49746093 49.108
 43 140.079654  51.672504     1.482     1.482  2 53712.49739128 27.772
 45 140.075280  51.671464     2.536     2.571  3 53782.49733466 12.041
 46 140.083525  51.671517     4.297     4.297  2 53817.49729948  5.579
 48 140.077249  51.672018     6.270     6.234  3 53887.49737959 26.547
 53 140.076099  51.671425     5.100     5.188  3 54062.49742539 21.882
 54 140.076219  51.671599     6.173     6.173  2 54097.49739561 13.298
 56 140.072824  51.671988     3.151     3.376  3 54167.49736915 15.718
 58 140.070849  51.668829     5.475     5.510  3 54237.49738682 29.462
 59 140.072118  51.670672     5.876     5.640  3 54272.49740631 19.643
 60 140.071004  51.668929     3.573     3.573  2 54307.49740803 38.156
 61 140.076530  51.671864     6.111     6.111  2 54342.49738813 40.204
 62 140.069132  51.666441     4.635     4.675  3 54377.49734276 50.064
 63 140.072521  51.669071     3.076     3.100  3 54412.49733488 47.484
 66 140.068351  51.666041     2.349     2.349  2 54517.49732198 22.032
 67 140.075029  51.670864     2.591     2.591  2 54552.49734040 29.945
 68 140.069974  51.668045     4.386     4.387  3 54587.49731831 47.639
 69 140.070915  51.671035     5.029     4.056  3 54622.49733698 26.890
 70 140.070594  51.667493     2.858     2.858  2 54657.49734568 39.276
 71 140.073587  51.670068     5.550     5.577  3 54692.49732899 18.705
 72 140.068891  51.665823     3.617     3.617  2 54727.49729836 48.750
 73 140.071571  51.667875     3.687     3.686  3 54762.49730570 28.125
 75 140.070786  51.670961     3.237     3.171  3 54832.49729623 15.357
 76 140.068557  51.663299     4.425     4.425  2 54867.49728681 12.105
 77 140.073590  51.669437     4.899     5.235  3 54902.49730570  8.628
 78 140.069355  51.667454     2.685     2.695  3 54937.49727781 25.646
 79 140.070642  51.667404     6.332     6.195  3 54972.49731039 28.853
 80 140.071151  51.668967     5.267     4.829  3 55007.49732737 18.540
 81 140.071270  51.669941     7.583     7.579  3 55042.49731650 51.523
 82 140.074889  51.670416     7.915     7.832  3 55077.49729581 27.970
 83 140.069319  51.666915     7.622     7.588  3 55112.49724836 40.374
 84 140.070469  51.669069     4.339     4.340  3 55147.49724993 35.807
 86 140.072129  51.670248     4.548     4.390  3 55217.49724663 15.461
 87 140.069312  51.666603     4.266     4.488  3 55252.49722468 15.287
 88 140.074475  51.670661     3.469     3.429  3 55287.49723830 17.135
 89 140.070436  51.667980     6.460     6.392  3 55322.49721399 29.094
 90 140.070670  51.670985     8.020     8.023  3 55357.49721362 48.832
 91 140.069048  51.665452     6.519     6.835  3 55392.49721491 26.849
 92 140.070872  51.670812     7.074     7.073  3 55427.49722994 28.049
 93 140.077478  51.671750     7.761     7.789  3 55462.49719485 26.833
