-123980.217   106.681     0.00   12.33
-123606.876   113.256    17.61   20.32
-123233.576   125.474    32.73   21.68
-122860.318   134.157    23.26   19.43
-122487.102   131.307    -7.64   21.06
-122113.927   123.795   -20.13   25.89
-121740.794   114.033   -26.16   27.43
-121367.703   102.881   -29.90   25.16
-120994.653   100.487    -6.42   22.46
-120621.644   105.305    12.92   23.86
-120248.678   118.948    36.58   36.51
-119875.752   139.992    56.44   39.33
-119502.869   156.847    45.21   33.40
-119130.026   163.169    16.96   28.26
-118757.226   155.972   -19.31   23.18
-118384.467   144.651   -30.37   18.87
-118011.749   136.077   -23.01   20.43
-117639.073   131.284   -12.86   26.66
-117266.438   122.017   -24.87   30.18
-116893.844   112.220   -26.30   27.72
-116521.292   107.214   -13.44   23.88
-116148.782   108.504     3.46   21.09
-115776.313   114.864    17.08   24.58
-115403.885   119.864    13.43   24.21
-115031.498   121.074     3.25   22.96
-114659.153   116.933   -11.12   24.70
-114286.849   106.932   -26.87   18.72
-113914.587   101.863   -13.62   12.16
-113542.365   101.176    -1.85    8.29
-113170.185   104.576     9.14    9.21
-112798.046   108.760    11.25    9.80
-112425.949   116.198    19.99   10.69
-112053.893   122.983    18.24   12.92
-111681.878   129.760    18.22   11.89
-111309.904   136.508    18.14   12.89
-110937.971   147.010    28.24   17.95
-110566.079   155.706    23.38   19.52
-110194.229   165.209    25.56   18.44
-109822.420   177.011    31.74   19.29
-109450.652   189.258    32.95   19.21
-109078.925   202.381    35.31   19.88
-108707.239   213.881    30.94   21.11
-108335.594   228.237    38.63   24.60
-107963.990   241.709    36.26   25.75
-107592.427   251.745    27.02   27.54
-107220.906   254.733     8.04   29.82
-106849.425   243.220   -31.00   35.59
-106477.985   230.848   -33.31   32.92
-106106.586   231.167     0.86   32.08
-105735.229   229.033    -5.74   30.81
-105363.912   242.101    35.20   32.89
-104992.636   248.445    17.09   29.62
-104621.401   236.274   -32.79   32.40
-104250.207   224.024   -33.01   41.44
-103879.054   195.848   -75.92   41.18
-103507.941   167.162   -77.31   27.48
-103136.870   152.605   -39.23   19.38
-102765.839   152.548    -0.15   21.07
-102394.850   163.558    29.68   33.37
-102023.901   190.298    72.09   42.32
-101652.993   212.440    59.70   33.52
-101282.125   221.768    25.15   26.11
-100911.299   216.932   -13.04   30.78
-100540.513   203.415   -36.46   35.04
-100169.768   189.657   -37.11   29.37
 -99799.064   175.176   -39.07   30.50
 -99428.400   163.174   -32.38   30.23
 -99057.777   145.798   -46.89   27.16
 -98687.195   133.226   -33.93   23.68
 -98316.653   126.798   -17.35   23.89
 -97946.152   122.355   -11.99   29.26
 -97575.692   121.849    -1.37   35.20
 -97205.272   115.983   -15.84   39.95
 -96834.893   101.657   -38.68   38.26
 -96464.555    87.181   -39.09   29.57
 -96094.257    78.914   -22.33   19.27
 -95724.000    84.728    15.70   26.19
 -95353.783   103.949    51.92   39.63
 -94983.607   126.655    61.35   39.42
 -94613.471   144.728    48.83   34.49
 -94243.376   146.271     4.17   27.27
 -93868.350   137.113   -24.42   24.27
 -93490.025   121.865   -40.31   25.56
 -93111.742   104.635   -45.55   23.90
 -92733.501    87.389   -45.60   21.90
 -92355.303    74.526   -34.02   17.47
 -91977.147    68.709   -15.39   15.07
 -91599.034    63.381   -14.09   14.35
 -91220.963    58.566   -12.74   13.93
 -90842.934    52.298   -16.58   12.64
 -90464.948    47.688   -12.20    9.50
 -90087.004    48.799     2.94   11.03
 -89709.102    61.593    33.86   25.01
 -89331.243    85.583    63.49   38.79
 -88953.426   118.865    88.10   45.33
 -88575.651   144.335    67.43   34.93
 -88197.919   148.569    11.21   28.37
 -87820.229   140.174   -22.23   33.98
 -87442.581   120.357   -52.48   32.33
 -87064.975    99.081   -56.35   20.16
 -86687.411    84.559   -38.47   22.39
 -86309.890    67.639   -44.82   26.02
 -85932.411    52.966   -38.88   24.28
 -85554.974    35.933   -45.13   15.64
 -85177.579    23.653   -32.54   13.19
 -84800.226    14.833   -23.38   12.42
 -84422.915     7.898   -18.38    7.79
 -84045.646     5.440    -6.52    4.93
 -83668.420     7.510     5.49    8.24
 -83291.235    11.067     9.43   13.71
 -82914.093    12.033     2.56   14.94
 -82536.992    10.825    -3.20   12.88
 -82159.934     8.698    -5.64    6.54
 -81782.917     7.812    -2.35    3.32
 -81405.943     8.148     0.89    2.72
 -81029.010     7.949    -0.53    2.38
 -80652.119     8.226     0.74    2.32
 -80275.271     8.398     0.46    2.02
 -79898.464     8.699     0.80    1.90
 -79521.699     9.731     2.74    2.04
 -79144.976    10.760     2.73    2.22
 -78768.295    11.704     2.50    2.61
 -78391.656    13.048     3.57    3.48
 -78015.058    13.984     2.49    3.96
 -77638.503    14.422     1.16    4.06
 -77261.989    15.372     2.52    4.14
 -76885.517    16.144     2.05    3.56
 -76509.087    16.631     1.29    3.34
 -76132.698    17.553     2.45    3.05
 -75756.351    17.398    -0.41    3.32
 -75380.046    16.277    -2.98    3.99
 -75003.783    14.012    -6.02    4.32
 -74627.561    11.381    -6.99    4.37
 -74251.381     8.984    -6.37    3.77
 -73875.243     7.653    -3.54    3.15
 -73499.147     8.160     1.35    4.17
 -73123.092     8.470     0.83    4.33
 -72747.078     7.537    -2.48    4.77
 -72371.106     5.033    -6.66    5.09
 -71995.176     3.346    -4.49    4.10
 -71619.288     4.214     2.31    6.08
 -71243.441     5.423     3.22    7.51
 -70867.635     5.071    -0.94    8.37
 -70491.871     3.450    -4.31    8.63
 -70116.149     0.324    -8.32    7.46
 -69740.468    -3.049    -8.98    3.57
 -69364.828    -4.119    -2.85    0.00
 -68989.230    -4.119     0.00    0.00
 -68613.674    -3.969     0.40    0.82
 -68238.159    -3.809     0.43    1.33
 -67862.685    -3.560     0.66    1.82
 -67487.253    -3.571    -0.03    1.69
 -67111.862    -3.452     0.32    2.03
 -66736.512    -3.272     0.48    2.38
 -66361.204    -2.878     1.05    2.92
 -65985.937    -3.390    -1.36    2.31
 -65610.712    -3.912    -1.39    1.24
 -65235.527    -4.071    -0.42    0.38
 -64860.384    -4.119    -0.13    0.00
 -64485.283    -4.048     0.19    0.53
 -64110.222    -3.349     1.86    2.31
 -63735.203    -2.242     2.95    3.62
 -63360.226    -0.636     4.28    5.36
 -62985.289     0.530     3.11    5.40
 -62610.393     1.929     3.73    5.07
 -62235.539     3.127     3.19    4.31
 -61860.726     2.726    -1.07    2.07
 -61485.954     2.569    -0.42    1.65
 -61111.223     2.610     0.11    1.42
 -60736.534     2.933     0.86    1.28
 -60361.885     2.792    -0.38    1.16
 -59987.278     2.728    -0.17    1.19
 -59612.712     2.560    -0.45    1.29
 -59238.186     2.373    -0.50    1.22
 -58863.702     2.346    -0.07    1.31
 -58489.259     2.519     0.46    2.01
 -58114.857     2.745     0.60    2.08
 -57740.496     3.000     0.68    2.06
 -57366.176     2.933    -0.18    1.83
 -56991.897     2.695    -0.64    1.64
 -56617.658     2.586    -0.29    1.84
 -56243.461     3.088     1.34    2.83
 -55869.305     3.084    -0.01    2.68
 -55495.189     2.792    -0.78    2.44
 -55121.115     2.457    -0.89    1.28
 -54747.081     2.583     0.34    1.21
 -54373.089     2.762     0.48    1.26
 -53999.137     3.214     1.21    1.23
 -53625.226     3.327     0.30    1.40
 -53251.356     3.258    -0.19    1.58
 -52877.526     3.292     0.09    1.65
 -52503.738     3.181    -0.30    1.48
 -52129.990     2.828    -0.94    1.08
 -51756.283     2.832     0.01    1.06
 -51382.617     2.915     0.22    1.11
 -51008.991     2.950     0.09    1.07
 -50635.407     3.064     0.31    1.05
 -50261.863     3.017    -0.13    1.06
 -49888.359     3.036     0.05    1.12
 -49514.896     2.984    -0.14    1.21
 -49141.474     2.651    -0.89    1.30
 -48768.093     2.381    -0.72    1.32
 -48394.752     2.220    -0.43    1.33
 -48021.452     2.292     0.19    3.12
 -47648.193     4.425     5.72    7.77
 -47274.974     8.864    11.89   14.23
 -46901.796    12.316     9.25   17.35
 -46528.658    11.711    -1.62   17.27
 -46155.561     8.678    -8.13   12.77
 -45782.504     6.690    -5.33    8.35
 -45409.488     6.644    -0.13    9.30
 -45036.512     5.559    -2.91    8.05
 -44663.577     5.399    -0.43    7.57
 -44290.682     5.033    -0.98    6.19
 -43917.828     5.157     0.33    5.55
 -43545.014     7.225     5.55    8.96
 -43172.241    12.864    15.13   18.76
 -42799.508    20.191    19.66   24.69
 -42426.815    26.698    17.46   26.82
 -42054.163    32.356    15.18   28.97
 -41681.551    30.232    -5.70   26.60
 -41308.980    26.728    -9.40   22.79
 -40936.449    26.225    -1.35   15.67
 -40563.958    30.127    10.47   15.64
 -40191.508    44.398    38.32   24.61
 -39819.098    57.517    35.23   24.81
 -39446.728    61.414    10.47   24.85
 -39074.398    63.828     6.48   27.59
 -38702.109    61.930    -5.10   30.49
 -38329.860    67.000    13.62   32.82
 -37957.651    76.260    24.88   28.06
 -37585.482    83.214    18.69   23.71
 -37213.354    86.661     9.26   20.52
 -36841.265    93.776    19.12   21.37
 -36469.217    97.312     9.51   21.08
 -36097.209    92.160   -13.85   23.89
 -35725.242    79.524   -33.97   26.04
 -35353.314    61.498   -48.47   20.86
 -34981.426    44.954   -44.49   19.51
 -34609.579    33.209   -31.59   20.11
 -34237.771    27.220   -16.11   20.95
 -33866.004    23.231   -10.73   19.34
 -33494.277    19.433   -10.22   20.38
 -33122.589    15.635   -10.22   20.73
 -32750.942     7.209   -22.67   14.06
 -32379.335     3.191   -10.81    8.60
 -32007.768     4.827     4.40   10.65
 -31636.240     6.208     3.72   10.52
 -31264.753     5.414    -2.14   10.30
 -30893.306     4.667    -2.01   10.66
 -30521.898     2.381    -6.15    8.57
 -30150.531     0.056    -6.26    1.90
 -29779.203    -0.207    -0.71    1.73
 -29407.915     0.415     1.68    2.52
 -29036.668     1.014     1.61    2.98
 -28665.460     1.605     1.59    3.22
 -28294.292     2.033     1.15    3.26
 -27923.163     2.548     1.39    3.23
 -27552.075     2.508    -0.11    3.11
 -27181.026     2.864     0.96    3.10
 -26810.017     2.844    -0.05    3.11
 -26439.048     2.695    -0.40    3.19
 -26068.119     2.542    -0.41    3.35
 -25697.229     2.214    -0.88    3.42
 -25326.379     1.346    -2.34    3.29
 -24955.569     0.243    -2.98    2.75
 -24584.799    -0.577    -2.21    1.81
 -24214.068    -1.119    -1.46    0.00
 -23843.377    -1.119     0.00    0.00
 -23472.726    -1.119     0.00    0.00
 -23102.114    -1.119     0.00    0.00
 -22731.542    -1.031     0.24    0.66
 -22361.009    -0.950     0.22    0.91
 -21990.516    -0.974    -0.06    0.78
 -21620.063    -1.119    -0.39    0.00
 -21249.649    -1.119     0.00    0.00
 -20879.275    -1.119     0.00    0.00
 -20508.941    -1.119     0.00    0.00
 -20138.646    -1.119     0.00    0.00
 -19768.390    -1.119     0.00    0.00
 -19398.174    -1.119     0.00    0.00
 -19023.804    -1.119     0.00    0.00
 -18645.569    -1.119     0.00    0.00
 -18267.374    -1.119     0.00    0.00
 -17889.222    -1.119     0.00    0.00
 -17511.110    -1.119     0.00    0.00
 -17133.040    -1.119     0.00    0.00
 -16755.011    -1.119     0.00    0.00
 -16377.024    -1.119     0.00    0.00
 -15999.077    -1.119     0.00    0.00
 -15621.172    -1.119     0.00    0.00
 -15243.308    -1.119     0.00    0.00
 -14865.486    -0.972     0.39    0.81
 -14487.705    -0.628     0.91    1.60
 -14109.964    -0.516     0.30    1.76
 -13732.265    -0.242     0.72    2.04
 -13354.608    -0.102     0.37    2.18
 -12976.991     0.442     1.44    2.61
 -12599.415     0.988     1.45    2.82
 -12221.881     1.081     0.25    2.91
 -11844.388     0.917    -0.44    2.72
 -11466.936     0.898    -0.05    2.64
 -11089.524     0.474    -1.12    2.56
 -10712.154    -0.033    -1.34    2.49
 -10334.825    -0.119    -0.23    2.47
  -9957.537    -0.322    -0.54    2.04
  -9580.290     0.345     1.77    2.61
  -9203.084     1.077     1.94    3.07
  -8825.919     1.602     1.39    3.12
  -8448.795     2.513     2.41    3.05
  -8071.712     2.984     1.25    2.84
  -7694.670     3.610     1.66    2.26
  -7317.669     3.969     0.95    2.29
  -6940.709     4.088     0.32    2.23
  -6563.789     4.299     0.56    1.98
  -6186.911     4.457     0.42    2.02
  -5810.073     4.435    -0.06    1.96
  -5433.276     4.520     0.23    1.89
  -5056.520     4.036    -1.29    2.21
  -4679.805     3.226    -2.15    2.59
  -4303.131     2.143    -2.87    2.65
  -3926.497     1.484    -1.75    2.46
  -3549.904     0.984    -1.33    2.17
  -3173.352     0.788    -0.52    1.89
  -2796.841     0.648    -0.37    1.78
  -2420.371     0.583    -0.17    1.75
  -2043.941     0.440    -0.38    1.59
  -1667.552     0.288    -0.41    1.25
  -1291.203     0.202    -0.23    1.10
   -914.896     0.181    -0.06    1.20
   -538.628     0.081    -0.27    1.04
   -162.402    -0.102    -0.49    0.13
    213.784    -0.085     0.05    0.18
    589.929    -0.119    -0.09    0.00
    966.034    -0.119     0.00    0.00
   1342.098    -0.119     0.00    0.00
   1718.121     0.028     0.39    0.85
   2094.104     0.074     0.12    1.13
   2470.046     0.084     0.03    1.11
   2845.948     0.233     0.39    1.26
   3221.810     0.254     0.06    1.43
   3597.630     0.460     0.55    2.16
   3973.411     0.849     1.04    2.63
   4349.151     0.846    -0.01    2.42
   4724.850     1.088     0.64    2.24
   5100.509     1.553     1.24    2.08
   5476.128     1.777     0.60    2.06
   5851.706     2.390     1.63    2.38
   6227.244     2.733     0.91    2.47
   6602.741     5.731     7.98    9.96
   6978.198    11.951    16.57   19.56
   7353.615    22.198    27.29   31.93
   7728.991    29.881    20.47   33.69
   8104.327    25.898   -10.61   31.31
   8479.623    18.028   -20.97   27.02
   8854.878     9.131   -23.71   19.98
   9230.093     2.984   -16.38    9.69
   9605.268     1.024    -5.23    0.75
   9980.403     1.231     0.55    1.27
  10355.497     1.653     1.12    1.77
  10730.552     2.002     0.93    1.96
  11105.566     1.949    -0.14    2.00
  11480.539     1.442    -1.35    1.66
  11855.473     0.984    -1.22    0.67
  12230.367     0.881    -0.28    0.00
  12605.220     0.881     0.00    0.00
  12980.033     1.281     1.07    1.42
  13354.806     2.110     2.21    2.22
  13729.539     3.249     3.04    2.79
  14104.232     4.670     3.79    2.83
  14478.885     5.847     3.14    2.30
  14853.498     6.709     2.30    1.53
  15228.070     6.618    -0.24    1.52
  15602.603     6.699     0.22    1.60
  15977.096     6.598    -0.27    1.40
  16351.548     6.774     0.47    1.44
  16725.961     6.766    -0.02    1.24
  17100.334     6.864     0.26    1.22
  17474.667     6.986     0.33    1.28
  17848.959     6.881    -0.28    1.46
  18223.212     7.088     0.55    1.45
  18597.425     7.144     0.15    1.42
  18971.598     7.021    -0.33    1.38
  19345.732     7.169     0.39    1.38
  19719.825     7.310     0.38    1.39
  20093.878     7.406     0.26    1.45
  20467.892     7.292    -0.31    1.44
  20841.866     7.091    -0.54    1.28
  21215.800     6.576    -1.38    1.56
  21589.694     6.288    -0.77    1.73
  21963.548     5.933    -0.95    1.81
  22337.363     5.847    -0.23    1.64
  22711.138     5.979     0.35    1.80
  23084.873     5.863    -0.31    1.55
  23458.568     6.610     2.00    1.10
  23832.224     7.825     3.25    2.98
  24205.840     9.741     5.13    4.04
  24579.416    11.214     3.94    4.17
  24952.953    11.717     1.35    3.68
  25326.450    11.898     0.49    3.07
  25699.907    10.640    -3.37    1.68
  26073.325    10.045    -1.59    1.31
  26446.703     9.741    -0.81    1.06
  26820.042     9.356    -1.03    0.99
  27193.341     9.307    -0.13    1.13
  27566.600     9.174    -0.36    1.27
  27939.820     9.056    -0.32    1.35
  28313.000     8.799    -0.69    1.38
  28686.141     8.916     0.31    1.21
  29059.242     8.846    -0.19    1.28
  29432.304     8.664    -0.49    1.25
  29805.326     8.657    -0.02    1.27
  30178.308     8.688     0.08    1.25
  30551.252     8.699     0.03    1.38
  30924.156     8.423    -0.74    1.41
  31297.020     7.935    -1.31    1.33
  31669.845     7.498    -1.17    1.17
  32042.631     7.372    -0.34    1.15
  32415.377     7.232    -0.38    1.08
  32788.084     7.152    -0.21    1.13
  33160.751     6.777    -1.01    1.53
  33533.379     6.425    -0.95    1.52
  33905.968     6.711     0.77    1.68
  34278.518     6.966     0.68    1.58
  34651.028     7.450     1.30    1.23
  35023.499     7.440    -0.03    1.33
  35395.930     7.548     0.29    1.43
  35768.323     7.738     0.51    1.45
  36140.676     7.565    -0.46    1.40
  36512.990     7.661     0.26    1.39
  36885.264     7.631    -0.08    1.25
  37257.500     7.481    -0.40    1.33
  37629.696     7.491     0.03    1.19
  38001.853     7.685     0.52    1.07
  38373.971     7.762     0.21    1.00
  38746.050     7.863     0.27    0.89
  39118.089     7.846    -0.05    0.96
  39490.090     7.717    -0.35    1.01
  39862.051     7.576    -0.38    1.18
  40233.973     7.214    -0.97    1.19
  40605.857     7.288     0.20    1.10
  40977.701     7.389     0.27    0.99
  41349.506     7.355    -0.09    1.14
  41721.272     7.536     0.49    1.45
  42092.999     7.423    -0.30    1.55
  42464.687     7.179    -0.66    1.74
  42836.336     7.214     0.09    1.77
  43207.946     6.864    -0.94    1.55
  43579.517     6.772    -0.25    1.52
  43951.050     6.898     0.34    1.51
  44322.543     7.140     0.65    1.56
  44693.997     7.381     0.65    1.55
  45065.412     7.863     1.30    1.23
  45436.789     8.094     0.62    1.25
  45808.126     8.284     0.51    1.27
  46179.425     8.071    -0.58    1.26
  46550.685     7.814    -0.69    1.19
  46921.906     7.845     0.08    1.21
  47293.088     7.688    -0.42    1.16
  47664.231     7.663    -0.07    1.03
  48035.336     7.674     0.03    1.07
  48406.402     7.517    -0.42    1.06
  48777.429     7.094    -1.14    1.39
  49148.417     6.572    -1.41    1.68
  49519.366     6.415    -0.42    1.81
  49890.277     6.600     0.50    1.84
  50261.149     7.039     1.18    2.05
  50631.983     8.006     2.61    1.88
  51002.777     8.813     2.18    1.51
  51373.533     8.670    -0.38    2.20
  51744.250     8.327    -0.93    2.58
  52114.929     7.564    -2.06    2.65
  52485.569     6.477    -2.93    2.27
  52856.170     6.036    -1.19    1.93
  53226.733     5.362    -1.82    1.30
  53597.257     4.881    -1.30    0.00
  53967.743     4.881     0.00    0.00
  54338.190     4.930     0.13    0.22
  54708.598     4.952     0.06    0.26
  55078.968     6.723     4.78    4.23
  55449.300     9.688     8.01    5.91
  55823.100    12.898     8.59    5.89
  56201.251    16.214     8.77    3.83
  56579.362    16.951     1.95    2.62
  56957.433    17.711     2.01    3.23
  57335.463    21.185     9.19    8.09
  57713.453    25.698    11.94   11.58
  58091.403    32.202    17.21   14.58
  58469.313    35.074     7.60   13.85
  58847.182    33.635    -3.81   13.18
  59225.011    33.131    -1.33   12.68
  59602.800    31.916    -3.22   15.40
  59980.549    30.103    -4.80   18.85
  60358.258    25.576   -11.99   14.87
  60735.926    20.811   -12.62    8.69
  61113.555    19.356    -3.85    3.08
  61491.143    20.226     2.30    2.86
  61868.692    20.577     0.93    2.58
  62246.200    20.348    -0.61    3.01
  62623.668    20.696     0.92    3.19
  63001.096    20.741     0.12    3.48
  63378.484    21.292     1.46    3.09
  63755.832    21.036    -0.68    3.14
  64133.140    19.828    -3.20    2.44
  64510.409    19.460    -0.98    2.02
  64887.637    19.209    -0.67    2.03
  65264.825    18.972    -0.63    2.07
  65641.973    19.000     0.07    1.96
  66019.081    19.717     1.90    2.17
  66396.150    20.162     1.18    1.82
  66773.178    20.553     1.04    1.63
  67150.167    20.863     0.82    2.18
  67527.115    21.162     0.79    2.66
  67904.024    22.117     2.54    2.68
  68280.893    22.101    -0.04    2.79
  68657.722    21.408    -1.84    3.18
  69034.512    19.698    -4.54    3.42
  69411.261    17.553    -5.69    2.99
  69787.971    17.127    -1.13    2.84
  70164.641    16.864    -0.70    2.76
  70541.271    17.095     0.61    2.55
  70917.862    17.024    -0.19    2.33
  71294.413    16.955    -0.18    2.55
  71670.924    17.033     0.21    2.89
  72047.395    16.548    -1.29    2.90
  72423.827    16.581     0.09    2.96
  72800.219    16.898     0.84    2.88
  73176.571    18.039     3.03    2.56
  73552.884    19.131     2.90    1.88
  73929.157    18.935    -0.52    1.63
  74305.390    19.197     0.69    1.77
  74681.584    19.445     0.66    1.79
  75057.738    19.502     0.15    1.95
  75433.853    19.741     0.64    2.11
  75809.928    19.829     0.24    2.01
  76185.964    19.863     0.09    1.97
  76561.960    19.267    -1.59    1.79
  76937.916    18.914    -0.94    1.74
  77313.833    19.140     0.60    1.84
  77689.711    19.811     1.78    1.95
  78065.549    20.463     1.73    1.94
  78441.347    20.056    -1.08    3.50
  78817.106    19.074    -2.61    5.05
  79192.826    18.179    -2.38    5.74
  79568.506    17.723    -1.21    6.20
  79944.147    16.530    -3.18    6.60
  80319.749    15.274    -3.34    6.64
  80695.311    14.659    -1.64    6.92
  81070.834    14.284    -1.00    6.72
  81446.317    14.214    -0.19    7.01
  81821.761    14.653     1.17    7.27
  82197.166    15.109     1.21    7.39
  82572.531    14.969    -0.37    7.51
  82947.857    14.337    -1.68    7.68
  83323.144    12.517    -4.85    7.37
  83698.392    11.635    -2.35    6.86
  84073.600    10.790    -2.25    6.12
  84448.769    10.530    -0.69    5.40
  84823.899    10.460    -0.19    4.52
  85198.990     9.828    -1.68    2.73
  85574.041    10.442     1.64    3.30
  85949.054    10.898     1.22    3.60
  86324.027    10.425    -1.26    3.58
  86698.961     9.863    -1.50    2.79
  87073.856     9.717    -0.39    2.64
  87448.711     9.685    -0.09    2.60
  87823.528    10.302     1.65    2.24
  88198.306    10.811     1.36    1.76
  88573.044    11.284     1.26    0.98
  88947.743    11.179    -0.28    0.91
  89322.404    10.986    -0.52    0.90
  89697.025    10.863    -0.33    1.09
  90071.607    10.692    -0.46    1.18
  90446.150    10.847     0.41    1.14
  90820.655    10.827    -0.05    1.12
  91195.120    11.071     0.65    0.98
  91569.546    11.091     0.06    0.94
  91943.933    10.986    -0.28    1.13
  92318.282    10.846    -0.37    1.14
  92692.591    10.741    -0.28    1.09
  93066.862    10.810     0.18    1.20
  93441.093    10.824     0.04    1.15
  93815.286    10.932     0.29    1.04
  94189.440    11.245     0.84    1.04
  94563.555    11.372     0.34    1.09
  94937.631    11.502     0.35    1.07
  95311.668    11.828     0.87    1.01
  95685.667    11.588    -0.64    1.51
  96059.626    11.415    -0.46    1.60
  96433.547    11.292    -0.33    1.79
  96807.429    11.445     0.41    1.80
  97181.273    11.610     0.44    1.69
  97555.077    11.613     0.01    1.82
  97928.843    11.779     0.44    1.79
  98302.570    11.776    -0.01    1.95
  98676.258    11.881     0.28    1.96
  99049.908    12.019     0.37    1.76
  99423.519    12.071     0.14    1.61
  99797.092    11.827    -0.65    1.76
 100170.625    11.845     0.05    1.80
 100544.120    12.101     0.69    1.89
 100917.577    12.345     0.65    1.71
 101290.994    12.847     1.34    1.51
 101664.374    12.774    -0.20    1.23
 102037.714    12.513    -0.70    1.08
 102411.016    12.381    -0.35    1.50
 102784.280    12.214    -0.45    1.46
 103157.505    12.320     0.28    1.40
 103530.691    12.477     0.42    1.39
 103903.839    12.536     0.16    0.93
 104276.948    12.517    -0.05    0.97
 104650.019    12.542     0.07    1.06
 105023.051    13.560     2.73    2.82
 105396.045    15.372     4.86    3.72
 105769.001    17.004     4.37    3.76
 106141.918    17.548     1.46    2.37
 106514.796    18.670     3.01    2.96
 106887.637    21.407     7.34    6.29
 107260.438    25.600    11.25    9.03
 107633.202    30.560    13.30    9.79
 108005.927    33.548     8.02    9.21
 108378.613    34.226     1.82    8.27
 108751.262    33.042    -3.18    7.77
 109123.872    30.026    -8.09    7.04
 109496.443    28.197    -4.91    6.20
 109868.977    27.337    -2.31    5.63
 110241.472    27.745     1.10    6.02
 110613.929    28.618     2.34    6.03
 110986.347    29.688     2.87    5.46
 111358.727    30.799     2.98    5.40
 111731.069    32.613     4.87    5.15
 112103.373    34.657     5.49    4.86
 112475.639    35.862     3.24    4.28
 112847.866    34.320    -4.14    4.77
 113220.055    31.714    -7.00    4.69
 113592.206    28.414    -8.87    4.66
 113964.319    26.292    -5.70    2.72
 114336.394    26.984     1.86    3.52
 114708.431    29.140     5.79    4.61
 115080.429    32.277     8.43    4.50
 115452.390    35.243     7.97    3.14
 115824.312    36.470     3.30    2.46
 116196.196    36.952     1.30    2.09
 116568.042    37.177     0.60    2.00
 116939.850    37.796     1.66    2.37
 117311.620    39.026     3.31    2.44
 117683.352    40.322     3.48    2.50
 118055.046    41.720     3.76    2.47
 118426.703    42.934     3.26    1.87
 118798.321    43.635     1.89    1.79
 119169.901    43.363    -0.73    1.94
 119541.443    41.881    -3.99    3.06
 119912.947    39.986    -5.10    4.07
 120284.413    37.811    -5.86    3.78
 120655.842    35.577    -6.01    3.66
 121027.232    33.012    -6.91    4.18
 121398.584    30.418    -6.98    4.84
 121769.899    25.674   -12.77    6.35
 122141.176    21.426   -11.44    5.08
 122512.415    18.635    -7.52    3.58
 122883.616    17.320    -3.54    2.40
 123254.779    18.329     2.72    2.04
 123625.905    19.372     2.81    1.76
 123996.992    20.056     1.84    1.71
 124368.042    20.881     2.22    2.16
 124739.054    21.024     0.38    1.99
 125110.029    20.950    -0.20    1.90
 125480.965    20.807    -0.39    1.72
 125851.864    20.433    -1.01    1.37
 126222.725    20.107    -0.88    1.25
 126593.549    19.033    -2.90    2.04
 126964.334    18.185    -2.29    2.04
 127335.082    17.915    -0.73    2.14
 127705.793    18.709     2.14    3.27
 128076.466    20.460     4.72    5.12
 128447.101    21.243     2.11    6.86
 128817.698    21.267     0.06    7.88
 129188.258    18.881    -6.44    3.25
 129558.780    17.988    -2.41    1.64
 129929.265    17.726    -0.71    1.59
 130299.712    17.808     0.22    1.71
 130673.041    18.067     0.69    1.74
 131051.105    18.577     1.35    1.68
 131429.131    18.916     0.90    1.58
 131807.117    19.477     1.49    1.52
 132185.064    19.917     1.16    2.07
 132562.971    20.320     1.07    2.56
 132940.840    20.372     0.14    2.86
 133318.669    20.185    -0.50    2.48
 133696.459    19.681    -1.33    1.79
 134074.210    19.731     0.13    1.46
 134451.922    19.898     0.44    1.19
 134829.594    20.327     1.14    1.22
 135207.228    21.050     1.91    1.18
 135584.822    21.542     1.30    1.05
 135962.378    21.949     1.08    1.06
 136339.894    22.245     0.78    1.41
 136717.371    22.185    -0.16    1.57
 137094.810    21.657    -1.40    1.96
 137472.209    21.088    -1.51    2.08
 137849.569    20.220    -2.30    1.59
 138226.890    20.226     0.02    1.61
 138604.172    20.312     0.23    1.61
 138981.416    20.590     0.74    1.84
 139358.620    20.678     0.23    1.83
 139735.785    20.513    -0.44    1.76
 140112.912    20.355    -0.42    1.75
 140489.999    20.101    -0.67    1.40
 140867.048    20.506     1.07    1.30
 141244.057    20.776     0.72    1.25
 141621.028    21.085     0.82    1.14
 141997.960    21.220     0.36    1.13
 142374.853    21.649     1.14    1.32
 142751.708    21.812     0.43    1.18
 143128.523    21.969     0.42    1.26
 143505.300    22.042     0.19    1.49
 143882.038    22.203     0.43    1.40
 144258.737    22.417     0.57    1.64
 144635.397    21.915    -1.33    1.45
 145012.019    21.952     0.10    1.17
 145388.602    21.988     0.09    1.04
 145765.146    22.530     1.44    1.29
 146141.651    23.105     1.53    1.23
 146518.118    23.988     2.35    1.47
 146894.546    24.954     2.56    1.99
 147270.935    26.467     4.02    2.22
 147647.286    27.952     3.95    1.78
 148023.598    29.084     3.01    1.48
 148399.872    30.149     2.83    1.48
 148776.106    30.898     1.99    1.46
 149152.303    31.661     2.03    1.16
 149528.460    32.149     1.30    1.14
 149904.579    32.635     1.29    1.12
 150280.660    32.936     0.80    0.92
 150656.702    33.185     0.66    0.85
 151032.705    33.524     0.90    0.88
 151408.670    33.622     0.26    1.02
 151784.597    33.934     0.83    1.53
 152160.484    34.039     0.28    1.51
 152536.334    34.305     0.71    1.52
 152912.145    34.590     0.76    1.37
 153287.917    34.542    -0.13    1.09
 153663.651    34.696     0.41    1.15
 154039.347    34.702     0.02    1.18
 154415.004    34.548    -0.41    1.42
 154790.623    34.738     0.51    1.46
 155166.204    34.702    -0.10    1.69
 155541.746    34.935     0.62    1.85
 155917.249    34.898    -0.10    2.00
 156292.715    34.029    -2.32    2.49
 156668.142    33.088    -2.51    2.52
 157043.531    32.292    -2.12    2.10
 157418.881    32.302     0.03    1.87
 157794.193    33.197     2.38    2.41
 158169.467    34.131     2.49    2.27
 158544.703    35.320     3.17    1.73
 158919.900    36.045     1.93    1.55
 159295.059    36.530     1.29    1.30
 159670.180    37.150     1.65    1.05
 160045.263    37.593     1.18    1.07
 160420.307    37.970     1.01    0.98
 160795.314    38.209     0.64    0.93
 161170.282    38.390     0.48    0.91
 161545.212    38.488     0.26    0.82
 161920.103    38.553     0.17    0.93
 162294.957    38.768     0.57    0.95
 162669.773    39.060     0.78    1.03
 163044.550    39.317     0.69    1.05
 163419.290    39.600     0.75    1.10
 163793.991    40.263     1.77    2.16
 164168.654    40.460     0.53    2.60
 164543.279    40.004    -1.22    3.67
 164917.867    37.954    -5.47    4.69
 165292.416    37.588    -0.98    5.43
 165666.927    38.354     2.04    6.45
 166041.400    41.881     9.42    6.72
 166415.835    46.135    11.36    3.85
 166790.232    47.738     4.28    3.07
 167164.591    48.267     1.41    3.33
 167538.913    48.372     0.28    3.27
 167913.196    47.345    -2.74    3.49
 168287.442    46.970    -1.00    3.63
 168661.649    46.881    -0.24    3.70
 169035.819    47.808     2.48    4.32
 169409.950    50.084     6.08    4.46
 169784.044    50.994     2.43    4.58
 170158.100    49.202    -4.79    5.71
 170532.119    45.320   -10.38    6.41
 170906.099    41.127   -11.21    6.13
 171280.041    37.249   -10.37    4.21
 171653.946    35.565    -4.50    2.69
 172027.813    35.238    -0.87    2.83
 172401.642    35.315     0.21    3.02
 172775.434    35.101    -0.57    2.82
 173149.187    34.408    -1.85    2.24
 173522.903    33.984    -1.13    1.87
 173896.582    34.452     1.25    2.08
 174270.222    35.952     4.01    4.46
 174643.825    38.649     7.22    6.97
 175017.390    39.986     3.58    7.92
 175390.918    39.327    -1.76    7.86
 175764.407    37.790    -4.12    7.05
 176137.860    35.004    -7.46    2.82
 176511.274    34.529    -1.27    1.73
 176884.651    34.243    -0.77    1.45
 177257.990    34.202    -0.11    1.47
 177631.292    33.828    -1.00    1.29
 178004.556    34.021     0.52    1.27
 178377.783    34.214     0.52    1.46
 178750.972    34.162    -0.14    1.22
 179124.123    34.256     0.25    1.02
 179497.237    34.470     0.57    0.80
 179870.314    34.727     0.69    0.85
 180243.353    35.050     0.87    0.99
 180616.354    35.310     0.69    1.04
 180989.318    35.502     0.52    1.04
 181362.245    36.162     1.77    1.74
 181735.134    36.741     1.55    2.83
 182107.986    37.179     1.18    2.96
 182480.800    37.399     0.59    2.57
 182853.577    37.127    -0.73    1.20
 183226.316    37.245     0.32    0.97
 183599.018    37.345     0.27    1.08
 183971.683    37.612     0.71    1.09
 184344.310    37.571    -0.11    0.94
 184716.900    37.631     0.16    0.86
 185089.453    37.688     0.15    1.04
 185461.968    38.006     0.85    1.24
 185834.446    38.310     0.81    1.19
 186206.887    39.002     1.86    1.17
 186579.291    39.354     0.95    1.15
 186951.657    39.774     1.13    1.32
 187323.986    40.517     2.00    1.28
 187696.277    41.256     1.98    1.76
 188068.532    41.935     1.83    1.86
 188440.749    42.881     2.54    1.73
 188812.929    43.631     2.01    1.56
 189185.072    43.723     0.25    1.33
 189557.178    44.004     0.75    1.56
 189929.246    44.530     1.41    1.62
 190301.278    44.811     0.75    1.55
 190673.272    45.256     1.20    1.45
 191045.229    45.738     1.30    1.58
 191417.149    46.227     1.31    1.62
 191789.032    46.728     1.35    1.85
 192160.878    47.354     1.68    1.64
 192532.686    47.525     0.46    1.53
 192904.458    48.372     2.28    1.70
 193276.193    49.399     2.76    2.26
 193647.890    50.302     2.43    2.31
 194019.551    51.214     2.45    2.23
 194391.174    51.477     0.71    2.05
 194762.761    51.618     0.38    1.90
 195134.311    51.738     0.32    1.70
 195505.823    52.051     0.84    1.45
 195877.299    52.542     1.32    1.58
 196248.737    53.572     2.77    2.39
 196620.139    55.372     4.85    3.68
 196991.504    57.659     6.16    4.13
 197362.832    59.077     3.82    3.37
 197734.123    59.595     1.39    2.84
 198105.377    58.495    -2.96    3.06
 198476.594    57.109    -3.73    2.83
 198847.775    56.249    -2.32    2.62
 199218.918    55.390    -2.32    2.28
 199590.025    55.113    -0.75    2.08
 199961.095    55.571     1.23    2.35
 200332.128    57.529     5.28    3.67
 200703.124    62.060    12.21    6.15
 201074.084    67.955    15.89    7.85
 201445.007    74.935    18.81    8.69
 201815.893    79.699    12.84    6.19
 202186.742    79.214    -1.31    8.30
 202557.554    73.004   -16.75   12.49
 202928.330    65.970   -18.97   11.51
 203299.069    59.811   -16.61    6.65
 203669.772    57.081    -7.36    1.30
 204040.437    57.122     0.11    1.16
 204411.066    57.245     0.33    1.14
 204781.659    57.417     0.46    1.11
 205152.215    57.585     0.45    1.21
 205525.147    58.238     1.75    1.89
 205903.129    58.899     1.75    2.18
 206281.074    59.214     0.83    1.99
 206658.980    61.042     4.83    3.47
 207036.848    63.335     6.07    5.26
 207414.677    67.442    10.87    6.84
 207792.469    71.917    11.84    6.06
 208170.222    75.209     8.71    7.02
 208547.938    76.274     2.82    8.85
 208925.615    74.109    -5.73   10.61
 209303.254    71.074    -8.04   10.73
 209680.854    67.699    -8.94    8.00
 210058.417    65.140    -6.78    5.14
 210435.942    64.788    -0.93    3.50
 210813.428    66.345     4.12    4.56
 211190.877    68.936     6.86    6.39
 211568.288    72.355     9.05    7.76
 211945.660    76.542    11.09    9.41
 212322.994    78.702     5.73    9.90
 212700.291    80.709     5.32   10.39
 213077.549    81.381     1.78   10.54
 213454.770    81.495     0.30   10.29
 213831.952    82.149     1.73    9.73
 214209.097    82.530     1.01    9.74
 214586.204    83.917     3.68    9.41
 214963.272    84.935     2.70    8.95
 215340.303    85.530     1.58    7.88
 215717.296    87.477     5.16    7.89
 216094.251    89.577     5.57    8.34
 216471.168    90.975     3.71    8.11
 216848.047    92.811     4.87    8.28
 217224.889    93.986     3.12    6.94
 217601.692    95.756     4.70    6.34
 217978.458    99.302     9.41    7.35
 218355.186   104.390    13.50    8.70
 218731.876   109.969    14.81    8.80
 219108.529   114.677    12.50    7.42
 219485.143   118.969    11.39    8.09
 219861.720   121.060     5.55    9.99
 220238.259   121.917     2.28   13.04
 220614.761   118.898    -8.01   15.85
 220991.224   116.307    -6.88   16.20
 221367.650   111.060   -13.94   12.77
 221744.038   108.122    -7.80    6.50
 222120.389   108.346     0.60    3.84
 222496.702   110.226     4.99    3.73
 222872.977   112.390     5.75    3.11
 223249.215   114.881     6.62    4.35
 223625.415   117.720     7.55    6.39
 224001.577   123.174    14.50    7.86
 224377.702   128.972    15.41    7.54
 224753.789   134.934    15.85    7.77
 225129.839   139.270    11.53    7.45
 225505.851   142.006     7.28    7.81
 225881.826   144.827     7.50    8.51
 226257.763   147.167     6.22    9.75
 226633.662   150.452     8.74   10.27
 227009.524   153.172     7.23    9.88
 227385.349   153.685     1.36   11.20
 227761.136   152.708    -2.60   14.56
 228136.885   148.390   -11.49   16.87
 228512.597   144.099   -11.42   15.07
 228888.272   146.274     5.79   14.21
 229263.909   155.506    24.57   15.25
 229639.509   166.626    29.60   13.50
 230015.072   178.898    32.67   14.32
 230390.597   191.150    32.62   16.37
 230766.084   208.881    47.21   23.67
 231141.534   229.245    54.23   29.68
 231516.947   250.969    57.85   28.63
 231892.323   263.792    34.15   18.27
 232267.661   262.917    -2.33   19.82
 232642.962   250.952   -31.87   22.09
 233018.226   237.466   -35.93   17.37
 233393.452   226.477   -29.28   14.29
 233768.641   218.735   -20.63   13.52
 234143.793   214.653   -10.88   11.63
 234518.907   214.845     0.51   11.88
 234893.985   220.811    15.90   12.25
 235269.025   230.185    24.99   13.84
 235644.028   242.117    31.81   15.27
 236018.993   256.267    37.73   17.31
 236393.922   273.485    45.91   20.70
 236768.813   300.162    71.14   37.84
 237143.667   333.221    88.17   52.93
 237518.484   383.021   132.83   71.10
 237893.264   440.026   152.07   70.41
 238268.007   474.220    91.22   68.02
 238642.713   484.583    27.65   74.53
 239017.381   460.481   -64.31   83.69
 239392.013   411.723  -130.12   79.75
 239766.607   380.504   -83.32   67.94
 240141.164   349.006   -84.07   44.79
 240515.685   321.622   -73.10   35.85
 240890.168   306.327   -40.83   38.11
 241264.614   303.063    -8.72   37.61
 241639.023   329.317    70.11   60.52
 242013.396   386.595   152.96   75.56
 242387.731   412.445    69.04   57.07
 242762.029   396.363   -42.95   70.02
 243136.291   349.458  -125.30   80.53
 243510.515   293.214  -150.26   55.98
 243884.702   252.826  -107.91   31.04
 244258.853   238.232   -39.00   21.21
 244632.967   243.042    12.85   32.93
 245007.043   272.060    77.55   60.37
 245381.083   328.399   150.59   78.12
 245755.086   366.140   100.89   64.38
 246129.052   372.667    17.45   54.15
 246502.981   351.511   -56.56   63.88
 246876.874   304.256  -126.35   69.53
 247250.730   258.256  -123.01   74.25
 247624.548   228.232   -80.30   59.77
 247998.330   197.613   -81.90   28.10
 248372.076   193.954    -9.79   12.24
 248745.784   202.292    22.31   13.54
 249119.456   213.238    29.29   18.10
 249493.091   230.588    46.42   31.06
 249866.689   249.823    51.47   39.60
 250240.251   264.249    38.61   42.29
 250613.775   280.226    42.76   42.20
 250987.264   298.345    48.50   50.94
 251360.715   320.970    60.57   57.38
 251734.130   336.131    40.59   52.74
 252107.508   357.720    57.81   55.15
 252480.849   385.863    75.36   75.30
 252854.154   439.021   142.36  100.80
 253227.423   506.372   180.39  114.53
 253600.654   564.513   155.74  111.92
 253973.849   609.051   119.31   90.15
 254347.008   623.917    39.83   76.77
 254720.130   628.916    13.40   80.59
 255093.215   629.495     1.55   79.45
 255466.264   598.004   -84.39   86.74
 255839.276   561.426   -98.03   89.42
 256212.252   521.435  -107.20   84.50
 256585.191   506.126   -41.04   79.01
 256958.094   526.792    55.40   80.72
 257330.960   544.103    46.42   69.31
 257703.790   548.004    10.46   60.26
 258076.583   542.720   -14.17   68.73
 258449.340   536.425   -16.88   62.53
 258822.061   511.970   -65.59   72.79
 259194.745   477.917   -91.35   85.50
 259567.392   425.179  -141.48   81.35
 259940.004   384.881  -108.12   62.48
 260312.578   385.863     2.64   58.26
 260685.117   415.939    80.71   64.85
 261057.619   428.024    32.43   63.82
 261430.085   426.214    -4.86   69.81
 261802.514   433.162    18.65   87.27
 262174.907   445.445    32.98  102.83
 262547.264   460.986    41.73   97.25
 262919.585   448.572   -33.33   99.21
 263291.869   423.474   -67.40   88.95
 263664.117   375.881  -127.82   73.90
 264036.329   342.640   -89.28   64.37
 264408.504   300.292  -113.76   61.38
 264780.644   248.140  -140.10   63.44
 265152.747   204.327  -117.71   72.35
 265524.813   163.122  -110.72   58.96
 265896.844   134.723   -76.31   35.59
 266268.838   119.554   -40.77    4.93
 266640.797   118.790    -2.05    3.01
 267012.719   119.026     0.64    2.63
 267384.605   119.081     0.15    2.60
 267756.455   119.442     0.97    2.82
 268128.268   119.381    -0.17    2.75
 268500.046   120.095     1.92    2.90
 268871.787   122.011     5.15    5.14
 269243.493   127.506    14.78    9.16
 269615.162   133.603    16.40   10.59
 269986.795   139.738    16.50   10.36
 270358.392   143.955    11.35   11.01
 270729.954   146.499     6.85   11.73
 271101.479   151.425    13.25   11.44
 271472.968   156.685    14.15   14.07
 271844.421   166.144    25.46   18.45
 272215.838   174.274    21.88   17.68
 272587.219   183.131    23.84   11.77
 272958.564   188.054    13.25   10.96
 273329.874   196.613    23.04   17.76
 273701.147   209.183    33.85   27.94
 274072.384   229.881    55.74   35.89
 274443.586   246.954    45.98   30.05
 274814.751   249.190     6.02   27.58
 275185.881   235.916   -35.76   26.78
 275556.975   223.738   -32.81   20.73
 275928.033   214.077   -26.03   22.62
 276299.055   204.681   -25.32   22.50
 276670.041   201.337    -9.01   19.45
 277040.991   200.592    -2.01   15.71
 277411.906   215.077    39.04   22.04
 277782.785   237.221    59.69   27.61
 278153.628   259.595    60.32   29.50
 278524.435   276.899    46.65   26.36
 278895.206   276.363    -1.45   39.39
 279265.942   255.417   -56.48   56.32
 279636.642   230.226   -67.93   51.42
 280007.306   213.631   -44.76   32.38
 280379.922   215.517     5.06   28.06
 280757.824   249.670    90.35   46.66
 281135.688   283.112    88.48   43.99
 281513.516   306.631    62.23   36.64
 281891.306   314.756    21.50   35.79
 282269.059   307.560   -19.05   39.57
 282646.775   291.144   -43.45   33.64
 283024.454   276.790   -38.00   26.37
 283402.096   269.917   -18.20   20.19
 283779.700   270.592     1.79   17.93
 284157.268   273.685     8.19   15.17
 284534.798   275.117     3.79   18.49
 284912.291   270.845   -11.32   22.38
 285289.747   259.560   -29.89   26.20
 285667.166   251.233   -22.06   28.77
 286044.548   236.613   -38.73   30.69
 286421.892   222.613   -37.09   27.60
 286799.200   225.542     7.76   26.70
 287176.471   239.418    36.77   36.99
 287553.705   263.327    63.36   38.90
 287930.901   287.936    65.22   28.70
 288308.061   300.645    33.68   27.53
 288685.184   314.613    37.03   30.11
 289062.269   317.208     6.88   29.62
 289439.318   309.685   -19.95   32.39
 289816.330   302.918   -17.94   32.09
 290193.305   304.091     3.11   36.61
 290570.243   296.881   -19.12   41.78
 290947.144   282.917   -37.04   50.52
 291324.008   254.042   -76.60   46.07
 291700.835   236.323   -47.01   30.12
 292077.625   240.792    11.86   33.35
 292454.379   263.445    60.11   36.63
 292831.095   278.381    39.64   33.83
 293207.775   290.935    33.32   30.78
 293584.418   301.445    27.89   24.46
 293961.025   304.720     8.70   21.28
 294337.594   301.477    -8.61   22.38
 294714.127   301.077    -1.06   24.35
 295090.622   296.862   -11.19   26.63
 295467.081   295.470    -3.70   28.77
 295843.504   296.233     2.03   30.55
 296219.889   292.208   -10.69   37.92
 296596.238   280.256   -31.75   43.41
 296972.550   253.899   -70.02   48.27
 297348.826   220.792   -87.96   48.69
 297725.065   193.323   -72.99   32.99
 298101.267   178.774   -38.66   20.95
 298477.432   170.325   -22.45    3.08
 298853.561   171.681     3.60    4.48
 299229.653   177.881    16.48   10.39
 299605.709   189.335    30.45   19.63
 299981.728   211.583    59.15   33.11
 300357.710   234.535    61.03   35.72
 300733.656   254.417    52.87   39.31
 301109.565   270.972    44.03   39.94
 301485.438   284.756    36.66   39.50
 301861.274   299.008    37.91   37.45
 302237.073   313.663    38.98   37.47
 302612.836   322.220    22.77   29.90
 302988.563   326.711    11.95   27.41
 303364.253   317.827   -23.64   32.79
 303739.907   300.251   -46.77   31.29
 304115.524   295.717   -12.07   28.41
 304491.104   299.827    10.94   26.02
 304866.648   305.251    14.44   24.79
 305242.156   300.898   -11.59   28.21
 305617.627   288.881   -32.00   32.76
 305993.062   272.530   -43.54   25.52
 306368.461   263.919   -22.93   24.57
 306743.823   260.542    -9.00   27.25
 307119.149   259.535    -2.68   29.57
 307494.438   248.149   -30.33   33.93
 307869.691   230.535   -46.92   32.49
 308244.908   224.026   -17.34   24.57
 308620.088   233.488    25.21   27.81
 308995.232   257.955    65.20   26.81
 309370.340   268.560    28.26   21.04
 309745.411   268.334    -0.60   21.38
 310120.446   255.190   -35.04   31.13
 310495.445   228.649   -70.75   33.45
 310870.408   212.825   -42.19   28.52
 311245.334   204.495   -22.21   19.27
 311620.225   205.699     3.21   15.63
 311995.079   223.425    47.27   26.22
 312369.896   240.323    45.07   24.12
 312744.678   247.952    20.35   19.05
 313119.423   249.140     3.17   22.21
 313494.133   243.256   -15.70   25.88
 313868.806   241.825    -3.82   26.25
 314243.443   253.099    30.08   32.10
 314618.044   276.363    62.08   37.13
 314992.608   290.640    38.10   26.12
 315367.137   284.435   -16.56   32.99
 315741.629   263.650   -55.48   40.06
 316116.086   245.006   -49.77   30.98
 316490.506   237.659   -19.62   22.22
 316864.891   242.751    13.60   23.74
 317239.239   257.495    39.37   29.06
 317613.551   277.154    52.50   33.76
 317987.827   287.792    28.41   27.45
 318362.067   289.862     5.53   26.75
 318736.272   281.185   -23.18   30.05
 319110.440   265.768   -41.19   27.82
 319484.572   250.256   -41.45   35.09
 319858.668   234.881   -41.09   36.28
 320232.729   218.004   -45.10   26.52
 320606.753   206.232   -31.46   10.91
 320980.742   207.390     3.10    9.43
 321354.694   216.899    25.42   16.43
 321728.611   226.689    26.17   18.81
 322102.492   223.988    -7.22   20.36
 322476.337   214.825   -24.50   22.01
 322850.146   203.988   -28.98   13.81
 323223.919   199.577   -11.80    8.77
 323597.656   198.274    -3.49    7.26
 323971.358   198.954     1.82    6.83
 324345.024   197.918    -2.77    5.35
 324718.654   197.006    -2.44    3.94
 325092.248   196.554    -1.21    3.76
 325465.806   196.774     0.59    3.81
 325839.329   196.974     0.53    3.75
 326212.816   197.756     2.09    3.57
 326586.267   198.862     2.96    3.15
 326959.682   199.172     0.83    3.08
 327333.062   200.167     2.66    5.62
 327706.406   201.972     4.83   10.96
 328079.714   201.577    -1.06    8.19
 328452.986   204.727     8.44    9.91
 328826.223   215.513    28.89   22.25
 329199.425   234.419    50.64   36.01
 329572.590   260.345    69.45   46.50
 329945.720   278.699    49.17   40.17
 330318.814   287.542    23.69   36.02
 330691.873   292.636    13.65   40.60
 331064.896   285.952   -17.91   43.33
 331437.884   279.167   -18.19   42.17
 331810.836   270.994   -21.91   34.89
 332183.752   273.827     7.59   31.70
 332556.633   281.900    21.64   38.36
 332929.478   289.060    19.20   39.14
 333302.288   289.317     0.69   40.75
 333675.063   281.768   -20.25   40.70
 334047.801   268.113   -36.62   37.51
 334420.505   256.535   -31.05   31.30
 334793.172   246.238   -27.62   27.07
 335165.805   242.140   -10.99   27.54
 335538.402   231.790   -27.77   20.00
 335910.963   226.169   -15.08   10.91
 336283.489   229.417     8.71   13.14
 336655.980   239.466    26.97   20.84
 337028.435   254.238    39.65   26.38
 337400.855   269.136    39.99   25.35
 337773.239   277.981    23.74   22.28
