# NaN NaN NaN ;Mean Elev.(m), Avg Gradient(m/km), RMS Gradient(m/km) - SRTM1     
#    2.368   1.662  17.053 ;Mean Elev.(m), Avg Gradient(m/km), RMS Gradient(m/km) - ASTER GDEM
#   13.228   2.141  16.127 ;Mean Elev.(m), Avg Gradient(m/km), RMS Gradient(m/km) - GMTED2010 
  9    16.839 52536.06512675 25.70 136.924812  50.225269 12.107
  9    16.971 52536.06512740 21.57 136.923382  50.222039 12.107
  9    16.706 52536.06512804 20.41 136.921952  50.218809 12.107
  9    16.497 52536.06512869 20.47 136.920512  50.215569 12.107
  9    16.483 52536.06512933 20.41 136.919082  50.212339 12.107
  9    16.503 52536.06512998 20.40 136.917652  50.209099 12.107
  9    16.582 52536.06513062 20.71 136.916212  50.205869 12.107
  9    16.423 52536.06513127 20.31 136.914782  50.202639 12.107
  9    16.551 52536.06513191 20.35 136.913352  50.199399 12.107
 11    14.407 52606.06513486 35.66 136.900565  50.194412 16.731
 11    14.304 52606.06513550 35.82 136.899135  50.191182 16.731
 11    14.539 52606.06513615 36.37 136.897695  50.187942 16.731
 11    14.382 52606.06513679 34.53 136.896265  50.184712 16.731
 12    13.351 52641.06512072 27.11 136.919047  50.221396  7.344
 12    13.619 52641.06512137 19.68 136.917617  50.218166  7.344
 12    13.928 52641.06512201 17.26 136.916187  50.214926  7.344
 12    14.103 52641.06512266 17.12 136.914747  50.211696  7.344
 12    14.316 52641.06512330 16.16 136.913317  50.208466  7.344
 12    14.015 52641.06512395 16.53 136.911887  50.205226  7.344
 12    14.087 52641.06512459 16.64 136.910457  50.201996  7.344
 12    13.997 52641.06512523 16.74 136.909017  50.198756  7.344
 12    14.333 52641.06512588 16.00 136.907587  50.195526  7.344
 12    14.353 52641.06512652 17.41 136.906157  50.192296  7.344
 12    14.232 52641.06512717 16.69 136.904723  50.189064  5.286
 13    13.528 52676.06511226 30.57 136.910128  50.215080 11.792
 13    14.200 52676.06511613 15.32 136.901548  50.195680 11.792
 13    14.433 52676.06511678 15.91 136.900118  50.192440 11.792
 13    14.382 52676.06511742 15.34 136.898678  50.189210 11.792
 13    14.383 52676.06511806 16.21 136.897248  50.185980 11.792
 14    13.034 52711.06513564 28.10 136.919094  50.222170 12.229
 14    13.006 52711.06513629 23.24 136.917664  50.218940 12.229
 14    13.234 52711.06513693 20.79 136.916234  50.215700 12.229
 14    13.160 52711.06513758 20.30 136.914794  50.212470 12.229
 14    13.530 52711.06513822 17.89 136.913364  50.209240 12.229
 14    14.052 52711.06513887 15.22 136.911934  50.206000 12.229
 14    14.056 52711.06513951 14.42 136.910504  50.202770 12.229
 14    14.022 52711.06514016 14.28 136.909064  50.199530 12.229
 14    14.025 52711.06514080 15.48 136.907634  50.196300 12.229
 14    14.159 52711.06514145 14.79 136.906204  50.193070 12.229
 14    14.187 52711.06514209 14.19 136.904771  50.189838  5.556
 15    18.944 52746.06517127 24.22 136.887433  50.184481 10.419
 15    18.506 52746.06517192 26.58 136.886003  50.181251 10.419
 15    17.403 52746.06517256 32.05 136.884573  50.178021 10.419
 16    14.144 52781.06510087 40.20 136.922048  50.222252 27.462
 16    14.023 52781.06510152 38.36 136.920618  50.219022 27.462
 16    14.191 52781.06510216 40.47 136.919188  50.215792 27.462
 16    14.198 52781.06510281 45.97 136.917748  50.212552 27.462
 16    14.294 52781.06510345 48.20 136.916318  50.209322 27.462
 16    14.387 52781.06510410 40.26 136.914888  50.206082 27.462
 16    14.365 52781.06510474 44.32 136.913448  50.202852 27.462
 16    14.376 52781.06510539 42.48 136.912018  50.199622 27.462
 16    14.504 52781.06510603 37.55 136.910588  50.196382 27.462
 16    14.469 52781.06510667 37.66 136.909158  50.193152 27.462
 17    17.589 52816.06518218 21.49 136.920062  50.221263 10.147
 17    14.702 52816.06518283 27.02 136.918632  50.218033 10.147
 17    14.787 52816.06518347 28.86 136.917202  50.214793 10.147
 17    14.963 52816.06518412 21.59 136.915762  50.211563 10.147
 17    15.211 52816.06518476 17.80 136.914332  50.208333 10.147
 17    15.036 52816.06518541 18.27 136.912902  50.205093 10.147
 17    15.430 52816.06518605 15.86 136.911462  50.201863 10.147
 17    15.225 52816.06518669 17.91 136.910032  50.198633 10.147
 17    15.289 52816.06518734 19.07 136.908602  50.195393 10.147
 17    15.177 52816.06518798 24.04 136.907172  50.192163 10.147
 17    15.418 52816.06518863 20.86 136.905733  50.188920  6.628
 18    68.883 52851.06523408  5.79 136.919462  50.219102  6.148
 18    67.749 52851.06523472  4.95 136.918032  50.215872  6.148
 18    74.311 52851.06523537  4.64 136.916602  50.212642  6.148
 18    60.264 52851.06523601  3.97 136.915172  50.209402  6.148
 18    61.894 52851.06523666  3.95 136.913732  50.206172  6.148
 18    75.377 52851.06523730  1.92 136.912302  50.202932  6.148
 19    18.705 52886.06527390 29.06 136.899676  50.194577 17.602
 19    18.568 52886.06527455 28.36 136.898246  50.191347 17.602
 19    18.675 52886.06527519 26.96 136.896814  50.188112  9.140
 19    18.639 52886.06527584 26.17 136.895384  50.184872  9.140
 20    18.206 52921.06522992 23.88 136.898063  50.193120 16.684
 20    18.051 52921.06523056 21.96 136.896633  50.189880 16.684
 20    18.282 52921.06523121 21.66 136.895204  50.186654 19.789
 20    18.405 52921.06523185 21.93 136.893774  50.183414 19.789
 21    15.104 52956.06518708 43.46 136.929971  50.227948 31.212
 21    15.137 52956.06518772 51.60 136.928541  50.224708 31.212
 21    15.173 52956.06518837 51.62 136.927111  50.221478 31.212
 21    15.201 52956.06518901 50.18 136.925671  50.218238 31.212
 21    15.225 52956.06518966 50.74 136.924241  50.215008 31.212
 21    15.257 52956.06519030 46.30 136.922811  50.211778 31.212
 21    15.287 52956.06519095 45.27 136.921371  50.208538 31.212
 22    15.317 52991.06520403 20.74 136.925193  50.225912  6.242
 22    15.352 52991.06520468 19.69 136.923763  50.222672  6.242
 22    15.377 52991.06520532 19.10 136.922323  50.219442  6.242
 22    15.488 52991.06520597 20.06 136.920893  50.216212  6.242
 22    15.400 52991.06520661 20.17 136.919463  50.212972  6.242
 22    15.530 52991.06520726 20.95 136.918033  50.209742  6.242
 22    15.518 52991.06520790 19.65 136.916593  50.206502  6.242
 22    15.465 52991.06520854 18.46 136.915163  50.203272  6.242
 22    15.391 52991.06520919 19.64 136.913733  50.200042  6.242
 23    14.889 53026.06517087 17.26 136.920443  50.222812  4.982
 23    15.022 53026.06517152 16.84 136.919013  50.219582  4.982
 23    15.010 53026.06517216 17.30 136.917583  50.216342  4.982
 23    15.119 53026.06517281 15.94 136.916153  50.213112  4.982
 23    15.276 53026.06517345 15.72 136.914713  50.209872  4.982
 23    15.268 53026.06517410 15.16 136.913283  50.206642  4.982
 23    15.171 53026.06517474 14.96 136.911853  50.203402  4.982
 23    15.184 53026.06517539 14.95 136.910423  50.200172  4.982
 23    15.374 53026.06517603 14.60 136.908993  50.196942  4.982
 23    15.609 53026.06517668 14.35 136.907563  50.193702  4.982
 23    16.122 53026.06517732 13.39 136.906133  50.190472  4.982
 24    14.935 53061.06517998 16.26 136.927535  50.226960  5.225
 24    15.129 53061.06518063 15.88 136.926095  50.223720  5.225
 24    15.031 53061.06518127 16.78 136.924665  50.220490  5.225
 24    14.932 53061.06518192 16.66 136.923235  50.217250  5.225
 24    14.491 53061.06518256 17.02 136.921805  50.214020  5.225
 24    14.323 53061.06518321 15.02 136.920365  50.210790  5.225
 24    14.340 53061.06518385 14.99 136.918935  50.207550  5.225
 25    16.781 53096.06521869  9.61 136.886568  50.182951  3.993
 25    16.215 53096.06521933 10.58 136.885138  50.179721  3.993
 26    17.371 53131.06518166 24.52 136.929407  50.227188 24.840
 26    18.323 53131.06518231 22.71 136.927967  50.223948 24.840
 26    18.540 53131.06518295 21.52 136.926537  50.220718 24.840
 26    18.516 53131.06518360 20.98 136.925107  50.217488 24.840
 26    18.467 53131.06518424 23.91 136.923667  50.214248 24.840
 26    18.718 53131.06518489 22.82 136.922237  50.211018 24.840
 28    16.823 53201.06525851 39.80 136.915098  50.219512 11.266
 28    16.700 53201.06525915 27.72 136.913668  50.216272 11.266
 28    16.698 53201.06525980 26.40 136.912238  50.213042 11.266
 28    16.969 53201.06526044 28.12 136.910798  50.209812 11.266
 28    16.779 53201.06526109 30.41 136.909368  50.206572 11.266
 28    16.840 53201.06526173 26.95 136.907938  50.203342 11.266
 28    16.655 53201.06526238 29.28 136.906508  50.200102 11.266
 28    16.570 53201.06526302 29.81 136.905078  50.196872 11.266
 28    16.532 53201.06526366 33.32 136.903638  50.193642 11.266
 28    16.767 53201.06526431 35.08 136.902212  50.190398 22.485
 28    16.834 53201.06526495 38.57 136.900782  50.187168 22.485
 29    17.956 53236.06522764 30.15 136.919269  50.221061 10.514
 29    17.968 53236.06522828 22.18 136.917839  50.217831 10.514
 29    17.730 53236.06522893 21.48 136.916409  50.214601 10.514
 29    17.752 53236.06522957 21.03 136.914979  50.211361 10.514
 29    18.173 53236.06523022 22.62 136.913549  50.208131 10.514
 29    18.227 53236.06523086 23.68 136.912109  50.204891 10.514
 29    18.018 53236.06523151 23.38 136.910679  50.201661 10.514
 29    18.097 53236.06523215 24.17 136.909249  50.198421 10.514
 29    18.080 53236.06523280 24.36 136.907819  50.195191 10.514
 29    18.077 53236.06523344 24.52 136.906389  50.191961 10.514
 29    18.339 53236.06523409 26.18 136.904955  50.188725 17.717
 30    16.085 53271.06518607 35.44 136.929444  50.228003 23.798
 30    15.954 53271.06518671 31.33 136.928014  50.224773 23.798
 30    15.884 53271.06518736 31.27 136.926584  50.221533 23.798
 30    15.830 53271.06518800 30.89 136.925144  50.218303 23.798
 30    15.812 53271.06518865 32.28 136.923714  50.215073 23.798
 30    15.944 53271.06518929 31.76 136.922284  50.211833 23.798
 30    17.614 53271.06518994 32.85 136.920844  50.208603 23.798
 31    15.326 53306.06525256 48.93 136.910146  50.215390 24.999
 31    15.484 53306.06525642 46.58 136.901556  50.195990 24.999
 31    15.450 53306.06525707 43.82 136.900126  50.192750 24.999
 31    15.516 53306.06525771 49.46 136.898686  50.189520 24.999
 31    15.654 53306.06525836 45.86 136.897259  50.186287 20.799
 32    14.737 53341.06522451 32.62 136.899889  50.194807 13.823
 32    14.763 53341.06522516 35.33 136.898459  50.191577 13.823
 32    14.860 53341.06522580 40.22 136.897029  50.188347 13.823
 32    14.661 53341.06522645 35.47 136.895598  50.185112 14.533
 33    15.276 53376.06515430 15.20 136.899642  50.194915  4.125
 33    15.320 53376.06515495 15.16 136.898212  50.191685  4.125
 33    15.234 53376.06515559 14.84 136.896782  50.188445  4.125
 33    15.217 53376.06515623 13.98 136.895351  50.185218  6.522
 34    14.517 53411.06519343 14.07 136.920892  50.223304  3.285
 34    14.668 53411.06519407 14.44 136.919462  50.220074  3.285
 34    14.792 53411.06519472 14.10 136.918022  50.216834  3.285
 34    14.812 53411.06519536 14.13 136.916592  50.213604  3.285
 34    14.703 53411.06519601 14.24 136.915162  50.210364  3.285
 34    14.195 53411.06519665 14.22 136.913732  50.207134  3.285
 34    14.392 53411.06519729 14.29 136.912302  50.203904  3.285
 34    14.311 53411.06519794 13.60 136.910862  50.200664  3.285
 34    14.571 53411.06519858 12.98 136.909432  50.197434  3.285
 34    14.854 53411.06519923 12.49 136.908002  50.194194  3.285
 34    14.829 53411.06519987 12.19 136.906572  50.190964  3.285
 34    14.932 53411.06520052 11.89 136.905142  50.187734  3.285
 35    14.790 53446.06518214 15.75 136.894344  50.191908  5.319
 35    14.839 53446.06518278 15.86 136.892914  50.188668  5.319
 35    15.042 53446.06518343 15.11 136.891484  50.185440  4.941
 35    15.041 53446.06518407 15.05 136.890054  50.182200  4.941
 36    46.785 53481.06526596  6.58 136.900939  50.194607 11.028
 36    42.485 53481.06526661  8.00 136.899505  50.191373 19.097
 37    30.472 53516.06526613  8.02 136.911567  50.213460  9.033
 37    32.093 53516.06526677  7.42 136.910137  50.210230  9.033
 37    46.834 53516.06526742  3.18 136.908707  50.206990  9.033
 37    52.001 53516.06526806  1.66 136.907277  50.203760  9.033
 37    47.713 53516.06526871  2.33 136.905837  50.200520  9.033
 37    56.448 53516.06526935  0.27 136.904407  50.197290  9.033
 37    42.047 53516.06527129  1.65 136.900117  50.187590  9.033
 38    18.202 53551.06529083 32.39 136.894943  50.191625 11.385
 38    18.250 53551.06529147 33.27 136.893515  50.188390 14.752
 38    18.317 53551.06529212 35.54 136.892085  50.185150 14.752
 38    18.369 53551.06529276 40.47 136.890645  50.181920 14.752
 39    17.291 53586.06524291 30.03 136.913521  50.217631 14.668
 39    16.952 53586.06524356 20.77 136.912081  50.214391 14.668
 39    17.152 53586.06524420 25.47 136.910651  50.211161 14.668
 39    18.455 53586.06524485 24.64 136.909221  50.207931 14.668
 39    18.901 53586.06524549 21.06 136.907791  50.204691 14.668
 39    18.179 53586.06524614 21.56 136.906361  50.201461 14.668
 39    18.173 53586.06524678 19.63 136.904931  50.198221 14.668
 39    18.372 53586.06524743 17.76 136.903491  50.194991 14.668
 39    18.181 53586.06524807 17.51 136.902061  50.191751 14.668
 39    18.629 53586.06524872 18.69 136.900631  50.188521 14.668
 40    17.959 53621.06520275 23.89 136.918470  50.222116  8.815
 40    16.013 53621.06520339 27.14 136.917040  50.218886  8.815
 40    16.161 53621.06520404 22.10 136.915600  50.215646  8.815
 40    16.711 53621.06520468 19.28 136.914170  50.212416  8.815
 40    16.990 53621.06520533 17.50 136.912740  50.209186  8.815
 40    16.731 53621.06520597 20.35 136.911310  50.205946  8.815
 40    16.671 53621.06520662 18.87 136.909870  50.202716  8.815
 40    16.581 53621.06520726 21.08 136.908437  50.199475  9.881
 40    16.304 53621.06520790 20.14 136.907007  50.196245  9.881
 40    16.202 53621.06520855 22.03 136.905577  50.193015  9.881
 40    16.464 53621.06520919 22.44 136.904147  50.189775  9.881
 41    15.598 53656.06523190 24.75 136.917103  50.219389  6.722
 41    17.298 53656.06523255 17.31 136.915673  50.216149  6.722
 41    15.412 53656.06523319 17.70 136.914233  50.212919  6.722
 41    16.460 53656.06523383 18.69 136.912803  50.209689  6.722
 41    16.722 53656.06523448 15.91 136.911373  50.206449  6.722
 41    16.422 53656.06523512 15.24 136.909943  50.203219  6.722
 41    16.263 53656.06523577 15.82 136.908503  50.199989  6.722
 41    16.049 53656.06523641 17.09 136.907073  50.196749  6.722
 41    15.970 53656.06523706 16.63 136.905643  50.193519  6.722
 41    15.466 53656.06523770 21.97 136.904211  50.190277 10.628
 41    16.364 53656.06523835 19.21 136.902781  50.187047 10.628
 42    14.988 53691.06522658 23.99 136.899442  50.194700 12.078
 42    14.688 53691.06522722 23.68 136.898012  50.191470 12.078
 42    14.726 53691.06522787 24.39 136.896582  50.188240 12.078
 42    14.856 53691.06522851 31.70 136.895149  50.185005  9.578
 43    15.034 53726.06515076 14.28 136.897171  50.193228  6.432
 43    15.060 53726.06515141 13.79 136.895741  50.189998  6.432
 43    15.240 53726.06515205 12.71 136.894311  50.186768  6.432
 43    15.396 53726.06515270 12.17 136.892883  50.183531  4.791
 44    15.030 53761.06509181 11.23 136.933353  50.230616  3.549
 44    14.596 53761.06509245 12.20 136.931923  50.227376  3.549
 44    14.709 53761.06509310 12.62 136.930493  50.224146  3.549
 44    14.867 53761.06509374 12.88 136.929053  50.220906  3.549
 44    14.861 53761.06509439 12.08 136.927623  50.217676  3.549
 44    14.859 53761.06509503 11.73 136.926193  50.214446  3.549
 44    14.750 53761.06509568 11.69 136.924753  50.211206  3.549
 45    24.553 53796.06510968  9.83 136.913566  50.218783  2.897
 45    24.322 53796.06511032  9.54 136.912136  50.215553  2.897
 45    24.667 53796.06511096  9.80 136.910706  50.212313  2.897
 45    24.622 53796.06511161  9.68 136.909276  50.209083  2.897
 45    23.977 53796.06511225  9.48 136.907846  50.205853  2.897
 45    16.722 53796.06511290  9.26 136.906416  50.202613  2.897
 45    23.050 53796.06511354  8.90 136.904976  50.199383  2.897
 45    22.222 53796.06511419  8.91 136.903546  50.196143  2.897
 45    21.205 53796.06511483  8.54 136.902116  50.192913  2.897
 45    14.992 53796.06511548  8.88 136.900686  50.189683  2.897
 45    18.632 53796.06511612  8.01 136.899256  50.186447  2.316
 47    20.265 53866.06516641 23.53 136.916371  50.219968 12.982
 47    19.452 53866.06516706 20.50 136.914941  50.216738 12.982
 47    18.557 53866.06516770 18.30 136.913511  50.213498 12.982
 47    18.659 53866.06516835 20.24 136.912081  50.210268 12.982
 47    18.442 53866.06516899 22.33 136.910641  50.207028 12.982
 47    19.618 53866.06516964 21.32 136.909211  50.203798 12.982
 47    18.618 53866.06517028 22.08 136.907781  50.200558 12.982
 47    17.966 53866.06517093 22.93 136.906351  50.197328 12.982
 47    18.077 53866.06517157 22.50 136.904921  50.194098 12.982
 47    18.341 53866.06517222 22.98 136.903481  50.190858 12.982
 47    19.711 53866.06517286 24.88 136.902051  50.187628 12.982
 49    18.054 53936.06524106 31.41 136.891943  50.190277 16.530
 49    18.094 53936.06524171 30.66 136.890503  50.187047 16.530
 49    18.111 53936.06524235 29.65 136.889073  50.183807 16.530
 49    18.175 53936.06524300 32.62 136.887643  50.180577 16.530
 50    19.371 53971.06520743 36.36 136.895394  50.194002 21.583
 50    19.290 53971.06520808 28.67 136.893964  50.190772 21.583
 50    19.375 53971.06520872 28.22 136.892534  50.187532 21.583
 50    19.419 53971.06520937 28.18 136.891104  50.184302 21.583
 50    19.415 53971.06521001 27.00 136.889674  50.181062 21.583
 52    14.659 54041.06520953 30.76 136.924749  50.224346 13.585
 52    14.749 54041.06521017 27.89 136.923319  50.221106 13.585
 52    15.076 54041.06521082 25.08 136.921879  50.217876 13.585
 52    16.822 54041.06521146 23.87 136.920449  50.214646 13.585
 52    17.358 54041.06521211 22.71 136.919019  50.211406 13.585
 52    17.608 54041.06521275 21.02 136.917589  50.208176 13.585
 52    17.363 54041.06521339 20.58 136.916149  50.204936 13.585
 53    15.038 54076.06520573 19.24 136.911509  50.216946 10.880
 53    15.160 54076.06520638 19.37 136.910079  50.213706 10.880
 53    14.898 54076.06520960 40.06 136.902919  50.197536 10.880
 53    15.210 54076.06521025 39.72 136.901489  50.194306 10.880
 53    14.596 54076.06521089 25.81 136.900059  50.191066 10.880
 53    14.965 54076.06521154 17.68 136.898629  50.187836 10.880
 53    15.308 54076.06521218 15.36 136.897199  50.184596 10.880
 54    15.301 54111.06515296 15.78 136.892032  50.190628  4.406
 54    15.158 54111.06515361 14.61 136.890602  50.187388  4.406
 54    15.306 54111.06515425 13.91 136.889172  50.184158  4.406
 54    15.352 54111.06515489 14.02 136.887742  50.180918  4.406
 55    22.755 54146.06514523 15.29 136.918719  50.220301  5.152
 55    14.586 54146.06514587 15.20 136.917279  50.217071  5.152
 55    14.625 54146.06514652 15.40 136.915849  50.213831  5.152
 55    14.578 54146.06514716 15.55 136.914419  50.210601  5.152
 55    14.320 54146.06514780 15.62 136.912979  50.207361  5.152
 55    14.346 54146.06514845 15.32 136.911549  50.204131  5.152
 55    14.218 54146.06514909 14.91 136.910119  50.200901  5.152
 55    14.404 54146.06514974 14.63 136.908689  50.197661  5.152
 55    14.416 54146.06515038 14.67 136.907259  50.194431  5.152
 55    14.489 54146.06515103 13.70 136.905819  50.191191  5.152
 55    14.718 54146.06515167 12.35 136.904389  50.187961  5.152
 56    15.654 54181.06513927 13.66 136.894888  50.192356  6.407
 56    15.370 54181.06513991 13.67 136.893458  50.189126  6.407
 56    15.278 54181.06514056 14.28 136.892028  50.185896  6.407
 56    15.299 54181.06514120 13.80 136.890599  50.182660  6.198
 57    17.877 54216.06515309 28.31 136.918098  50.221560 14.143
 57    17.561 54216.06515374 23.47 136.916658  50.218320 14.143
 57    17.655 54216.06515438 28.59 136.915228  50.215090 14.143
 57    17.740 54216.06515503 27.47 136.913798  50.211850 14.143
 57    17.753 54216.06515567 30.01 136.912368  50.208620 14.143
 57    17.721 54216.06515632 29.33 136.910928  50.205390 14.143
 57    17.549 54216.06515696 26.37 136.909498  50.202150 14.143
 57    17.791 54216.06515761 24.76 136.908068  50.198920 14.143
 57    17.595 54216.06515825 25.46 136.906638  50.195680 14.143
 57    18.296 54216.06515890 23.96 136.905208  50.192450 14.143
 57    18.059 54216.06515954 25.73 136.903768  50.189220 14.143
 58    17.061 54251.06518045 32.00 136.914507  50.217459 11.155
 58    17.155 54251.06518109 32.80 136.913077  50.214229 11.155
 58    17.064 54251.06518173 33.04 136.911647  50.210989 11.155
 58    17.158 54251.06518238 33.54 136.910217  50.207759 11.155
 58    17.131 54251.06518302 31.16 136.908787  50.204529 11.155
 58    17.182 54251.06518367 32.03 136.907347  50.201289 11.155
 58    17.284 54251.06518431 35.18 136.905917  50.198059 11.155
 58    17.346 54251.06518496 39.87 136.904487  50.194819 11.155
 58    17.438 54251.06518560 40.58 136.903057  50.191589 11.155
 58    17.465 54251.06518625 39.72 136.901627  50.188349 11.155
 59    16.341 54286.06518658 28.21 136.914483  50.218603  9.454
 59    16.065 54286.06518723 19.80 136.913043  50.215363  9.454
 59    15.996 54286.06518787 16.13 136.911613  50.212133  9.454
 59    17.018 54286.06518852 14.87 136.910183  50.208893  9.454
 59    16.928 54286.06518916 13.28 136.908753  50.205663  9.454
 59    16.889 54286.06518981 15.70 136.907323  50.202433  9.454
 59    16.606 54286.06519045 16.06 136.905893  50.199193  9.454
 59    16.527 54286.06519109 15.71 136.904453  50.195963  9.454
 59    16.189 54286.06519174 19.07 136.903023  50.192723  9.454
 59    15.994 54286.06519238 23.74 136.901593  50.189493  9.454
 59    16.355 54286.06519303 22.53 136.900163  50.186253  9.454
 60    17.045 54321.06518366 27.12 136.915226  50.218172 10.969
 60    16.835 54321.06518430 17.04 136.913786  50.214932 10.969
 60    17.108 54321.06518495 15.28 136.912356  50.211702 10.969
 60    17.132 54321.06518559 21.82 136.910926  50.208462 10.969
 60    17.157 54321.06518624 20.97 136.909496  50.205232 10.969
 60    17.180 54321.06518688 18.84 136.908066  50.202002 10.969
 60    16.900 54321.06518753 19.42 136.906626  50.198762 10.969
 60    16.819 54321.06518817 17.44 136.905196  50.195532 10.969
 60    16.855 54321.06518882 16.87 136.903766  50.192292 10.969
 60    17.329 54321.06518946 18.99 136.902336  50.189062 10.969
 61    18.969 54356.06514976 17.34 136.897492  50.192923  5.885
 61    18.457 54356.06515041 15.14 136.896062  50.189683  5.885
 61    18.606 54356.06515105 17.72 136.894632  50.186453  5.885
 61    19.555 54356.06515170 18.34 136.893202  50.183213  5.885
 62    16.851 54391.06512375 35.60 136.917018  50.221259 13.935
 62    15.664 54391.06512440 34.33 136.915588  50.218029 13.935
 62    15.630 54391.06512504 31.07 136.914158  50.214789 13.935
 62    15.309 54391.06512569 31.99 136.912728  50.211559 13.935
 62    15.601 54391.06512633 31.42 136.911288  50.208319 13.935
 62    15.359 54391.06512698 38.92 136.909858  50.205089 13.935
 62    15.516 54391.06512762 33.10 136.908428  50.201849 13.935
 62    16.053 54391.06512827 30.18 136.906998  50.198619 13.935
 62    15.454 54391.06512891 32.36 136.905568  50.195389 13.935
 62    15.505 54391.06512956 34.55 136.904138  50.192149 13.935
 62    15.642 54391.06513020 32.00 136.902708  50.188919 13.935
 63    14.287 54426.06509520 33.63 136.911277  50.216343 18.357
 63    14.894 54426.06509907 35.98 136.902687  50.196933 18.357
 63    14.913 54426.06509972 33.55 136.901257  50.193703 18.357
 63    14.958 54426.06510036 36.72 136.899827  50.190463 18.357
 63    15.069 54426.06510101 41.39 136.898397  50.187233 18.357
 64    14.391 54461.06510027 20.17 136.920860  50.221758  6.318
 64    14.485 54461.06510092 19.82 136.919430  50.218528  6.318
 64    14.661 54461.06510156 20.27 136.918000  50.215288  6.318
 64    14.566 54461.06510221 20.06 136.916570  50.212058  6.318
 64    14.681 54461.06510285 19.95 136.915130  50.208818  6.318
 64    14.789 54461.06510350 20.11 136.913700  50.205588  6.318
 64    14.833 54461.06510414 20.92 136.912270  50.202348  6.318
 64    14.791 54461.06510479 22.56 136.910840  50.199118  6.318
 64    14.831 54461.06510543 22.58 136.909410  50.195888  6.318
 64    14.707 54461.06510607 24.93 136.907970  50.192648  6.318
 64    14.756 54461.06510672 24.62 136.906540  50.189418  6.318
 65    14.344 54496.06510206 19.42 136.910979  50.215142  4.567
 65    14.675 54496.06510593 19.47 136.902389  50.195732  4.567
 65    14.831 54496.06510658 20.43 136.900959  50.192502  4.567
 65    14.779 54496.06510722 19.01 136.899529  50.189262  4.567
 65    14.822 54496.06510787 18.80 136.898089  50.186032  4.567
 66    13.917 54531.06511296 20.49 136.921329  50.223543  6.070
 66    14.070 54531.06511361 20.06 136.919889  50.220313  6.070
 66    14.313 54531.06511425 19.51 136.918459  50.217083  6.070
 66    14.136 54531.06511490 20.48 136.917029  50.213843  6.070
 66    14.105 54531.06511554 19.90 136.915599  50.210613  6.070
 66    14.157 54531.06511619 19.20 136.914159  50.207373  6.070
 66    14.168 54531.06511683 19.66 136.912729  50.204143  6.070
 66    14.298 54531.06511748 19.92 136.911299  50.200913  6.070
 66    14.294 54531.06511812 20.20 136.909869  50.197673  6.070
 66    14.371 54531.06511877 20.68 136.908439  50.194443  6.070
 66    14.547 54531.06511941 21.11 136.906999  50.191203  6.070
 66    14.637 54531.06512006 19.18 136.905569  50.187973  6.070
 67    16.542 54566.06511212 22.37 136.896781  50.193414 13.364
 67    16.609 54566.06511277 22.30 136.895341  50.190184 13.364
 67    16.350 54566.06511341 21.13 136.893911  50.186944 13.364
 67    15.754 54566.06511406 20.99 136.892481  50.183714 13.364
 68    15.319 54601.06510879 48.45 136.916572  50.220838 30.057
 68    15.342 54601.06510944 48.29 136.915142  50.217598 30.057
 68    15.413 54601.06511008 47.47 136.913712  50.214368 30.057
 68    15.289 54601.06511073 41.72 136.912282  50.211128 30.057
 68    15.463 54601.06511137 46.16 136.910842  50.207898 30.057
 68    15.355 54601.06511201 44.83 136.909412  50.204658 30.057
 68    15.527 54601.06511266 46.96 136.907982  50.201428 30.057
 68    15.472 54601.06511330 48.55 136.906552  50.198198 30.057
 68    15.455 54601.06511395 49.99 136.905122  50.194958 30.057
 68    15.586 54601.06511459 50.17 136.903682  50.191728 30.057
 68    15.654 54601.06511524 49.74 136.902252  50.188488 30.057
 69    15.555 54636.06512194 26.04 136.911829  50.216144 11.303
 69    15.355 54636.06512259 19.36 136.910399  50.212904 11.303
 69    16.435 54636.06512517 14.35 136.904669  50.199974 11.303
 69    16.020 54636.06512581 15.06 136.903239  50.196734 11.303
 69    16.264 54636.06512646 13.99 136.901809  50.193504 11.303
 69    16.117 54636.06512710 15.85 136.900379  50.190264 11.303
 69    16.114 54636.06512775 14.96 136.898939  50.187034 11.303
 70    14.936 54671.06512609 26.65 136.910110  50.214631 12.693
 70    15.388 54671.06512996 15.07 136.901520  50.195221 12.693
 70    15.592 54671.06513060 12.00 136.900080  50.191991 12.693
 70    15.701 54671.06513124 11.27 136.898650  50.188751 12.693
 70    15.593 54671.06513189 12.00 136.897220  50.185521 12.693
 71    15.829 54706.06509126 13.78 136.901015  50.194406 11.920
 71    16.342 54706.06509191 13.78 136.899585  50.191166 11.920
 71    16.094 54706.06509255 16.97 136.898145  50.187936 11.920
 71    16.294 54706.06509320 15.09 136.896715  50.184696 11.920
 72    15.666 54741.06508854 28.65 136.918915  50.221883 10.894
 72    15.718 54741.06508919 29.06 136.917475  50.218653 10.894
 72    15.635 54741.06508983 29.28 136.916045  50.215423 10.894
 72    15.606 54741.06509048 28.35 136.914615  50.212183 10.894
 72    15.662 54741.06509112 29.23 136.913185  50.208953 10.894
 72    15.721 54741.06509177 29.63 136.911745  50.205713 10.894
 72    15.855 54741.06509241 30.11 136.910315  50.202483 10.894
 72    15.955 54741.06509306 32.99 136.908885  50.199253 10.894
 72    15.933 54741.06509370 35.43 136.907455  50.196013 10.894
 72    15.922 54741.06509434 37.90 136.906025  50.192783 10.894
 72    15.970 54741.06509499 39.56 136.904585  50.189543 10.894
 73    14.790 54776.06506869 47.37 136.911239  50.214918 29.988
 73    14.938 54776.06507191 50.30 136.904079  50.198748 29.988
 73    14.956 54776.06507255 48.39 136.902649  50.195508 29.988
 73    15.003 54776.06507320 50.69 136.901209  50.192278 29.988
 73    15.051 54776.06507384 50.47 136.899779  50.189038 29.988
 73    15.106 54776.06507449 44.96 136.898349  50.185808 29.988
 74    14.488 54811.06508173 18.29 136.921799  50.222695  4.805
 74    14.578 54811.06508237 18.07 136.920369  50.219465  4.805
 74    14.659 54811.06508301 18.04 136.918929  50.216225  4.805
 74    14.412 54811.06508366 18.53 136.917499  50.212995  4.805
 74    14.515 54811.06508430 18.08 136.916069  50.209765  4.805
 74    14.592 54811.06508495 17.96 136.914629  50.206525  4.805
 74    14.693 54811.06508559 17.98 136.913199  50.203295  4.805
 74    14.681 54811.06508624 18.32 136.911769  50.200065  4.805
 74    14.747 54811.06508688 18.53 136.910339  50.196825  4.805
 74    14.849 54811.06508753 19.25 136.908909  50.193595  4.805
 74    14.732 54811.06508817 19.43 136.907469  50.190355  4.805
 75    14.755 54846.06507221 14.74 136.900390  50.194435  3.801
 75    14.919 54846.06507285 13.78 136.898960  50.191205  3.801
 75    14.820 54846.06507350 14.55 136.897530  50.187965  3.801
 75    14.999 54846.06507414 13.51 136.896090  50.184735  3.801
 76    14.946 54881.06508605 10.76 136.915683  50.218884  3.466
 76    15.497 54881.06508670 10.85 136.914253  50.215654  3.466
 76    14.836 54881.06508734 10.99 136.912823  50.212424  3.466
 76    14.768 54881.06508799 10.91 136.911383  50.209184  3.466
 76    14.286 54881.06508863 10.66 136.909953  50.205954  3.466
 76    14.367 54881.06508928 10.50 136.908523  50.202714  3.466
 76    14.129 54881.06508992 11.34 136.907093  50.199484  3.466
 76    14.619 54881.06509057 10.59 136.905663  50.196254  3.466
 76    14.768 54881.06509121  9.50 136.904223  50.193014  3.466
 76    14.617 54881.06509186  9.83 136.902793  50.189784  3.466
 76    14.465 54881.06509250  9.93 136.901363  50.186544  3.466
 77    14.580 54916.06507604 11.21 136.894861  50.193022  3.244
 77    14.839 54916.06507669 10.33 136.893431  50.189782  3.244
 77    14.979 54916.06507733 10.11 136.891991  50.186552  3.244
 77    14.956 54916.06507798  9.59 136.890561  50.183312  3.244
 77    14.849 54916.06507862  9.79 136.889131  50.180082  3.244
 78    80.641 54951.06507893  1.08 136.914937  50.218617 15.689
 78    70.777 54951.06507958  1.23 136.913507  50.215377 15.689
 78    19.692 54951.06508345  9.54 136.904917  50.195977 15.689
 78    19.361 54951.06508409 16.74 136.903487  50.192737 15.689
 78    20.030 54951.06508474 19.51 136.902057  50.189507 15.689
 78    18.698 54951.06508538 23.32 136.900617  50.186267 15.689
 79    60.548 54986.06510379  6.53 136.913458  50.218682  5.168
 79    73.131 54986.06510444  4.69 136.912028  50.215452  5.168
 80    24.545 55021.06509720 15.72 136.914206  50.217140 12.614
 80    32.478 55021.06509784 14.32 136.912776  50.213910 12.614
 80    19.895 55021.06509849 16.36 136.911336  50.210670 12.614
 80    20.585 55021.06509913 15.94 136.909906  50.207440 12.614
 80    20.063 55021.06509978 16.31 136.908476  50.204200 12.614
 80    19.839 55021.06510042 17.37 136.907046  50.200970 12.614
 80    19.157 55021.06510107 19.04 136.905616  50.197730 12.614
 80    19.432 55021.06510171 19.55 136.904186  50.194500 12.614
 80    19.614 55021.06510236 17.65 136.902756  50.191270 12.614
 80    19.979 55021.06510300 16.91 136.901316  50.188030 12.614
 81    20.474 55056.06509437 22.21 136.912146  50.215826 22.880
 81    20.010 55056.06509501 25.61 136.910716  50.212596 22.880
 81    20.080 55056.06509630 31.75 136.907846  50.206126 22.880
 81    20.145 55056.06509695 33.67 136.906416  50.202896 22.880
 81    20.153 55056.06509759 30.43 136.904986  50.199656 22.880
 81    20.062 55056.06509823 29.41 136.903556  50.196426 22.880
 81    20.061 55056.06509888 27.50 136.902126  50.193186 22.880
 81    20.125 55056.06509952 27.43 136.900696  50.189956 22.880
 81    20.242 55056.06510017 28.68 136.899266  50.186716 22.880
 82    20.011 55091.06505704 42.36 136.897206  50.194063 26.144
 82    20.035 55091.06505768 39.84 136.895776  50.190823 26.144
 82    20.017 55091.06505833 39.29 136.894346  50.187593 26.144
 82    20.086 55091.06505897 37.76 136.892916  50.184353 26.144
 83    60.341 55126.06503238  6.34 136.917582  50.221090  3.151
 83    63.686 55126.06503303  5.31 136.916152  50.217860  3.151
 83    73.692 55126.06503367  3.27 136.914722  50.214620  3.151
 83    72.116 55126.06503432  2.80 136.913292  50.211390  3.151
 83    73.568 55126.06503496  1.45 136.911852  50.208150  3.151
 85    15.680 55196.06502245 16.16 136.920610  50.222443  2.816
 85    15.636 55196.06502309 16.42 136.919180  50.219213  2.816
 85    15.758 55196.06502374 16.92 136.917740  50.215983  2.816
 85    15.685 55196.06502438 16.81 136.916310  50.212743  2.816
 85    15.697 55196.06502503 17.19 136.914880  50.209513  2.816
 85    15.313 55196.06502567 17.59 136.913440  50.206273  2.816
 85    15.640 55196.06502632 16.86 136.912010  50.203043  2.816
 85    15.688 55196.06502696 16.56 136.910580  50.199813  2.816
 85    15.744 55196.06502760 16.35 136.909150  50.196573  2.816
 85    15.889 55196.06502825 15.88 136.907720  50.193343  2.816
 85    15.806 55196.06502889 16.38 136.906290  50.190103  2.816
 86    15.472 55231.06502181 13.39 136.896879  50.193176  2.698
 86    15.479 55231.06502246 12.41 136.895449  50.189936  2.698
 86    15.915 55231.06502310 11.69 136.894009  50.186706  2.698
 86    15.791 55231.06502375 11.48 136.892579  50.183466  2.698
 87    16.287 55266.06501783 10.37 136.917446  50.221502  2.561
 87    16.260 55266.06501848 10.24 136.916016  50.218272  2.561
 87    15.944 55266.06501912 10.43 136.914586  50.215032  2.561
 87    16.068 55266.06501977 10.81 136.913156  50.211802  2.561
 87    15.992 55266.06502041 11.04 136.911716  50.208562  2.561
 87    15.372 55266.06502106 11.19 136.910286  50.205332  2.561
 87    15.143 55266.06502170 10.46 136.908856  50.202102  2.561
 87    15.067 55266.06502235 10.21 136.907426  50.198862  2.561
 87    15.473 55266.06502299 10.16 136.905996  50.195632  2.561
 87    15.589 55266.06502364  9.97 136.904556  50.192392  2.561
 87    16.158 55266.06502428  9.78 136.903126  50.189162  2.561
 89    22.179 55336.06499444 21.02 136.911583  50.216103 16.896
 89    19.882 55336.06499508 18.23 136.910153  50.212873 16.896
 89    19.906 55336.06499831 21.61 136.902993  50.196703 16.896
 89    20.246 55336.06499895 20.58 136.901563  50.193463 16.896
 89    20.300 55336.06499960 20.33 136.900133  50.190233 16.896
 89    20.251 55336.06500024 20.62 136.898693  50.186993 16.896
 90    17.371 55371.06498459 31.30 136.913682  50.217522 23.920
 90    17.199 55371.06498523 22.43 136.912252  50.214292 23.920
 90    17.530 55371.06498588 23.41 136.910812  50.211052 23.920
 90    17.289 55371.06498652 32.85 136.909382  50.207822 23.920
 90    17.417 55371.06498717 27.46 136.907952  50.204582 23.920
 90    17.500 55371.06498781 26.00 136.906522  50.201352 23.920
 90    17.372 55371.06498846 25.27 136.905092  50.198122 23.920
 90    17.511 55371.06498910 24.63 136.903662  50.194882 23.920
 90    17.498 55371.06498975 26.60 136.902222  50.191652 23.920
 90    17.590 55371.06499039 30.40 136.900792  50.188412 23.920
 91    17.478 55406.06500198 24.33 136.920856  50.223562 18.439
 91    17.536 55406.06500262 22.79 136.919426  50.220320 21.400
 91    17.144 55406.06500327 16.69 136.917986  50.217090 21.400
 91    17.110 55406.06500391 19.52 136.916556  50.213860 21.400
 91    17.634 55406.06500456 16.44 136.915126  50.210620 21.400
 91    18.136 55406.06500520 21.29 136.913696  50.207390 21.400
 91    18.135 55406.06500585 24.66 136.912256  50.204150 21.400
 91    17.535 55406.06500649 17.36 136.910826  50.200920 21.400
 91    17.132 55406.06500713 18.45 136.909396  50.197690 21.400
 91    17.235 55406.06500778 18.09 136.907966  50.194450 21.400
 91    17.212 55406.06500842 23.55 136.906536  50.191220 21.400
 91    17.572 55406.06500907 32.23 136.905096  50.187980 21.400
 92    23.682 55441.06500363 21.91 136.911923  50.215888 26.022
 92    19.830 55441.06500427 21.63 136.910483  50.212658 26.022
 92    20.151 55441.06500620 31.43 136.906193  50.202948 26.022
 92    20.051 55441.06500685 29.30 136.904763  50.199718 26.022
 92    19.906 55441.06500749 29.83 136.903333  50.196488 26.022
 92    19.768 55441.06500814 27.69 136.901903  50.193248 26.022
 92    19.889 55441.06500878 25.64 136.900473  50.190018 26.022
 92    20.092 55441.06500943 25.37 136.899033  50.186778 26.022
 93    16.863 55476.06495169 23.85 136.897495  50.193070 15.889
 93    17.761 55476.06495234 22.99 136.896065  50.189840 15.889
 93    17.539 55476.06495298 26.32 136.894635  50.186600 15.889
 93    17.405 55476.06495363 28.20 136.893205  50.183370 15.889
