-201033.277   119.265     0.00   21.10
-200655.401   112.672   -17.45   19.33
-200277.570   107.397   -13.96   15.31
-199899.783   116.603    24.37   22.44
-199522.040   135.367    49.68   24.22
-199144.342   152.383    45.06   24.42
-198766.688   163.571    29.63   17.78
-198389.079   166.067     6.61   14.70
-198011.515   162.410    -9.69   15.02
-197633.994   156.672   -15.20   11.56
-197256.518   155.823    -2.25    9.70
-196879.087   157.644     4.83    8.90
-196501.700   160.617     7.88    7.54
-196124.357   162.262     4.36    6.77
-195747.059   165.705     9.13    7.06
-195369.804   171.306    14.85    7.69
-194992.595   178.475    19.01    8.83
-194615.429   186.426    21.09   11.08
-194238.308   193.729    19.37   11.44
-193861.231   196.355     6.97   11.99
-193484.198   193.667    -7.13   15.13
-193107.209   187.790   -15.59   18.03
-192730.265   175.887   -31.58   19.79
-192353.364   162.283   -36.10   19.04
-191976.508   149.410   -34.17   17.63
-191599.696   138.596   -28.70   11.64
-191222.929   131.484   -18.88    9.05
-190846.205   128.164    -8.81    6.40
-190469.525   130.419     5.99    8.75
-190092.890   137.951    20.00   11.87
-189716.298   145.115    19.03   10.90
-189339.751   150.000    12.98    6.94
-188963.248   152.508     6.66    6.24
-188586.788   154.968     6.53    6.66
-188210.373   155.828     2.28    5.69
-187834.001   155.180    -1.72    6.18
-187457.674   149.650   -14.70   10.59
-187081.390   144.016   -14.98   11.17
-186705.151   141.100    -7.75   10.62
-186328.955   139.483    -4.30    9.82
-185952.803   137.968    -4.03    9.92
-185576.695   138.288     0.85   10.60
-185200.631   140.841     6.79   10.94
-184824.611   146.211    14.28    8.86
-184448.635   147.661     3.86    5.21
-184072.702   143.678   -10.60    9.12
-183696.813   136.300   -19.63   12.61
-183320.968   127.443   -23.57   12.25
-182945.167   123.500   -10.49    8.35
-182569.409   125.100     4.26    8.88
-182193.696   130.797    15.16    9.71
-181818.025   136.885    16.21    7.39
-181442.399   140.155     8.71    5.53
-181066.816   141.921     4.70    4.16
-180691.277   142.559     1.70    4.64
-180315.782   142.905     0.92    5.17
-179940.330   142.443    -1.23    4.91
-179564.922   141.738    -1.88    4.21
-179189.557   138.492    -8.65    5.72
-178814.236   135.763    -7.27    5.88
-178438.958   132.365    -9.06    7.21
-178063.724   128.345   -10.72    7.19
-177688.534   128.000    -0.92    7.30
-177313.387   130.678     7.14    7.36
-176938.284   133.900     8.59    6.37
-176563.224   136.283     6.36    3.90
-176188.207   135.508    -2.07    5.25
-175813.234   134.467    -2.78    5.99
-175438.304   132.339    -5.68    6.54
-175063.418   130.484    -4.95    5.73
-174688.575   126.737   -10.00    6.89
-174313.776   120.129   -17.63   10.68
-173939.020   114.729   -14.41   10.15
-173564.307   111.794    -7.83    8.86
-173189.637   111.650    -0.38    8.98
-172815.011   114.983     8.90    9.13
-172440.428   119.097    10.98    7.43
-172065.889   122.443     8.93    5.66
-171691.392   124.300     4.96    5.67
-171316.939   125.167     2.31    8.70
-170942.529   126.393     3.28    9.54
-170568.163   126.207    -0.50    9.80
-170193.839   125.413    -2.12   10.15
-169819.559   124.407    -2.69   11.45
-169445.322   121.698    -7.24   13.80
-169071.128   117.000   -12.56   15.81
-168696.977   111.729   -14.09   16.62
-168322.869   103.194   -22.82   14.86
-167948.805    96.933   -16.74   12.58
-167574.783    92.033   -13.10    8.48
-167200.804    92.034     0.00    8.52
-166826.869    92.393     0.96    7.68
-166452.977    91.298    -2.93    6.12
-166079.127    90.952    -0.93    6.38
-165705.321    90.610    -0.91    6.81
-165331.557    91.048     1.17    7.11
-164957.837    92.393     3.60    7.49
-164584.159    94.483     5.59    8.00
-164210.525    97.081     6.95    8.05
-163836.933    98.433     3.62    8.24
-163463.384    99.136     1.88    7.76
-163089.878   101.121     5.32    8.10
-162716.415   104.443     8.90    8.20
-162342.995   108.069     9.71    7.90
-161969.617   112.475    11.80    7.24
-161596.283   114.915     6.54    7.04
-161222.991   116.778     4.99    7.06
-160849.742   119.230     6.57    6.15
-160476.536   120.100     2.33    5.23
-160103.372   119.403    -1.87    6.09
-159730.252   117.000    -6.44    7.95
-159357.174   112.500   -12.06   10.06
-158984.138   104.241   -22.14   14.54
-158611.146    93.131   -29.79   16.10
-158238.196    84.690   -22.64   13.31
-157865.289    80.557   -11.08    7.59
-157492.424    81.695     3.05    6.32
-157119.602    85.710    10.77    7.12
-156746.822    90.083    11.73    5.90
-156374.086    93.150     8.23    5.47
-156001.391    95.180     5.45    5.18
-155628.740    96.000     2.20    4.83
-155256.131    97.050     2.82    4.81
-154883.564    97.559     1.37    5.37
-154511.040    96.758    -2.15    5.52
-154138.558    93.414    -8.98    7.44
-153766.119    86.902   -17.49   10.28
-153393.722    81.750   -13.84    9.18
-153021.368    81.968     0.58   10.48
-152649.056    85.966    10.74   12.31
-152276.787    91.650    15.27   10.32
-151904.560    95.443    10.19    6.41
-151532.375    95.328    -0.31    6.42
-151160.233    94.712    -1.66    6.73
-150788.133    93.475    -3.33    7.66
-150416.076    95.129     4.45    8.01
-150044.060    97.917     7.49    7.63
-149672.088    98.148     0.62    7.05
-149300.157    94.655    -9.39   10.45
-148928.268    88.452   -16.68   11.96
-148556.422    85.741    -7.29   10.14
-148184.619    84.968    -2.08    9.05
-147812.857    87.085     5.70    8.63
-147441.137    85.763    -3.56    9.51
-147069.460    83.817    -5.24    9.30
-146697.825    79.918   -10.49   10.46
-146326.232    74.574   -14.38   10.54
-145954.681    71.552    -8.13   11.16
-145583.173    69.823    -4.66   12.58
-145211.706    66.051   -10.16   13.85
-144840.282    60.583   -14.72   14.34
-144468.899    54.793   -15.59   12.72
-144097.559    48.459   -17.06    8.38
-143726.261    44.877    -9.65    3.12
-143355.005    44.180    -1.88    4.23
-142983.791    44.746     1.52    5.81
-142612.618    45.508     2.05    6.55
-142241.488    45.950     1.19    6.92
-141870.400    46.373     1.14    6.95
-141499.354    46.180    -0.52    6.64
-141128.349    45.254    -2.50    5.83
-140757.387    43.915    -3.61    4.95
-140386.467    43.017    -2.42    3.56
-140015.588    43.651     1.71    3.91
-139644.751    46.293     7.13    5.24
-139273.956    50.258    10.69    4.91
-138903.203    54.196    10.62    5.30
-138532.492    57.590     9.16    4.82
-138161.823    60.379     7.53    4.55
-137791.195    63.295     7.87    6.40
-137420.609    67.833    12.25    9.16
-137050.065    71.213     9.12    9.64
-136679.563    74.915     9.99    9.75
-136309.103    79.754    13.06   11.05
-135938.684    86.590    18.46   14.16
-135568.307    95.672    24.52   15.85
-135197.971   104.900    24.92   14.51
-134827.678   109.869    13.42   12.15
-134457.426   110.721     2.30   12.35
-134087.215   104.797   -16.01   16.83
-133717.046    89.194   -42.16   25.39
-133346.919    70.893   -49.45   24.28
-132976.834    63.705   -19.42   19.19
-132606.790    58.103   -15.14    9.73
-132236.787    64.590    17.53   11.35
-131866.826    73.672    24.55    8.13
-131493.089    79.383    15.28    8.68
-131114.673    83.700    11.41   10.43
-130736.300    87.344     9.63   14.73
-130357.971    89.750     6.36   17.18
-129979.686    91.898     5.68   17.66
-129601.444    96.328    11.71   16.58
-129223.246    99.035     7.16   15.08
-128845.091   104.949    15.64   15.63
-128466.980   108.083     8.29   13.50
-128088.913   102.016   -16.05   18.60
-127710.889    87.400   -38.67   21.81
-127332.908    76.288   -29.40   16.77
-126954.971    75.855    -1.15   17.60
-126577.077    86.339    27.75   23.81
-126199.227    98.770    32.90   18.33
-125821.420   100.237     3.88   17.14
-125443.656    91.762   -22.44   21.69
-125065.936    74.883   -44.69   18.60
-124688.259    68.617   -16.59   16.32
-124310.626    76.677    21.35   23.33
-123933.036    86.649    26.41   24.41
-123555.489    96.574    26.29   19.18
-123177.985   107.103    27.90   15.14
-122800.525   111.016    10.37   13.36
-122423.108   110.550    -1.23   13.57
-122045.734   109.271    -3.39   14.71
-121668.404   105.857    -9.05   15.88
-121291.116   105.593    -0.70   15.74
-120913.872   102.869    -7.22   16.74
-120536.671    96.086   -17.98   18.94
-120159.513    91.082   -13.27   19.38
-119782.399    87.797    -8.71   18.69
-119405.327    91.932    10.97   21.58
-119028.299   103.935    31.84   21.97
-118651.313   110.850    18.34   22.08
-118274.371   116.339    14.56   20.34
-117897.472   118.421     5.52   17.86
-117520.616   111.705   -17.82   22.57
-117143.803   100.293   -30.29   27.82
-116767.032    86.559   -36.46   24.82
-116390.305    82.433   -10.95   22.50
-116013.621    88.661    16.53   25.89
-115636.980   104.847    42.98   22.79
-115260.382   110.288    14.45   18.52
-114883.826   117.508    19.18   18.94
-114507.314   115.966    -4.10   18.00
-114130.845   101.733   -37.81   25.05
-113754.418    92.603   -24.26   24.55
-113378.034    81.200   -30.30   23.73
-113001.693    68.017   -35.03   29.71
-112625.395    60.100   -21.04   34.25
-112249.140    51.460   -22.96   34.54
-111872.927    44.593   -18.26   34.25
-111496.758    36.817   -20.68   30.25
-111120.631    34.018    -7.44   26.31
-110744.547    31.645    -6.31   24.84
-110368.505    27.776   -10.29   18.27
-109992.507    25.933    -4.90   14.17
-109616.551    25.803    -0.35   12.76
-109240.637    26.433     1.68   13.80
-108864.767    27.621     3.16   16.30
-108488.939    33.964    16.88   26.03
-108113.153    42.803    23.52   36.42
-107737.411    46.304     9.32   37.15
-107361.711    53.129    18.17   41.41
-106986.053    62.407    24.70   43.22
-106610.438    71.203    23.42   43.43
-106234.866    82.217    29.33   41.50
-105859.336    86.918    12.52   37.49
-105483.849    96.770    26.24   31.84
-105108.404   101.559    12.76   27.50
-104733.002   104.213     7.07   24.33
-104357.642   101.393    -7.51   23.29
-103982.324   102.746     3.61   24.67
-103607.050    95.864   -18.34   24.76
-103231.817    80.238   -41.65   30.04
-102856.627    63.656   -44.20   32.54
-102481.479    47.322   -43.54   26.27
-102106.374    34.177   -35.05   12.64
-101731.311    32.103    -5.53    9.78
-101356.291    34.700     6.92   13.57
-100981.313    38.741    10.78   15.06
-100606.377    39.082     0.91   14.24
-100231.483    38.153    -2.48   11.85
 -99856.632    38.153     0.00    9.52
 -99481.823    36.869    -3.43    8.28
 -99107.056    36.441    -1.14    8.37
 -98732.332    34.034    -6.42    9.10
 -98357.649    30.136   -10.41    7.80
 -97983.009    26.344   -10.12    4.15
 -97608.411    24.914    -3.82    2.56
 -97233.856    24.033    -2.35    1.76
 -96859.342    23.536    -1.33    1.54
 -96484.871    23.082    -1.21    1.51
 -96110.441    22.621    -1.23    1.20
 -95736.054    22.233    -1.03    1.09
 -95361.709    22.387     0.41    1.28
 -94987.406    21.431    -2.55    2.11
 -94613.145    20.083    -3.60    2.29
 -94238.926    19.036    -2.80    1.97
 -93864.750    18.966    -0.19    1.99
 -93490.615    20.107     3.05    2.56
 -93116.522    21.387     3.42    2.46
 -92742.471    22.508     3.00    1.65
 -92368.463    22.746     0.63    1.24
 -91994.496    22.705    -0.11    1.32
 -91620.571    22.787     0.22    1.24
 -91246.688    22.746    -0.11    1.24
 -90872.847    22.569    -0.47    1.30
 -90499.048    22.541    -0.07    1.40
 -90125.290    22.526    -0.04    1.30
 -89751.575    22.458    -0.18    1.15
 -89377.901    22.552     0.25    1.23
 -89004.270    22.210    -0.92    1.40
 -88630.680    21.600    -1.63    1.60
 -88257.132    21.034    -1.52    1.54
 -87883.625    20.279    -2.02    1.65
 -87510.161    19.567    -1.91    1.49
 -87136.738    19.136    -1.15    1.61
 -86763.357    18.847    -0.77    1.52
 -86390.017    19.098     0.67    1.58
 -86016.720    19.345     0.66    1.56
 -85643.464    20.000     1.76    1.52
 -85270.250    20.327     0.88    1.44
 -84897.077    20.750     1.13    1.56
 -84523.946    21.068     0.85    1.52
 -84150.857    21.161     0.25    1.68
 -83777.809    20.833    -0.88    1.85
 -83404.803    20.293    -1.45    1.81
 -83031.838    19.967    -0.88    1.62
 -82658.916    19.828    -0.37    1.66
 -82286.034    20.000     0.46    1.52
 -81913.194    20.466     1.25    1.67
 -81540.396    20.984     1.39    1.50
 -81167.639    21.328     0.92    1.25
 -80794.924    21.034    -0.79    1.38
 -80422.250    20.576    -1.23    1.62
 -80049.618    20.161    -1.11    1.64
 -79677.027    19.746    -1.12    1.35
 -79304.477    19.583    -0.44    1.09
 -78931.969    19.492    -0.25    1.19
 -78559.503    19.424    -0.18    1.16
 -78187.077    19.390    -0.09    1.08
 -77814.693    18.982    -1.10    1.31
 -77442.351    18.672    -0.83    1.33
 -77070.050    18.375    -0.80    1.53
 -76697.790    17.918    -1.23    1.74
 -76325.571    17.483    -1.17    1.92
 -75953.394    17.017    -1.25    1.94
 -75581.258    16.783    -0.63    1.92
 -75209.163    16.492    -0.78    1.88
 -74837.110    16.254    -0.64    1.81
 -74465.097    16.052    -0.54    1.79
 -74093.126    15.758    -0.79    1.60
 -73721.196    15.517    -0.65    1.38
 -73349.308    15.203    -0.84    0.91
 -72977.460    15.351     0.40    1.06
 -72605.654    15.656     0.82    1.35
 -72233.889    15.879     0.60    1.48
 -71862.165    15.831    -0.13    1.50
 -71490.482    15.847     0.05    1.53
 -71118.840    15.550    -0.80    1.41
 -70747.239    15.052    -1.34    1.26
 -70375.679    14.650    -1.08    1.15
 -70004.161    14.361    -0.78    1.16
 -69632.683    14.559     0.53    1.70
 -69261.247    14.915     0.96    1.96
 -68889.851    15.554     1.72    2.43
 -68518.496    16.067     1.38    2.54
 -68147.183    16.862     2.14    2.57
 -67775.910    17.492     1.70    2.31
 -67404.678    18.088     1.61    1.82
 -67033.488    18.293     0.55    1.15
 -66662.338    18.271    -0.06    0.96
 -66291.229    18.210    -0.17    1.01
 -65920.161    18.254     0.12    1.01
 -65549.134    18.186    -0.18    0.96
 -65178.147    18.098    -0.24    0.93
 -64807.202    18.050    -0.13    1.03
 -64436.297    17.847    -0.55    1.03
 -64065.433    17.661    -0.50    1.08
 -63694.610    17.426    -0.63    1.15
 -63323.828    17.161    -0.72    1.07
 -62953.086    17.100    -0.16    1.02
 -62582.386    17.074    -0.07    0.87
 -62211.726    17.117     0.11    1.03
 -61841.106    17.345     0.62    1.13
 -61470.528    17.516     0.46    1.24
 -61099.990    18.017     1.35    1.24
 -60729.492    18.203     0.50    1.08
 -60359.036    17.983    -0.59    1.11
 -59988.620    17.833    -0.40    1.09
 -59618.245    17.517    -0.85    1.19
 -59247.910    17.339    -0.48    1.20
 -58877.616    17.095    -0.66    1.29
 -58507.362    16.862    -0.63    1.30
 -58137.149    16.667    -0.53    1.27
 -57766.977    16.509    -0.43    1.20
 -57396.845    16.633     0.34    1.26
 -57026.754    17.161     1.43    1.41
 -56653.693    17.508     0.93    1.46
 -56275.375    17.448    -0.16    2.00
 -55897.099    16.914    -1.41    2.39
 -55518.865    16.317    -1.58    2.32
 -55140.674    16.068    -0.66    2.09
 -54762.525    15.810    -0.68    1.83
 -54384.418    15.983     0.46    1.69
 -54006.354    15.951    -0.08    1.67
 -53628.333    15.864    -0.23    1.90
 -53250.354    15.831    -0.09    2.09
 -52872.417    15.508    -0.85    2.38
 -52494.522    15.271    -0.63    2.54
 -52116.670    14.983    -0.76    2.54
 -51738.860    14.776    -0.55    2.52
 -51361.093    14.475    -0.80    2.24
 -50983.367    14.603     0.34    2.09
 -50605.684    14.621     0.05    1.80
 -50228.043    14.787     0.44    1.53
 -49850.445    15.100     0.83    1.10
 -49472.889    15.407     0.81    1.35
 -49095.374    15.655     0.66    1.48
 -48717.902    15.867     0.56    1.44
 -48340.473    15.893     0.07    1.30
 -47963.085    15.557    -0.89    1.15
 -47585.740    15.424    -0.35    0.99
 -47208.436    15.508     0.22    1.10
 -46831.175    15.431    -0.21    1.17
 -46453.956    15.017    -1.10    1.22
 -46076.779    14.883    -0.35    1.11
 -45699.644    14.786    -0.26    1.06
 -45322.551    14.770    -0.04    1.16
 -44945.500    15.119     0.92    1.18
 -44568.491    15.224     0.28    1.31
 -44191.524    15.102    -0.32    1.37
 -43814.599    15.085    -0.04    1.30
 -43437.716    14.797    -0.76    1.23
 -43060.875    14.627    -0.45    1.14
 -42684.076    14.098    -1.40    1.77
 -42307.319    13.448    -1.73    2.09
 -41930.603    13.017    -1.15    2.29
 -41553.930    12.542    -1.26    2.42
 -41177.299    12.220    -0.86    2.30
 -40800.709    11.707    -1.36    2.22
 -40424.161    11.508    -0.53    2.06
 -40047.655    11.097    -1.09    1.84
 -39671.191    10.893    -0.54    1.68
 -39294.769    11.051     0.42    1.83
 -38918.388    10.929    -0.32    1.76
 -38542.049    11.052     0.33    1.86
 -38165.752    11.288     0.63    2.13
 -37789.497    11.246    -0.11    2.31
 -37413.283    11.293     0.13    2.73
 -37037.111    11.193    -0.27    2.82
 -36660.981    11.459     0.71    2.68
 -36284.892    11.714     0.68    2.61
 -35908.845    12.446     1.95    2.48
 -35532.840    13.431     2.62    2.18
 -35156.877    13.607     0.47    1.91
 -34780.955    13.661     0.14    1.41
 -34405.074    13.483    -0.47    1.24
 -34029.235    13.492     0.02    1.27
 -33653.438    13.695     0.54    1.07
 -33277.682    13.733     0.10    0.97
 -32901.968    13.704    -0.08    1.18
 -32526.295    13.600    -0.28    1.20
 -32150.664    13.526    -0.20    1.15
 -31775.075    13.295    -0.62    1.10
 -31399.526    13.100    -0.52    1.15
 -31024.020    12.772    -0.87    1.24
 -30648.554    12.377    -1.05    1.21
 -30273.130    12.143    -0.62    1.29
 -29897.748    12.098    -0.12    1.27
 -29522.407    12.123     0.07    1.17
 -29147.107    12.131     0.02    1.19
 -28771.849    12.200     0.18    1.12
 -28396.632    12.051    -0.40    1.04
 -28021.456    12.017    -0.09    0.97
 -27646.322    11.932    -0.23    1.01
 -27271.229    11.862    -0.19    0.96
 -26896.177    11.649    -0.57    1.04
 -26521.167    10.787    -2.30    1.84
 -26146.197     9.893    -2.38    2.24
 -25771.269     8.767    -3.00    2.25
 -25396.383     7.593    -3.13    1.44
 -25021.537     8.224     1.68    2.29
 -24646.733     9.310     2.90    2.70
 -24271.970    10.458     3.06    2.72
 -23897.248    11.241     2.09    2.15
 -23522.567    11.491     0.67    1.30
 -23147.927    11.869     1.01    2.67
 -22773.329    17.679    15.51   15.00
 -22398.771    31.857    37.86   31.80
 -22024.255    55.500    63.13   44.60
 -21649.780    70.450    39.92   41.14
 -21275.346    86.707    43.42   30.01
 -20900.952    95.508    23.51   23.07
 -20526.600   104.302    23.49   23.05
 -20152.289   109.241    13.20   20.71
 -19778.019   106.898    -6.26   21.43
 -19403.790    91.204   -41.94   27.29
 -19029.602    80.383   -28.92   26.75
 -18655.455    78.421    -5.24   25.47
 -18281.348    84.855    17.20   27.98
 -17907.283   102.068    46.02   24.75
 -17533.259   111.638    25.59   21.86
 -17159.275   115.067     9.17   20.79
 -16785.332   116.373     3.49   18.84
 -16411.431   115.333    -2.78   18.80
 -16037.570   111.414   -10.48   19.89
 -15663.750   107.279   -11.06   20.79
 -15289.970   101.393   -15.75   23.16
 -14916.232    93.068   -22.28   23.32
 -14542.534    84.912   -21.82   23.73
 -14168.877    74.672   -27.40   26.36
 -13795.261    59.707   -40.06   30.96
 -13421.686    49.271   -27.94   35.22
 -13048.151    35.831   -35.98   31.59
 -12674.657    23.649   -32.62   22.33
 -12301.204    15.623   -21.49   12.23
 -11927.792    11.836   -10.14    7.10
 -11554.420    10.000    -4.92    5.16
 -11181.089     8.397    -4.30    2.25
 -10807.798     7.774    -1.67    1.34
 -10434.548     7.246    -1.42    1.18
 -10061.339     7.207    -0.10    0.99
  -9688.170     7.246     0.10    0.91
  -9315.042     7.119    -0.34    1.27
  -8941.955     6.500    -1.66    1.91
  -8568.908     5.333    -3.13    2.10
  -8195.901     4.117    -3.26    1.58
  -7822.935     3.429    -1.84    0.95
  -7450.010     3.525     0.26    0.96
  -7077.125     3.368    -0.42    1.06
  -6704.280     3.086    -0.76    1.16
  -6331.476     3.051    -0.09    1.72
  -5958.713     3.361     0.83    2.34
  -5585.990     4.414     2.83    2.75
  -5213.307     5.271     2.30    2.78
  -4840.665     5.794     1.40    2.52
  -4468.063     6.207     1.11    2.10
  -4095.502     6.390     0.49    1.96
  -3722.980     6.500     0.30    1.62
  -3350.500     6.383    -0.31    1.70
  -2978.059     6.000    -1.03    1.66
  -2605.659     5.355    -1.73    2.10
  -2233.299     4.390    -2.59    2.59
  -1860.980     3.552    -2.25    2.93
  -1488.701     2.542    -2.71    3.08
  -1116.462     1.644    -2.41    2.86
   -744.263     0.983    -1.78    2.51
   -372.104     0.276    -1.90    1.28
      0.014     0.967     1.86    3.02
    372.092     1.839     2.34    4.24
    744.130     2.949     2.98    5.43
   1116.128     3.981     2.78    6.05
   1488.085     4.102     0.32    5.87
   1860.003     3.466    -1.71    5.54
   2231.880     2.635    -2.23    5.00
   2603.717     2.155    -1.29    3.96
   2975.514     2.034    -0.32    2.93
   3347.271     3.197     3.13    2.80
   3718.988     4.525     3.57    2.62
   4090.665     5.569     2.81    2.56
   4462.302     6.517     2.55    2.20
   4833.899     6.750     0.63    1.93
   5205.455     6.839     0.24    1.53
   5576.972     6.475    -0.98    1.43
   5948.449     5.964    -1.38    1.33
   6319.886     5.719    -0.66    1.24
   6691.283     5.644    -0.20    1.26
   7062.640     5.683     0.10    1.16
   7433.957     5.655    -0.07    1.28
   7805.234     5.862     0.56    1.36
   8176.471     5.689    -0.47    1.40
   8547.668     5.845     0.42    1.52
   8918.826     5.719    -0.34    1.49
   9289.943     5.618    -0.27    1.47
   9661.021     5.450    -0.45    1.49
  10032.059     5.232    -0.59    1.57
  10403.057     4.820    -1.11    1.60
  10774.015     4.673    -0.40    1.82
  11144.934     4.571    -0.27    2.06
  11515.813     4.845     0.74    2.13
  11886.652     5.459     1.66    2.43
  12257.451     6.579     3.02    2.20
  12628.210     7.017     1.18    2.12
  12998.930     7.017    -0.00    2.36
  13369.610     7.421     1.09    2.89
  13740.251     7.983     1.52    3.20
  14110.852     8.474     1.32    3.09
  14481.413     9.576     2.98    3.18
  14851.934    11.182     4.33    4.81
  15222.416    16.541    14.47    9.14
  15592.858    23.875    19.80   10.15
  15963.261    30.655    18.30    7.73
  16333.624    34.411    10.14    3.29
  16703.947    33.400    -2.73    4.47
  17074.231    30.768    -7.11    6.12
  17444.476    26.441   -11.69    7.16
  17814.681    21.678   -12.86    7.58
  18187.136    18.190    -9.37    6.94
  18565.369    14.932    -8.61    4.74
  18943.560    14.089    -2.23    4.04
  19321.710    13.034    -2.79    5.58
  19699.819    12.140    -2.36    7.34
  20077.886    11.148    -2.63    8.17
  20455.912     9.190    -5.18    8.53
  20833.897     8.586    -1.60    9.13
  21211.840     6.730    -4.91    9.72
  21589.743     5.397    -3.53    9.41
  21967.603     3.797    -4.23    9.05
  22345.423     2.889    -2.40    8.70
  22723.201     2.203    -1.81    8.42
  23100.938     1.561    -1.70    8.09
  23478.634     0.850    -1.88    7.09
  23856.289    -0.102    -2.52    6.22
  24233.903    -0.125    -0.06    5.92
  24611.475    -0.517    -1.04    5.35
  24989.006    -0.589    -0.19    5.01
  25366.496    -0.571     0.05    4.92
  25743.945    -0.034     1.42    5.35
  26121.353     0.800     2.21    5.89
  26498.720     1.586     2.08    6.30
  26876.046     2.220     1.68    6.41
  27253.331     3.115     2.37    6.47
  27630.574     3.268     0.41    6.32
  28007.777     4.136     2.30    6.57
  28384.939     5.455     3.50    6.87
  28762.059     6.414     2.54    6.89
  29139.139     7.298     2.35    6.56
  29516.178     8.305     2.67    6.78
  29893.175     8.741     1.16    6.03
  30270.132     9.053     0.83    5.21
  30647.048     9.033    -0.05    4.51
  31023.923     9.333     0.80    3.39
  31400.757    11.912     6.84    4.15
  31777.550    15.288     8.96    4.75
  32154.303    17.661     6.30    4.26
  32531.014    19.948     6.07    2.32
  32907.685    19.508    -1.17    2.92
  33284.315    17.683    -4.85    3.96
  33660.904    16.821    -2.29    4.26
  34037.452    16.695    -0.34    4.85
  34413.960    17.684     2.63    5.85
  34790.427    19.158     3.91    5.62
  35166.853    19.831     1.79    5.61
  35543.238    20.932     2.93    4.61
  35919.583    22.649     4.56    3.81
  36295.886    23.845     3.18    3.14
  36672.150    25.590     4.64    3.01
  37048.372    27.182     4.23    2.09
  37424.554    28.034     2.26    1.41
  37800.695    28.281     0.66    1.40
  38176.796    28.103    -0.47    1.76
  38552.856    27.018    -2.89    2.50
  38928.876    25.158    -4.95    3.42
  39304.854    23.915    -3.30    3.24
  39680.793    23.321    -1.58    2.80
  40056.690    22.213    -2.95    4.16
  40432.548    21.552    -1.76    5.45
  40808.364    18.789    -7.35    6.35
  41184.141    15.627    -8.42    5.64
  41559.876    13.068    -6.81    3.67
  41935.572    11.086    -5.27    2.79
  42311.226    10.017    -2.85    2.31
  42686.841     9.102    -2.44    1.46
  43062.415     8.911    -0.51    1.24
  43437.948     9.729     2.18    1.78
  43813.441    10.754     2.73    2.17
  44188.894    11.912     3.08    2.06
  44564.306    12.831     2.45    1.49
  44939.678    13.271     1.17    1.45
  45315.010    14.088     2.18    2.18
  45690.301    16.362     6.06    3.85
  46065.552    20.246    10.35    5.48
  46440.763    24.500    11.34    6.12
  46815.933    32.102    20.26   10.31
  47191.063    43.018    29.10   17.08
  47566.153    57.193    37.79   21.09
  47941.203    74.860    47.10   20.81
  48316.212    83.741    23.68   16.07
  48691.182    91.000    19.36   14.03
  49066.111    95.930    13.15   12.14
  49441.000    93.066    -7.64   14.30
  49815.848    87.500   -14.85   18.42
  50190.657    84.000    -9.34   16.74
  50565.425    85.895     5.06   17.93
  50940.153    92.000    16.29   16.54
  51314.842    96.052    10.81   12.87
  51689.490    93.407    -7.06   16.32
  52064.098    85.810   -20.28   17.60
  52438.665    79.772   -16.12   14.43
  52813.193    81.186     3.78   15.32
  53187.681    86.630    14.53   15.51
  53562.129    93.393    18.06   16.13
  53936.537    98.569    13.82   15.30
  54310.904   104.150    14.91   19.14
  54685.232   115.207    29.54   20.55
  55059.520   122.864    20.46   20.50
  55433.768   130.817    21.25   17.38
  55807.976   132.860     5.46   15.56
  56182.144   128.183   -12.50   16.41
  56556.272   117.296   -29.10   17.42
  56930.360   107.421   -26.40   15.50
  57304.409    99.895   -20.12   12.98
  57678.417    95.262   -12.39    8.22
  58052.386    92.982    -6.10    2.88
  58426.315    93.966     2.63    2.93
  58800.204    96.183     5.93    3.87
  59174.053    98.158     5.28    4.47
  59547.862   100.500     6.27    5.48
  59921.632   102.855     6.30    6.64
  60295.362   105.542     7.19    8.20
  60669.052   107.618     5.55    9.29
  61042.702   109.492     5.01    9.33
  61416.313   112.772     8.78   10.02
  61789.884   115.053     6.10   10.31
  62163.415   120.356    14.20   12.45
  62536.907   124.897    12.16   13.02
  62910.359   129.684    12.82   12.66
  63283.771   135.214    14.81   11.29
  63657.143   136.683     3.93    8.09
  64030.476   138.643     5.25   10.02
  64403.770   144.817    16.54   12.95
  64777.024   154.737    26.58   13.01
  65150.238   164.263    25.52   13.65
  65523.412   171.678    19.87   15.48
  65896.547   177.586    15.83   15.62
  66269.643   183.948    17.05   15.50
  66642.699   190.356    17.17   14.21
  67015.716   189.117    -3.32   14.79
  67388.693   183.000   -16.40   19.72
  67761.630   172.322   -28.63   25.78
  68134.528   164.481   -21.02   25.18
  68507.387   157.232   -19.44   24.29
  68880.206   152.931   -11.54   24.31
  69252.986   146.623   -16.92   24.10
  69625.726   136.737   -26.52   18.31
  69998.427   137.914     3.16   16.85
  70371.089   146.183    22.19   23.62
  70743.711   162.696    44.31   30.24
  71116.294   181.220    49.71   23.84
  71488.838   190.764    25.61   15.99
  71861.342   184.386   -17.12   17.65
  72233.807   174.375   -26.88   14.03
  72606.232   169.867   -12.10   12.34
  72978.619   165.263   -12.36   15.04
  73350.966   158.776   -17.42   19.38
  73723.273   150.293   -22.78   19.53
  74095.542   140.439   -26.47   13.49
  74467.771   132.862   -20.35    3.50
  74839.961   131.404    -3.92    1.97
  75212.112   132.737     3.58    4.36
  75584.224   136.965    11.36    9.29
  75956.297   141.328    11.73   12.13
  76328.330   142.768     3.87   12.23
  76700.324   141.362    -3.78   11.36
  77072.280   138.164    -8.60   10.16
  77444.196   134.842    -8.93    7.15
  77816.072   132.439    -6.46    2.31
  78187.910   132.373    -0.18    1.59
  78559.709   132.895     1.40    1.35
  78931.469   133.679     2.11    1.54
  79303.189   136.049     6.38    3.89
  79674.871   138.714     7.17    5.73
  80046.514   143.621    13.20    8.78
  80418.117   149.519    15.87   10.39
  80789.682   155.305    15.57   12.41
  81161.208   161.527    16.75   13.08
  81532.694   166.917    14.51   13.51
  81904.142   173.754    18.41   13.19
  82275.551   180.649    18.56   13.72
  82646.921   189.672    24.30   10.83
  83018.252   196.862    19.36    9.26
  83389.544   204.123    19.55    8.55
  83760.797   208.241    11.09    8.12
  84132.011   210.155     5.16    9.86
  84503.187   209.246    -2.45   12.96
  84874.323   211.417     5.85   12.86
  85245.421   215.236    10.29   12.40
  85616.480   214.259    -2.63   12.60
  85987.500   210.945    -8.93   15.78
  86358.482   205.100   -15.76   19.61
  86729.424   198.536   -17.69   19.45
  87100.328   193.083   -14.70   17.53
  87471.194   186.241   -18.45   17.73
  87842.020   179.448   -18.32   20.47
  88212.808   168.441   -29.68   18.95
  88583.557   161.559   -18.56   13.76
  88954.267   163.321     4.75   16.55
  89324.939   170.357    18.98   17.71
  89695.572   173.644     8.87   13.81
  90066.166   169.250   -11.86   15.75
  90436.722   157.458   -31.82   17.50
  90807.239   145.315   -32.77   11.35
  91177.717   134.857   -28.22   12.40
  91548.157   126.211   -23.34   10.24
  91918.559   120.276   -16.02    8.32
  92288.921   115.679   -12.41    2.19
  92659.246   118.690     8.13    7.95
  93031.202   125.000    16.96   12.16
  93409.350   134.768    25.83   15.13
  93787.457   146.600    31.29   13.56
  94165.524   157.130    27.85    9.45
  94543.550   165.482    22.09   11.48
  94921.537   172.155    17.65   12.13
  95299.483   177.153    13.22   12.66
  95677.388   185.707    22.63   13.09
  96055.254   189.915    11.14   12.36
  96433.079   189.467    -1.19   13.78
  96810.864   183.036   -17.02   18.18
  97188.609   173.492   -25.26   16.21
  97566.314   165.393   -21.44   16.27
  97943.979   154.088   -29.93   17.15
  98321.603   142.879   -29.68   16.41
  98699.187   135.102   -20.60   14.00
  99076.732   129.464   -14.93   10.51
  99454.236   128.545    -2.43   10.82
  99831.700   131.898     8.88   13.56
 100209.124   133.789     5.01   14.17
 100586.508   132.500    -3.42   12.44
 100963.852   131.881    -1.64   13.82
 101341.155   141.310    24.99   27.95
 101718.419   150.052    23.17   33.07
 102095.643   156.273    16.49   33.13
 102472.827   159.810     9.38   30.88
 102849.971   160.091     0.74   29.88
 103227.075   171.433    30.07   35.90
 103604.139   180.339    23.62   34.82
 103981.163   188.053    20.46   31.96
 104358.147   204.814    44.46   35.54
 104735.092   226.018    56.25   38.59
 105111.996   252.542    70.37   27.58
 105488.860   266.963    38.26   13.20
 105865.685   268.643     4.46   11.20
 106242.470   266.632    -5.34   13.43
 106619.215   266.017    -1.63   16.56
 106995.920   262.789    -8.57   17.34
 107372.586   257.362   -14.41   20.65
 107749.211   241.729   -41.50   27.56
 108125.797   224.679   -45.27   22.69
 108502.343   212.068   -33.49   17.72
 108878.850   202.327   -25.87   18.33
 109255.316   195.526   -18.06   23.06
 109631.743   189.379   -16.33   23.14
 110008.131   193.186    10.11   25.22
 110384.478   196.737     9.43   26.42
 110760.786   205.589    23.52   32.48
 111137.054   222.085    43.83   35.79
 111513.283   232.607    27.96   32.94
 111889.472   239.407    18.07   26.59
 112265.621   243.948    12.07   23.44
 112641.731   249.719    15.34   22.55
 113017.801   262.483    33.94   21.27
 113393.832   268.881    17.01   16.29
 113769.823   273.339    11.86   12.18
 114145.775   275.259     5.11   14.06
 114521.687   274.763    -1.32   14.49
 114897.559   276.281     4.04   14.39
 115273.392   279.966     9.80   11.59
 115649.186   280.763     2.12    8.08
 116024.940   281.466     1.87    6.95
 116400.654   277.966    -9.31    8.11
 116776.330   272.875   -13.55    7.63
 117151.965   272.125    -2.00    7.98
 117527.562   272.611     1.29    8.45
 117903.119   272.169    -1.18    9.24
 118278.636   266.554   -14.95   13.80
 118654.114   260.810   -15.29   13.11
 119029.553   261.379     1.52   12.34
 119404.953   263.672     6.11   11.67
 119780.313   264.424     2.00   11.31
 120155.634   258.255   -16.44   14.65
 120530.915   244.534   -36.55   20.49
 120906.157   233.722   -28.81   19.75
 121281.360   226.833   -18.36   16.19
 121656.524   211.232   -41.58   18.54
 122031.648   201.431   -26.12   20.24
 122406.734   192.345   -24.22   16.51
 122781.780   187.411   -13.15    8.00
 123156.787   192.817    14.41   13.74
 123531.754   199.382    17.51   18.11
 123906.683   204.776    14.39   19.50
 124281.572   211.545    18.06   20.94
 124656.422   217.051    14.69   19.02
 125031.233   225.286    21.97   19.40
 125406.005   238.288    34.69   19.48
 125780.738   251.466    35.16   14.83
 126155.431   260.589    24.35   14.21
 126530.086   259.678    -2.43   19.38
 126904.702   256.358    -8.86   21.38
 127279.278   257.224     2.31   18.62
 127653.816   259.891     7.12   17.83
 128028.314   272.153    32.74   19.53
 128402.774   281.321    24.48   15.72
 128777.194   282.729     3.76   14.14
 129151.575   273.931   -23.50   18.75
 129525.918   261.768   -32.49   18.20
 129900.221   252.333   -25.20   13.31
 130274.486   250.000    -6.23   11.17
 130648.712   253.947    10.55   12.24
 131022.899   259.685    15.33   12.71
 131397.046   266.828    19.09   12.65
 131771.155   271.786    13.25   10.27
 132145.226   274.763     7.96    8.12
 132519.257   276.912     5.75    7.34
 132893.249   277.929     2.72    7.70
 133267.203   277.915    -0.04    8.07
 133641.118   277.054    -2.30    9.09
 134014.994   275.211    -4.93   11.54
 134388.831   274.167    -2.79   12.77
 134762.629   273.034    -3.03   11.16
 135136.389   272.071    -2.58    9.59
 135510.110   272.393     0.86    9.37
 135883.792   273.491     2.94   10.71
 136257.435   278.321    12.93   11.34
 136631.040   281.417     8.28    8.00
 137004.606   281.158    -0.69    8.11
 137378.133   276.397   -12.75   10.72
 137751.622   270.056   -16.98   10.62
 138125.072   266.281   -10.11    9.40
 138498.484   268.109     4.90   10.60
 138871.856   273.467    14.35   13.04
 139245.191   284.464    29.45   11.56
 139618.486   290.000    14.83    9.98
 139991.743   291.068     2.86    9.64
 140364.962   287.714    -8.98   12.55
 140738.142   277.237   -28.07   16.95
 141111.283   268.200   -24.22   15.30
 141484.386   264.140   -10.88   11.67
 141857.450   264.615     1.27   11.55
 142230.476   268.932    11.57   12.71
 142603.463   272.857    10.52   12.49
 142976.412   272.914     0.15   11.38
 143349.322   271.862    -2.82   10.08
 143722.194   270.310    -4.16    7.92
 144095.028   270.862     1.48    7.68
 144467.823   272.964     5.64    8.81
 144840.579   276.179     8.62    8.47
 145213.298   280.019    10.30    8.56
 145585.978   285.119    13.68   10.44
 145958.619   291.143    16.16    9.53
 146331.222   294.068     7.85    7.81
 146703.787   293.138    -2.50    8.99
 147076.314   290.421    -7.29    8.92
 147448.802   288.517    -5.11    7.99
 147821.252   288.862     0.93    8.25
 148193.663   288.702    -0.43    8.25
 148566.037   283.714   -13.39    9.03
 148938.372   280.086    -9.74    6.96
 149310.669   279.400    -1.84    7.90
 149682.927   279.695     0.79    8.51
 150055.148   281.056     3.65    8.32
 150427.330   278.596    -6.61    8.99
 150799.474   274.772   -10.28    8.92
 151171.579   271.474    -8.86    8.58
 151543.647   267.930    -9.52    7.65
 151915.677   265.649    -6.13    5.59
 152287.668   266.667     2.73    5.95
 152659.621   268.393     4.64    6.72
 153031.536   269.683     3.47    6.70
 153403.413   269.236    -1.20    6.98
 153775.252   267.446    -4.81    5.43
 154147.053   268.278     2.24    6.00
 154518.816   271.946     9.87    6.92
 154890.541   277.250    14.27    6.15
 155262.227   279.695     6.58    5.29
 155633.876   279.667    -0.08    6.62
 156005.487   276.125    -9.53    9.24
 156377.060   270.569   -14.95   11.43
 156748.594   265.821   -12.78   11.05
 157120.091   259.627   -16.67   11.44
 157491.550   250.382   -24.89   13.32
 157862.971   243.070   -19.68   12.28
 158234.354   237.778   -14.25    8.58
 158605.699   237.644    -0.36    9.54
 158977.006   240.554     7.83   13.47
 159348.275   242.932     6.41   14.41
 159719.506   244.759     4.92   13.33
 160090.700   242.281    -6.67   11.70
 160461.856   238.052   -11.39   10.46
 160832.973   234.368    -9.92    7.06
 161204.054   232.807    -4.21    4.38
 161575.096   233.161     0.95    4.05
 161946.100   234.207     2.82    3.68
 162317.067   234.418     0.57    4.50
 162687.996   233.949    -1.26    5.94
 163058.887   233.736    -0.58    6.59
 163429.740   231.804    -5.21    5.98
 163800.556   231.107    -1.88    4.81
 164171.334   232.246     3.07    4.90
 164542.074   234.732     6.71    5.58
 164912.777   236.500     4.77    6.08
 165283.441   234.561    -5.23    7.47
 165654.069   229.446   -13.80    9.02
 166024.658   222.627   -18.40    9.60
 166395.210   217.509   -13.81    9.27
 166765.724   213.517   -10.77    7.98
 167136.201   210.481    -8.19    7.45
 167506.640   206.948    -9.54    7.40
 167878.189   205.173    -4.78    6.95
 168256.249   208.949     9.99    9.48
 168634.270   216.196    19.17   12.69
 169012.251   222.614    16.98   10.93
 169390.194   226.569    10.46    7.05
 169768.097   225.054    -4.01    7.27
 170145.961   219.220   -15.43    8.56
 170523.786   212.962   -16.56    7.60
 170901.572   207.696   -13.93    6.62
 171279.318   204.930    -7.32    5.35
 171657.025   203.500    -3.78    5.82
 172034.694   203.351    -0.39    6.38
 172412.323   205.821     6.54    8.77
 172789.913   212.000    16.36   11.85
 173167.463   218.836    18.10   11.31
 173544.975   224.267    14.38    9.39
 173922.448   227.368     8.22    7.14
 174299.881   227.719     0.93    7.54
 174677.276   226.763    -2.53    8.39
 175054.632   226.250    -1.36    7.48
 175431.948   224.931    -3.50    8.01
 175809.226   223.333    -4.23    8.80
 176186.464   220.500    -7.51   10.55
 176563.664   219.268    -3.27   11.55
 176940.824   217.155    -5.60   12.08
 177317.946   213.667    -9.25   11.97
 177695.028   208.140   -14.65   11.60
 178072.072   201.492   -17.63   10.68
 178449.077   197.179   -11.44    9.07
 178826.043   194.898    -6.05    9.41
 179202.970   193.400    -3.97    9.97
 179579.858   191.286    -5.61    9.59
 179956.708   189.140    -5.69    7.84
 180333.518   187.155    -5.27    6.04
 180710.290   185.696    -3.87    4.16
 181087.023   184.630    -2.83    2.38
 181463.717   184.088    -1.44    2.08
 181840.372   184.316     0.61    3.05
 182216.988   184.310    -0.01    2.98
 182593.566   185.232     2.45    3.51
 182970.105   185.750     1.38    3.33
 183346.605   187.559     4.80    3.48
 183723.067   188.321     2.02    3.77
 184099.490   189.196     2.32    5.11
 184475.874   189.093    -0.28    5.89
 184852.219   188.393    -1.86    5.05
 185228.526   188.667     0.73    4.08
 185604.794   190.103     3.82    4.44
 185981.024   193.719     9.61    5.09
 186357.215   197.250     9.38    4.26
 186733.367   200.051     7.44    3.27
 187109.481   200.768     1.91    3.53
 187485.556   198.119    -7.04    6.12
 187861.593   193.418   -12.50    7.45
 188237.591   190.875    -6.76    5.94
 188613.550   192.070     3.18    7.52
 188989.471   196.544    11.90    8.11
 189365.353   202.179    14.99    6.24
 189741.197   205.800     9.63    5.31
 190117.003   206.175     1.00    5.14
 190492.770   204.364    -4.82    5.08
 190868.498   199.500   -12.94    6.83
 191244.188   196.702    -7.45    5.36
 191619.840   196.860     0.42    5.74
 191995.453   198.966     5.61    6.57
 192371.028   201.691     7.25    7.05
 192746.564   202.879     3.16    7.60
 193122.062   200.870    -5.35    9.60
 193497.522   198.246    -6.99    7.38
 193872.943   198.400     0.41    5.64
 194248.326   200.814     6.43    6.43
 194623.671   204.912    10.92    6.54
 194998.977   207.554     7.04    6.08
 195374.245   206.948    -1.61    8.44
 195749.475   204.536    -6.43    9.59
 196124.667   201.475    -8.16   10.39
 196499.820   200.769    -1.88   12.80
 196874.935   205.393    12.32   19.56
 197250.012   215.089    25.85   24.21
 197625.050   223.544    22.54   23.63
 198000.050   229.316    15.39   20.86
 198375.013   230.632     3.51   21.77
 198749.936   222.140   -22.64   20.76
 199124.822   220.643    -3.99   23.42
 199499.670   217.138    -9.35   23.79
 199874.479   214.296    -7.58   27.98
 200249.251   203.086   -29.91   30.30
 200623.984   187.772   -40.86   25.02
 200998.679   183.474   -11.47   18.89
 201373.336   193.351    26.36   25.39
 201747.955   207.607    38.05   26.05
 202122.536   220.357    34.03   19.07
 202497.079   228.038    20.50   14.40
 202871.584   222.881   -13.77   19.80
 203246.051   211.473   -30.46   26.09
 203620.480   200.655   -28.88   25.51
 203994.871   192.789   -21.01   20.53
 204369.223   189.035   -10.03   17.22
 204743.538   195.947    18.46   18.98
 205117.815   202.719    18.09   18.25
 205492.054   208.357    15.06   14.12
 205866.255   212.436    10.90   12.06
 206240.419   214.214     4.75   10.69
 206614.544   212.830    -3.70   10.45
 206988.631   212.138    -1.85    9.71
 207362.681   209.564    -6.88    9.73
 207736.693   204.246   -14.22   10.96
 208110.666   198.263   -15.99    9.43
 208484.602   193.018   -14.02    5.30
 208858.501   191.018    -5.35    3.85
 209232.361   192.185     3.12    4.51
 209606.183   192.161    -0.07    4.12
 209979.968   192.453     0.78    3.67
 210353.715   193.088     1.70    3.82
 210727.425   193.893     2.15    3.97
 211101.096   194.509     1.65    3.92
 211474.730   194.411    -0.26    3.66
 211848.326   194.518     0.29    3.32
 212221.884   196.169     4.42    5.16
 212595.405   198.589     6.48    7.44
 212968.888   205.035    17.25   11.50
 213342.333   212.704    20.53   10.95
 213715.741   216.667    10.61    8.13
 214089.111   216.618    -0.13    6.38
 214462.444   211.621   -13.38    8.59
 214835.738   206.536   -13.62    6.38
 215208.996   205.571    -2.58    5.82
 215582.215   209.724    11.12    9.44
 215955.397   215.214    14.71    9.97
 216328.542   219.707    12.04    9.11
 216701.649   220.654     2.54    9.17
 217074.718   217.982    -7.16   10.17
 217447.750   214.600    -9.07   10.55
 217820.745   210.018   -12.28    9.56
 218193.702   206.018   -10.72   10.93
 218566.621   200.158   -15.71   12.52
 218939.503   191.351   -23.61   13.11
 219312.347   185.786   -14.92   14.93
 219685.155   177.086   -23.33   12.97
 220057.924   173.140   -10.58   10.85
 220430.656   173.561     1.13   13.03
 220803.351   178.278    12.65   15.49
 221176.009   183.125    13.00   13.27
 221548.629   184.962     4.93   11.09
 221921.211   182.825    -5.74   11.64
 222293.757   177.836   -13.39   13.71
 222666.265   170.702   -19.15   14.51
 223038.735   166.000   -12.62   15.40
 223411.169   160.782   -14.01   13.62
 223783.565   155.569   -13.99   10.10
 224155.924   153.167    -6.45    9.18
 224528.245   152.393    -2.08   10.21
 224900.529   149.907    -6.67    8.96
 225272.776   146.554    -9.01    4.54
 225644.986   145.750    -2.16    3.64
 226017.159   147.614     5.01    5.97
 226389.294   149.482     5.02    6.70
 226761.392   151.268     4.80    6.30
 227133.453   154.983     9.98    6.28
 227505.477   158.286     8.88    7.25
 227877.463   164.724    17.30    8.55
 228249.413   171.151    17.27    7.67
 228621.325   176.158    13.46    7.69
 228993.200   178.630     6.65    7.58
 229365.039   179.474     2.27    7.44
 229736.840   177.071    -6.46    7.99
 230108.604   173.220   -10.36    8.03
 230480.330   169.661    -9.57    8.44
 230852.020   165.965    -9.94    8.40
 231223.673   165.571    -1.06    7.97
 231595.289   169.400    10.30    8.33
 231966.867   173.807    11.86    7.57
 232338.409   175.849     5.49    5.84
 232709.914   175.393    -1.23    5.47
 233081.382   172.538    -7.68    7.83
 233452.812   167.175   -14.44    9.85
 233824.206   163.036   -11.14    8.47
 234195.563   162.035    -2.69    7.24
 234566.883   162.732     1.88    6.17
 234938.166   165.193     6.63    5.23
 235309.412   165.719     1.42    5.73
 235680.621   164.643    -2.90    6.32
 236051.794   161.246    -9.15    6.70
 236422.929   155.839   -14.56    7.11
 236794.028   150.679   -13.90    8.84
 237165.090   144.846   -15.71   10.10
 237536.115   138.390   -17.40    9.22
 237907.103   132.907   -14.77    5.62
 238278.054   130.776    -5.74    1.76
 238648.969   130.019    -2.04    1.35
 239019.846   129.643    -1.01    1.31
 239390.687   129.772     0.35    1.25
 239761.492   129.643    -0.35    1.33
 240132.259   129.807     0.44    1.41
 240502.990   130.211     1.09    1.16
 240873.684   130.821     1.65    1.29
 241244.341   131.642     2.21    1.56
 241614.962   132.932     3.48    2.14
 241985.546   134.839     5.14    3.29
 242356.093   137.474     7.11    4.66
 242727.303   140.038     6.91    5.16
 243105.278   142.304     5.99    4.61
 243483.216   144.321     5.34    4.26
 243861.115   146.464     5.67    4.39
 244238.976   150.018     9.40    4.24
 244616.799   152.745     7.22    3.63
 244994.584   154.911     5.73    2.82
 245372.330   156.857     5.15    3.07
 245750.038   158.088     3.26    3.62
 246127.708   160.070     5.25    3.53
 246505.340   160.429     0.95    3.96
 246882.934   157.310    -8.26    8.99
 247260.490   152.074   -13.87   11.87
 247638.008   145.797   -16.62   11.79
 248015.487   140.245   -14.70    7.64
 248392.929   138.339    -5.05    2.83
 248770.332   139.732     3.69    3.46
 249147.697   141.286     4.12    3.67
 249525.025   142.911     4.31    3.51
 249902.314   143.782     2.31    3.36
 250279.565   145.304     4.03    3.55
 250656.778   146.736     3.80    4.25
 251033.954   148.930     5.82    5.16
 251411.091   152.304     8.94    5.85
 251788.190   155.218     7.73    6.09
 252165.252   158.719     9.28    5.12
 252542.275   161.357     6.99    4.57
 252919.261   164.153     7.41    3.81
 253296.208   166.577     6.43    3.51
 253673.118   168.714     5.67    3.62
 254049.990   170.000     3.41    3.78
 254426.824   170.877     2.33    4.63
 254803.620   170.368    -1.35    5.91
 255180.378   167.089    -8.70    7.82
 255557.099   163.035   -10.76    7.77
 255933.781   161.192    -4.89    5.57
 256310.426   162.293     2.92    6.12
 256687.033   165.321     8.04    6.74
 257063.602   169.143    10.15    7.56
 257440.134   173.351    11.17    9.11
 257816.628   178.455    13.55    7.76
 258193.084   178.862     1.08    7.99
 258569.502   174.558   -11.43   10.88
 258945.883   170.596   -10.52    9.27
 259322.226   169.018    -4.19    8.13
 259698.531   170.679     4.41    8.53
 260074.798   172.286     4.27    9.01
 260451.028   169.286    -7.97    9.90
 260827.221   165.788    -9.29    7.84
 261203.375   163.189    -6.91    5.58
