# NaN NaN NaN ;Mean Elev.(m), Avg Gradient(m/km), RMS Gradient(m/km) - SRTM1     
#  108.582  -0.372   8.404 ;Mean Elev.(m), Avg Gradient(m/km), RMS Gradient(m/km) - ASTER GDEM
#  123.532  -0.135   7.670 ;Mean Elev.(m), Avg Gradient(m/km), RMS Gradient(m/km) - GMTED2010 
  8   127.046 52479.53307376 48.36 127.677177  50.478437 43.357
  8   127.189 52479.53307441 52.64 127.675727  50.481667 43.357
  8   127.230 52479.53307505 47.80 127.674287  50.484907 43.357
  8   127.250 52479.53307570 52.61 127.672837  50.488137 43.357
  9   124.759 52514.53301536 49.92 127.704309  50.455335 42.619
  9   124.675 52514.53301600 49.14 127.702869  50.458565 42.619
  9   124.638 52514.53301665 46.56 127.701419  50.461805 42.619
  9   124.675 52514.53301729 45.75 127.699979  50.465035 42.619
  9   124.754 52514.53301794 49.28 127.698529  50.468265 42.619
  9   124.825 52514.53301858 50.88 127.697086  50.471503 32.067
  9   124.902 52514.53301923 52.70 127.695646  50.474733 32.067
  9   124.975 52514.53301987 52.18 127.694196  50.477963 32.067
  9   125.032 52514.53302052 50.43 127.692756  50.481203 32.067
 11   126.142 52584.53304701 40.40 127.696102  50.460101 18.972
 11   126.182 52584.53304765 42.15 127.694652  50.463331 18.972
 11   126.450 52584.53304894 46.93 127.691768  50.469798 37.526
 11   126.392 52584.53304959 49.92 127.690318  50.473028 37.526
 11   126.556 52584.53305023 43.50 127.688878  50.476258 37.526
 11   126.507 52584.53305087 43.26 127.687428  50.479498 37.526
 11   126.699 52584.53305152 46.51 127.685978  50.482728 37.526
 11   126.691 52584.53305216 45.69 127.684538  50.485958 37.526
 12   126.798 52619.53302770 24.97 127.688003  50.471529 17.274
 12   126.969 52619.53302834 26.09 127.686563  50.474769 17.274
 12   126.910 52619.53302899 26.23 127.685113  50.477999 17.274
 12   126.979 52619.53302963 25.96 127.683673  50.481229 17.274
 12   126.997 52619.53303028 25.36 127.682223  50.484459 17.274
 12   126.990 52619.53303092 25.09 127.680783  50.487699 17.274
 13   126.758 52654.53301313 20.73 127.688785  50.472247  9.248
 13   126.942 52654.53301378 20.79 127.687345  50.475477  9.248
 13   127.036 52654.53301442 20.91 127.685895  50.478707  9.248
 13   127.098 52654.53301507 20.92 127.684445  50.481947  9.248
 13   127.169 52654.53301571 21.33 127.683005  50.485177  9.248
 13   127.155 52654.53301636 21.13 127.681555  50.488407  9.248
 14   127.291 52689.53300580 35.59 127.697052  50.460258 26.252
 14   127.245 52689.53300645 38.69 127.695612  50.463498 26.252
 14   127.294 52689.53300709 37.58 127.694162  50.466728 26.252
 14   127.163 52689.53300774 33.16 127.692722  50.469958 26.252
 14   127.210 52689.53300838 29.68 127.691272  50.473188 26.252
 14   127.244 52689.53300903 28.74 127.689832  50.476428 26.252
 14   127.461 52689.53300967 28.81 127.688382  50.479658 26.252
 14   127.546 52689.53301032 28.04 127.686942  50.482888 26.252
 14   127.763 52689.53301096 35.17 127.685492  50.486128 26.252
 15   128.998 52724.53305373 17.92 127.682063  50.477489 11.595
 15   129.327 52724.53305437 16.80 127.680613  50.480729 11.595
 15   129.072 52724.53305502 17.68 127.679173  50.483959 11.595
 15   127.403 52724.53305566 19.21 127.677723  50.487189 11.595
 15   129.304 52724.53305631 15.96 127.676283  50.490429 11.595
 16   127.225 52759.53307414 24.85 127.674127  50.482205 28.158
 16   127.306 52759.53307479 23.58 127.672677  50.485435 28.158
 16   127.190 52759.53307543 23.94 127.671237  50.488675 28.158
 17   129.203 52794.53302842 50.91 127.679401  50.477734 40.938
 17   129.248 52794.53302907 52.60 127.677961  50.480974 40.938
 17   129.302 52794.53302971 50.52 127.676511  50.484204 40.938
 17   129.378 52794.53303036 51.69 127.675061  50.487434 40.938
 17   129.424 52794.53303100 46.73 127.673621  50.490664 40.938
 18   128.949 52829.53309533 50.64 127.681440  50.477344 48.043
 18   128.988 52829.53309598 49.29 127.679990  50.480574 48.043
 18   129.040 52829.53309662 50.86 127.678550  50.483814 48.043
 18   129.093 52829.53309727 49.48 127.677100  50.487044 48.043
 18   129.136 52829.53309791 48.66 127.675650  50.490274 48.043
 19   127.548 52864.53313881 45.74 127.688356  50.473259 40.148
 19   127.481 52864.53313945 40.72 127.686906  50.476489 40.148
 19   127.564 52864.53314010 44.74 127.685466  50.479719 40.148
 19   127.595 52864.53314074 46.91 127.684016  50.482949 40.148
 19   127.634 52864.53314139 43.88 127.682576  50.486189 40.148
 19   127.706 52864.53314203 46.69 127.681126  50.489419 40.148
 20   128.195 52899.53316822 45.05 127.684673  50.474240 40.243
 20   128.166 52899.53316886 39.58 127.683233  50.477470 40.243
 20   128.170 52899.53316951 38.16 127.681783  50.480700 40.243
 20   128.240 52899.53317015 45.00 127.680343  50.483940 40.243
 20   128.292 52899.53317079 41.44 127.678893  50.487170 40.243
 20   128.423 52899.53317144 41.34 127.677453  50.490400 40.243
 21   127.207 52934.53311109 30.59 127.689507  50.471417 22.354
 21   127.248 52934.53311173 28.73 127.688067  50.474647 22.354
 21   127.207 52934.53311238 29.26 127.686617  50.477877 22.354
 21   127.333 52934.53311302 28.67 127.685177  50.481107 22.354
 21   127.458 52934.53311366 27.78 127.683727  50.484347 22.354
 21   128.198 52934.53311431 26.68 127.682287  50.487577 22.354
 22   127.749 52969.53312803 30.67 127.677727  50.478174 23.538
 22   127.971 52969.53312867 35.18 127.676277  50.481404 23.538
 22   127.971 52969.53312932 34.56 127.674837  50.484634 23.538
 22   128.041 52969.53312996 33.51 127.673387  50.487864 23.538
 23   127.745 53004.53314692 24.59 127.675497  50.479557 25.022
 23   127.892 53004.53314756 22.47 127.674057  50.482797 25.022
 23   128.078 53004.53314821 22.25 127.672607  50.486027 25.022
 25   128.178 53074.53312676  9.53 127.680553  50.478659  7.089
 25   128.104 53074.53312741  9.84 127.679103  50.481889  7.089
 25   130.163 53074.53312805  7.52 127.677663  50.485129  7.089
 25   129.494 53074.53312870  8.43 127.676213  50.488359  7.089
 25   127.814 53074.53312934 14.32 127.674763  50.491589  7.089
 27   129.336 53144.53313826 50.49 127.676381  50.479543 40.484
 27   129.344 53144.53313891 49.29 127.674941  50.482773 40.484
 27   129.403 53144.53313955 51.23 127.673491  50.486003 40.484
 27   129.446 53144.53314019 50.46 127.672041  50.489243 40.484
 28   128.594 53179.53315157 48.60 127.686875  50.473621 45.373
 28   128.652 53179.53315222 50.23 127.685425  50.476851 45.373
 28   128.700 53179.53315286 49.15 127.683985  50.480081 45.373
 28   128.752 53179.53315351 52.27 127.682535  50.483311 45.373
 28   128.805 53179.53315415 50.02 127.681095  50.486551 45.373
 28   128.844 53179.53315480 50.95 127.679645  50.489781 45.373
 29   128.703 53214.53317435 51.79 127.679633  50.478894 41.803
 29   128.755 53214.53317500 49.52 127.678193  50.482124 41.803
 29   128.827 53214.53317564 53.68 127.676743  50.485354 41.803
 29   128.889 53214.53317629 52.48 127.675303  50.488594 41.803
 30   127.605 53249.53314011 28.52 127.696059  50.459528 24.878
 30   127.697 53249.53314075 27.99 127.694619  50.462758 24.878
 30   127.681 53249.53314204 25.78 127.691729  50.469228 24.878
 30   127.812 53249.53314269 24.31 127.690279  50.472458 24.878
 30   127.698 53249.53314333 21.52 127.688839  50.475688 24.878
 30   127.799 53249.53314398 21.65 127.687389  50.478918 24.878
 30   127.822 53249.53314462 22.31 127.685949  50.482158 24.878
 30   130.324 53249.53314527 19.54 127.684499  50.485388 24.878
 32   126.314 53319.53312675 45.08 127.688712  50.471956 36.350
 32   126.250 53319.53312739 48.18 127.687272  50.475186 36.350
 32   126.359 53319.53312804 41.72 127.685822  50.478426 36.350
 32   126.523 53319.53312868 42.67 127.684382  50.481656 36.350
 32   126.666 53319.53312932 48.40 127.682932  50.484886 36.350
 32   126.753 53319.53312997 52.06 127.681482  50.488116 36.350
 33   127.304 53354.53309059 20.53 127.703284  50.455263  5.831
 33   127.147 53354.53309123 20.26 127.701843  50.458502  6.401
 33   127.144 53354.53309187 19.28 127.700393  50.461732  6.401
 33   127.244 53354.53309252 20.58 127.698953  50.464962  6.401
 33   127.297 53354.53309316 19.12 127.697503  50.468202  6.401
 33   127.285 53354.53309381 18.99 127.696063  50.471432  6.401
 33   127.267 53354.53309445 19.02 127.694613  50.474662  6.401
 33   127.399 53354.53309510 18.69 127.693173  50.477902  6.401
 33   127.442 53354.53309574 17.62 127.691723  50.481132  6.401
 34   127.368 53389.53310047 14.65 127.672239  50.481822  6.534
 34   127.353 53389.53310112 14.52 127.670789  50.485052  6.534
 35   127.350 53424.53309354 15.86 127.699056  50.457071  7.385
 35   127.228 53424.53309418 16.28 127.697606  50.460311  7.385
 35   127.416 53424.53309483 15.86 127.696166  50.463541  7.385
 35   127.393 53424.53309547 16.34 127.694716  50.466771  7.385
 35   127.479 53424.53309611 16.22 127.693276  50.470001  7.385
 35   127.411 53424.53309676 17.39 127.691826  50.473241  7.385
 35   127.506 53424.53309740 18.86 127.690386  50.476471  7.385
 35   127.558 53424.53309805 17.40 127.688936  50.479701  7.385
 35   127.513 53424.53309869 19.72 127.687496  50.482941  7.385
 36   127.595 53459.53310298 21.44 127.681291  50.477832 21.183
 36   127.550 53459.53310363 22.90 127.679851  50.481072 21.183
 36   127.583 53459.53310427 21.71 127.678401  50.484302 21.183
 36   127.552 53459.53310491 20.74 127.676951  50.487532 21.183
 36   127.550 53459.53310556 21.11 127.675511  50.490762 21.183
 38   128.207 53529.53315972 49.79 127.697649  50.458700 33.794
 38   128.247 53529.53316037 47.05 127.696199  50.461940 33.794
 38   128.272 53529.53316101 49.44 127.694759  50.465170 33.794
 38   128.342 53529.53316166 50.96 127.693319  50.468400 33.794
 38   128.392 53529.53316230 48.38 127.691869  50.471640 33.794
 38   128.395 53529.53316295 49.39 127.690419  50.474870 33.794
 38   128.462 53529.53316359 49.09 127.688979  50.478100 33.794
 38   128.498 53529.53316423 45.16 127.687529  50.481330 33.794
 38   128.525 53529.53316488 49.13 127.686089  50.484570 33.794
 39   127.872 53564.53319464 50.72 127.678144  50.479431 41.630
 39   127.895 53564.53319528 45.77 127.676704  50.482671 41.630
 39   127.936 53564.53319593 49.01 127.675254  50.485901 41.630
 39   127.957 53564.53319657 45.43 127.673814  50.489131 41.630
 40   126.629 53599.53313154 50.59 127.699220  50.456739 37.563
 40   126.774 53599.53313219 52.42 127.697770  50.459979 37.563
 40   126.841 53599.53313283 50.58 127.696330  50.463209 37.563
 40   126.892 53599.53313348 49.80 127.694880  50.466439 37.563
 40   126.941 53599.53313412 49.19 127.693440  50.469669 37.563
 40   126.986 53599.53313477 49.26 127.691990  50.472909 37.563
 40   127.045 53599.53313541 49.01 127.690550  50.476139 37.563
 40   127.117 53599.53313606 50.91 127.689100  50.479369 37.563
 40   127.154 53599.53313670 52.28 127.687660  50.482609 37.563
 42   126.860 53669.53315479 51.34 127.674262  50.481480 33.028
 42   126.847 53669.53315544 42.84 127.672812  50.484710 33.028
 42   126.913 53669.53315608 45.77 127.671362  50.487940 33.028
 43   126.678 53704.53308722 30.46 127.701808  50.455630 11.543
 43   126.802 53704.53308787 29.92 127.700363  50.458868 14.764
 43   126.912 53704.53308851 29.28 127.698913  50.462098 14.764
 43   127.236 53704.53308916 28.32 127.697473  50.465328 14.764
 43   127.163 53704.53308980 28.13 127.696023  50.468568 14.764
 43   127.139 53704.53309045 29.04 127.694583  50.471798 14.764
 43   127.288 53704.53309109 27.51 127.693133  50.475028 14.764
 43   127.417 53704.53309174 29.16 127.691693  50.478268 14.764
 43   127.539 53704.53309238 28.92 127.690243  50.481498 14.764
 44   127.014 53739.53299500 40.50 127.713152  50.446082 15.110
 44   127.099 53739.53299564 50.10 127.711712  50.449312 15.110
 44   126.817 53739.53299629 33.35 127.710272  50.452542 15.110
 44   126.999 53739.53299693 18.43 127.708827  50.455783  6.235
 44   127.085 53739.53299758 18.32 127.707387  50.459013  6.235
 44   127.215 53739.53299822 18.15 127.705937  50.462243  6.235
 44   127.225 53739.53299886 18.26 127.704497  50.465483  6.235
 44   127.286 53739.53299951 17.61 127.703057  50.468713  6.235
 44   127.424 53739.53300015 17.98 127.701607  50.471943  6.235
 45   128.648 53774.53301963 14.35 127.688438  50.471480  6.508
 45   128.651 53774.53302028 15.13 127.686998  50.474710  6.508
 45   128.649 53774.53302092 14.60 127.685548  50.477940  6.508
 45   128.339 53774.53302157 14.62 127.684098  50.481180  6.508
 45   127.819 53774.53302221 16.12 127.682658  50.484410  6.508
 45   127.657 53774.53302286 16.29 127.681208  50.487640  6.508
 46   127.339 53809.53300008 17.59 127.702806  50.456286  8.839
 46   127.332 53809.53300072 17.50 127.701356  50.459516  8.839
 46   127.216 53809.53300137 16.94 127.699916  50.462746  8.839
 46   127.412 53809.53300201 16.36 127.698473  50.465986  7.200
 46   127.440 53809.53300266 16.13 127.697023  50.469216  7.200
 46   127.410 53809.53300330 16.21 127.695583  50.472446  7.200
 46   127.490 53809.53300395 15.33 127.694133  50.475686  7.200
 46   127.503 53809.53300459 15.50 127.692693  50.478916  7.200
 46   127.601 53809.53300523 14.62 127.691243  50.482146  7.200
 47   128.249 53844.53304711 35.93 127.673163  50.481447 38.186
 47   128.264 53844.53304775 37.77 127.671713  50.484677 38.186
 48   127.966 53879.53307508 45.65 127.683753  50.475704 40.823
 48   128.048 53879.53307572 44.80 127.682303  50.478934 40.823
 48   128.191 53879.53307637 46.72 127.680863  50.482174 40.823
 48   128.201 53879.53307701 45.11 127.679413  50.485404 40.823
 48   128.216 53879.53307766 39.78 127.677963  50.488634 40.823
 48   127.998 53879.53307830 33.31 127.676523  50.491874 40.823
 49   127.901 53914.53313257 49.26 127.672546  50.482028 43.163
 49   127.907 53914.53313322 49.81 127.671096  50.485258 43.163
 50   127.708 53949.53314317 52.14 127.673073  50.482172 42.485
 50   127.884 53949.53314382 49.24 127.671633  50.485402 42.485
 51   128.507 53984.53307877 23.28 127.690787  50.470350 27.148
 51   128.792 53984.53307941 24.45 127.689337  50.473580 27.148
 51   128.633 53984.53308006 25.04 127.687897  50.476820 27.148
 51   128.674 53984.53308070 24.55 127.686447  50.480050 27.148
 51   128.800 53984.53308135 24.63 127.685007  50.483280 27.148
 51   128.819 53984.53308199 25.32 127.683557  50.486510 27.148
 52   128.208 54019.53311622 53.45 127.676846  50.480891 43.919
 52   128.233 54019.53311686 47.74 127.675396  50.484121 43.919
 52   128.286 54019.53311751 52.01 127.673946  50.487351 43.919
 53   126.151 54054.53310153 48.09 127.700035  50.456039 19.491
 53   126.203 54054.53310217 44.28 127.698585  50.459269 19.491
 53   126.340 54054.53310282 47.01 127.697145  50.462505 31.807
 53   126.437 54054.53310346 48.12 127.695695  50.465735 31.807
 53   126.514 54054.53310411 44.66 127.694255  50.468965 31.807
 53   126.492 54054.53310475 41.99 127.692805  50.472205 31.807
 53   126.695 54054.53310540 42.21 127.691355  50.475435 31.807
 53   126.590 54054.53310604 41.09 127.689915  50.478665 31.807
 53   126.673 54054.53310668 43.43 127.688465  50.481905 31.807
 54   127.842 54089.53309258 25.43 127.695831  50.461050  8.544
 54   127.818 54089.53309322 27.32 127.694381  50.464280  8.544
 54   127.992 54089.53309451 27.43 127.691499  50.470747 13.365
 54   127.995 54089.53309516 28.36 127.690049  50.473977 13.365
 54   128.015 54089.53309580 30.21 127.688609  50.477217 13.365
 54   128.034 54089.53309645 27.59 127.687159  50.480447 13.365
 54   128.000 54089.53309709 25.56 127.685719  50.483677 13.365
 54   128.100 54089.53309773 26.02 127.684269  50.486917 13.365
 55   129.988 54124.53302178 19.85 127.675106  50.480240  9.870
 55   130.052 54124.53302243 21.58 127.673656  50.483470  9.870
 55   127.566 54124.53302307 21.15 127.672216  50.486700  9.870
 56   127.741 54159.53306228 14.09 127.681856  50.478128  6.118
 56   127.773 54159.53306293 14.98 127.680406  50.481358  6.118
 56   127.708 54159.53306357 14.20 127.678966  50.484598  6.118
 56   127.736 54159.53306422 14.07 127.677516  50.487828  6.118
 56   127.691 54159.53306486 14.89 127.676076  50.491058  6.118
 57   127.743 54194.53302428 23.18 127.674729  50.481950 25.193
 57   127.833 54194.53302493 27.85 127.673279  50.485180 25.193
 57   127.783 54194.53302557 25.64 127.671829  50.488410 25.193
 58   127.311 54229.53307485 50.24 127.681056  50.478167 42.981
 58   127.325 54229.53307549 46.86 127.679606  50.481397 42.981
 58   127.417 54229.53307614 51.70 127.678156  50.484637 42.981
 58   127.539 54229.53307678 51.33 127.676716  50.487867 42.981
 58   127.580 54229.53307743 48.45 127.675266  50.491097 42.981
 59   127.790 54264.53309283 51.28 127.682000  50.477590 43.738
 59   127.817 54264.53309347 48.01 127.680560  50.480820 43.738
 59   127.854 54264.53309412 53.06 127.679110  50.484060 43.738
 59   127.873 54264.53309476 51.81 127.677660  50.487290 43.738
 59   127.888 54264.53309541 49.55 127.676220  50.490520 43.738
 60   128.430 54299.53309562 47.22 127.685672  50.473837 40.706
 60   128.483 54299.53309627 49.87 127.684232  50.477077 40.706
 60   128.532 54299.53309691 50.05 127.682782  50.480307 40.706
 60   128.574 54299.53309756 48.82 127.681342  50.483537 40.706
 60   128.621 54299.53309820 50.79 127.679892  50.486767 40.706
 60   128.670 54299.53309885 48.93 127.678442  50.490007 40.706
 61   128.582 54334.53308503 49.64 127.689938  50.471024 39.622
 61   128.634 54334.53308568 49.35 127.688498  50.474264 39.622
 61   128.681 54334.53308632 53.05 127.687048  50.477494 39.622
 61   128.723 54334.53308697 49.07 127.685608  50.480724 39.622
 61   128.784 54334.53308761 49.64 127.684158  50.483964 39.622
 61   128.836 54334.53308826 47.51 127.682708  50.487194 39.622
 63   126.790 54404.53302931 30.83 127.686708  50.472737 28.418
 63   126.638 54404.53302996 31.05 127.685258  50.475967 28.418
 63   126.749 54404.53303060 31.68 127.683818  50.479207 28.418
 63   126.890 54404.53303125 26.45 127.682368  50.482437 28.418
 63   127.054 54404.53303189 24.21 127.680928  50.485667 28.418
 63   127.941 54404.53303254 22.17 127.679478  50.488897 28.418
 64   127.923 54439.53298867 30.81 127.671861  50.481215 18.069
 64   128.084 54439.53298931 29.97 127.670421  50.484445 18.069
 65   127.682 54474.53301654 22.27 127.683751  50.475425 10.029
 65   127.760 54474.53301718 21.87 127.682311  50.478655 10.029
 65   127.874 54474.53301782 23.36 127.680861  50.481885 10.029
 65   127.849 54474.53301847 22.25 127.679411  50.485115 10.029
 65   127.892 54474.53301911 22.39 127.677971  50.488355 10.029
 65   128.127 54474.53301976 23.76 127.676521  50.491585 10.029
 66   127.882 54509.53300155 21.85 127.674885  50.481207 10.239
 66   128.006 54509.53300219 22.03 127.673435  50.484447 10.239
 66   128.195 54509.53300284 20.80 127.671995  50.487677 10.239
 67   127.803 54544.53303059 22.57 127.686261  50.474086 18.388
 67   127.891 54544.53303124 25.17 127.684811  50.477316 18.388
 67   127.868 54544.53303188 23.15 127.683361  50.480556 18.388
 67   128.038 54544.53303252 21.42 127.681921  50.483786 18.388
 67   128.039 54544.53303317 20.98 127.680471  50.487016 18.388
 67   128.149 54544.53303381 19.56 127.679031  50.490256 18.388
 68   128.166 54579.53299950 25.71 127.681984  50.477046 28.270
 68   127.221 54579.53300015 27.67 127.680534  50.480276 28.270
 68   127.484 54579.53300079 27.03 127.679094  50.483516 28.270
 68   127.451 54579.53300144 26.89 127.677644  50.486746 28.270
 68   127.395 54579.53300208 21.08 127.676194  50.489976 28.270
 69   127.682 54614.53302048 26.38 127.686337  50.473505 35.381
 69   127.454 54614.53302113 28.99 127.684887  50.476745 35.381
 69   127.361 54614.53302177 30.57 127.683447  50.479975 35.381
 69   127.264 54614.53302241 26.28 127.681997  50.483205 35.381
 69   127.525 54614.53302306 22.64 127.680547  50.486435 35.381
 69   127.798 54614.53302370 22.32 127.679107  50.489675 35.381
 70   126.438 54649.53303154 32.68 127.679829  50.477536 38.545
 70   126.592 54649.53303218 35.13 127.678379  50.480766 38.545
 70   126.518 54649.53303283 30.34 127.676929  50.484006 38.545
 70   126.516 54649.53303347 26.43 127.675489  50.487236 38.545
 70   126.406 54649.53303412 21.20 127.674039  50.490466 38.545
 71   128.320 54684.53302673 47.65 127.688055  50.472868 39.049
 71   128.389 54684.53302737 47.77 127.686605  50.476098 39.049
 71   128.448 54684.53302802 50.04 127.685165  50.479338 39.049
 71   128.502 54684.53302866 48.07 127.683715  50.482568 39.049
 71   128.555 54684.53302931 50.43 127.682275  50.485798 39.049
 71   128.609 54684.53302995 50.98 127.680825  50.489028 39.049
 72   127.754 54719.53297664 25.61 127.675429  50.480565 29.119
 72   127.638 54719.53297729 30.01 127.673989  50.483805 29.119
 72   127.516 54719.53297793 26.20 127.672539  50.487035 29.119
 73   127.418 54754.53300098 47.95 127.682369  50.475780 44.720
 73   127.434 54754.53300162 53.89 127.680919  50.479010 44.720
 73   127.462 54754.53300227 49.93 127.679479  50.482240 44.720
 73   127.475 54754.53300291 52.40 127.678029  50.485470 44.720
 73   127.498 54754.53300356 49.39 127.676589  50.488710 44.720
 73   127.516 54754.53300420 44.11 127.675139  50.491940 44.720
 74   126.728 54789.53297043 45.77 127.672421  50.483156 25.037
 74   126.832 54789.53297107 42.03 127.670971  50.486386 25.037
 75   128.063 54824.53299744 24.62 127.679847  50.479163 14.324
 75   128.092 54824.53299808 29.32 127.678397  50.482393 14.324
 75   128.053 54824.53299873 26.19 127.676957  50.485633 14.324
 75   128.025 54824.53299937 23.17 127.675507  50.488863 14.324
 76   127.785 54859.53296321 36.41 127.675436  50.481191  9.940
 76   127.652 54859.53296386 36.78 127.673986  50.484421  9.940
 76   127.652 54859.53296450 16.33 127.672546  50.487661  9.940
 77   128.308 54894.53299802 10.74 127.684561  50.475620  4.625
 77   128.102 54894.53299866 10.76 127.683111  50.478850  4.625
 77   127.966 54894.53299931 10.91 127.681671  50.482080  4.625
 77   127.896 54894.53299995 11.31 127.680221  50.485310  4.625
 77   127.883 54894.53300060 10.39 127.678781  50.488550  4.625
 77   127.811 54894.53300124 10.63 127.677331  50.491780  4.625
 78   130.700 54929.53296266 27.61 127.673821  50.481242 27.206
 78   131.271 54929.53296330 19.18 127.672381  50.484472 27.206
 78   131.277 54929.53296394 19.70 127.670931  50.487712 27.206
 79   128.903 54964.53299876 49.53 127.682000  50.476717 35.434
 79   128.936 54964.53299940 49.63 127.680553  50.479954 45.437
 79   128.971 54964.53300005 48.62 127.679113  50.483184 45.437
 79   129.012 54964.53300069 48.95 127.677663  50.486414 45.437
 79   129.058 54964.53300134 45.64 127.676223  50.489654 45.437
 80   128.430 54999.53301918 46.04 127.680240  50.477861 39.222
 80   128.410 54999.53301982 44.12 127.678800  50.481091 39.222
 80   128.433 54999.53302047 41.67 127.677350  50.484321 39.222
 80   128.381 54999.53302111 37.76 127.675910  50.487561 39.222
 80   128.339 54999.53302176 32.23 127.674460  50.490791 39.222
 81   127.419 55034.53300524 47.07 127.682298  50.475880 46.796
 81   127.570 55034.53300589 50.95 127.680848  50.479120 46.796
 81   127.582 55034.53300653 50.58 127.679408  50.482350 46.796
 81   127.585 55034.53300718 53.51 127.677958  50.485580 46.796
 81   127.599 55034.53300782 53.37 127.676508  50.488820 46.796
 81   127.607 55034.53300847 50.09 127.675068  50.492050 46.796
 82   128.005 55069.53299373 24.00 127.690544  50.470583 27.297
 82   127.977 55069.53299438 25.20 127.689104  50.473813 27.297
 82   127.928 55069.53299502 20.23 127.687664  50.477043 27.297
 82   127.933 55069.53299567 21.54 127.686214  50.480283 27.297
 82   127.920 55069.53299631 20.06 127.684764  50.483513 27.297
 82   128.170 55069.53299695 16.35 127.683324  50.486743 27.297
 83   128.962 55104.53293686 26.45 127.672843  50.482041 29.009
 83   129.570 55104.53293750 21.04 127.671403  50.485271 29.009
 84   127.214 55139.53294170 47.16 127.684016  50.475998 39.094
 84   127.122 55139.53294234 44.93 127.682566  50.479238 39.094
 84   127.361 55139.53294298 46.54 127.681116  50.482468 39.094
 84   127.331 55139.53294363 45.35 127.679676  50.485698 39.094
 84   127.314 55139.53294427 48.02 127.678226  50.488928 39.094
 84   127.319 55139.53294492 47.97 127.676786  50.492168 39.094
 85   128.170 55174.53290359 24.88 127.675493  50.479407 12.667
 85   128.382 55174.53290424 23.03 127.674043  50.482637 12.667
 85   128.338 55174.53290488 23.36 127.672593  50.485867 12.667
 86   128.095 55209.53293821 15.03 127.680604  50.479018  5.480
 86   128.114 55209.53293886 14.41 127.679154  50.482248  5.480
 86   128.151 55209.53293950 13.76 127.677704  50.485478  5.480
 86   128.129 55209.53294015 14.89 127.676264  50.488718  5.480
 86   128.011 55209.53294079 14.02 127.674814  50.491948  5.480
 87   127.910 55244.53290998  9.58 127.675416  50.480891  4.382
 87   127.912 55244.53291062 10.59 127.673966  50.484121  4.382
 87   127.897 55244.53291127 10.13 127.672526  50.487351  4.382
 88   128.377 55279.53293043 10.61 127.687275  50.471969 10.013
 88   128.122 55279.53293108 11.84 127.685825  50.475199 10.013
 88   130.441 55279.53293172 12.99 127.684375  50.478439 10.013
 88   127.775 55279.53293237 14.01 127.682935  50.481669 10.013
 88   127.774 55279.53293301 16.40 127.681485  50.484899 10.013
 88   127.818 55279.53293366 17.60 127.680045  50.488139 10.013
 89   128.469 55314.53289656 53.15 127.680904  50.477539 45.605
 89   128.570 55314.53289720 51.61 127.679464  50.480769 45.605
 89   128.640 55314.53289785 51.78 127.678014  50.484009 45.605
 89   128.645 55314.53289849 50.98 127.676564  50.487239 45.605
 89   128.651 55314.53289914 51.57 127.675124  50.490469 45.605
 90   128.647 55349.53290200 50.01 127.687172  50.473863 40.149
 90   128.695 55349.53290265 50.81 127.685722  50.477103 40.149
 90   128.738 55349.53290329 50.88 127.684282  50.480333 40.149
 90   128.778 55349.53290394 51.89 127.682832  50.483563 40.149
 90   128.821 55349.53290458 50.73 127.681392  50.486803 40.149
 90   128.887 55349.53290522 52.02 127.679942  50.490033 40.149
 91   129.178 55384.53289611 50.85 127.675068  50.480280 38.374
 91   129.219 55384.53289675 52.47 127.673618  50.483520 38.374
 91   129.246 55384.53289739 51.43 127.672178  50.486750 38.374
 92   128.882 55419.53292142 49.44 127.682578  50.477033 45.854
 92   128.942 55419.53292207 50.81 127.681128  50.480263 45.854
 92   128.902 55419.53292271 47.98 127.679688  50.483493 45.854
 92   128.966 55419.53292336 49.08 127.678238  50.486723 45.854
 92   129.001 55419.53292400 48.26 127.676798  50.489963 45.854
 93   127.845 55454.53289594 29.26 127.696094  50.460082 29.126
 93   127.513 55454.53289658 29.03 127.694647  50.463322 26.146
 93   128.005 55454.53289787 24.40 127.691757  50.469782 26.146
 93   127.955 55454.53289852 25.42 127.690307  50.473022 26.146
 93   128.367 55454.53289916 21.24 127.688867  50.476252 26.146
 93   130.295 55454.53289980 20.09 127.687427  50.479482 26.146
 93   128.301 55454.53290045 20.71 127.685977  50.482722 26.146
 93   130.338 55454.53290109 18.41 127.684527  50.485952 26.146
 94   127.145 55489.53281401 50.57 127.703761  50.454987 40.954
 94   127.161 55489.53281466 50.40 127.702321  50.458217 40.954
 94   127.184 55489.53281530 50.08 127.700881  50.461457 40.954
 94   127.193 55489.53281595 50.64 127.699431  50.464687 40.954
 94   127.225 55489.53281659 52.70 127.697991  50.467917 40.954
 94   127.265 55489.53281724 54.98 127.696547  50.471156 33.977
 94   127.267 55489.53281788 53.13 127.695097  50.474386 33.977
 94   127.328 55489.53281853 49.83 127.693657  50.477616 33.977
 94   127.348 55489.53281917 50.83 127.692207  50.480856 33.977
