-309584.915    15.815     0.00    1.73
-309207.528    15.682    -0.35    1.49
-308830.108    15.565    -0.31    1.35
-308452.654    15.143    -1.12    1.30
-308075.166    14.872    -0.72    1.43
-307697.645    14.603    -0.71    1.58
-307320.089    14.236    -0.97    1.53
-306942.501    13.670    -1.50    1.70
-306564.878    12.642    -2.72    2.25
-306187.222    11.387    -3.32    2.45
-305809.532    10.018    -3.62    1.81
-305437.181     9.308    -1.91    0.68
-305066.059     9.122    -0.50    0.00
-304694.905     9.122     0.00    0.00
-304323.718     9.122     0.00    0.00
-303952.499     9.122     0.00    0.00
-303581.247     9.122     0.00    0.00
-303209.963     9.122     0.00    0.00
-302838.646     9.122     0.00    0.00
-302467.297     9.122     0.00    0.00
-302095.915     9.122     0.00    0.00
-301724.500     9.122     0.00    0.00
-301353.053     9.122     0.00    0.00
-300981.574     9.122     0.00    0.00
-300610.062     9.122     0.00    0.00
-300238.517     9.122     0.00    0.00
-299866.939     9.122     0.00    0.00
-299495.329     9.122     0.00    0.00
-299123.687     9.122     0.00    0.00
-298752.012     9.567     1.20    1.73
-298380.304    10.949     3.72    2.91
-298008.563    13.400     6.59    5.04
-297636.790    19.142    15.44    9.90
-297264.984    24.877    15.42   12.26
-296893.145    30.622    15.45   12.10
-296521.274    35.834    14.01   11.31
-296149.370    36.892     2.84   13.77
-295777.433    34.911    -5.32   18.27
-295405.464    31.009   -10.49   21.51
-295033.462    28.573    -6.55   23.53
-294661.427    24.530   -10.87   23.92
-294289.359    21.122    -9.16   22.96
-293917.259    17.387   -10.04   19.13
-293545.126    14.892    -6.70   14.88
-293172.959    12.212    -7.20    9.76
-292800.761    10.219    -5.35    5.41
-292428.529     9.122    -2.94    0.00
-292056.265     9.122     0.00    0.00
-291683.967     9.122     0.00    0.00
-291311.637     9.122     0.00    0.00
-290939.274     9.122     0.00    0.00
-290566.878     9.122     0.00    0.00
-290194.449     9.122     0.00    0.00
-289821.988     9.122     0.00    0.00
-289449.493     9.122     0.00    0.00
-289076.966     9.122     0.00    0.00
-288704.405     9.122     0.00    0.00
-288331.812     9.122     0.00    0.00
-287959.186     9.122     0.00    0.00
-287586.527     9.122     0.00    0.00
-287213.835     9.141     0.05    0.14
-286841.110     9.142     0.00    0.14
-286468.351     9.122    -0.05    0.00
-286095.560     9.122     0.00    0.00
-285722.736     9.122     0.00    0.00
-285349.879     9.122     0.00    0.00
-284976.989     9.122     0.00    0.00
-284604.066     9.122     0.00    0.00
-284231.110     9.122     0.00    0.00
-283858.121     9.326     0.55    1.25
-283485.098     9.946     1.66    2.42
-283112.043    11.252     3.50    4.58
-282738.954    14.180     7.85    7.51
-282365.833    17.247     8.22    9.21
-281992.678    19.181     5.18    7.60
-281619.490    19.949     2.06    5.77
-281246.269    18.500    -3.88    4.30
-280873.015    17.424    -2.88    3.07
-280499.728    16.872    -1.48    2.30
-280126.408    17.868     2.66    3.24
-279753.054    19.980     5.66    3.50
-279379.667    22.594     7.00    4.89
-279006.248    25.651     8.18    7.66
-278632.794    29.195     9.49   10.02
-278259.308    33.821    12.38   11.92
-277885.788    41.497    20.55   12.89
-277512.236    50.662    24.53   11.60
-277138.650    57.359    17.92    9.70
-276765.030    62.084    12.64    7.20
-276391.378    63.988     5.09    7.07
-276017.692    63.122    -2.32    8.13
-275643.973    64.220     2.94    8.63
-275270.220    64.813     1.59    9.73
-274896.435    64.896     0.22   10.04
-274522.616    61.437    -9.25   11.82
-274148.763    57.495   -10.54   11.52
-273774.877    55.273    -5.94   10.27
-273400.958    53.834    -3.85   10.25
-273027.006    54.161     0.87    9.93
-272653.020    56.863     7.22   11.77
-272279.001    59.659     7.47   13.93
-271904.948    65.985    16.91   16.41
-271530.862    70.085    10.96   15.78
-271156.743    73.419     8.91   15.73
-270782.590    75.372     5.22   17.33
-270408.404    77.641     6.06   19.46
-270034.184    85.481    20.94   24.21
-269659.931    92.908    19.84   24.57
-269285.644   102.622    25.95   25.48
-268911.324   107.382    12.71   25.49
-268536.970   106.405    -2.61   24.06
-268162.583   103.839    -6.85   26.42
-267788.162   103.413    -1.14   24.01
-267413.708   104.602     3.17   21.17
-267039.220   110.587    15.98   19.08
-266664.699   115.877    14.12   14.27
-266290.144   115.405    -1.26   15.55
-265915.556   114.268    -3.04   15.30
-265540.934   117.198     7.82   14.66
-265166.278   121.819    12.33   14.39
-264791.589   131.982    27.12   16.58
-264416.866   143.813    31.56   19.20
-264042.110   148.556    12.65   18.11
-263667.320   147.556    -2.67   20.00
-263292.496   143.265   -11.45   22.28
-262917.639   140.392    -7.66   22.94
-262542.748   142.504     5.63   26.18
-262167.823   150.330    20.87   25.41
-261792.865   151.808     3.94   23.75
-261417.873   145.382   -17.13   20.83
-261042.847   137.273   -21.62   18.78
-260667.787   124.273   -34.65   22.01
-260292.694   117.651   -17.65   17.12
-259917.567   118.330     1.81   16.02
-259542.406   122.430    10.93   16.55
-259167.212   136.688    37.99   23.46
-258791.984   149.206    33.35   26.07
-258416.722   158.437    24.59   25.11
-258041.426   160.613     5.80   27.52
-257666.096   148.413   -32.50   35.66
-257290.733   126.315   -58.86   39.05
-256915.335   101.919   -64.97   35.89
-256539.904    81.877   -53.37   20.88
-256164.439    70.411   -30.53    8.19
-255788.940    66.650   -10.01    1.84
-255413.407    65.738    -2.43    1.59
-255037.841    65.372    -0.97    1.39
-254662.240    64.488    -2.35    1.33
-254286.606    64.326    -0.43    1.26
-253910.938    64.122    -0.54    1.33
-253535.235    64.028    -0.25    1.26
-253159.499    63.995    -0.09    1.20
-252783.729    63.842    -0.41    1.13
-252407.925    63.765    -0.21    1.12
-252032.087    63.604    -0.43    1.02
-251656.215    63.382    -0.59    1.10
-251280.308    63.158    -0.59    1.11
-250904.368    63.142    -0.04    1.09
-250528.394    62.977    -0.44    1.34
-250152.386    62.969    -0.02    1.36
-249776.344    63.255     0.76    1.66
-249400.268    63.353     0.26    1.87
-249024.157    63.475     0.32    1.73
-248648.013    64.515     2.76    2.31
-248271.835    65.715     3.19    3.37
-247895.622    67.159     3.84    4.33
-247519.376    70.046     7.67    5.58
-247143.095    74.400    11.57    7.78
-246766.780    80.178    15.35    7.98
-246390.431    80.848     1.78    7.29
-246014.048    77.413    -9.12    9.23
-245637.630    73.877    -9.39    7.86
-245261.179    73.456    -1.12    5.56
-244884.693    77.143     9.79    7.11
-244508.173    82.197    13.42    6.84
-244131.619    84.565     6.29    5.32
-243755.031    83.195    -3.64    6.12
-243378.408    79.349   -10.21    6.48
-243001.752    75.726    -9.62    5.58
-242625.061    72.707    -8.01    5.00
-242248.335    70.593    -5.61    4.95
-241871.576    67.956    -7.00    4.92
-241494.782    65.048    -7.71    4.20
-241117.954    62.908    -5.68    3.40
-240741.091    61.103    -4.79    2.46
-240364.195    60.141    -2.55    1.86
-239987.263    59.632    -1.35    1.71
-239610.298    59.180    -1.20    1.70
-239233.298    59.195     0.04    1.71
-238856.264    59.005    -0.50    1.73
-238479.196    58.944    -0.16    1.69
-238102.093    58.688    -0.68    1.65
-237724.955    58.585    -0.27    2.00
-237347.784    60.604     5.35    6.01
-236970.578    64.082     9.22    9.76
-236593.337    70.712    17.57   14.69
-236216.062    80.443    25.79   20.36
-235838.753    89.759    24.68   21.10
-235461.409    90.104     0.92   19.88
-235084.030    88.604    -3.97   17.92
-234706.618    84.408   -11.11   15.23
-234329.170    83.582    -2.19   13.50
-233951.688    90.068    17.18   19.00
-233574.172    97.707    20.23   25.78
-233196.621    97.368    -0.90   27.89
-232819.035    90.462   -18.29   23.83
-232441.415    86.236   -11.19   20.55
-232063.761    81.195   -13.34   17.79
-231686.072    75.622   -14.75   13.33
-231308.348    74.141    -3.92   10.53
-230930.590    82.519    22.17   21.00
-230557.851    98.613    43.17   27.33
-230186.833   114.622    43.14   24.05
-229815.782   127.252    34.03   31.94
-229444.697   134.255    18.87   42.87
-229073.579   122.930   -30.51   47.68
-228702.428   104.972   -48.38   42.93
-228331.243    83.456   -57.95   22.21
-227960.025    73.252   -27.48   11.80
-227588.773    68.764   -12.09    6.69
-227217.489    69.515     2.02    7.02
-226846.171    74.368    13.07   10.69
-226474.819    81.122    18.19   13.14
-226103.434    88.387    19.56   13.85
-225732.016    95.234    18.43   16.31
-225360.564   101.444    16.72   16.82
-224989.079   107.809    17.13   16.66
-224617.560   121.408    36.60   23.77
-224246.008   135.834    38.82   29.04
-223874.422   155.522    52.97   30.93
-223502.803   179.330    64.05   33.13
-223131.150   189.292    26.80   36.99
-222759.464   202.808    36.35   38.81
-222387.745   214.877    32.46   36.00
-222015.991   213.413    -3.94   33.39
-221644.205   204.481   -24.02   24.87
-221272.384   211.450    18.74   26.99
-220900.531   226.002    39.13   36.67
-220528.643   260.289    92.18   50.64
-220156.722   298.776   103.46   48.57
-219784.768   316.011    46.33   42.38
-219412.779   306.009   -26.88   46.12
-219040.758   280.158   -69.47   51.81
-218668.702   248.481   -85.12   37.61
-218296.613   226.585   -58.83   33.10
-217924.491   198.995   -74.13   35.34
-217552.334   175.493   -63.14   28.42
-217180.144   160.515   -40.23   17.53
-216807.920   155.882   -12.44   10.35
-216435.663   167.372    30.86   23.09
-216063.372   187.217    53.29   31.15
-215691.047   207.567    54.64   33.92
-215318.689   221.141    36.45   25.67
-214946.296   236.026    39.96   23.39
-214573.870   241.813    15.54   21.68
-214201.411   236.771   -13.54   27.54
-213828.917   217.651   -51.32   38.30
-213456.390   193.902   -63.74   29.51
-213083.829   187.868   -16.19   22.77
-212711.234   190.534     7.15   24.78
-212338.605   208.604    48.48   31.71
-211965.943   226.956    49.23   30.64
-211593.246   241.087    37.91   38.91
-211220.516   264.652    63.21   47.14
-210847.752   279.308    39.31   46.98
-210474.954   293.734    38.69   39.38
-210102.122   300.179    17.28   31.53
-209729.257   308.268    21.69   29.60
-209356.357   323.102    39.77   32.66
-208983.423   349.587    71.00   39.70
-208610.456   378.456    77.39   43.02
-208237.455   418.283   106.75   58.27
-207864.419   458.032   106.53   60.50
-207491.350   482.085    64.46   58.58
-207118.247   499.837    47.57   48.95
-206745.110   477.271   -60.46   55.04
-206371.939   424.697  -140.85   84.52
-205998.733   362.565  -166.45   95.74
-205625.494   291.990  -189.05   82.86
-205252.221   242.661  -132.13   42.41
-204878.914   232.341   -27.64   41.79
-204505.572   245.400    34.97   57.34
-204132.197   251.234    15.62   57.79
-203758.788   243.338   -21.14   59.72
-203385.344   212.026   -83.83   58.03
-203011.867   174.863   -99.49   40.11
-202638.355   158.488   -43.83   23.79
-202264.809   158.613     0.34   24.56
-201891.229   169.005    27.81   25.84
-201517.615   180.176    29.89   29.94
-201143.967   188.511    22.30   30.46
-200770.285   184.659   -10.31   33.47
-200396.568   171.783   -34.45   38.87
-200022.818   149.475   -59.67   36.82
-199649.033   127.995   -57.46   23.19
-199275.214   116.776   -30.01   13.72
-198901.361   113.759    -8.07   15.15
-198527.473   111.688    -5.54   22.20
-198153.551   107.495   -11.21   23.97
-197779.595    98.497   -24.06   22.73
-197405.605    89.659   -23.63   14.52
-197031.581    84.177   -14.66    6.93
-196657.522    82.990    -3.17    3.56
-196283.429    84.437     3.87    5.82
-195909.302    86.475     5.45    6.83
-195535.140    89.752     8.76   11.02
-195160.944    94.556    12.84   15.70
-194786.714   103.105    22.84   21.75
-194412.449   111.122    21.42   23.16
-194038.150   119.048    21.17   24.23
-193663.817   131.670    33.71   21.32
-193289.449   136.257    12.25   21.12
-192915.047   133.962    -6.13   23.71
-192540.611   133.240    -1.93   23.70
-192166.140   134.747     4.02   25.36
-191791.634   137.363     6.98   26.73
-191417.094   137.363     0.00   25.00
-191042.520   140.158     7.46   28.47
-190667.912   133.141   -18.73   25.79
-190293.268   127.408   -15.30   20.30
-189918.591   129.257     4.93   17.55
-189543.879   136.886    20.36   21.36
-189169.132   147.858    29.27   19.86
-188794.351   159.319    30.57   18.23
-188419.535   166.801    19.96   24.12
-188044.685   172.178    14.34   27.04
-187669.800   173.234     2.82   27.42
-187294.881   176.488     8.68   30.20
-186919.927   180.413    10.47   28.82
-186544.939   189.848    25.15   35.56
-186169.916   213.670    63.51   42.27
-185794.858   242.808    77.67   46.12
-185419.766   263.819    56.01   40.77
-185044.639   286.573    60.65   39.18
-184669.477   310.500    63.76   52.74
-184294.281   339.252    76.62   53.38
-183919.050   358.507    51.31   42.92
-183543.785   351.432   -18.85   48.26
-183168.484   330.573   -55.57   45.59
-182793.150   327.247    -8.86   46.51
-182417.780   346.067    50.13   64.25
-182042.376   384.808   103.18   62.22
-181666.937   422.801   101.18   51.92
-181291.463   443.750    55.78   44.74
-180915.954   440.747    -7.99   44.44
-180540.411   427.538   -35.17   46.61
-180164.833   403.363   -64.35   38.85
-179789.220   377.632   -68.49   41.03
-179413.572   356.462   -56.34   43.12
-179037.890   327.730   -76.47   40.07
-178662.173   301.104   -70.85   28.07
-178286.421   287.122   -37.20   17.88
-177910.634   279.809   -19.46   16.44
-177534.812   272.956   -18.23   21.36
-177158.955   274.215     3.35   28.30
-176783.064   270.247   -10.55   34.35
-176407.137   268.308    -5.16   38.42
-176031.176   272.993    12.46   38.13
-175655.179   277.359    11.61   30.37
-175279.148   291.776    38.33   37.77
-174903.082   299.541    20.64   44.03
-174526.981   307.030    19.91   44.67
-174150.845   315.158    21.61   45.61
-173774.674   317.387     5.92   35.23
-173398.468   320.141     7.32   27.22
-173022.227   334.567    38.34   30.74
-172645.951   358.507    63.61   34.05
-172269.640   380.247    57.76   36.32
-171893.294   387.642    19.64   31.53
-171516.913   385.319    -6.17   32.09
-171140.497   371.522   -36.65   37.55
-170764.046   360.122   -30.28   33.92
-170387.559   352.515   -20.20   30.18
-170011.038   349.688    -7.51   28.50
-169634.482   347.444    -5.96   29.72
-169257.890   337.651   -26.00   32.14
-168881.263   319.745   -47.53   35.57
-168504.602   300.850   -50.16   37.74
-168127.905   287.273   -36.03   38.39
-167751.173   277.941   -24.77   39.93
-167374.405   267.507   -27.69   40.27
-166997.603   252.432   -40.00   38.19
-166620.765   239.722   -33.72   34.65
-166243.892   223.697   -42.52   37.80
-165866.984   212.400   -29.97   35.39
-165490.041   203.308   -24.12   27.54
-165113.063   200.575    -7.25   28.24
-164736.049   197.642    -7.78   32.60
-164359.000   194.456    -8.45   29.69
-163981.916   202.085    20.23   32.69
-163604.796   214.230    32.20   35.61
-163227.641   224.670    27.68   35.31
-162850.451   236.468    31.27   32.46
-162473.225   253.230    44.43   30.37
-162095.965   255.953     7.22   27.57
-161718.668   267.819    31.45   34.09
-161341.337   281.632    36.60   34.96
-160963.970   283.212     4.18   35.54
-160586.568   280.122    -8.18   37.38
-160209.130   267.308   -33.95   36.94
-159831.657   261.480   -15.44   38.55
-159454.148   256.515   -13.15   37.44
-159076.605   247.212   -24.64   35.37
-158699.025   248.915     4.51   32.74
-158321.410   260.678    31.15   37.84
-157943.760   284.355    62.68   46.64
-157566.074   300.808    43.56   43.01
-157188.353   315.783    39.64   34.31
-156810.596   328.392    33.37   33.63
-156432.804   341.234    33.99   35.86
-156054.977   357.474    42.98   32.45
-155681.758   346.456   -29.52   34.63
-155310.838   323.322   -62.36   52.54
-154939.883   287.395   -96.84   62.76
-154568.894   242.236  -121.71   51.31
-154197.871   216.845   -68.42   38.39
-153826.814   220.548     9.98   49.18
-153455.722   233.826    35.77   53.97
-153084.597   238.390    12.30   46.57
-152713.437   237.449    -2.53   42.90
-152342.243   215.855   -58.17   45.69
-151971.015   187.651   -75.96   42.21
-151599.752   159.759   -75.12   34.13
-151228.455   137.330   -60.40   25.90
-150857.124   126.776   -28.42   20.79
-150485.759   122.212   -12.29   21.81
-150114.359   113.882   -22.43   23.91
-149742.925   104.886   -24.21   24.37
-149371.457    97.179   -20.74   23.72
-148999.954    88.462   -23.46   18.21
-148628.417    84.853    -9.71   15.63
-148256.846    84.359    -1.33   17.73
-147885.240    82.556    -4.85   17.54
-147513.600    77.247   -14.28    9.07
-147141.925    78.548     3.50   10.08
-146770.216    84.194    15.19   16.28
-146398.473    95.033    29.15   20.96
-146026.695   103.977    24.05   20.22
-145654.883   115.337    30.55   20.33
-145283.037   128.707    35.95   25.83
-144911.156   144.015    41.16   27.80
-144539.240   151.372    19.78   20.91
-144167.290   145.213   -16.56   24.48
-143795.306   132.067   -35.34   22.87
-143423.287   124.048   -21.55   15.34
-143051.233   118.959   -13.68   10.51
-142679.145   116.686    -6.11   12.32
-142307.022   114.315    -6.37   17.16
-141934.865   107.993   -16.98   21.51
-141562.674    96.086   -31.99   27.89
-141190.447    82.834   -35.60   27.55
-140818.187    70.515   -33.09   14.89
-140445.891    64.103   -17.22    3.15
-140073.561    64.765     1.78    4.35
-139701.196    66.345     4.24    7.79
-139328.797    67.837     4.01    9.05
-138956.363    73.051    14.00   14.40
-138583.895    82.567    25.54   28.17
-138211.391    95.283    34.13   32.54
-137838.854   104.419    24.52   31.92
-137466.281   106.604     5.86   28.21
-137093.674   101.722   -13.10   24.10
-136721.032   100.122    -4.29   22.32
-136348.355   101.349     3.29   23.50
-135975.644   106.926    14.96   28.17
-135602.897   114.122    19.30   29.16
-135230.117   112.355    -4.74   27.32
-134857.301   105.377   -18.71   20.60
-134484.450   103.802    -4.22   17.51
-134111.565   103.676    -0.34   16.91
-133738.645   104.711     2.77   18.00
-133365.690   107.850     8.42   18.41
-132992.701   112.368    12.11   17.08
-132619.676   124.140    31.56   26.84
-132246.617   138.659    38.91   30.53
-131873.522   163.104    65.51   35.26
-131500.393   187.122    64.36   35.22
-131127.229   197.519    27.86   34.06
-130754.031   191.694   -15.61   41.91
-130380.797   173.770   -48.02   46.70
-130007.528   156.158   -47.18   35.19
-129634.225   147.066   -24.35   28.61
-129260.886   149.569     6.70   32.48
-128887.513   160.850    30.21   36.66
-128514.104   165.105    11.39   36.30
-128140.661   178.443    35.71   37.56
-127767.182   185.734    19.52   39.94
-127393.669   189.372     9.74   38.80
-127020.121   194.651    14.13   38.44
-126646.537   193.122    -4.09   31.11
-126272.919   200.330    19.29   30.64
-125899.265   208.956    23.08   29.76
-125525.577   217.413    22.63   22.40
-125151.853   210.141   -19.46   27.09
-124778.094   198.676   -30.67   30.10
-124404.301   186.863   -31.60   28.81
-124030.472   176.359   -28.10   25.67
-123656.608   165.848   -28.11   27.93
-123282.709   147.944   -47.88   34.08
-122908.774   131.276   -44.57   28.20
-122534.805   118.426   -34.36   20.64
-122160.801   108.922   -25.41   14.55
-121786.761   107.730    -3.19   17.45
-121412.686   105.745    -5.30   20.69
-121038.576   104.726    -2.72   24.12
-120664.431   102.426    -6.15   24.43
-120290.250   102.776     0.94   27.83
-119916.034   102.122    -1.75   25.83
-119541.783   100.405    -4.59   24.74
-119167.497   102.980     6.88   26.86
-118793.176   102.995     0.04   23.84
-118418.819   100.868    -5.68   21.08
-118044.427    95.105   -15.39   17.47
-117670.000    84.548   -28.19   16.40
-117295.537    74.515   -26.79   13.23
-116921.039    69.024   -14.66   11.18
-116546.506    67.868    -3.09   12.69
-116171.937    66.236    -4.36   14.57
-115797.333    62.962    -8.74   13.81
-115422.694    60.900    -5.50   12.55
-115048.019    56.855   -10.80   11.72
-114673.309    54.195    -7.10   11.60
-114298.563    51.122    -8.20   10.69
-113923.782    47.212   -10.43    9.44
-113548.966    43.738    -9.27    8.73
-113174.114    38.980   -12.69    6.52
-112799.227    35.641    -8.90    4.32
-112424.304    33.390    -6.00    2.28
-112049.346    32.408    -2.62    2.12
-111674.352    31.956    -1.21    2.05
-111299.323    31.408    -1.46    2.26
-110924.258    31.546     0.37    2.96
-110549.158    31.697     0.40    3.88
-110174.022    31.845     0.39    4.54
-109798.851    31.456    -1.04    4.70
-109423.644    29.922    -4.09    4.12
-109048.401    28.569    -3.61    3.78
-108673.123    26.915    -4.41    3.89
-108297.810    26.734    -0.48    4.35
-107922.461    26.886     0.41    6.06
-107547.076    26.930     0.12    7.10
-107171.655    26.765    -0.44    7.92
-106796.199    26.286    -1.28    8.79
-106420.707    25.640    -1.72    8.96
-106045.180    25.250    -1.04    8.86
-105669.617    24.104    -3.05    7.54
-105294.018    23.765    -0.90    6.25
-104918.384    24.026     0.69    5.64
-104542.713    24.444     1.11    6.77
-104167.007    25.900     3.88    8.51
-103791.266    26.993     2.91   10.04
-103415.488    28.795     4.80   13.98
-103039.675    31.011     5.90   18.38
-102663.826    29.730    -3.41   19.37
-102287.942    26.934    -7.44   15.65
-101912.021    24.526    -6.40   11.63
-101536.065    22.526    -5.32    8.80
-101160.072    19.752    -7.38    4.97
-100784.045    17.850    -5.06    3.00
-100407.981    17.140    -1.89    1.61
-100031.881    17.104    -0.10    1.17
 -99655.745    17.481     1.00    1.44
 -99279.574    18.140     1.75    1.58
 -98903.367    18.565     1.13    1.45
 -98527.123    18.337    -0.61    1.53
 -98150.844    17.919    -1.11    1.46
 -97774.529    17.569    -0.93    1.46
 -97398.178    17.372    -0.52    1.31
 -97021.791    17.286    -0.23    1.40
 -96645.368    17.122    -0.43    1.46
 -96268.909    16.911    -0.56    1.35
 -95892.414    16.704    -0.55    1.24
 -95515.883    16.359    -0.92    1.15
 -95139.317    15.877    -1.28    1.16
 -94762.714    15.408    -1.25    1.25
 -94386.075    15.050    -0.95    1.17
 -94009.400    15.086     0.10    1.12
 -93632.688    14.972    -0.30    1.08
 -93255.941    14.789    -0.48    1.10
 -92879.158    14.877     0.23    1.24
 -92502.339    14.747    -0.34    1.32
 -92125.483    14.832     0.22    1.44
 -91748.592    15.032     0.53    1.35
 -91371.664    14.730    -0.80    1.23
 -90994.700    14.500    -0.61    1.27
 -90617.700    14.212    -0.76    1.24
 -90240.664    14.104    -0.29    1.20
 -89863.591    14.140     0.10    1.20
 -89486.483    14.104    -0.10    1.19
 -89109.338    14.104     0.00    1.01
 -88732.157    13.926    -0.47    1.02
 -88354.940    13.839    -0.23    0.86
 -87977.686    13.783    -0.15    0.92
 -87600.397    13.757    -0.07    1.12
 -87223.071    13.959     0.53    1.37
 -86845.708    14.051     0.24    1.26
 -86468.310    13.777    -0.73    1.42
 -86090.875    13.541    -0.63    1.27
 -85713.404    13.359    -0.48    1.04
 -85335.896    13.230    -0.34    0.98
 -84958.352    13.160    -0.18    1.06
 -84580.772    13.158    -0.01    1.09
 -84203.155    13.030    -0.34    1.22
 -83825.502    13.086     0.15    1.29
 -83447.813    13.105     0.05    1.41
 -83070.087    13.198     0.25    1.43
 -82692.325    13.087    -0.29    1.31
 -82314.526    13.009    -0.21    1.12
 -81936.691    13.069     0.16    1.05
 -81558.820    13.195     0.33    1.07
 -81180.912    13.232     0.10    1.13
 -80807.152    13.087    -0.39    1.25
 -80436.339    12.845    -0.65    1.23
 -80065.492    12.533    -0.84    1.16
 -79694.609    12.488    -0.12    0.93
 -79323.691    12.544     0.15    0.91
 -78952.738    12.839     0.80    1.10
 -78581.750    12.712    -0.34    1.20
 -78210.727    12.468    -0.66    1.27
 -77839.669    12.390    -0.21    1.31
 -77468.575    12.232    -0.43    1.29
 -77097.447    12.122    -0.29    1.50
 -76726.283    11.837    -0.77    1.63
 -76355.085    11.741    -0.26    1.62
 -75983.851    11.658    -0.22    1.57
 -75612.582    11.565    -0.25    1.51
 -75241.278    11.658     0.25    1.40
 -74869.938    11.565    -0.25    1.36
 -74498.564    11.403    -0.44    1.29
 -74127.154    11.359    -0.12    1.12
 -73755.709    11.105    -0.68    1.13
 -73384.229    10.826    -0.75    1.14
 -73012.713    10.855     0.08    1.18
 -72641.162    10.658    -0.53    1.06
 -72269.576    10.500    -0.43    0.88
 -71897.955    10.426    -0.20    0.76
 -71526.298    10.296    -0.35    0.81
 -71154.607    10.212    -0.23    0.82
 -70782.879    10.103    -0.29    0.85
 -70411.117    10.140     0.10    0.88
 -70039.319    10.359     0.59    0.94
 -69667.486    10.252    -0.29    0.99
 -69295.617    10.390     0.37    0.96
 -68923.713    10.355    -0.10    1.01
 -68551.774    10.538     0.49    1.03
 -68179.799    10.595     0.15    0.96
 -67807.789    10.497    -0.26    1.05
 -67435.743    10.469    -0.08    1.19
 -67063.662    10.301    -0.45    1.16
 -66691.546    10.330     0.08    1.17
 -66319.394    10.480     0.40    1.05
 -65947.207    10.538     0.16    0.86
 -65574.984    10.511    -0.07    0.88
 -65202.725    10.212    -0.80    1.15
 -64830.431    10.032    -0.48    1.06
 -64458.102     9.912    -0.32    1.19
 -64085.737     9.868    -0.12    1.11
 -63713.337    10.017     0.40    1.08
 -63340.901    10.065     0.13    1.07
 -62968.429    10.176     0.30    1.13
 -62595.922    10.160    -0.04    1.24
 -62223.379    10.230     0.19    1.12
 -61850.801     9.759    -1.26    1.30
 -61478.187     9.032    -1.95    1.73
 -61105.537     8.658    -1.00    1.73
 -60732.852     8.372    -0.77    1.55
 -60360.131     8.319    -0.14    1.42
 -59987.375     8.594     0.74    1.26
 -59614.583     8.640     0.12    1.36
 -59241.755     8.783     0.38    1.45
 -58868.891     8.650    -0.36    1.51
 -58495.992     8.474    -0.47    1.49
 -58123.057     7.982    -1.32    1.68
 -57750.086     7.640    -0.92    1.78
 -57377.080     7.032    -1.63    1.76
 -57004.037     6.462    -1.53    1.74
 -56630.959     5.726    -1.97    1.38
 -56257.846     5.480    -0.66    0.92
 -55884.696     5.738     0.69    1.19
 -55511.511     6.230     1.32    1.56
 -55138.289     7.345     2.99    2.23
 -54765.032     8.268     2.47    2.23
 -54391.740     8.890     1.67    2.07
 -54018.411     9.363     1.27    1.90
 -53645.046    10.033     1.79    1.20
 -53271.646    10.122     0.24    1.22
 -52898.209    10.351     0.61    1.07
 -52524.737    10.449     0.26    1.12
 -52151.229    10.569     0.32    1.26
 -51777.685    10.424    -0.39    1.20
 -51404.105    10.551     0.34    1.46
 -51030.489    10.377    -0.47    1.73
 -50656.837    10.122    -0.68    1.67
 -50283.149    10.355     0.62    1.73
 -49909.425    10.158    -0.53    1.98
 -49535.665    10.640     1.29    2.10
 -49161.869    10.565    -0.20    2.00
 -48788.038    10.015    -1.47    1.57
 -48414.170     9.741    -0.73    1.28
 -48040.266     9.595    -0.39    1.20
 -47666.326     9.395    -0.53    1.16
 -47292.349     9.247    -0.39    1.03
 -46918.337     8.896    -0.94    1.01
 -46544.289     8.704    -0.51    1.03
 -46170.205     8.515    -0.51    0.97
 -45796.084     8.449    -0.18    0.90
 -45421.927     8.658     0.56    0.85
 -45047.735     8.613    -0.12    0.89
 -44673.506     8.982     0.99    0.97
 -44299.240     8.944    -0.10    0.99
 -43924.939     8.922    -0.06    1.06
 -43550.602     8.926     0.01    0.90
 -43176.228     8.771    -0.42    0.85
 -42801.818     8.694    -0.20    0.99
 -42427.372     8.678    -0.04    1.02
 -42052.890     8.444    -0.63    1.05
 -41678.371     8.271    -0.46    1.00
 -41303.816     8.301     0.08    0.94
 -40929.225     8.395     0.25    0.91
 -40554.597     8.176    -0.58    0.96
 -40179.934     8.122    -0.14    1.02
 -39805.234     8.122     0.00    1.11
 -39430.497     8.105    -0.05    1.12
 -39055.724     7.853    -0.67    1.12
 -38680.915     7.890     0.10    1.14
 -38306.070     8.195     0.81    1.21
 -37931.188     8.405     0.56    1.17
 -37556.270     8.579     0.46    1.04
 -37181.315     8.650     0.19    1.00
 -36806.324     8.712     0.17    0.89
 -36431.297     8.715     0.01    0.98
 -36056.233     8.872     0.42    1.13
 -35681.132     8.872     0.00    1.05
 -35305.995     8.890     0.05    1.03
 -34930.822     8.832    -0.16    1.05
 -34555.612     8.894     0.17    1.04
 -34180.366     8.947     0.14    0.97
 -33805.083     9.050     0.27    0.92
 -33429.764     9.158     0.29    0.99
 -33054.408     9.103    -0.15    1.09
 -32679.016     9.051    -0.14    1.25
 -32303.587     9.013    -0.10    1.37
 -31928.121     8.922    -0.24    1.38
 -31552.619     8.855    -0.18    1.31
 -31177.080     8.777    -0.21    1.31
 -30801.505     8.777     0.00    1.27
 -30425.893     8.962     0.49    1.37
 -30050.244     9.017     0.15    1.48
 -29674.559     9.026     0.02    1.42
 -29298.837     9.140     0.30    1.21
 -28923.079     9.533     1.05    1.70
 -28547.283     9.684     0.40    1.34
 -28171.451    10.035     0.93    1.18
 -27795.583    10.086     0.14    1.14
 -27419.677    10.069    -0.05    1.15
 -27043.735     9.796    -0.73    1.23
 -26667.756     9.712    -0.22    1.47
 -26291.741     9.413    -0.79    1.50
 -25915.688     9.519     0.28    1.61
 -25539.599     9.929     1.09    1.62
 -25163.473    10.497     1.51    1.62
 -24787.310    10.965     1.24    1.39
 -24411.110    11.308     0.91    1.37
 -24034.874    11.872     1.50    1.22
 -23658.601    11.519    -0.94    1.42
 -23282.290    10.926    -1.57    1.52
 -22905.943    10.390    -1.42    1.21
 -22529.559    10.033    -0.95    0.96
 -22153.139    10.035     0.00    0.91
 -21776.681    10.067     0.09    1.28
 -21400.186    10.158     0.24    1.21
 -21023.654    10.257     0.26    1.25
 -20647.086    10.158    -0.26    1.30
 -20270.480    10.595     1.16    1.57
 -19893.838    10.759     0.43    1.70
 -19517.158    10.701    -0.15    1.72
 -19140.442    10.613    -0.23    1.69
 -18763.688    10.403    -0.56    1.45
 -18386.898    10.368    -0.09    1.18
 -18010.070    10.824     1.21    1.32
 -17633.205    11.250     1.13    1.26
 -17256.304    11.372     0.33    1.25
 -16879.365    11.595     0.59    1.15
 -16502.389    11.659     0.17    1.19
 -16125.376    11.480    -0.48    1.30
 -15748.326    11.363    -0.31    1.24
 -15371.239    11.658     0.78    1.33
 -14994.115    12.085     1.13    1.47
 -14616.953    13.051     2.56    1.94
 -14239.754    13.676     1.66    2.17
 -13862.519    13.795     0.32    2.10
 -13485.245    13.807     0.03    2.03
 -13107.935    13.519    -0.76    1.71
 -12730.588    13.280    -0.63    1.37
 -12353.203    13.395     0.30    1.47
 -11975.781    13.105    -0.77    1.25
 -11598.322    12.650    -1.21    1.20
 -11220.826    12.377    -0.72    1.29
 -10843.292    12.438     0.16    1.38
 -10465.721    12.603     0.44    1.53
 -10088.112    12.855     0.67    1.46
  -9710.467    13.177     0.85    1.45
  -9332.784    13.193     0.04    1.46
  -8955.063    13.386     0.51    1.34
  -8577.306    13.765     1.01    1.72
  -8199.511    14.194     1.13    1.97
  -7821.678    14.642     1.19    1.96
  -7443.808    14.403    -0.63    2.04
  -7065.901    14.104    -0.79    2.07
  -6687.957    13.824    -0.74    1.88
  -6309.974    13.298    -1.39    1.92
  -5935.583    13.195    -0.27    1.99
  -5564.880    12.947    -0.67    1.85
  -5194.141    12.904    -0.12    1.63
  -4823.365    13.087     0.49    1.66
  -4452.554    12.853    -0.63    1.61
  -4081.707    12.944     0.24    1.50
  -3710.824    12.500    -1.20    1.93
  -3339.905    11.789    -1.92    2.42
  -2968.950    11.032    -2.04    2.49
  -2597.959    10.941    -0.25    2.23
  -2226.932    11.247     0.83    2.60
  -1855.869    10.747    -1.35    3.51
  -1484.770     8.368    -6.41    5.56
  -1113.634     5.541    -7.62    6.73
   -742.463     1.561   -10.72    5.96
   -371.256     0.387    -3.16    5.29
     -0.012     2.544     5.81    7.12
    371.267     6.161     9.74    7.10
    742.583     9.176     8.12    4.91
   1113.934    10.959     4.80    1.81
   1485.322    10.462    -1.34    1.54
   1856.746    10.319    -0.38    1.60
   2228.206    10.480     0.43    1.73
   2599.703    10.980     1.35    1.97
   2971.235    11.632     1.75    1.93
   3342.804    12.263     1.70    1.83
   3714.409    12.802     1.45    1.71
   4086.050    13.035     0.63    1.62
   4457.727    12.974    -0.16    1.70
   4829.441    13.194     0.59    1.45
   5201.191    13.087    -0.29    1.44
   5572.977    12.929    -0.42    1.46
   5944.799    12.783    -0.39    1.39
   6316.658    12.722    -0.16    1.61
   6688.553    12.605    -0.32    1.64
   7060.484    12.777     0.46    1.55
   7432.452    13.368     1.59    1.67
   7804.456    13.066    -0.81    1.98
   8176.496    12.765    -0.81    2.12
   8548.573    12.752    -0.04    2.17
   8920.686    12.684    -0.18    2.12
   9292.836    12.993     0.83    1.68
   9665.022    13.890     2.41    1.49
  10037.244    14.658     2.06    1.60
  10409.503    16.359     4.57    5.64
  10781.798    20.212    10.35   10.06
  11154.130    23.032     7.57   11.59
  11526.498    25.842     7.55   12.45
  11898.902    27.198     3.64   12.45
  12271.343    28.444     3.35   11.66
  12643.821    33.011    12.26   16.45
  13016.335    36.997    10.70   19.56
  13388.886    40.141     8.44   20.57
  13761.473    39.158    -2.64   17.64
  14134.097    37.140    -5.41   12.01
  14506.757    36.605    -1.44    9.32
  14879.454    38.526     5.16    8.63
  15252.187    43.559    13.50    9.46
  15624.957    53.596    26.93   12.63
  15997.764    63.853    27.51   13.44
  16370.607    73.801    26.68   19.78
  16743.487    76.868     8.22   21.47
  17116.404    75.087    -4.78   25.79
  17489.357    69.676   -14.51   27.16
  17862.347    64.977   -12.60   22.49
  18235.374    61.622    -8.99   15.77
  18608.437    63.795     5.82   12.18
  18981.537    69.807    16.11   12.77
  19354.674    74.468    12.49   12.54
  19727.847    71.263    -8.59   15.79
  20101.058    68.969    -6.15   16.11
  20474.305    73.403    11.88   19.22
  20847.588    87.087    36.66   24.77
  21220.909   104.551    46.78   23.59
  21594.266   122.377    47.75   22.75
  21967.661   137.265    39.87   25.18
  22341.092   149.212    31.99   20.01
  22714.560   153.659    11.91   19.29
  23088.064   151.390    -6.08   22.45
  23461.606   138.456   -34.63   25.99
  23835.184   122.017   -44.00   27.14
  24208.800   114.605   -19.84   26.42
  24582.452   117.315     7.26   31.85
  24956.141   126.426    24.38   30.00
  25329.867   135.403    24.02   24.43
  25703.631   136.052     1.74   21.85
  26077.431   129.345   -17.94   23.82
  26451.268   116.962   -33.12   24.94
  26825.142   110.238   -17.98   26.12
  27199.052   108.640    -4.27   29.12
  27573.000    93.158   -41.40   35.99
  27946.985    87.605   -14.85   37.62
  28321.008    85.230    -6.35   41.49
  28695.067    85.368     0.37   48.56
  29069.163    89.263    10.41   47.53
  29443.296    75.195   -37.60   46.15
  29817.466    62.982   -32.64   32.49
  30191.674    62.488    -1.32   28.23
  30565.918    67.980    14.67   32.24
  30940.200    78.160    27.20   37.14
  31314.518    95.807    47.14   54.33
  31688.874   119.676    63.76   61.78
  32063.267   139.508    52.97   61.22
  32437.697   151.561    32.19   55.51
  32812.165   167.140    41.61   49.17
  33186.669   181.795    39.13   49.82
  33561.211   193.686    31.75   54.77
  33935.790   216.140    59.95   57.80
  34310.407   235.387    51.38   51.27
  34685.060   239.926    12.12   44.99
  35059.751   251.926    32.03   33.69
  35434.479   259.462    20.11   31.86
  35809.244   270.480    29.40   37.32
  36184.047   273.265     7.43   41.92
  36558.887   258.579   -39.18   51.94
  36933.764   224.642   -90.53   60.38
  37308.679   203.312   -56.89   45.08
  37683.630   203.722     1.09   37.95
  38058.620   236.245    86.73   55.12
  38433.646   275.298   104.14   57.33
  38808.711   306.337    82.76   58.85
  39183.812   323.364    45.40   51.22
  39558.951   316.500   -18.30   60.34
  39934.127   304.649   -31.59   69.85
  40309.341   296.900   -20.65   78.13
  40684.592   315.747    50.23   78.10
  41059.881   345.050    78.08   62.82
  41435.207   346.997     5.19   44.09
  41810.571   342.245   -12.66   37.41
  42185.972   334.473   -20.70   26.80
  42561.411   327.386   -18.88   19.62
  42936.887   326.632    -2.01   21.67
  43312.400   323.209    -9.12   26.39
  43687.952   308.330   -39.62   31.42
  44063.541   292.730   -41.54   32.87
  44439.167   282.765   -26.53   27.14
  44814.831   274.872   -21.01   27.79
  45190.533   265.403   -25.21   29.84
  45566.272   265.613     0.56   32.14
  45942.049   278.035    33.06   42.40
  46317.864   295.699    47.01   44.90
  46693.716   314.019    48.74   30.43
  47069.606   315.613     4.24   30.22
  47445.533   313.245    -6.30   26.49
  47821.499   306.777   -17.21   22.40
  48197.502   302.747   -10.72   19.13
  48573.542   302.674    -0.19   19.87
  48949.621   297.526   -13.69   20.42
  49325.737   294.508    -8.02   20.61
  49701.891   296.250     4.63   19.74
  50078.083   302.158    15.71   18.63
  50454.312   306.872    12.53   17.76
  50830.580   309.368     6.63   17.84
  51206.885   307.712    -4.40   19.60
  51583.228   298.993   -23.17   19.86
  51959.609   290.580   -22.35   21.72
  52336.028   283.632   -18.46   22.31
  52712.484   282.280    -3.59   24.67
  53088.979   279.359    -7.76   28.59
  53465.511   278.337    -2.71   33.82
  53842.081   270.473   -20.88   39.83
  54218.689   265.926   -12.08   37.87
  54595.336   257.944   -21.19   35.20
  54972.020   252.919   -13.34   29.22
  55348.742   240.789   -32.20   31.46
  55725.502   224.051   -44.43   33.01
  56102.300   214.789   -24.58   26.88
  56479.136   211.228    -9.45   27.10
  56856.010   213.605     6.31   31.97
  57232.922   224.329    28.46   33.49
  57609.872   227.050     7.22   31.54
  57986.860   236.716    25.64   28.86
  58363.886   244.641    21.02   22.05
  58740.951   245.283     1.70   21.11
  59118.053   244.390    -2.37   20.90
  59495.194   239.622   -12.64   19.22
  59872.372   220.694   -50.19   30.23
  60249.589   203.850   -44.66   25.37
  60626.844   203.462    -1.03   23.00
  61004.137   210.028    17.40   29.83
  61381.468   226.280    43.07   30.98
  61758.838   234.176    20.92   25.12
  62136.245   238.247    10.79   21.66
  62513.691   245.605    19.49   18.72
  62891.175   247.533     5.11   16.33
  63268.698   252.665    13.59   14.76
  63646.258   253.556     2.36   17.01
  64023.857   249.355   -11.13   25.07
  64401.494   228.403   -55.48   46.54
  64779.170   192.355   -95.45   67.18
  65156.883   133.649  -155.43   90.89
  65534.636    69.595  -169.58   71.05
  65912.426    38.908   -81.23   39.57
  66290.255    44.757    15.48   50.83
  66668.122    89.847   119.33   76.41
  67046.027   156.997   177.70   73.34
  67423.971   203.319   122.57   47.31
  67801.953   221.209    47.33   36.90
  68179.974   222.319     2.94   42.54
  68558.033   218.394   -10.38   45.50
  68933.157   216.603    -4.77   40.93
  69303.747   226.533    26.80   35.97
  69674.373   233.212    18.02   26.11
  70045.036   232.982    -0.62   23.94
  70415.736   217.051   -42.98   34.25
  70786.473   187.561   -79.55   45.87
  71157.247   153.649   -91.47   53.73
  71528.057   117.212   -98.27   51.28
  71898.905    78.985  -103.09   37.37
  72269.789    57.980   -56.64   20.38
  72640.711    57.000    -2.64   20.98
  73011.669    73.556    44.64   36.71
  73382.664   110.245    98.90   51.56
  73753.696   156.141   123.71   56.07
  74124.766   187.209    83.73   51.77
  74495.872   193.587    17.19   51.60
  74867.015   175.473   -48.81   72.80
  75238.195   133.658  -112.66   88.36
  75609.412    88.491  -121.68   69.81
  75980.667    74.000   -39.04   64.91
  76351.958    75.504     4.05   76.95
  76723.286    77.298     4.83   77.01
  77094.652    59.013   -49.24   64.52
  77466.055    40.438   -50.02   41.57
  77837.494    31.776   -23.32   28.13
  78208.971    32.512     1.98   29.48
  78580.485    28.712   -10.23   24.90
  78952.036    29.473     2.05   21.30
  79323.624    32.403     7.89   32.05
  79695.250    37.212    12.94   36.15
  80066.912    42.872    15.23   40.87
  80438.612    47.772    13.18   49.89
  80810.349    59.337    31.11   65.69
  81182.123    70.250    29.36   72.23
  81553.935    78.140    21.22   73.32
  81925.783    92.715    39.20   83.15
  82297.669    90.122    -6.97   79.84
  82669.593    91.587     3.94   80.82
  83041.553    86.649   -13.28   73.15
  83413.551    75.754   -29.29   71.55
  83785.586    83.052    19.62   76.49
  84157.659    76.017   -18.91   72.57
  84529.768    77.372     3.64   75.62
  84901.915    75.944    -3.84   82.23
  85274.100    73.937    -5.39   84.51
  85646.322    67.381   -17.62   84.07
  86018.581    61.230   -16.53   77.00
  86390.878    51.970   -24.87   58.67
  86763.212    44.179   -20.93   44.95
  87135.583    41.587    -6.96   29.63
  87507.992    47.596    16.14   27.57
  87880.439    60.596    34.91   32.19
  88252.923    81.526    56.19   39.82
  88625.444    99.526    48.32   50.83
  88998.003   105.754    16.72   49.70
  89370.599   117.676    32.00   51.22
  89743.233   126.478    23.62   47.98
  90115.904   146.941    54.91   50.18
  90488.613   193.052   123.73   55.25
  90861.360   233.783   109.28   53.29
  91234.144   263.069    78.57   38.14
  91606.965   278.526    41.46   23.45
  91979.825   262.684   -42.49   41.20
  92352.722   236.605   -69.94   52.17
  92725.656   215.551   -56.46   50.52
  93098.628   166.553  -131.38   64.63
  93471.638   114.759  -138.87   79.27
  93844.685    66.224  -130.12   73.33
  94217.770    26.122  -107.50   30.14
  94590.893    25.819    -0.81   14.80
  94964.054    40.017    38.05   21.18
  95337.252    58.368    49.18   27.00
  95710.488    86.245    74.70   44.41
  96083.761   107.649    57.35   48.35
  96457.073   133.070    68.10   48.11
  96830.422   158.694    68.64   48.94
  97203.809   186.478    74.42   56.69
  97577.234   198.355    31.81   53.24
  97950.696   209.898    30.91   47.85
  98324.197   229.011    51.18   34.74
  98697.735   242.444    35.96   30.92
  99071.311   261.561    51.18   33.37
  99444.925   284.105    60.35   34.27
  99818.577   295.569    30.68   27.78
 100192.266   293.087    -6.64   33.54
 100565.994   265.002   -75.16   56.01
 100939.759   229.632   -94.64   58.37
 101313.563   213.970   -41.90   55.23
 101687.404   201.734   -32.73   57.70
 102061.283   191.666   -26.93   61.16
 102435.201   187.228   -11.87   55.56
 102809.156   185.772    -3.89   50.07
 103183.149   223.315   100.40   60.09
 103557.180   254.351    82.98   42.45
 103931.249   251.801    -6.82   40.37
 104305.357   244.387   -19.82   45.40
 104679.502   221.817   -60.33   46.77
 105053.685   201.522   -54.24   48.10
 105427.907   171.648   -79.84   50.75
 105802.166   146.426   -67.40   37.81
 106176.464   134.533   -31.78   30.11
 106550.800   141.193    17.79   32.27
 106925.174   157.280    42.98   22.53
 107299.586   159.712     6.49   16.99
 107674.036   152.922   -18.13   17.85
 108048.524   143.351   -25.56   16.83
 108423.050   134.413   -23.87   18.31
 108797.615   128.140   -16.75   19.07
 109172.218   118.480   -25.79   23.74
 109546.859   106.807   -31.16   23.80
 109921.538    96.052   -28.71   17.21
 110296.256    94.444    -4.29   15.20
 110671.012    97.491     8.13   16.26
 111045.806   101.886    11.73   16.26
 111420.638   101.819    -0.18   17.10
 111795.509    96.368   -14.54   17.39
 112170.418    98.139     4.73   19.69
 112545.365   106.426    22.10   18.98
 112920.351   109.421     7.99   17.75
 113295.375   114.278    12.95   14.87
 113670.437   113.015    -3.37   10.80
 114045.538   107.916   -13.60    9.41
 114420.677   100.858   -18.81   11.01
 114795.854    90.657   -27.19   13.72
 115171.070    79.850   -28.81   12.12
 115546.325    70.605   -24.64   11.12
 115921.618    64.105   -17.32   11.95
 116296.949    61.209    -7.72   14.27
 116672.319    63.526     6.17   18.08
 117047.727    65.250     4.59   19.78
 117423.173    71.512    16.68   21.03
 117798.659    79.697    21.80   18.02
 118174.182    79.280    -1.11   16.61
 118549.745    75.213   -10.83   21.17
 118925.346    69.386   -15.52   23.48
 119300.985    60.051   -24.85   22.77
 119676.663    54.789   -14.01   21.60
 120052.380    51.877    -7.75   19.72
 120428.135    46.541   -14.20   19.17
 120803.929    41.072   -14.56   18.64
 121179.761    34.886   -16.46   17.36
 121555.632    28.275   -17.59   14.03
 121931.542    25.456    -7.50   13.79
 122307.490    38.894    35.75   45.06
 122683.478    63.588    65.68   68.49
 123059.503    95.480    84.82   90.14
 123435.568   142.087   123.95  100.10
 123811.671   183.178   109.27  100.29
 124187.813   226.173   114.32   73.78
 124563.994   216.122   -26.72   75.90
 124940.214   186.002   -80.07   77.94
 125316.472   168.283   -47.10   63.29
 125692.769   166.017    -6.02   49.35
 126069.105   166.549     1.41   36.63
 126445.480   165.872    -1.80   30.70
 126821.893   140.421   -67.63   38.97
 127198.346   117.011   -62.19   28.22
 127574.837   108.421   -22.82   21.38
 127951.367   111.426     7.98   21.37
 128327.936   119.386    21.14   16.63
 128704.544   116.158    -8.57   18.28
 129081.191   109.069   -18.82   20.29
 129457.877    96.656   -32.96   19.84
 129834.602    86.577   -26.76   17.35
 130211.366    79.631   -18.44   17.56
 130588.169    74.372   -13.96   20.60
 130965.010    71.947    -6.44   21.29
 131341.891    69.017    -7.77   20.11
 131718.811    70.421     3.72   25.46
 132095.770    69.569    -2.26   27.82
 132472.768    62.103   -19.81   25.98
 132849.804    52.733   -24.86   22.08
 133226.880    42.087   -28.24   14.63
 133603.995    34.571   -19.93   10.58
 133981.150    28.122   -17.10    8.90
 134358.343    23.416   -12.48    6.47
 134735.575    21.207    -5.85    4.99
 135112.847    21.839     1.68    4.88
 135490.158    24.691     7.56    4.90
 135867.507    26.722     5.38    3.74
 136244.896    28.122     3.71    2.06
 136622.325    28.337     0.57    1.38
 136999.792    28.243    -0.25    1.44
 137377.299    28.386     0.38    1.37
 137754.845    28.210    -0.46    1.38
 138132.430    28.428     0.58    1.55
 138510.054    28.934     1.34    1.54
 138887.718    29.035     0.27    1.44
 139265.421    29.631     1.58    1.10
 139643.164    29.684     0.14    1.31
 140020.945    29.544    -0.37    1.40
 140398.766    29.462    -0.22    1.42
 140776.627    29.122    -0.90    1.43
 141154.526    29.066    -0.15    1.35
 141532.465    29.956     2.36    2.11
 141910.444    30.904     2.51    2.20
 142288.462    31.912     2.67    1.98
 142666.519    32.529     1.63    1.52
 143044.616    32.801     0.72    1.32
 143422.752    32.760    -0.11    1.25
 143798.717    32.697    -0.17    1.30
 144169.194    32.982     0.77    1.30
 144539.709    33.011     0.08    1.33
 144910.262    33.022     0.03    1.30
 145280.853    32.980    -0.12    1.31
 145651.481    33.105     0.34    1.48
 146022.147    33.347     0.65    1.58
 146392.851    33.502     0.42    1.59
 146763.593    33.933     1.16    1.38
 147134.373    34.002     0.19    1.31
 147505.190    34.122     0.33    1.08
 147876.046    34.377     0.69    1.00
 148246.939    34.546     0.46    1.05
 148617.870    34.837     0.78    1.00
 148988.839    35.106     0.72    0.96
 149359.847    35.530     1.14    1.04
 149730.892    35.908     1.02    1.06
 150101.975    36.333     1.14    1.08
 150473.096    37.035     1.89    1.29
 150844.255    37.670     1.71    1.44
 151215.452    38.244     1.55    1.45
