-256481.582    -0.043     0.00    0.00
-256110.165    -0.043     0.00    0.00
-255738.706    -0.043     0.00    0.00
-255367.206    -0.043     0.00    0.00
-254995.664    -0.043     0.00    0.00
-254624.081    -0.043     0.00    0.00
-254252.457    -0.043     0.00    0.00
-253880.792    -0.043     0.00    0.00
-253509.085    -0.043     0.00    0.00
-253137.337    -0.043     0.00    0.00
-252765.547    -0.043     0.00    0.00
-252393.717    -0.043     0.00    0.00
-252021.844    -0.043     0.00    0.00
-251649.931    -0.043     0.00    0.00
-251277.975    -0.043     0.00    0.00
-250905.979    -0.043     0.00    0.00
-250533.941    -0.043     0.00    0.00
-250161.861    -0.043     0.00    0.00
-249789.740    -0.043     0.00    0.00
-249417.577    -0.043     0.00    0.00
-249045.373    -0.043     0.00    0.00
-248673.128    -0.043     0.00    0.00
-248300.840    -0.043     0.00    0.00
-247928.511    -0.043     0.00    0.00
-247556.141    -0.043     0.00    0.00
-247183.729    -0.043     0.00    0.00
-246811.275    -0.043     0.00    0.00
-246438.780    -0.043     0.00    0.00
-246066.243    -0.043     0.00    0.00
-245693.664    -0.043     0.00    0.00
-245321.044    -0.043     0.00    0.00
-244948.382    -0.043     0.00    0.00
-244575.678    -0.043     0.00    0.00
-244202.933    -0.043     0.00    0.00
-243830.145    -0.043     0.00    0.00
-243457.316    -0.043     0.00    0.00
-243084.446    -0.043     0.00    0.00
-242711.533    -0.043     0.00    0.00
-242338.579    -0.043     0.00    0.00
-241965.582    -0.043     0.00    0.00
-241592.544    -0.043     0.00    0.00
-241219.464    -0.043     0.00    0.00
-240846.343    -0.043     0.00    0.00
-240473.179    -0.043     0.00    0.00
-240099.973    -0.043     0.00    0.00
-239726.726    -0.043     0.00    0.00
-239353.436    -0.043     0.00    0.00
-238980.105    -0.043     0.00    0.00
-238606.731    -0.043     0.00    0.00
-238233.316    -0.043     0.00    0.00
-237859.859    -0.043     0.00    0.00
-237486.359    -0.043     0.00    0.00
-237112.818    -0.043     0.00    0.00
-236739.234    -0.043     0.00    0.00
-236365.609    -0.043     0.00    0.00
-235991.941    -0.043     0.00    0.00
-235618.231    -0.043     0.00    0.00
-235244.480    -0.043     0.00    0.00
-234870.686    -0.043     0.00    0.00
-234496.850    -0.043     0.00    0.00
-234122.971    -0.043     0.00    0.00
-233749.051    -0.043     0.00    0.00
-233375.088    -0.043     0.00    0.00
-233001.083    -0.043     0.00    0.00
-232627.036    -0.043     0.00    0.00
-232252.947    -0.043     0.00    0.00
-231878.816    -0.043     0.00    0.00
-231504.642    -0.043     0.00    0.00
-231130.426    -0.043     0.00    0.00
-230756.167    -0.043     0.00    0.00
-230381.867    -0.043     0.00    0.00
-230007.524    -0.043     0.00    0.00
-229633.138    -0.043     0.00    0.00
-229258.710    -0.043     0.00    0.00
-228884.240    -0.043     0.00    0.00
-228509.728    -0.043     0.00    0.00
-228135.173    -0.043     0.00    0.00
-227760.576    -0.043     0.00    0.00
-227385.936    -0.043     0.00    0.00
-227011.253    -0.043     0.00    0.00
-226636.529    -0.043     0.00    0.00
-226261.762    -0.043     0.00    0.00
-225886.952    -0.043     0.00    0.00
-225512.100    -0.043     0.00    0.00
-225137.205    -0.043     0.00    0.00
-224762.267    -0.043     0.00    0.00
-224387.287    -0.043     0.00    0.00
-224012.265    -0.043     0.00    0.00
-223637.200    -0.043     0.00    0.00
-223262.092    -0.043     0.00    0.00
-222886.942    -0.043     0.00    0.00
-222511.749    -0.043     0.00    0.00
-222136.513    -0.043     0.00    0.00
-221761.235    -0.043     0.00    0.00
-221385.914    -0.043     0.00    0.00
-221010.550    -0.043     0.00    0.00
-220635.143    -0.043     0.00    0.00
-220259.694    -0.043     0.00    0.00
-219884.202    -0.043     0.00    0.00
-219508.667    -0.043     0.00    0.00
-219133.090    -0.043     0.00    0.00
-218757.469    -0.043     0.00    0.00
-218381.806    -0.043     0.00    0.00
-218006.100    -0.043     0.00    0.00
-217630.351    -0.043     0.00    0.00
-217254.559    -0.043     0.00    0.00
-216878.724    -0.043     0.00    0.00
-216502.847    -0.043     0.00    0.00
-216126.926    -0.043     0.00    0.00
-215750.963    -0.043     0.00    0.00
-215374.956    -0.043     0.00    0.00
-214998.907    -0.043     0.00    0.00
-214622.814    -0.043     0.00    0.00
-214246.679    -0.043     0.00    0.00
-213870.501    -0.043     0.00    0.00
-213494.279    -0.043     0.00    0.00
-213118.015    -0.043     0.00    0.00
-212741.707    -0.043     0.00    0.00
-212365.356    -0.043     0.00    0.00
-211988.962    -0.043     0.00    0.00
-211612.526    -0.043     0.00    0.00
-211236.045    -0.043     0.00    0.00
-210859.522    -0.043     0.00    0.00
-210482.956    -0.043     0.00    0.00
-210106.346    -0.043     0.00    0.00
-209729.693    -0.043     0.00    0.00
-209352.997    -0.043     0.00    0.00
-208976.258    -0.043     0.00    0.00
-208599.476    -0.043     0.00    0.00
-208222.650    -0.043     0.00    0.00
-207845.781    -0.043     0.00    0.00
-207468.869    -0.043     0.00    0.00
-207091.913    -0.043     0.00    0.00
-206714.914    -0.043     0.00    0.00
-206337.872    -0.043     0.00    0.00
-205960.786    -0.043     0.00    0.00
-205583.657    -0.043     0.00    0.00
-205206.484    -0.043     0.00    0.00
-204829.268    -0.043     0.00    0.00
-204452.009    -0.043     0.00    0.00
-204074.706    -0.043     0.00    0.00
-203697.360    -0.043     0.00    0.00
-203319.970    -0.043     0.00    0.00
-202942.537    -0.043     0.00    0.00
-202565.060    -0.043     0.00    0.00
-202187.540    -0.043     0.00    0.00
-201809.976    -0.043     0.00    0.00
-201432.369    -0.043     0.00    0.00
-201054.718    -0.043     0.00    0.00
-200677.023     1.578     4.29   12.34
-200299.285    29.812    74.73   62.10
-199921.503    77.771   126.92   90.68
-199543.678   125.815   127.13   90.83
-199165.808   166.091   106.57   65.40
-198787.896   171.407    14.07   53.00
-198409.939   162.070   -24.70   41.56
-198031.939   160.526    -4.08   21.26
-197653.895   168.370    20.74   26.96
-197275.807   172.561    11.08   27.38
-196897.676   157.545   -39.70   38.44
-196519.500   131.891   -67.82   42.05
-196141.281   115.974   -42.08   30.20
-195763.018   116.275     0.80   27.07
-195389.037   133.703    46.59   33.78
-195019.260   171.207   101.40   47.13
-194649.441   217.509   125.18   52.40
-194279.580   263.695   124.85   57.49
-193909.677   296.561    88.83   39.20
-193539.733   303.236    18.04   31.47
-193169.747   287.199   -43.34   40.59
-192799.719   261.554   -69.29   37.15
-192429.649   235.720   -69.80   34.05
-192059.537   213.991   -58.70   34.09
-191689.384   190.793   -62.66   33.38
-191319.188   170.707   -54.25   32.06
-190948.951   151.141   -52.84   29.37
-190578.672   138.691   -33.62   27.08
-190208.350   130.910   -21.01   23.47
-189837.987   123.686   -19.50   20.37
-189467.582   123.711     0.07   22.22
-189097.135   121.216    -6.74   26.15
-188726.647   130.490    25.03   31.10
-188356.116   147.975    47.18   32.02
-187985.543   165.022    45.99   29.53
-187614.928   173.404    22.61   27.16
-187244.271   172.416    -2.66   31.70
-186873.572   167.441   -13.42   36.46
-186502.830   158.474   -24.18   38.59
-186132.047   153.822   -12.54   33.79
-185761.222   156.076     6.08   26.34
-185390.354   162.351    16.92   22.89
-185019.445   166.974    12.46   23.72
-184648.493   177.291    27.81   22.43
-184277.499   182.059    12.85   16.72
-183906.463   177.086   -13.40   19.51
-183535.385   165.837   -30.31   24.75
-183164.264   145.174   -55.67   27.69
-182793.102   124.561   -55.53   25.20
-182421.897   106.613   -48.34   23.01
-182050.649    89.440   -46.25   19.83
-181679.360    70.757   -50.31   26.50
-181308.028    50.500   -54.54   27.48
-180936.654    36.307   -38.21   21.87
-180565.237    30.107   -16.69   11.82
-180193.778    39.381    24.96   19.47
-179822.277    61.038    58.29   28.62
-179450.734    86.691    69.03   34.38
-179079.148   117.923    84.04   39.21
-178707.519   148.720    82.85   38.86
-178335.849   174.711    69.92   29.59
-177964.135   185.768    29.74   18.67
-177592.380   178.567   -19.37   22.70
-177220.582   159.817   -50.42   27.82
-176848.741   133.215   -71.53   34.81
-176476.858   103.618   -79.57   32.94
-176104.932    78.607   -67.24   32.58
-175732.964    52.843   -69.25   25.32
-175360.953    37.941   -40.05   17.15
-174988.900    29.364   -23.05    6.78
-174616.804    29.891     1.41    4.58
-174244.666    34.037    11.14    4.82
-173872.485    38.381    11.67    5.98
-173500.261    46.236    21.10   10.90
-173127.994    58.642    33.32   16.16
-172755.685    75.711    45.84   23.24
-172383.334    94.647    50.85   24.39
-172010.939   118.072    62.89   29.43
-171638.502   140.774    60.94   33.42
-171266.022   142.103     3.57   39.19
-170893.500   128.991   -35.19   48.75
-170520.934   111.433   -47.12   45.72
-170148.326    99.037   -33.26   30.76
-169775.675    97.591    -3.88   18.38
-169402.982   114.307    44.85   21.87
-169030.245   137.026    60.94   25.14
-168657.466   165.466    76.28   33.60
-168284.643   194.578    78.07   36.83
-167911.778   228.875    91.97   48.46
-167538.870   271.907   115.37   54.00
-167165.919   314.780   114.94   58.35
-166792.925   364.924   134.41   48.63
-166419.889   396.635    84.99   45.94
-166046.809   414.089    46.78   41.63
-165673.686   403.407   -28.62   48.14
-165300.520   370.347   -88.58   59.58
-164927.312   338.686   -84.82   50.13
-164554.060   313.264   -68.10   38.19
-164180.765   291.440   -58.45   31.62
-163807.427   268.351   -61.84   39.68
-163434.046   244.991   -62.55   38.13
-163060.622   226.054   -50.70   40.70
-162687.155   200.407   -68.66   40.16
-162313.645   179.119   -56.99   37.47
-161940.092   158.974   -53.92   34.57
-161566.495   139.041   -53.35   31.29
-161192.856   119.057   -53.47   29.36
-160819.173    99.720   -51.74   24.39
-160445.447    80.957   -50.20   19.14
-160071.677    65.785   -40.59   13.18
-159697.865    54.646   -29.79   12.03
-159324.009    44.262   -27.77    9.52
-158950.110    36.844   -19.84    8.45
-158576.168    30.924   -15.83    5.94
-158202.182    30.264    -1.77    8.08
-157828.153    30.498     0.63    9.86
-157454.081    30.674     0.47    9.71
-157079.966    29.757    -2.45   10.20
-156705.807    26.837    -7.80   10.81
-156331.604    23.105    -9.97    9.39
-155957.358    20.147    -7.90    7.14
-155583.069    18.580    -4.19    4.13
-155208.737    20.891     6.17    6.58
-154834.361    28.151    19.39   12.87
-154459.941    43.121    39.98   21.44
-154085.478    56.089    34.62   20.39
-153710.972    67.783    31.22   15.35
-153336.422    75.686    21.10   11.36
-152961.828    79.810    11.01   10.49
-152587.191    82.835     8.07    7.87
-152212.510    88.252    14.46    8.09
-151837.786    95.178    18.48    9.47
-151463.018   104.844    25.79   13.47
-151088.207   118.892    37.47   16.06
-150713.352   132.699    36.83   19.37
-150338.453   153.597    55.73   30.26
-149963.511   179.774    69.81   46.68
-149588.525   211.735    85.22   57.26
-149213.495   251.113   104.98   68.97
-148838.421   293.395   112.71   85.37
-148463.304   337.682   118.04   91.10
-148088.143   367.764    80.17   82.92
-147712.938   395.347    73.50   71.85
-147337.690   413.548    48.50   58.63
-146962.397   447.957    91.67   58.18
-146587.061   475.728    73.98   52.72
-146211.681   484.774    24.10   46.13
-145836.258   457.141   -73.60   64.67
-145460.790   410.859  -123.25   71.64
-145085.278   365.526  -120.71   66.51
-144709.723   322.783  -113.80   55.71
-144334.123   295.229   -73.35   45.42
-143958.480   283.624   -30.89   47.44
-143582.793   276.941   -17.79   49.93
-143207.062   258.892   -48.03   46.28
-142831.286   247.151   -31.24   39.88
-142455.467   253.091    15.80   46.23
-142079.604   262.007    23.72   56.54
-141703.697   261.440    -1.51   59.39
-141327.745   244.861   -44.09   57.34
-140951.750   217.110   -73.80   47.93
-140575.710   189.257   -74.06   36.09
-140199.627   167.777   -57.11   31.40
-139823.499   153.400   -38.22   29.17
-139447.327   144.990   -22.35   21.34
-139071.111   145.236     0.65   26.68
-138694.851   147.522     6.07   26.75
-138318.547   160.923    35.61   30.85
-137942.198   179.264    48.73   36.83
-137565.805   197.777    49.18   45.26
-137189.368   222.070    64.53   48.67
-136812.887   238.859    44.59   40.98
-136436.361   236.091    -7.35   35.64
-136059.791   234.874    -3.23   31.35
-135683.177   244.199    24.76   36.64
-135306.519   259.646    41.01   35.24
-134929.816   270.785    29.57   34.66
-134553.069   289.054    48.49   41.29
-134176.277   306.269    45.68   42.07
-133799.441   318.006    31.14   36.67
-133422.561   315.891    -5.61   46.28
-133045.636   299.491   -43.50   58.58
-132668.667   269.021   -80.82   68.90
-132291.653   233.630   -93.86   70.61
-131914.595   191.598  -111.46   73.13
-131537.492   145.371  -122.57   53.54
-131160.345   110.973   -91.19   44.60
-130783.153    80.474   -80.85   31.11
-130405.917    62.548   -47.51   22.58
-130028.636    48.862   -36.27   13.70
-129651.311    41.774   -18.78    7.91
-129273.941    36.683   -13.49    4.37
-128896.526    34.147    -6.72    3.16
-128519.067    36.457     6.12    7.03
-128141.563    43.341    18.23   13.49
-127764.014    56.416    34.63   19.09
-127386.421    76.482    53.13   23.40
-127008.783    96.482    52.95   26.71
-126631.100   124.603    74.45   31.97
-126253.373   153.891    77.53   32.25
-125875.600   187.586    89.18   39.12
-125497.783   217.212    78.40   38.25
-125119.922   229.180    31.67   31.22
-124742.015   221.974   -19.07   34.02
-124364.064   202.844   -50.61   33.61
-123986.067   188.084   -39.04   27.76
-123608.026   186.724    -3.60   35.91
-123229.940   194.703    21.10   38.33
-122851.809   207.063    32.68   33.42
-122473.633   215.070    21.17   31.37
-122095.413   224.157    24.02   30.42
-121717.147   236.474    32.56   32.60
-121338.836   237.796     3.49   35.85
-120960.481   219.991   -47.05   53.21
-120585.254   196.683   -62.11   51.90
-120215.607   182.618   -38.04   39.83
-119845.918   191.974    25.30   46.49
-119476.186   216.630    66.68   45.91
-119106.411   238.161    58.22   33.91
-118736.593   254.457    44.06   28.24
-118366.733   257.474     8.15   29.34
-117996.829   272.568    40.80   36.25
-117626.883   310.174   101.64   53.89
-117256.894   345.941    96.66   58.55
-116886.861   368.608    61.25   49.53
-116516.786   365.744    -7.74   58.88
-116146.668   347.662   -48.85   66.25
-115776.507   320.538   -73.27   67.19
-115406.303   296.409   -65.17   65.64
-115036.056   295.646    -2.06   57.71
-114665.767   304.424    23.70   58.35
-114295.434   313.909    25.61   57.42
-113925.058   350.199    97.97   54.84
-113554.638   373.465    62.80   51.56
-113184.176   371.026    -6.58   52.28
-112813.671   381.138    27.29   56.87
-112443.123   392.782    31.42   69.03
-112072.531   399.715    18.71   71.11
-111701.897   414.449    39.75   62.75
-111331.219   413.021    -3.85   58.20
-110960.498   405.691   -19.77   52.15
-110589.734   406.557     2.34   54.61
-110218.926   393.703   -34.66   71.27
-109848.076   373.761   -53.77   90.08
-109477.182   329.344  -119.74  102.48
-109106.245   271.826  -155.05   90.25
-108735.264   220.925  -137.19   68.95
-108364.241   189.771   -83.96   47.74
-107993.174   183.812   -16.06   51.78
-107622.064   198.483    39.53   71.96
-107250.910   223.384    67.08   72.71
-106879.713   244.078    55.74   55.62
-106508.473   250.199    16.49   48.44
-106137.189   243.841   -17.12   48.21
-105765.862   220.624   -62.52   57.40
-105394.491   182.167  -103.54   54.89
-105023.077   149.564   -87.77   40.16
-104651.620   133.777   -42.50   22.55
-104280.119   138.449    12.58   29.47
-103908.574   157.545    51.39   40.87
-103536.987   174.744    46.28   40.09
-103165.355   174.640    -0.28   43.85
-102793.680   163.042   -31.20   48.97
-102421.962   135.941   -72.90   54.41
-102050.199    98.757  -100.01   49.89
-101678.394    66.683   -86.26   46.09
-101306.544    43.127   -63.34   33.65
-100934.651    30.006   -35.28   26.51
-100562.715    18.070   -32.09   18.83
-100190.735     9.973   -21.77   13.11
 -99818.711    14.843    13.09   27.25
 -99446.643    38.007    62.25   51.54
 -99074.532    67.613    79.56   61.56
 -98702.377    91.107    63.12   60.39
 -98330.178   101.513    27.95   53.32
 -97957.935    97.174   -11.65   49.23
 -97585.649    81.513   -42.06   42.89
 -97213.319    67.923   -36.50   28.75
 -96840.945    61.564   -17.08   16.15
 -96468.527    60.279    -3.45   12.35
 -96096.066    62.084     4.85   17.62
 -95723.560    59.105    -8.00   24.87
 -95351.011    50.767   -22.38   20.57
 -94978.418    43.466   -19.59   13.48
 -94605.781    37.828   -15.13   12.29
 -94233.100    31.699   -16.44   16.29
 -93860.375    24.619   -19.00   18.66
 -93487.606    17.148   -20.04   17.24
 -93114.793    11.534   -15.06   12.66
 -92741.936     8.072    -9.28   10.44
 -92369.035     7.130    -2.53   10.12
 -91996.090     5.692    -3.86    9.38
 -91623.101     6.507     2.19   10.50
 -91250.068     7.418     2.44   11.98
 -90876.991     8.086     1.79   11.59
 -90503.870     8.892     2.16   10.96
 -90130.704    12.269     9.05   11.93
 -89757.495    17.318    13.53   13.24
 -89384.241    29.688    33.14   18.07
 -89010.943    45.039    41.12   31.10
 -88637.601    67.699    60.69   40.46
 -88264.215    96.888    78.17   48.35
 -87890.785   137.490   108.72   59.24
 -87517.310   165.691    75.50   59.01
 -87143.791   196.703    83.02   56.30
 -86770.228   233.232    97.77   62.79
 -86396.621   279.957   125.06   80.49
 -86022.969   326.711   125.12   92.12
 -85649.273   367.541   109.25   93.76
 -85275.533   395.545    74.92   77.80
 -84901.748   396.754     3.24   74.22
 -84527.919   363.291   -89.51   77.20
 -84154.045   313.785  -132.40   72.97
 -83780.127   262.269  -137.76   64.11
 -83406.165   222.347  -106.74   48.78
 -83032.158   197.641   -66.05   39.24
 -82658.107   183.074   -38.94   39.07
 -82284.011   169.592   -36.04   39.70
 -81909.871   144.021   -68.34   41.39
 -81535.687   115.815   -75.37   39.93
 -81161.457    85.084   -82.11   33.97
 -80787.184    60.232   -66.40   36.28
 -80412.865    31.135   -77.73   29.98
 -80038.502    20.941   -27.23   23.96
 -79664.095    23.296     6.29   20.34
 -79289.643    37.241    37.24   19.69
 -78915.146    50.561    35.56   12.27
 -78540.605    59.135    22.89    5.84
 -78166.019    64.434    14.14    6.31
 -77791.388    70.777    16.93    7.06
 -77416.712    76.724    15.87    8.35
 -77041.992    85.597    23.68   14.81
 -76667.227    97.406    31.51   21.72
 -76292.418   109.138    31.30   25.82
 -75917.563   116.561    19.80   31.10
 -75542.664   125.051    22.65   37.20
 -75167.720   124.330    -1.92   38.07
 -74792.731   124.576     0.66   36.61
 -74417.698   125.957     3.68   30.12
 -74042.619   127.039     2.88   24.73
 -73667.496   132.481    14.51   23.29
 -73292.327   135.232     7.33   27.86
 -72917.114   135.735     1.34   37.52
 -72541.856   131.757   -10.60   51.40
 -72166.553   127.764   -10.64   56.16
 -71791.205   122.500   -14.02   56.11
 -71415.812   115.846   -17.72   48.00
 -71040.374   118.608     7.36   43.65
 -70664.891   124.068    14.54   44.76
 -70289.363   136.780    33.85   51.96
 -69913.790   153.824    45.38   55.40
 -69538.172   175.909    58.79   59.14
 -69162.508   203.526    73.51   67.88
 -68786.800   227.318    63.32   74.88
 -68411.046   245.371    48.04   81.72
 -68035.248   238.386   -18.59   80.86
 -67659.404   233.236   -13.70   69.66
 -67283.515   239.338    16.23   56.42
 -66907.581   253.635    38.03   53.31
 -66531.602   270.846    45.77   51.09
 -66155.577   294.683    63.39   46.44
 -65779.507   323.391    76.33   49.10
 -65403.392   357.862    91.65   70.01
 -65027.232   394.491    97.37   79.91
 -64651.026   430.828    96.58   81.61
 -64274.775   483.796   140.77   92.98
 -63898.479   536.386   139.75   98.33
 -63522.137   585.515   130.53   99.04
 -63145.750   611.199    68.24   84.09
 -62769.318   605.164   -16.03   94.31
 -62392.840   574.110   -82.48  112.53
 -62016.317   522.754  -136.39  110.23
 -61639.748   468.802  -143.26   93.13
 -61263.134   430.656  -101.28   86.96
 -60886.474   383.507  -125.17   74.23
 -60509.769   338.828  -118.60   61.26
 -60133.019   296.592  -112.10   61.59
 -59756.222   257.215  -104.50   49.54
 -59379.381   228.926   -75.07   33.11
 -59002.493   220.824   -21.49   37.68
 -58625.561   212.021   -23.35   42.49
 -58248.582   191.252   -55.09   40.21
 -57871.558   165.275   -68.90   30.58
 -57494.488   143.442   -57.90   25.30
 -57117.373   129.338   -37.40   18.06
 -56740.212   131.656     6.14   26.22
 -56363.005   146.224    38.62   36.36
 -55985.753   171.942    68.17   36.79
 -55608.455   181.630    25.68   36.06
 -55231.111   175.269   -16.86   44.48
 -54853.721   177.720     6.49   48.75
 -54476.286   189.425    31.01   55.44
 -54098.804   220.068    81.17   74.02
 -53721.277   257.334    98.71   72.65
 -53343.704   286.068    76.10   50.29
 -52966.086   297.377    29.94   41.18
 -52588.421   299.973     6.87   49.01
 -52210.710   307.093    18.85   48.83
 -51832.954   323.038    42.21   45.67
 -51455.152   342.135    50.54   49.43
 -51077.303   363.608    56.83   46.27
 -50699.409   361.506    -5.56   52.83
 -50321.469   350.695   -28.60   63.86
 -49943.482   347.926    -7.33   66.10
 -49565.450   358.457    27.86   61.31
 -49187.372   363.416    13.12   48.90
 -48809.247   365.074     4.38   42.25
 -48431.077   345.425   -51.96   50.51
 -48052.861   318.925   -70.06   56.55
 -47674.598   301.538   -45.96   55.65
 -47296.289   289.783   -31.07   54.58
 -46917.934   302.748    34.26   56.40
 -46539.533   321.650    49.95   42.49
 -46161.086   324.544     7.65   36.55
 -45784.472   305.796   -49.78   47.52
 -45414.959   282.384   -63.36   47.14
 -45045.403   253.861   -77.18   39.85
 -44675.802   237.393   -44.55   36.03
 -44306.158   225.570   -31.98   41.76
 -43936.470   199.264   -71.16   46.29
 -43566.737   174.522   -66.92   35.31
 -43196.961   161.910   -34.11   27.76
 -42827.141   163.135     3.31   35.29
 -42457.277   179.894    45.31   49.53
 -42087.369   199.135    52.01   56.85
 -41717.417   204.474    14.43   52.74
 -41347.421   209.170    12.69   53.13
 -40977.380   200.812   -22.59   46.44
 -40607.296   180.157   -55.81   39.89
 -40237.168   159.719   -55.22   38.63
 -39866.995   147.440   -33.17   33.30
 -39496.779   138.490   -24.18   28.63
 -39126.518   129.393   -24.57   27.75
 -38756.213   123.322   -16.39   27.42
 -38385.864   114.070   -24.98   30.03
 -38015.471   104.489   -25.87   27.66
 -37645.033    90.176   -38.64   22.40
 -37274.552    77.910   -33.11   17.12
 -36904.026    67.187   -28.94   12.07
 -36533.456    58.619   -23.12   10.12
 -36162.841    48.187   -28.15   12.68
 -35792.183    37.121   -29.85   14.92
 -35421.480    26.910   -27.55   12.38
 -35050.732    19.330   -20.44    7.09
 -34679.941    19.911     1.57    9.27
 -34309.105    32.091    32.84   23.76
 -33938.224    52.187    54.18   33.86
 -33567.299    75.618    63.17   32.74
 -33196.330    87.832    32.92   27.46
 -32825.317    95.264    20.03   25.65
 -32454.259   105.796    28.38   29.76
 -32083.156   134.183    76.49   36.81
 -31712.009   164.894    82.74   45.08
 -31340.818   200.561    96.08   54.84
 -30969.582   230.021    79.35   55.34
 -30598.301   254.513    65.96   55.01
 -30226.976   273.875    52.14   51.06
 -29855.606   289.651    42.48   47.09
 -29484.192   299.024    25.24   42.83
 -29112.733   293.672   -14.41   47.24
 -28741.230   276.302   -46.75   54.96
 -28369.682   242.419   -91.19   54.80
 -27998.089   208.785   -90.51   43.75
 -27626.452   180.199   -76.92   36.37
 -27254.770   154.107   -70.20   26.45
 -26883.043   136.103   -48.43   18.10
 -26511.271   123.761   -33.20   15.23
 -26139.455   116.084   -20.64   12.30
 -25767.594   109.844   -16.78   11.80
 -25395.688   103.409   -17.30   12.45
 -25023.738    93.672   -26.18   12.60
 -24651.742    86.215   -20.04    9.77
 -24279.702    80.576   -15.16    8.48
 -23907.617    79.679    -2.41   11.92
 -23535.487    78.548    -3.04   16.04
 -23163.312    72.078   -17.38   15.51
 -22791.093    66.580   -14.77   13.79
 -22418.828    62.285   -11.54   11.96
 -22046.518    56.379   -15.86   11.08
 -21674.164    52.774    -9.68    9.76
 -21301.764    53.148     1.00   12.05
 -20929.320    59.151    16.12   17.21
 -20556.831    68.296    24.55   21.32
 -20184.296    79.973    31.34   20.30
 -19811.717    88.312    22.38   16.37
 -19439.092    80.239   -21.67   23.21
 -19066.422    63.828   -44.03   26.29
 -18693.708    47.239   -44.51   19.92
 -18320.948    36.669   -28.35    5.78
 -17948.143    41.070    11.80    8.59
 -17575.293    48.941    21.11   11.46
 -17202.397    61.848    34.61   16.30
 -16829.457    77.296    41.42   17.70
 -16456.471    92.386    40.46   21.19
 -16083.440   110.022    47.28   24.68
 -15710.364   127.275    46.24   32.27
 -15337.243   148.307    56.37   38.69
 -14964.076   166.506    48.77   43.80
 -14590.864   170.707    11.26   48.87
 -14217.607   158.732   -32.08   55.99
 -13844.305   127.619   -83.34   57.19
 -13470.957    91.802   -95.93   39.44
 -13097.563    65.119   -71.46   32.67
 -12724.125    43.167   -58.78   24.42
 -12350.641    29.692   -36.08   17.43
 -11977.111    19.425   -27.49   12.73
 -11603.537    13.957   -14.64   10.59
 -11229.916    11.053    -7.77    8.31
 -10856.250    10.893    -0.43    6.25
 -10482.539    13.640     7.35    6.33
 -10108.782    18.844    13.92    6.70
  -9734.980    26.645    20.87    9.69
  -9361.132    34.991    22.32   11.63
  -8987.239    46.457    30.67   16.70
  -8613.300    51.524    13.55   14.92
  -8239.315    45.973   -14.84   22.29
  -7865.285    35.990   -26.69   27.40
  -7491.210    20.767   -40.69   22.17
  -7117.088     9.810   -29.29   15.00
  -6742.921     5.180   -12.37   10.54
  -6368.708     1.370   -10.18    4.19
  -5994.450     0.433    -2.50    0.67
  -5620.146     0.393    -0.11    0.69
  -5245.796     0.381    -0.03    0.62
  -4871.400     0.382     0.00    0.68
  -4496.959     0.357    -0.06    0.67
  -4122.471     0.425     0.18    0.65
  -3747.938     0.603     0.47    0.73
  -3373.359     0.754     0.41    0.78
  -2998.735     0.846     0.25    0.76
  -2624.064     0.957     0.30    0.83
  -2249.347     0.957     0.00    0.86
  -1874.585     0.757    -0.53    0.80
  -1499.777     0.488    -0.72    0.75
  -1124.923     0.250    -0.63    0.62
   -750.022     0.039    -0.56    0.33
   -375.076    -0.026    -0.17    0.39
     -0.084     0.067     0.25    0.51
    374.954     0.084     0.05    0.49
    750.038     0.068    -0.04    0.48
   1125.169     0.211     0.38    0.57
   1500.345     0.187    -0.07    0.53
   1875.567     0.223     0.10    0.54
   2250.836     0.207    -0.04    0.54
   2626.150     0.220     0.03    0.60
   3001.511     0.302     0.22    0.69
   3376.918     0.473     0.45    0.83
   3752.371     0.674     0.54    0.98
   4127.870     0.656    -0.05    0.94
   4503.416     0.828     0.46    1.03
   4879.008     0.830     0.01    0.96
   5254.646     0.735    -0.25    0.89
   5630.330     0.732    -0.01    0.86
   6006.060     0.748     0.04    0.77
   6381.837     0.724    -0.06    0.79
   6757.660     0.624    -0.27    0.75
   7133.530     0.591    -0.09    0.74
   7509.446     0.640     0.13    0.82
   7885.408     0.688     0.13    0.92
   8261.416     0.844     0.42    0.98
   8637.471     0.879     0.09    0.95
   9013.573     1.068     0.50    1.00
   9389.721     2.328     3.35    4.67
   9765.915     9.091    17.98   14.44
  10142.156    34.442    67.38   41.13
  10518.444    75.057   107.94   59.96
  10894.777   115.243   106.78   61.54
  11271.158   145.170    79.51   52.90
  11647.585   170.344    66.88   53.36
  12024.059   195.322    66.35   52.89
  12400.579   212.846    46.54   47.03
  12777.146   221.661    23.41   44.40
  13153.759   211.991   -25.68   55.64
  13530.419   180.973   -82.35   56.48
  13907.126   142.449  -102.27   53.13
  14283.880   107.844   -91.85   41.13
  14660.680    80.053   -73.76   30.74
  15037.527    57.357   -60.22   22.30
  15414.420    37.878   -51.68   21.87
  15791.361    24.828   -34.62   21.06
  16168.348    11.364   -35.72   14.21
  16545.382     3.791   -20.09    8.09
  16922.463     1.207    -6.85    4.52
  17299.591     0.515    -1.84    1.22
  17676.765     0.688     0.46    1.00
  18053.987     0.723     0.09    1.02
  18431.255     0.754     0.08    0.86
  18808.571     0.848     0.25    0.93
  19185.933     0.974     0.33    1.02
  19563.342     0.786    -0.50    1.00
  19940.798     0.674    -0.30    1.03
  20318.301     0.554    -0.32    0.93
  20695.852     0.252    -0.80    0.64
  21073.449     0.265     0.03    0.68
  21451.093     0.192    -0.19    0.61
  21828.784     0.129    -0.17    0.55
  22206.523     0.021    -0.29    0.40
  22584.308    -0.043    -0.17    0.00
  22962.141    -0.043     0.00    0.00
  23340.021     0.857     2.38    3.42
  23717.948     3.264     6.37    7.05
  24095.922     8.259    13.22   11.11
  24473.943    11.942     9.74   11.15
  24852.012    15.474     9.34    8.68
  25230.128    20.227    12.57    9.69
  25608.291    26.973    17.84   11.74
  25986.501    33.805    18.06   12.49
  26364.759    39.760    15.75   10.57
  26743.064    46.732    18.43   10.67
  27121.416    57.411    28.23   15.60
  27499.816    75.038    46.59   23.58
  27878.263    89.551    38.35   25.00
  28256.758   102.529    34.29   24.77
  28635.299   106.580    10.70   24.39
  29013.450   103.531    -8.06   27.06
  29382.825    91.398   -32.85   28.74
  29752.244    73.988   -47.13   28.75
  30121.708    57.707   -44.07   24.01
  30491.217    44.377   -36.08   14.88
  30860.772    36.433   -21.50    7.84
  31230.371    34.442    -5.39    7.63
  31600.015    34.941     1.35    9.77
  31969.705    35.927     2.67   12.29
  32339.439    35.545    -1.03   14.83
  32709.219    33.317    -6.03   16.26
  33079.043    28.723   -12.42   15.38
  33448.913    23.161   -15.04   13.53
  33818.828    16.576   -17.80   12.31
  34188.789    10.474   -16.50   11.48
  34558.794     4.846   -15.21    8.76
  34928.845     1.280    -9.64    4.24
  35298.941    -0.043    -3.57    0.00
  35669.082    -0.043     0.00    0.00
  36039.268    -0.043     0.00    0.00
  36409.500    -0.043     0.00    0.00
  36779.777    -0.043     0.00    0.00
  37150.099    -0.043     0.00    0.00
  37520.467    -0.043     0.00    0.00
  37890.880    -0.043     0.00    0.00
  38261.338    -0.043     0.00    0.00
  38631.842    -0.043     0.00    0.00
  39002.391    -0.043     0.00    0.00
  39372.985    -0.043     0.00    0.00
  39743.625    -0.043     0.00    0.00
  40114.311    -0.043     0.00    0.00
  40485.042    -0.043     0.00    0.00
  40855.818    -0.043     0.00    0.00
  41226.640    -0.043     0.00    0.00
  41597.508    -0.043     0.00    0.00
  41968.421     0.006     0.13    0.22
  42339.380     0.656     1.75    1.23
  42710.384     1.807     3.10    1.95
  43081.434     3.704     5.11    2.60
  43452.530     6.491     7.51    3.49
  43823.671    10.103     9.73    5.23
  44194.858    14.324    11.37    6.54
  44566.090    18.676    11.72    6.69
  44937.368    22.119     9.27    6.42
  45308.692    24.265     5.78    6.17
  45680.062    25.402     3.06    5.80
  46051.477    26.489     2.93    5.41
  46422.939    27.275     2.12    5.10
  46794.446    28.634     3.66    5.17
  47165.998    30.989     6.34    4.73
  47537.597    33.409     6.51    5.10
  47909.241    37.129    10.01    6.46
  48280.932    41.215    10.99    7.04
  48652.668    44.801     9.65    6.41
  49024.450    47.974     8.53    6.21
  49396.278    50.395     6.51    9.58
  49768.152    53.374     8.01   12.03
  50140.072    54.760     3.73   12.00
  50512.038    55.433     1.81   10.18
  50884.050    56.529     2.95    7.39
  51256.108    60.119     9.65    8.35
  51628.212    67.070    18.68   12.35
  52000.362    79.551    33.54   18.55
  52372.558    91.377    31.77   21.01
  52744.800   104.989    36.57   20.06
  53117.088   115.402    27.97   18.31
  53489.423   122.927    20.21   17.40
  53861.803   132.384    25.40   20.39
  54234.230   141.764    25.19   23.69
  54606.703   147.174    14.53   25.65
  54979.222   144.619    -6.86   24.92
  55351.787   136.457   -21.91   27.04
  55724.399   115.608   -55.96   31.25
  56097.056    96.624   -50.95   21.09
  56469.760    89.021   -20.40   12.60
  56842.511    89.411     1.05    9.96
  57215.307    96.676    19.49   13.62
  57588.150   104.239    20.28   14.99
  57961.040   109.393    13.82   16.54
  58333.975   109.989     1.60   13.67
  58706.957   111.732     4.67   10.36
  59079.986   115.183     9.25    9.14
  59453.061   122.274    19.01   10.52
  59826.182   132.836    28.31   13.40
  60199.350   144.224    30.52   13.37
  60572.564   156.176    32.03   16.11
  60945.825   168.815    33.86   18.04
  61319.132   181.504    33.99   21.36
  61692.486   194.848    35.74   26.09
  62065.886   203.176    22.30   28.28
  62439.333   212.379    24.65   26.96
  62812.826   221.989    25.73   24.99
  63186.366   232.757    28.83   27.05
  63559.953   245.328    33.65   32.19
  63933.587   256.806    30.72   34.76
  64307.267   262.241    14.55   35.47
  64680.993   259.635    -6.97   30.45
  65054.767   249.619   -26.80   26.04
  65428.587   236.629   -34.75   23.17
  65802.454   218.815   -47.65   22.86
  66176.367   207.614   -29.96   21.50
  66550.328   197.592   -26.80   14.47
  66924.335   198.411     2.19   13.45
  67298.389   204.645    16.67   15.47
  67672.490   214.624    26.68   18.29
  68046.637   226.735    32.37   20.75
  68420.832   239.707    34.67   26.77
  68795.073   251.016    30.22   28.77
  69169.361   258.891    21.04   26.70
  69543.697   267.715    23.58   27.93
  69918.079   281.894    37.87   28.31
  70292.508   297.786    42.45   28.46
  70666.984   315.707    47.86   30.19
  71041.507   336.317    55.03   34.82
  71416.078   362.426    69.71   41.78
  71790.695   389.215    71.52   44.02
  72165.359   426.098    98.45   51.16
  72540.070   463.991   101.13   50.36
  72914.829   491.176    72.55   39.65
  73289.634   506.857    41.84   28.54
  73664.487   499.442   -19.78   38.20
  74039.387   488.377   -29.52   45.08
  74414.334   494.161    15.43   62.20
  74789.328   528.474    91.51   79.59
  75164.370   558.909    81.16   61.60
  75539.458   570.286    30.33   56.69
  75914.594   571.570     3.43   69.30
  76289.777   561.692   -26.33   78.86
  76665.008   561.307    -1.02   86.34
  77040.286   581.119    52.79   72.94
  77415.611   579.291    -4.87   66.15
  77790.983   585.397    16.27   55.33
  78166.403   580.386   -13.35   60.23
  78541.870   545.692   -92.41   84.65
  78917.385   475.473  -187.01   97.78
  79292.947   413.419  -165.24   93.29
  79668.556   347.770  -174.79   69.73
  80044.213   299.780  -127.76   57.41
  80419.918   264.402   -94.17   47.40
  80795.669   231.974   -86.31   37.05
  81171.469   202.928   -77.30   30.38
  81547.316   183.070   -52.84   21.81
  81923.210   178.411   -12.40   16.41
  82299.152   178.322    -0.23   15.16
  82675.142   178.051    -0.72   15.26
  83051.180   173.388   -12.40   15.53
  83427.264   166.520   -18.26   14.71
  83803.397   161.989   -12.05   13.09
  84179.577   158.891    -8.24   15.45
  84555.805   151.033   -20.89   18.29
  84932.081   140.515   -27.96   16.90
  85308.404   132.270   -21.91   11.01
  85684.776   127.005   -13.99    4.66
  86061.195   125.489    -4.03    2.67
  86437.661   126.496     2.68    3.10
  86814.176   128.084     4.22    3.60
  87190.738   130.786     7.17    4.70
  87567.348   133.957     8.42    4.16
  87944.006   136.489     6.72    3.44
  88320.712   138.007     4.03    2.66
  88697.466   137.382    -1.66    4.29
  89074.268   134.767    -6.94    6.17
  89451.118   132.301    -6.54    6.53
  89828.016   129.754    -6.76    5.34
  90204.961   128.957    -2.11    3.63
  90581.955   130.450     3.96    3.66
  90958.997   133.474     8.02    4.32
  91336.087   137.630    11.02    4.80
  91713.224   141.220     9.52    5.05
  92090.410   145.472    11.28    5.34
  92467.644   150.348    12.93    5.12
  92844.927   154.645    11.39    5.70
  93222.257   160.005    14.21    5.81
  93599.635   164.804    12.72    6.48
  93977.062   171.032    16.50    6.92
  94354.537   177.367    16.78    6.77
  94732.060   183.220    15.50    7.08
  95109.631   189.515    16.67    6.94
  95487.251   195.819    16.70    6.91
  95864.919   202.148    16.76    7.30
  96242.635   208.286    16.25    7.73
  96620.400   216.020    20.48    8.25
  96998.212   222.259    16.52    8.43
  97376.074   230.033    20.58    8.50
  97753.983   236.874    18.10    8.13
  98131.941   242.989    16.18    9.22
  98509.948   248.597    14.84    9.05
  98888.002   254.019    14.34    9.74
  99266.106   259.388    14.20   12.99
  99644.258   265.157    15.26   18.28
 100022.458   272.819    20.26   23.28
 100400.707   283.877    29.24   30.99
 100779.004   303.301    51.35   45.59
 101157.350   327.574    64.16   68.76
 101535.744   361.301    89.14   87.33
 101914.188   370.129    23.33   88.87
 102292.679   361.817   -21.96   83.33
 102671.220   344.676   -45.29   83.80
 103049.809   306.608  -100.56   68.36
 103428.446   273.834   -86.57   54.78
 103807.133   252.407   -56.59   38.74
 104177.521   243.441   -24.21   21.72
 104546.801   245.038     4.32   20.50
 104916.126   257.310    33.23   28.78
 105285.498   273.187    42.99   32.68
 105654.915   294.135    56.71   37.21
 106024.379   319.203    67.86   43.76
 106393.889   344.067    67.29   49.54
 106763.445   366.038    59.46   43.53
 107133.048   380.911    40.25   46.22
 107502.697   395.989    40.79   57.73
 107872.392   404.692    23.54   58.59
 108242.133   433.742    78.58   64.68
 108611.921   482.645   132.26   93.97
 108981.755   569.988   236.19  122.99
 109351.635   657.370   236.27  127.17
 109721.562   725.020   182.89   89.36
 110091.535   754.480    79.64   57.32
 110461.554   759.427    13.37   47.94
 110831.620   739.021   -55.15   50.08
 111201.732   723.180   -42.81   46.11
 111571.891   695.328   -75.25   58.55
 111942.096   649.866  -122.81   90.38
 112312.348   589.174  -163.94  110.49
 112682.646   532.033  -154.33  108.98
 113052.991   468.121  -172.59   94.45
 113423.382   444.973   -62.50   87.89
 113793.820   449.151    11.28  106.72
 114164.304   483.501    92.73  130.71
 114534.835   528.864   122.44  115.19
 114905.413   525.129   -10.08   95.67
 115276.037   499.504   -69.15   94.18
 115646.708   452.588  -126.58   83.59
 116017.425   396.573  -151.12   81.23
 116388.190   345.742  -137.11  101.48
 116759.001   275.692  -188.93  123.37
 117129.858   204.894  -190.92  128.09
 117500.763   110.897  -253.46  116.34
 117871.714    38.715  -194.61   69.74
 118242.712     5.614   -89.23   19.14
 118613.757    -0.043   -15.25    0.00
 118984.849    -0.043     0.00    0.00
 119355.987    -0.043     0.00    0.00
 119727.173    -0.043     0.00    0.00
 120098.405    -0.043     0.00    0.00
 120469.684    -0.043     0.00    0.00
 120841.010    -0.043     0.00    0.00
 121212.384    -0.043     0.00    0.00
 121583.804    -0.043     0.00    0.00
 121955.271    -0.043     0.00    0.00
 122326.785    -0.043     0.00    0.00
 122698.346    -0.043     0.00    0.00
 123069.954    -0.043     0.00    0.00
 123441.609    -0.043     0.00    0.00
 123813.311    -0.043     0.00    0.00
 124185.060    -0.043     0.00    0.00
 124556.857    -0.043     0.00    0.00
 124928.700    -0.043     0.00    0.00
 125300.591    -0.043     0.00    0.00
 125672.529    -0.043     0.00    0.00
 126044.514    -0.043     0.00    0.00
 126416.546    -0.043     0.00    0.00
 126788.626    -0.043     0.00    0.00
 127160.752    -0.043     0.00    0.00
 127532.926    -0.043     0.00    0.00
 127905.148    -0.043     0.00    0.00
 128277.416    -0.043     0.00    0.00
 128649.732    -0.043     0.00    0.00
 129022.096    -0.043     0.00    0.00
 129394.506    -0.043     0.00    0.00
 129766.964    -0.043     0.00    0.00
 130139.470    -0.043     0.00    0.00
 130512.023    -0.043     0.00    0.00
 130884.623    -0.043     0.00    0.00
 131257.271    -0.043     0.00    0.00
 131629.966    -0.043     0.00    0.00
 132002.709    -0.043     0.00    0.00
 132375.499    -0.043     0.00    0.00
 132748.337    -0.043     0.00    0.00
 133121.222    -0.043     0.00    0.00
 133494.155    -0.043     0.00    0.00
 133867.136    -0.043     0.00    0.00
 134240.164    -0.043     0.00    0.00
 134613.240    -0.043     0.00    0.00
 134986.363    -0.043     0.00    0.00
 135359.534    -0.043     0.00    0.00
 135732.753    -0.043     0.00    0.00
 136106.019    -0.043     0.00    0.00
 136479.334    -0.043     0.00    0.00
 136852.696    -0.043     0.00    0.00
 137226.106    -0.043     0.00    0.00
 137599.563    -0.043     0.00    0.00
 137973.069    -0.043     0.00    0.00
 138346.622    -0.043     0.00    0.00
 138720.223    -0.043     0.00    0.00
 139093.872    -0.043     0.00    0.00
 139467.569    -0.043     0.00    0.00
 139841.313    -0.043     0.00    0.00
 140215.106    -0.043     0.00    0.00
 140588.947    -0.043     0.00    0.00
 140962.835    -0.043     0.00    0.00
 141336.772    -0.043     0.00    0.00
 141710.756    -0.043     0.00    0.00
 142084.789    -0.043     0.00    0.00
 142458.870    -0.043     0.00    0.00
 142832.999    -0.043     0.00    0.00
 143207.175    -0.043     0.00    0.00
 143581.400    -0.043     0.00    0.00
 143955.673    -0.043     0.00    0.00
 144329.995    -0.043     0.00    0.00
 144704.364    -0.043     0.00    0.00
 145078.782    -0.043     0.00    0.00
 145453.247    -0.043     0.00    0.00
 145827.761    -0.043     0.00    0.00
 146202.324    -0.043     0.00    0.00
 146576.934    -0.043     0.00    0.00
 146951.593    -0.043     0.00    0.00
 147326.300    -0.043     0.00    0.00
 147701.055    -0.043     0.00    0.00
 148075.859    -0.043     0.00    0.00
 148450.711    -0.043     0.00    0.00
 148825.612    -0.043     0.00    0.00
 149200.561    -0.043     0.00    0.00
 149575.558    -0.043     0.00    0.00
 149950.604    -0.043     0.00    0.00
 150325.698    -0.043     0.00    0.00
 150700.841    -0.043     0.00    0.00
 151076.032    -0.043     0.00    0.00
 151451.272    -0.043     0.00    0.00
 151826.560    -0.043     0.00    0.00
 152201.897    -0.043     0.00    0.00
 152577.283    -0.043     0.00    0.00
 152952.717    -0.043     0.00    0.00
 153328.200    -0.043     0.00    0.00
 153703.731    -0.043     0.00    0.00
 154079.311    -0.043     0.00    0.00
 154454.940    -0.043     0.00    0.00
 154830.617    -0.043     0.00    0.00
 155206.343    -0.043     0.00    0.00
 155582.118    -0.043     0.00    0.00
 155957.942    -0.043     0.00    0.00
 156333.814    -0.043     0.00    0.00
 156709.736    -0.043     0.00    0.00
 157085.706    -0.043     0.00    0.00
 157461.725    -0.043     0.00    0.00
 157837.792    -0.043     0.00    0.00
 158213.909    -0.043     0.00    0.00
 158590.075    -0.043     0.00    0.00
 158966.289    -0.043     0.00    0.00
 159342.553    -0.043     0.00    0.00
 159718.865    -0.043     0.00    0.00
 160095.227    -0.043     0.00    0.00
 160471.637    -0.043     0.00    0.00
 160848.097    -0.043     0.00    0.00
 161224.605    -0.043     0.00    0.00
 161601.163    -0.043     0.00    0.00
 161977.770    -0.043     0.00    0.00
 162354.425    -0.043     0.00    0.00
 162731.130    -0.043     0.00    0.00
 163107.884    -0.043     0.00    0.00
 163484.688    -0.043     0.00    0.00
 163861.540    -0.043     0.00    0.00
 164238.442    -0.043     0.00    0.00
 164615.393    -0.043     0.00    0.00
 164992.393    -0.043     0.00    0.00
 165369.442    -0.043     0.00    0.00
 165746.541    -0.043     0.00    0.00
 166123.689    -0.043     0.00    0.00
 166500.887    -0.043     0.00    0.00
 166878.134    -0.043     0.00    0.00
 167255.430    -0.043     0.00    0.00
 167632.775    -0.043     0.00    0.00
 168010.170    -0.043     0.00    0.00
 168387.615    -0.043     0.00    0.00
 168765.109    -0.043     0.00    0.00
 169142.652    -0.043     0.00    0.00
 169520.245    -0.043     0.00    0.00
 169897.887    -0.043     0.00    0.00
 170275.579    -0.043     0.00    0.00
 170653.321    -0.043     0.00    0.00
 171031.112    -0.043     0.00    0.00
 171408.952    -0.043     0.00    0.00
 171786.843    -0.043     0.00    0.00
 172164.783    -0.043     0.00    0.00
 172542.772    -0.043     0.00    0.00
 172920.812    -0.043     0.00    0.00
 173298.901    -0.043     0.00    0.00
 173677.040    -0.043     0.00    0.00
 174055.228    -0.043     0.00    0.00
 174433.466    -0.043     0.00    0.00
 174811.755    -0.043     0.00    0.00
 175190.093    -0.043     0.00    0.00
 175568.480    -0.043     0.00    0.00
 175946.918    -0.043     0.00    0.00
 176325.405    -0.043     0.00    0.00
 176703.943    -0.043     0.00    0.00
 177082.530    -0.043     0.00    0.00
 177461.167    -0.043     0.00    0.00
 177839.855    -0.043     0.00    0.00
 178218.592    -0.043     0.00    0.00
 178597.379    -0.043     0.00    0.00
 178969.378    -0.043     0.00    0.00
 179338.512    -0.043     0.00    0.00
 179707.693    -0.043     0.00    0.00
 180076.921    -0.043     0.00    0.00
 180446.197    -0.043     0.00    0.00
 180815.521    -0.043     0.00    0.00
 181184.891    -0.043     0.00    0.00
 181554.309    -0.043     0.00    0.00
 181923.775    -0.043     0.00    0.00
 182293.287    -0.043     0.00    0.00
 182662.848    -0.043     0.00    0.00
 183032.455    -0.043     0.00    0.00
 183402.110    -0.043     0.00    0.00
 183771.813    -0.043     0.00    0.00
 184141.563    -0.043     0.00    0.00
 184511.361    -0.043     0.00    0.00
 184881.206    -0.043     0.00    0.00
 185251.099    -0.043     0.00    0.00
 185621.039    -0.043     0.00    0.00
 185991.027    -0.043     0.00    0.00
 186361.063    -0.043     0.00    0.00
 186731.146    -0.043     0.00    0.00
 187101.277    -0.043     0.00    0.00
 187471.456    -0.043     0.00    0.00
 187841.682    -0.043     0.00    0.00
 188211.956    -0.043     0.00    0.00
 188582.278    -0.043     0.00    0.00
 188952.648    -0.043     0.00    0.00
 189323.065    -0.043     0.00    0.00
 189693.530    -0.043     0.00    0.00
 190064.043    -0.043     0.00    0.00
 190434.604    -0.043     0.00    0.00
 190805.213    -0.043     0.00    0.00
 191175.869    -0.043     0.00    0.00
 191546.574    -0.043     0.00    0.00
 191917.326    -0.043     0.00    0.00
 192288.126    -0.043     0.00    0.00
 192658.975    -0.043     0.00    0.00
 193029.871    -0.043     0.00    0.00
 193400.815    -0.043     0.00    0.00
 193771.808    -0.043     0.00    0.00
 194142.848    -0.043     0.00    0.00
 194513.936    -0.043     0.00    0.00
 194885.073    -0.043     0.00    0.00
 195256.257    -0.043     0.00    0.00
 195627.490    -0.043     0.00    0.00
 195998.771    -0.043     0.00    0.00
 196370.100    -0.043     0.00    0.00
 196741.477    -0.043     0.00    0.00
 197112.903    -0.043     0.00    0.00
 197484.376    -0.043     0.00    0.00
 197855.898    -0.043     0.00    0.00
 198227.468    -0.043     0.00    0.00
 198599.087    -0.043     0.00    0.00
 198970.753    -0.043     0.00    0.00
 199342.468    -0.043     0.00    0.00
 199714.232    -0.043     0.00    0.00
 200086.043    -0.043     0.00    0.00
 200457.903    -0.043     0.00    0.00
 200829.812    -0.043     0.00    0.00
 201201.769    -0.043     0.00    0.00
 201573.774    -0.043     0.00    0.00
 201945.828    -0.043     0.00    0.00
 202317.930    -0.043     0.00    0.00
 202690.081    -0.043     0.00    0.00
 203062.280    -0.043     0.00    0.00
 203434.528    -0.043     0.00    0.00
 203806.825    -0.043     0.00    0.00
 204179.170    -0.043     0.00    0.00
 204551.563    -0.043     0.00    0.00
 204924.006    -0.043     0.00    0.00
 205296.497    -0.043     0.00    0.00
 205669.036    -0.043     0.00    0.00
 206041.624    -0.043     0.00    0.00
 206414.261    -0.043     0.00    0.00
 206786.947    -0.043     0.00    0.00
 207159.681    -0.043     0.00    0.00
 207532.464    -0.043     0.00    0.00
 207905.296    -0.043     0.00    0.00
