-177401.632   101.698     0.00   12.33
-177028.271   108.273    17.61   20.32
-176654.951   120.492    32.73   21.68
-176281.673   129.174    23.26   19.43
-175908.437   126.325    -7.64   21.06
-175535.243   118.812   -20.13   25.89
-175162.090   109.051   -26.16   27.43
-174788.979    97.898   -29.90   25.16
-174415.909    95.505    -6.42   22.46
-174042.881   100.322    12.92   23.86
-173669.895   113.965    36.58   36.51
-173296.950   135.010    56.44   39.33
-172924.046   151.865    45.21   33.40
-172551.184   158.187    16.96   28.26
-172178.364   150.989   -19.31   23.18
-171805.585   139.669   -30.37   18.87
-171432.847   131.095   -23.01   20.43
-171060.152   126.302   -12.86   26.66
-170687.497   117.034   -24.87   30.18
-170314.884   107.237   -26.30   27.72
-169942.312   102.232   -13.44   23.88
-169569.782   103.521     3.46   21.09
-169197.293   109.882    17.08   24.58
-168824.845   114.881    13.43   24.21
-168452.439   116.092     3.25   22.96
-168080.074   111.950   -11.12   24.70
-167707.751   101.949   -26.87   18.72
-167335.468    96.881   -13.62   12.16
-166963.227    96.194    -1.85    8.29
-166591.028    99.593     9.14    9.21
-166218.869   103.778    11.25    9.80
-165846.752   111.215    19.99   10.69
-165474.676   118.000    18.24   12.92
-165102.641   124.778    18.22   11.89
-164730.648   131.526    18.14   12.89
-164358.695   142.028    28.24   17.95
-163986.784   150.723    23.38   19.52
-163614.914   160.226    25.56   18.44
-163243.085   172.028    31.74   19.29
-162871.297   184.276    32.95   19.21
-162499.551   197.398    35.31   19.88
-162127.845   208.898    30.94   21.11
-161756.181   223.254    38.63   24.60
-161384.557   236.726    36.26   25.75
-161012.975   246.763    27.02   27.54
-160641.433   249.751     8.04   29.82
-160269.933   238.237   -31.00   35.59
-159898.473   225.865   -33.31   32.92
-159527.055   226.184     0.86   32.08
-159155.678   224.051    -5.74   30.81
-158784.341   237.119    35.20   32.89
-158413.046   243.462    17.09   29.62
-158041.791   231.292   -32.79   32.40
-157670.577   219.041   -33.01   41.44
-157299.405   190.866   -75.92   41.18
-156928.273   162.179   -77.31   27.48
-156557.182   147.623   -39.23   19.38
-156186.131   147.565    -0.15   21.07
-155815.122   158.576    29.68   33.37
-155444.153   185.315    72.09   42.32
-155073.226   207.458    59.70   33.52
-154702.339   216.786    25.15   26.11
-154331.492   211.949   -13.04   30.78
-153960.687   198.433   -36.46   35.04
-153589.922   184.674   -37.11   29.37
-153219.198   170.194   -39.07   30.50
-152848.515   158.192   -32.38   30.23
-152477.873   140.815   -46.89   27.16
-152107.271   128.244   -33.93   23.68
-151736.710   121.815   -17.35   23.89
-151366.189   117.372   -11.99   29.26
-150995.709   116.866    -1.37   35.20
-150625.270   111.000   -15.84   39.95
-150254.871    96.674   -38.68   38.26
-149884.513    82.198   -39.09   29.57
-149514.196    73.932   -22.33   19.27
-149143.919    79.746    15.70   26.19
-148773.682    98.966    51.92   39.63
-148403.487   121.673    61.35   39.42
-148033.331   139.746    48.83   34.49
-147663.216   141.288     4.17   27.27
-147288.171   132.131   -24.42   24.27
-146909.826   116.882   -40.31   25.56
-146531.522    99.653   -45.55   23.90
-146153.262    82.407   -45.60   21.90
-145775.043    69.544   -34.02   17.47
-145396.868    63.726   -15.39   15.07
-145018.734    58.398   -14.09   14.35
-144640.643    53.584   -12.74   13.93
-144262.594    47.315   -16.58   12.64
-143884.588    42.706   -12.20    9.50
-143506.624    43.817     2.94   11.03
-143128.703    56.610    33.86   25.01
-142750.823    80.600    63.49   38.79
-142372.986   113.882    88.10   45.33
-141995.191   139.353    67.43   34.93
-141617.439   143.587    11.21   28.37
-141239.729   135.192   -22.23   33.98
-140862.061   115.375   -52.48   32.33
-140484.435    94.098   -56.35   20.16
-140106.851    79.576   -38.47   22.39
-139729.310    62.657   -44.82   26.02
-139351.810    47.983   -38.88   24.28
-138974.353    30.950   -45.13   15.64
-138596.938    18.670   -32.54   13.19
-138219.565     9.850   -23.38   12.42
-137842.234     2.916   -18.38    7.79
-137464.946     0.458    -6.52    4.93
-137087.699     2.528     5.49    8.24
-136710.495     6.085     9.43   13.71
-136333.332     7.051     2.56   14.94
-135956.212     5.843    -3.20   12.88
-135579.133     3.715    -5.64    6.54
-135202.097     2.830    -2.35    3.32
-134825.102     3.165     0.89    2.72
-134448.149     2.966    -0.53    2.38
-134071.239     3.243     0.74    2.32
-133694.370     3.415     0.46    2.02
-133317.543     3.717     0.80    1.90
-132940.758     4.748     2.74    2.04
-132564.015     5.778     2.73    2.22
-132187.314     6.721     2.50    2.61
-131810.655     8.065     3.57    3.48
-131434.038     9.002     2.49    3.96
-131057.462     9.439     1.16    4.06
-130680.928    10.390     2.52    4.14
-130304.436    11.162     2.05    3.56
-129927.986    11.648     1.29    3.34
-129551.577    12.571     2.45    3.05
-129175.211    12.416    -0.41    3.32
-128798.886    11.295    -2.98    3.99
-128422.602     9.030    -6.02    4.32
-128046.361     6.398    -6.99    4.37
-127670.161     4.002    -6.37    3.77
-127294.003     2.670    -3.54    3.15
-126917.886     3.177     1.35    4.17
-126541.811     3.488     0.83    4.33
-126165.778     2.554    -2.48    4.77
-125789.786     0.051    -6.66    5.09
-125413.836    -1.636    -4.49    4.10
-125037.927    -0.768     2.31    6.08
-124662.060     0.441     3.22    7.51
-124286.235     0.088    -0.94    8.37
-123910.451    -1.533    -4.31    8.63
-123534.709    -4.659    -8.32    7.46
-123159.008    -8.031    -8.98    3.57
-122783.348    -9.102    -2.85    0.00
-122407.730    -9.102     0.00    0.00
-122032.154    -8.952     0.40    0.82
-121656.619    -8.791     0.43    1.33
-121281.125    -8.542     0.66    1.82
-120905.673    -8.553    -0.03    1.69
-120530.262    -8.435     0.32    2.03
-120154.892    -8.254     0.48    2.38
-119779.564    -7.861     1.05    2.92
-119404.278    -8.373    -1.36    2.31
-119029.032    -8.895    -1.39    1.24
-118653.828    -9.053    -0.42    0.38
-118278.665    -9.102    -0.13    0.00
-117903.544    -9.030     0.19    0.53
-117528.463    -8.331     1.86    2.31
-117153.424    -7.224     2.95    3.62
-116778.427    -5.619     4.28    5.36
-116403.470    -4.452     3.11    5.40
-116028.555    -3.053     3.73    5.07
-115653.680    -1.856     3.19    4.31
-115278.847    -2.257    -1.07    2.07
-114904.056    -2.413    -0.42    1.65
-114529.305    -2.373     0.11    1.42
-114154.595    -2.050     0.86    1.28
-113779.927    -2.191    -0.38    1.16
-113405.300    -2.254    -0.17    1.19
-113030.713    -2.423    -0.45    1.29
-112656.168    -2.610    -0.50    1.22
-112281.664    -2.636    -0.07    1.31
-111907.201    -2.464     0.46    2.01
-111532.779    -2.237     0.60    2.08
-111158.398    -1.983     0.68    2.06
-110784.058    -2.050    -0.18    1.83
-110409.759    -2.288    -0.64    1.64
-110035.501    -2.397    -0.29    1.84
-109661.284    -1.895     1.34    2.83
-109287.108    -1.898    -0.01    2.68
-108912.972    -2.191    -0.78    2.44
-108538.878    -2.525    -0.89    1.28
-108164.825    -2.400     0.34    1.21
-107790.812    -2.220     0.48    1.26
-107416.840    -1.768     1.21    1.23
-107042.910    -1.655     0.30    1.40
-106669.019    -1.724    -0.19    1.58
-106295.170    -1.691     0.09    1.65
-105921.362    -1.802    -0.30    1.48
-105547.594    -2.154    -0.94    1.08
-105173.867    -2.151     0.01    1.06
-104800.181    -2.067     0.22    1.11
-104426.536    -2.033     0.09    1.07
-104052.931    -1.918     0.31    1.05
-103679.367    -1.966    -0.13    1.06
-103305.844    -1.946     0.05    1.12
-102932.362    -1.998    -0.14    1.21
-102558.920    -2.331    -0.89    1.30
-102185.519    -2.602    -0.72    1.32
-101812.158    -2.763    -0.43    1.33
-101438.838    -2.691     0.19    3.12
-101065.559    -0.558     5.72    7.77
-100692.320     3.882    11.89   14.23
-100319.122     7.334     9.25   17.35
 -99945.964     6.729    -1.62   17.27
 -99572.847     3.695    -8.13   12.77
 -99199.771     1.708    -5.33    8.35
 -98826.735     1.661    -0.13    9.30
 -98453.739     0.576    -2.91    8.05
 -98080.784     0.417    -0.43    7.57
 -97707.870     0.051    -0.98    6.19
 -97334.996     0.174     0.33    5.55
 -96962.162     2.243     5.55    8.96
 -96589.369     7.882    15.13   18.76
 -96216.616    15.209    19.66   24.69
 -95843.904    21.715    17.46   26.82
 -95471.232    27.373    15.18   28.97
 -95098.600    25.249    -5.70   26.60
 -94726.009    21.746    -9.40   22.79
 -94353.458    21.243    -1.35   15.67
 -93980.947    25.144    10.47   15.64
 -93608.477    39.415    38.32   24.61
 -93236.047    52.535    35.23   24.81
 -92863.658    56.432    10.47   24.85
 -92491.308    58.846     6.48   27.59
 -92118.999    56.948    -5.10   30.49
 -91746.730    62.017    13.62   32.82
 -91374.501    71.278    24.88   28.06
 -91002.313    78.232    18.69   23.71
 -90630.165    81.678     9.26   20.52
 -90258.057    88.793    19.12   21.37
 -89885.989    92.330     9.51   21.08
 -89513.961    87.177   -13.85   23.89
 -89141.973    74.541   -33.97   26.04
 -88770.026    56.515   -48.47   20.86
 -88398.118    39.971   -44.49   19.51
 -88026.251    28.226   -31.59   20.11
 -87654.424    22.237   -16.11   20.95
 -87282.637    18.248   -10.73   19.34
 -86910.890    14.450   -10.22   20.38
 -86539.183    10.653   -10.22   20.73
 -86167.516     2.226   -22.67   14.06
 -85795.889    -1.791   -10.81    8.60
 -85424.302    -0.155     4.40   10.65
 -85052.755     1.226     3.72   10.52
 -84681.248     0.432    -2.14   10.30
 -84309.780    -0.316    -2.01   10.66
 -83938.353    -2.602    -6.15    8.57
 -83566.966    -4.926    -6.26    1.90
 -83195.619    -5.189    -0.71    1.73
 -82824.311    -4.567     1.68    2.52
 -82453.044    -3.968     1.61    2.98
 -82081.816    -3.377     1.59    3.22
 -81710.628    -2.949     1.15    3.26
 -81339.480    -2.435     1.39    3.23
 -80968.372    -2.474    -0.11    3.11
 -80597.303    -2.119     0.96    3.10
 -80226.275    -2.139    -0.05    3.11
 -79855.286    -2.288    -0.40    3.19
 -79484.337    -2.441    -0.41    3.35
 -79113.428    -2.768    -0.88    3.42
 -78742.558    -3.636    -2.34    3.29
 -78371.728    -4.739    -2.98    2.75
 -78000.938    -5.559    -2.21    1.81
 -77630.188    -6.102    -1.46    0.00
 -77259.477    -6.102     0.00    0.00
 -76888.806    -6.102     0.00    0.00
 -76518.174    -6.102     0.00    0.00
 -76147.582    -6.014     0.24    0.66
 -75777.030    -5.932     0.22    0.91
 -75406.517    -5.956    -0.06    0.78
 -75036.044    -6.102    -0.39    0.00
 -74665.611    -6.102     0.00    0.00
 -74295.217    -6.102     0.00    0.00
 -73924.863    -6.102     0.00    0.00
 -73554.548    -6.102     0.00    0.00
 -73184.273    -6.102     0.00    0.00
 -72814.037    -6.102     0.00    0.00
 -72439.647    -6.102     0.00    0.00
 -72061.391    -6.102     0.00    0.00
 -71683.177    -6.102     0.00    0.00
 -71305.004    -6.102     0.00    0.00
 -70926.873    -6.102     0.00    0.00
 -70548.782    -6.102     0.00    0.00
 -70170.733    -6.102     0.00    0.00
 -69792.726    -6.102     0.00    0.00
 -69414.759    -6.102     0.00    0.00
 -69036.834    -6.102     0.00    0.00
 -68658.950    -6.102     0.00    0.00
 -68281.107    -5.954     0.39    0.81
 -67903.306    -5.611     0.91    1.60
 -67525.545    -5.498     0.30    1.76
 -67147.826    -5.224     0.72    2.04
 -66770.148    -5.084     0.37    2.18
 -66392.512    -4.540     1.44    2.61
 -66014.916    -3.994     1.45    2.82
 -65637.361    -3.902     0.25    2.91
 -65259.848    -4.066    -0.44    2.72
 -64882.376    -4.085    -0.05    2.64
 -64504.944    -4.508    -1.12    2.56
 -64127.554    -5.015    -1.34    2.49
 -63750.205    -5.102    -0.23    2.47
 -63372.897    -5.305    -0.54    2.04
 -62995.630    -4.637     1.77    2.61
 -62618.404    -3.905     1.94    3.07
 -62241.219    -3.380     1.39    3.12
 -61864.074    -2.470     2.41    3.05
 -61486.971    -1.998     1.25    2.84
 -61109.909    -1.373     1.66    2.26
 -60732.888    -1.014     0.95    2.29
 -60355.907    -0.895     0.32    2.23
 -59978.968    -0.683     0.56    1.98
 -59602.069    -0.525     0.42    2.02
 -59225.211    -0.548    -0.06    1.96
 -58848.394    -0.462     0.23    1.89
 -58471.618    -0.946    -1.29    2.21
 -58094.883    -1.757    -2.15    2.59
 -57718.189    -2.839    -2.87    2.65
 -57341.535    -3.498    -1.75    2.46
 -56964.922    -3.998    -1.33    2.17
 -56588.350    -4.194    -0.52    1.89
 -56211.819    -4.335    -0.37    1.78
 -55835.328    -4.400    -0.17    1.75
 -55458.878    -4.542    -0.38    1.59
 -55082.469    -4.695    -0.41    1.25
 -54706.101    -4.780    -0.23    1.10
 -54329.773    -4.802    -0.06    1.20
 -53953.486    -4.902    -0.27    1.04
 -53577.239    -5.084    -0.49    0.13
 -53201.033    -5.067     0.05    0.18
 -52824.868    -5.102    -0.09    0.00
 -52448.743    -5.102     0.00    0.00
 -52072.659    -5.102     0.00    0.00
 -51696.616    -4.954     0.39    0.85
 -51320.613    -4.909     0.12    1.13
 -50944.650    -4.898     0.03    1.11
 -50568.728    -4.750     0.39    1.26
 -50192.847    -4.729     0.06    1.43
 -49817.006    -4.523     0.55    2.16
 -49441.206    -4.133     1.04    2.63
 -49065.446    -4.136    -0.01    2.42
 -48689.726    -3.895     0.64    2.24
 -48314.047    -3.429     1.24    2.08
 -47938.408    -3.205     0.60    2.06
 -47562.810    -2.593     1.63    2.38
 -47187.252    -2.250     0.91    2.47
 -46811.735     0.748     7.98    9.96
 -46436.258     6.969    16.57   19.56
 -46060.821    17.215    27.29   31.93
 -45685.425    24.898    20.47   33.69
 -45310.069    20.916   -10.61   31.31
 -44934.753    13.046   -20.97   27.02
 -44559.477     4.148   -23.71   19.98
 -44184.242    -1.998   -16.38    9.69
 -43809.047    -3.959    -5.23    0.75
 -43433.893    -3.752     0.55    1.27
 -43058.778    -3.330     1.12    1.77
 -42683.704    -2.981     0.93    1.96
 -42308.670    -3.034    -0.14    2.00
 -41933.676    -3.540    -1.35    1.66
 -41558.722    -3.998    -1.22    0.67
 -41183.809    -4.102    -0.28    0.00
 -40808.936    -4.102     0.00    0.00
 -40434.102    -3.702     1.07    1.42
 -40059.309    -2.872     2.21    2.22
 -39684.556    -1.733     3.04    2.79
 -39309.843    -0.312     3.79    2.83
 -38935.171     0.865     3.14    2.30
 -38560.538     1.726     2.30    1.53
 -38185.945     1.635    -0.24    1.52
 -37811.392     1.717     0.22    1.60
 -37436.880     1.615    -0.27    1.40
 -37062.407     1.791     0.47    1.44
 -36687.974     1.784    -0.02    1.24
 -36313.582     1.881     0.26    1.22
 -35939.229     2.004     0.33    1.28
 -35564.916     1.898    -0.28    1.46
 -35190.643     2.105     0.55    1.45
 -34816.410     2.162     0.15    1.42
 -34442.217     2.039    -0.33    1.38
 -34068.064     2.187     0.39    1.38
 -33693.951     2.327     0.38    1.39
 -33319.877     2.424     0.26    1.45
 -32945.844     2.309    -0.31    1.44
 -32571.850     2.109    -0.54    1.28
 -32197.896     1.593    -1.38    1.56
 -31823.982     1.305    -0.77    1.73
 -31450.107     0.950    -0.95    1.81
 -31076.273     0.865    -0.23    1.64
 -30702.478     0.997     0.35    1.80
 -30328.723     0.881    -0.31    1.55
 -29955.008     1.627     2.00    1.10
 -29581.332     2.843     3.25    2.98
 -29207.696     4.758     5.13    4.04
 -28834.100     6.232     3.94    4.17
 -28460.543     6.735     1.35    3.68
 -28087.026     6.916     0.49    3.07
 -27713.549     5.657    -3.37    1.68
 -27340.111     5.062    -1.59    1.31
 -26966.713     4.758    -0.81    1.06
 -26593.355     4.373    -1.03    0.99
 -26220.036     4.324    -0.13    1.13
 -25846.757     4.192    -0.36    1.27
 -25473.517     4.074    -0.32    1.35
 -25100.317     3.817    -0.69    1.38
 -24727.156     3.934     0.31    1.21
 -24354.035     3.863    -0.19    1.28
 -23980.953     3.682    -0.49    1.25
 -23607.911     3.674    -0.02    1.27
 -23234.908     3.706     0.08    1.25
 -22861.945     3.717     0.03    1.38
 -22489.022     3.441    -0.74    1.41
 -22116.137     2.952    -1.31    1.33
 -21743.292     2.515    -1.17    1.17
 -21370.487     2.390    -0.34    1.15
 -20997.721     2.249    -0.38    1.08
 -20624.994     2.170    -0.21    1.13
 -20252.307     1.795    -1.01    1.53
 -19879.658     1.442    -0.95    1.52
 -19507.050     1.729     0.77    1.68
 -19134.480     1.983     0.68    1.58
 -18761.950     2.467     1.30    1.23
 -18389.460     2.458    -0.03    1.33
 -18017.008     2.565     0.29    1.43
 -17644.596     2.756     0.51    1.45
 -17272.223     2.583    -0.46    1.40
 -16899.889     2.678     0.26    1.39
 -16527.594     2.648    -0.08    1.25
 -16155.339     2.498    -0.40    1.33
 -15783.123     2.509     0.03    1.19
 -15410.946     2.702     0.52    1.07
 -15038.808     2.780     0.21    1.00
 -14666.710     2.880     0.27    0.89
 -14294.650     2.863    -0.05    0.96
 -13922.630     2.735    -0.35    1.01
 -13550.648     2.593    -0.38    1.18
 -13178.706     2.232    -0.97    1.19
 -12806.803     2.305     0.20    1.10
 -12434.939     2.407     0.27    0.99
 -12063.114     2.372    -0.09    1.14
 -11691.328     2.554     0.49    1.45
 -11319.581     2.441    -0.30    1.55
 -10947.873     2.197    -0.66    1.74
 -10576.204     2.232     0.09    1.77
 -10204.574     1.882    -0.94    1.55
  -9832.983     1.789    -0.25    1.52
  -9461.431     1.915     0.34    1.51
  -9089.918     2.158     0.65    1.56
  -8718.444     2.398     0.65    1.55
  -8347.009     2.881     1.30    1.23
  -7975.613     3.112     0.62    1.25
  -7604.255     3.302     0.51    1.27
  -7232.937     3.088    -0.58    1.26
  -6861.657     2.832    -0.69    1.19
  -6490.416     2.863     0.08    1.21
  -6119.214     2.706    -0.42    1.16
  -5748.051     2.680    -0.07    1.03
  -5376.927     2.692     0.03    1.07
  -5005.841     2.535    -0.42    1.06
  -4634.794     2.112    -1.14    1.39
  -4263.786     1.589    -1.41    1.68
  -3892.817     1.433    -0.42    1.81
  -3521.886     1.618     0.50    1.84
  -3150.994     2.056     1.18    2.05
  -2780.141     3.023     2.61    1.88
  -2409.327     3.831     2.18    1.51
  -2038.551     3.688    -0.38    2.20
  -1667.814     3.345    -0.93    2.58
  -1297.116     2.582    -2.06    2.65
   -926.456     1.495    -2.93    2.27
   -555.835     1.054    -1.19    1.93
   -185.252     0.380    -1.82    1.30
    185.292    -0.102    -1.30    0.00
    555.797    -0.102     0.00    0.00
    926.264    -0.052     0.13    0.22
   1296.692    -0.030     0.06    0.26
   1667.082     1.741     4.78    4.23
   2037.433     4.706     8.01    5.91
   2411.254     7.916     8.59    5.89
   2789.425    11.232     8.77    3.83
   3167.556    11.969     1.95    2.62
   3545.647    12.729     2.01    3.23
   3923.698    16.202     9.19    8.09
   4301.708    20.715    11.94   11.58
   4679.678    27.220    17.21   14.58
   5057.608    30.091     7.60   13.85
   5435.498    28.653    -3.81   13.18
   5813.347    28.148    -1.33   12.68
   6191.156    26.934    -3.22   15.40
   6568.926    25.121    -4.80   18.85
   6946.655    20.593   -11.99   14.87
   7324.343    15.828   -12.62    8.69
   7701.992    14.374    -3.85    3.08
   8079.601    15.243     2.30    2.86
   8457.169    15.595     0.93    2.58
   8834.698    15.365    -0.61    3.01
   9212.186    15.713     0.92    3.19
   9589.634    15.758     0.12    3.48
   9967.043    16.309     1.46    3.09
  10344.411    16.054    -0.68    3.14
  10721.739    14.846    -3.20    2.44
  11099.028    14.477    -0.98    2.02
  11476.276    14.226    -0.67    2.03
  11853.484    13.989    -0.63    2.07
  12230.653    14.017     0.07    1.96
  12607.781    14.735     1.90    2.17
  12984.870    15.179     1.18    1.82
  13361.918    15.571     1.04    1.63
  13738.927    15.881     0.82    2.18
  14115.896    16.179     0.79    2.66
  14492.825    17.135     2.54    2.68
  14869.714    17.119    -0.04    2.79
  15246.564    16.426    -1.84    3.18
  15623.373    14.715    -4.54    3.42
  16000.143    12.571    -5.69    2.99
  16376.873    12.144    -1.13    2.84
  16753.563    11.882    -0.70    2.76
  17130.214    12.113     0.61    2.55
  17506.824    12.041    -0.19    2.33
  17883.395    11.973    -0.18    2.55
  18259.926    12.051     0.21    2.89
  18636.418    11.565    -1.29    2.90
  19012.870    11.598     0.09    2.96
  19389.282    11.916     0.84    2.88
  19765.654    13.056     3.03    2.56
  20141.987    14.148     2.90    1.88
  20518.281    13.953    -0.52    1.63
  20894.534    14.214     0.69    1.77
  21270.748    14.462     0.66    1.79
  21646.923    14.519     0.15    1.95
  22023.057    14.758     0.64    2.11
  22399.153    14.847     0.24    2.01
  22775.208    14.881     0.09    1.97
  23151.224    14.284    -1.59    1.79
  23527.201    13.932    -0.94    1.74
  23903.138    14.158     0.60    1.84
  24279.036    14.828     1.78    1.95
  24654.894    15.480     1.73    1.94
  25030.713    15.074    -1.08    3.50
  25406.492    14.091    -2.61    5.05
  25782.232    13.197    -2.38    5.74
  26157.932    12.741    -1.21    6.20
  26533.593    11.548    -3.18    6.60
  26909.215    10.292    -3.34    6.64
  27284.797     9.676    -1.64    6.92
  27660.340     9.302    -1.00    6.72
  28035.844     9.232    -0.19    7.01
  28411.308     9.670     1.17    7.27
  28786.733    10.127     1.21    7.39
  29162.118     9.986    -0.37    7.51
  29537.465     9.355    -1.68    7.68
  29912.772     7.535    -4.85    7.37
  30288.039     6.653    -2.35    6.86
  30663.268     5.808    -2.25    6.12
  31038.457     5.548    -0.69    5.40
  31413.607     5.477    -0.19    4.52
  31788.718     4.846    -1.68    2.73
  32163.789     5.460     1.64    3.30
  32538.822     5.916     1.22    3.60
  32913.815     5.442    -1.26    3.58
  33288.769     4.880    -1.50    2.79
  33663.684     4.735    -0.39    2.64
  34038.560     4.702    -0.09    2.60
  34413.397     5.320     1.65    2.24
  34788.194     5.828     1.36    1.76
  35162.953     6.302     1.26    0.98
  35537.672     6.197    -0.28    0.91
  35912.353     6.004    -0.52    0.90
  36286.994     5.881    -0.33    1.09
  36661.596     5.710    -0.46    1.18
  37036.160     5.865     0.41    1.14
  37410.684     5.845    -0.05    1.12
  37785.169     6.088     0.65    0.98
  38159.616     6.109     0.06    0.94
  38534.023     6.004    -0.28    1.13
  38908.391     5.864    -0.37    1.14
  39282.721     5.758    -0.28    1.09
  39657.011     5.827     0.18    1.20
  40031.263     5.842     0.04    1.15
  40405.476     5.949     0.29    1.04
  40779.650     6.262     0.84    1.04
  41153.785     6.390     0.34    1.09
  41527.881     6.519     0.35    1.07
  41901.938     6.846     0.87    1.01
  42275.957     6.605    -0.64    1.51
  42649.937     6.433    -0.46    1.60
  43023.878     6.309    -0.33    1.79
  43397.780     6.462     0.41    1.80
  43771.643     6.627     0.44    1.69
  44145.468     6.631     0.01    1.82
  44519.254     6.797     0.44    1.79
  44893.001     6.793    -0.01    1.95
  45266.709     6.898     0.28    1.96
  45640.379     7.036     0.37    1.76
  46014.010     7.088     0.14    1.61
  46387.602     6.845    -0.65    1.76
  46761.156     6.863     0.05    1.80
  47134.671     7.119     0.69    1.89
  47508.148     7.363     0.65    1.71
  47881.585     7.865     1.34    1.51
  48254.985     7.791    -0.20    1.23
  48628.345     7.530    -0.70    1.08
  49001.667     7.398    -0.35    1.50
  49374.951     7.232    -0.45    1.46
  49748.196     7.337     0.28    1.40
  50121.402     7.495     0.42    1.39
  50494.570     7.554     0.16    0.93
  50867.699     7.535    -0.05    0.97
  51240.790     7.560     0.07    1.06
  51613.843     8.578     2.73    2.82
  51986.856    10.390     4.86    3.72
  52359.832    12.021     4.37    3.76
  52732.769    12.565     1.46    2.37
  53105.668    13.688     3.01    2.96
  53478.528    16.425     7.34    6.29
  53851.349    20.618    11.25    9.03
  54224.133    25.577    13.30    9.79
  54596.878    28.565     8.02    9.21
  54969.585    29.244     1.82    8.27
  55342.253    28.059    -3.18    7.77
  55714.883    25.044    -8.09    7.04
  56087.474    23.214    -4.91    6.20
  56460.028    22.355    -2.31    5.63
  56832.543    22.763     1.10    6.02
  57205.020    23.635     2.34    6.03
  57577.458    24.706     2.87    5.46
  57949.858    25.817     2.98    5.40
  58322.220    27.631     4.87    5.15
  58694.544    29.674     5.49    4.86
  59066.830    30.880     3.24    4.28
  59439.077    29.337    -4.14    4.77
  59811.286    26.732    -7.00    4.69
  60183.457    23.432    -8.87    4.66
  60555.590    21.309    -5.70    2.72
  60927.685    22.002     1.86    3.52
  61299.741    24.157     5.79    4.61
  61671.760    27.295     8.43    4.50
  62043.740    30.261     7.97    3.14
  62415.682    31.488     3.30    2.46
  62787.587    31.970     1.30    2.09
  63159.453    32.195     0.60    2.00
  63531.281    32.814     1.66    2.37
  63903.071    34.044     3.31    2.44
  64274.823    35.339     3.48    2.50
  64646.537    36.738     3.76    2.47
  65018.213    37.951     3.26    1.87
  65389.851    38.653     1.89    1.79
  65761.451    38.381    -0.73    1.94
  66133.013    36.898    -3.99    3.06
  66504.537    35.004    -5.10    4.07
  66876.023    32.828    -5.86    3.78
  67247.471    30.595    -6.01    3.66
  67618.882    28.030    -6.91    4.18
  67990.254    25.436    -6.98    4.84
  68361.589    20.692   -12.77    6.35
  68732.886    16.444   -11.44    5.08
  69104.144    13.653    -7.52    3.58
  69475.365    12.337    -3.54    2.40
  69846.549    13.347     2.72    2.04
  70217.694    14.390     2.81    1.76
  70588.802    15.074     1.84    1.71
  70959.871    15.898     2.22    2.16
  71330.903    16.041     0.38    1.99
  71701.898    15.967    -0.20    1.90
  72072.854    15.824    -0.39    1.72
  72443.773    15.450    -1.01    1.37
  72814.654    15.125    -0.88    1.25
  73185.497    14.051    -2.90    2.04
  73556.303    13.202    -2.29    2.04
  73927.071    12.933    -0.73    2.14
  74297.801    13.726     2.14    3.27
  74668.494    15.477     4.72    5.12
  75039.149    16.261     2.11    6.86
  75409.766    16.284     0.06    7.88
  75780.346    13.898    -6.44    3.25
  76150.888    13.006    -2.41    1.64
  76521.393    12.743    -0.71    1.59
  76891.860    12.826     0.22    1.71
  77265.209    13.085     0.69    1.74
  77643.293    13.595     1.35    1.68
  78021.339    13.934     0.90    1.58
  78399.345    14.495     1.49    1.52
  78777.313    14.934     1.16    2.07
  79155.240    15.337     1.07    2.56
  79533.129    15.389     0.14    2.86
  79910.979    15.202    -0.50    2.48
  80288.789    14.698    -1.33    1.79
  80666.560    14.748     0.13    1.46
  81044.293    14.916     0.44    1.19
  81421.985    15.345     1.14    1.22
  81799.639    16.068     1.91    1.18
  82177.254    16.559     1.30    1.05
  82554.830    16.966     1.08    1.06
  82932.366    17.262     0.78    1.41
  83309.864    17.202    -0.16    1.57
  83687.323    16.674    -1.40    1.96
  84064.742    16.105    -1.51    2.08
  84442.123    15.238    -2.30    1.59
  84819.464    15.244     0.02    1.61
  85196.767    15.330     0.23    1.61
  85574.030    15.608     0.74    1.84
  85951.255    15.695     0.23    1.83
  86328.440    15.530    -0.44    1.76
  86705.587    15.372    -0.42    1.75
  87082.695    15.119    -0.67    1.40
  87459.764    15.523     1.07    1.30
  87836.794    15.793     0.72    1.25
  88213.785    16.102     0.82    1.14
  88590.737    16.238     0.36    1.13
  88967.650    16.666     1.14    1.32
  89344.525    16.830     0.43    1.18
  89721.361    16.986     0.42    1.26
  90098.158    17.059     0.19    1.49
  90474.916    17.221     0.43    1.40
  90851.635    17.434     0.57    1.64
  91228.316    16.933    -1.33    1.45
  91604.958    16.970     0.10    1.17
  91981.561    17.006     0.09    1.04
  92358.125    17.548     1.44    1.29
  92734.651    18.123     1.53    1.23
  93111.138    19.006     2.35    1.47
  93487.586    19.971     2.56    1.99
  93863.996    21.485     4.02    2.22
  94240.367    22.970     3.95    1.78
  94616.699    24.102     3.01    1.48
  94992.993    25.166     2.83    1.48
  95369.248    25.916     1.99    1.46
  95745.464    26.678     2.03    1.16
  96121.642    27.166     1.30    1.14
  96497.781    27.653     1.29    1.12
  96873.882    27.954     0.80    0.92
  97249.944    28.202     0.66    0.85
  97625.968    28.541     0.90    0.88
  98001.953    28.640     0.26    1.02
  98377.900    28.951     0.83    1.53
  98753.808    29.056     0.28    1.51
  99129.678    29.322     0.71    1.52
  99505.509    29.608     0.76    1.37
  99881.301    29.560    -0.13    1.09
 100257.056    29.713     0.41    1.15
 100632.772    29.720     0.02    1.18
 101008.449    29.565    -0.41    1.42
 101384.088    29.756     0.51    1.46
 101759.689    29.720    -0.10    1.69
 102135.251    29.952     0.62    1.85
 102510.775    29.916    -0.10    2.00
 102886.261    29.047    -2.32    2.49
 103261.708    28.105    -2.51    2.52
 103637.117    27.309    -2.12    2.10
 104012.487    27.320     0.03    1.87
 104387.820    28.214     2.38    2.41
 104763.114    29.148     2.49    2.27
 105138.370    30.337     3.17    1.73
 105513.587    31.062     1.93    1.55
 105888.767    31.548     1.29    1.30
 106263.908    32.168     1.65    1.05
 106639.010    32.610     1.18    1.07
 107014.075    32.988     1.01    0.98
 107389.102    33.226     0.64    0.93
 107764.090    33.407     0.48    0.91
 108139.040    33.506     0.26    0.82
 108513.952    33.571     0.17    0.93
 108888.826    33.785     0.57    0.95
 109263.662    34.077     0.78    1.03
 109638.459    34.335     0.69    1.05
 110013.219    34.618     0.75    1.10
 110387.940    35.280     1.77    2.16
 110762.624    35.477     0.53    2.60
 111137.269    35.021    -1.22    3.67
 111511.876    32.971    -5.47    4.69
 111886.446    32.605    -0.98    5.43
 112260.977    33.371     2.04    6.45
 112635.470    36.898     9.42    6.72
 113009.926    41.153    11.36    3.85
 113384.343    42.756     4.28    3.07
 113758.722    43.284     1.41    3.33
 114133.064    43.390     0.28    3.27
 114507.367    42.363    -2.74    3.49
 114881.633    41.988    -1.00    3.63
 115255.860    41.898    -0.24    3.70
 115630.050    42.826     2.48    4.32
 116004.202    45.102     6.08    4.46
 116378.316    46.012     2.43    4.58
 116752.392    44.220    -4.79    5.71
 117126.431    40.337   -10.38    6.41
 117500.431    36.144   -11.21    6.13
 117874.394    32.267   -10.37    4.21
 118248.319    30.583    -4.50    2.69
 118622.206    30.256    -0.87    2.83
 118996.055    30.332     0.21    3.02
 119369.867    30.119    -0.57    2.82
 119743.640    29.426    -1.85    2.24
 120117.377    29.002    -1.13    1.87
 120491.075    29.470     1.25    2.08
 120864.735    30.970     4.01    4.46
 121238.358    33.666     7.22    6.97
 121611.944    35.004     3.58    7.92
 121985.491    34.345    -1.76    7.86
 122359.001    32.808    -4.12    7.05
 122732.473    30.021    -7.46    2.82
 123105.908    29.547    -1.27    1.73
 123479.305    29.261    -0.77    1.45
 123852.665    29.220    -0.11    1.47
 124225.986    28.846    -1.00    1.29
 124599.271    29.039     0.52    1.27
 124972.517    29.232     0.52    1.46
 125345.727    29.179    -0.14    1.22
 125718.898    29.273     0.25    1.02
 126092.032    29.488     0.57    0.80
 126465.129    29.745     0.69    0.85
 126838.188    30.068     0.87    0.99
 127211.209    30.327     0.69    1.04
 127584.193    30.519     0.52    1.04
 127957.140    31.179     1.77    1.74
 128330.049    31.758     1.55    2.83
 128702.921    32.197     1.18    2.96
 129075.755    32.416     0.59    2.57
 129448.552    32.144    -0.73    1.20
 129821.312    32.262     0.32    0.97
 130194.034    32.363     0.27    1.08
 130566.719    32.629     0.71    1.09
 130939.366    32.588    -0.11    0.94
 131311.976    32.648     0.16    0.86
 131684.549    32.706     0.15    1.04
 132057.084    33.023     0.85    1.24
 132429.582    33.327     0.81    1.19
 132802.043    34.019     1.86    1.17
 133174.467    34.371     0.95    1.15
 133546.853    34.791     1.13    1.32
 133919.202    35.535     2.00    1.28
 134291.514    36.273     1.98    1.76
 134663.788    36.953     1.83    1.86
 135036.025    37.898     2.54    1.73
 135408.226    38.648     2.01    1.56
 135780.388    38.741     0.25    1.33
 136152.514    39.021     0.75    1.56
 136524.603    39.548     1.41    1.62
 136896.654    39.828     0.75    1.55
 137268.668    40.273     1.20    1.45
 137640.646    40.756     1.30    1.58
 138012.586    41.245     1.31    1.62
 138384.489    41.746     1.35    1.85
 138756.354    42.371     1.68    1.64
 139128.183    42.543     0.46    1.53
 139499.975    43.389     2.28    1.70
 139871.729    44.416     2.76    2.26
 140243.447    45.320     2.43    2.31
 140615.128    46.232     2.45    2.23
 140986.771    46.495     0.71    2.05
 141358.378    46.635     0.38    1.90
 141729.947    46.756     0.32    1.70
 142101.480    47.068     0.84    1.45
 142472.976    47.560     1.32    1.58
 142844.434    48.589     2.77    2.39
 143215.856    50.390     4.85    3.68
 143587.241    52.676     6.16    4.13
 143958.589    54.095     3.82    3.37
 144329.900    54.613     1.39    2.84
 144701.174    53.513    -2.96    3.06
 145072.411    52.127    -3.73    2.83
 145443.612    51.267    -2.32    2.62
 145814.775    50.407    -2.32    2.28
 146185.902    50.131    -0.75    2.08
 146556.992    50.588     1.23    2.35
 146928.045    52.547     5.28    3.67
 147299.061    57.077    12.21    6.15
 147670.041    62.973    15.89    7.85
 148040.983    69.952    18.81    8.69
 148411.889    74.717    12.84    6.19
 148782.759    74.232    -1.31    8.30
 149153.591    68.021   -16.75   12.49
 149524.387    60.988   -18.97   11.51
 149895.146    54.828   -16.61    6.65
 150265.868    52.098    -7.36    1.30
 150636.554    52.140     0.11    1.16
 151007.203    52.262     0.33    1.14
 151377.815    52.434     0.46    1.11
 151748.391    52.602     0.45    1.21
 152121.343    53.256     1.75    1.89
 152499.346    53.917     1.75    2.18
 152877.311    54.232     0.83    1.99
 153255.237    56.059     4.83    3.47
 153633.126    58.353     6.07    5.26
 154010.976    62.460    10.87    6.84
 154388.788    66.935    11.84    6.06
 154766.562    70.226     8.71    7.02
 155144.297    71.291     2.82    8.85
 155521.995    69.127    -5.73   10.61
 155899.654    66.091    -8.04   10.73
 156277.275    62.717    -8.94    8.00
 156654.858    60.157    -6.78    5.14
 157032.403    59.806    -0.93    3.50
 157409.910    61.363     4.12    4.56
 157787.379    63.954     6.86    6.39
 158164.810    67.372     9.05    7.76
 158542.203    71.559    11.09    9.41
 158919.558    73.720     5.73    9.90
 159296.875    75.726     5.32   10.39
 159674.153    76.398     1.78   10.54
 160051.394    76.513     0.30   10.29
 160428.597    77.166     1.73    9.73
 160805.762    77.548     1.01    9.74
 161182.889    78.934     3.68    9.41
 161559.978    79.953     2.70    8.95
 161937.029    80.548     1.58    7.88
 162314.042    82.495     5.16    7.89
 162691.018    84.595     5.57    8.34
 163067.955    85.993     3.71    8.11
 163444.855    87.828     4.87    8.28
 163821.717    89.004     3.12    6.94
 164198.540    90.773     4.70    6.34
 164575.327    94.320     9.41    7.35
 164952.075    99.408    13.50    8.70
 165328.785   104.986    14.81    8.80
 165705.458   109.695    12.50    7.42
 166082.093   113.986    11.39    8.09
 166458.690   116.077     5.55    9.99
 166835.250   116.934     2.28   13.04
 167211.771   113.916    -8.01   15.85
 167588.255   111.324    -6.88   16.20
 167964.702   106.077   -13.94   12.77
 168341.110   103.139    -7.80    6.50
 168717.481   103.364     0.60    3.84
 169093.814   105.244     4.99    3.73
 169470.110   107.407     5.75    3.11
 169846.368   109.898     6.62    4.35
 170222.588   112.738     7.55    6.39
 170598.771   118.192    14.50    7.86
 170974.916   123.989    15.41    7.54
 171351.024   129.951    15.85    7.77
 171727.094   134.287    11.53    7.45
 172103.126   137.023     7.28    7.81
 172479.121   139.845     7.50    8.51
 172855.078   142.184     6.22    9.75
 173230.998   145.470     8.74   10.27
 173606.880   148.189     7.23    9.88
 173982.725   148.702     1.36   11.20
 174358.532   147.725    -2.60   14.56
 174734.302   143.407   -11.49   16.87
 175110.035   139.117   -11.42   15.07
 175485.729   141.291     5.79   14.21
 175861.387   150.523    24.57   15.25
 176237.007   161.644    29.60   13.50
 176612.590   173.916    32.67   14.32
 176988.135   186.168    32.62   16.37
 177363.643   203.898    47.21   23.67
 177739.113   224.262    54.23   29.68
 178114.547   245.986    57.85   28.63
 178489.942   258.809    34.15   18.27
 178865.301   257.934    -2.33   19.82
 179240.622   245.970   -31.87   22.09
 179615.906   232.483   -35.93   17.37
 179991.153   221.495   -29.28   14.29
 180366.362   213.753   -20.63   13.52
 180741.534   209.670   -10.88   11.63
 181116.669   209.862     0.51   11.88
 181491.766   215.828    15.90   12.25
 181866.827   225.202    24.99   13.84
 182241.850   237.135    31.81   15.27
 182616.836   251.284    37.73   17.31
 182991.784   268.502    45.91   20.70
 183366.696   295.179    71.14   37.84
 183741.570   328.238    88.17   52.93
 184116.408   378.039   132.83   71.10
 184491.208   435.044   152.07   70.41
 184865.971   469.238    91.22   68.02
 185240.697   479.600    27.65   74.53
 185615.385   455.498   -64.31   83.69
 185990.037   406.741  -130.12   79.75
 186364.652   375.521   -83.32   67.94
 186739.229   344.023   -84.07   44.79
 187113.770   316.639   -73.10   35.85
 187488.273   301.345   -40.83   38.11
 187862.740   298.080    -8.72   37.61
 188237.169   324.335    70.11   60.52
 188611.562   381.613   152.96   75.56
 188985.917   407.462    69.04   57.07
 189360.236   391.381   -42.95   70.02
 189734.517   344.475  -125.30   80.53
 190108.762   288.232  -150.26   55.98
 190482.969   247.844  -107.91   31.04
 190857.140   233.249   -39.00   21.21
 191231.274   238.059    12.85   32.93
 191605.371   267.077    77.55   60.37
 191979.431   323.416   150.59   78.12
 192353.454   361.158   100.89   64.38
 192727.440   367.684    17.45   54.15
 193101.390   346.528   -56.56   63.88
 193475.302   299.273  -126.35   69.53
 193849.178   253.273  -123.01   74.25
 194223.017   223.249   -80.30   59.77
 194596.819   192.631   -81.90   28.10
 194970.585   188.971    -9.79   12.24
 195344.314   197.309    22.31   13.54
 195718.005   208.256    29.29   18.10
 196091.661   225.605    46.42   31.06
 196465.279   244.841    51.47   39.60
 196838.861   259.267    38.61   42.29
 197212.406   275.244    42.76   42.20
 197585.914   293.363    48.50   50.94
 197959.386   315.988    60.57   57.38
 198332.821   331.148    40.59   52.74
 198706.219   352.738    57.81   55.15
 199079.581   380.880    75.36   75.30
 199452.906   434.039   142.36  100.80
 199826.194   501.389   180.39  114.53
 200199.446   559.530   155.74  111.92
 200572.661   604.068   119.31   90.15
 200945.840   618.934    39.83   76.77
 201318.982   623.934    13.40   80.59
 201692.087   624.513     1.55   79.45
 202065.156   593.021   -84.39   86.74
 202438.189   556.444   -98.03   89.42
 202811.184   516.452  -107.20   84.50
 203184.144   501.144   -41.04   79.01
 203557.067   521.809    55.40   80.72
 203929.953   539.121    46.42   69.31
 204302.803   543.021    10.46   60.26
 204675.617   537.738   -14.17   68.73
 205048.394   531.442   -16.88   62.53
 205421.134   506.988   -65.59   72.79
 205793.838   472.934   -91.35   85.50
 206166.506   420.197  -141.48   81.35
 206539.137   379.898  -108.12   62.48
 206911.732   380.881     2.64   58.26
 207284.291   410.956    80.71   64.85
 207656.813   423.041    32.43   63.82
 208029.299   421.232    -4.86   69.81
 208401.749   428.179    18.65   87.27
 208774.162   440.462    32.98  102.83
 209146.539   456.004    41.73   97.25
 209518.880   443.589   -33.33   99.21
 209891.184   418.491   -67.40   88.95
 210263.452   370.898  -127.82   73.90
 210635.684   337.658   -89.28   64.37
 211007.880   295.309  -113.76   61.38
 211380.039   243.158  -140.10   63.44
 211752.162   199.345  -117.71   72.35
 212124.249   158.139  -110.72   58.96
 212496.300   129.741   -76.31   35.59
 212868.314   114.571   -40.77    4.93
 213240.293   113.808    -2.05    3.01
 213612.235   114.044     0.64    2.63
 213984.141   114.098     0.15    2.60
 214356.011   114.460     0.97    2.82
 214727.844   114.398    -0.17    2.75
 215099.642   115.113     1.92    2.90
 215471.404   117.028     5.15    5.14
 215843.129   122.523    14.78    9.16
 216214.819   128.621    16.40   10.59
 216586.472   134.756    16.50   10.36
 216958.089   138.973    11.35   11.01
 217329.670   141.517     6.85   11.73
 217701.216   146.442    13.25   11.44
 218072.725   151.702    14.15   14.07
 218444.198   161.162    25.46   18.45
 218815.635   169.291    21.88   17.68
 219187.036   178.148    23.84   11.77
 219558.402   183.072    13.25   10.96
 219929.731   191.631    23.04   17.76
 220301.024   204.200    33.85   27.94
 220672.282   224.898    55.74   35.89
 221043.503   241.971    45.98   30.05
 221414.689   244.208     6.02   27.58
 221785.838   230.934   -35.76   26.78
 222156.952   218.756   -32.81   20.73
 222528.030   209.095   -26.03   22.62
 222899.072   199.698   -25.32   22.50
 223270.079   196.355    -9.01   19.45
 223641.049   195.610    -2.01   15.71
 224011.984   210.095    39.04   22.04
 224382.882   232.238    59.69   27.61
 224753.745   254.613    60.32   29.50
 225124.572   271.917    46.65   26.36
 225495.364   271.381    -1.45   39.39
 225866.120   250.434   -56.48   56.32
 226236.839   225.244   -67.93   51.42
 226607.524   208.648   -44.76   32.38
 226980.160   210.535     5.06   28.06
 227358.082   244.688    90.35   46.66
 227735.967   278.129    88.48   43.99
 228113.815   301.648    62.23   36.64
 228491.626   309.773    21.50   35.79
 228869.400   302.577   -19.05   39.57
 229247.136   286.162   -43.45   33.64
 229624.835   271.808   -38.00   26.37
 230002.497   264.934   -18.20   20.19
 230380.122   265.610     1.79   17.93
 230757.710   268.702     8.19   15.17
 231135.261   270.135     3.79   18.49
 231512.774   265.862   -11.32   22.38
 231890.251   254.577   -29.89   26.20
 232267.690   246.250   -22.06   28.77
 232645.092   231.631   -38.73   30.69
 233022.457   217.631   -37.09   27.60
 233399.786   220.559     7.76   26.70
 233777.077   234.436    36.77   36.99
 234154.331   258.345    63.36   38.90
 234531.548   282.954    65.22   28.70
 234908.728   295.662    33.68   27.53
 235285.871   309.631    37.03   30.11
 235662.977   312.225     6.88   29.62
 236040.046   304.702   -19.95   32.39
 236417.078   297.936   -17.94   32.09
 236794.074   299.109     3.11   36.61
 237171.032   291.898   -19.12   41.78
 237547.953   277.934   -37.04   50.52
 237924.838   249.059   -76.60   46.07
 238301.686   231.341   -47.01   30.12
 238678.496   235.809    11.86   33.35
 239055.270   258.462    60.11   36.63
 239432.007   273.398    39.64   33.83
 239808.708   285.953    33.32   30.78
 240185.371   296.462    27.89   24.46
 240561.997   299.738     8.70   21.28
 240938.587   296.495    -8.61   22.38
 241315.140   296.095    -1.06   24.35
 241691.656   291.880   -11.19   26.63
 242068.136   290.488    -3.70   28.77
 242444.579   291.250     2.03   30.55
 242820.985   287.226   -10.69   37.92
 243197.354   275.273   -31.75   43.41
 243573.686   248.917   -70.02   48.27
 243949.982   215.809   -87.96   48.69
 244326.241   188.341   -72.99   32.99
 244702.464   173.791   -38.66   20.95
 245078.650   165.343   -22.45    3.08
 245454.799   166.698     3.60    4.48
 245830.911   172.898    16.48   10.39
 246206.987   184.353    30.45   19.63
 246583.027   206.600    59.15   33.11
 246959.029   229.552    61.03   35.72
 247334.995   249.434    52.87   39.31
 247710.925   265.989    44.03   39.94
 248086.818   279.773    36.66   39.50
 248462.674   294.026    37.91   37.45
 248838.494   308.680    38.98   37.47
 249214.278   317.238    22.77   29.90
 249590.025   321.729    11.95   27.41
 249965.735   312.845   -23.64   32.79
 250341.409   295.269   -46.77   31.29
 250717.046   290.735   -12.07   28.41
 251092.647   294.845    10.94   26.02
 251468.212   300.269    14.44   24.79
 251843.740   295.916   -11.59   28.21
 252219.231   283.898   -32.00   32.76
 252594.686   267.548   -43.54   25.52
 252970.105   258.937   -22.93   24.57
 253345.488   255.559    -9.00   27.25
 253720.834   254.553    -2.68   29.57
 254096.143   243.166   -30.33   33.93
 254471.417   225.553   -46.92   32.49
 254846.654   219.044   -17.34   24.57
 255221.854   228.506    25.21   27.81
 255597.019   252.973    65.20   26.81
 255972.147   263.577    28.26   21.04
 256347.239   263.351    -0.60   21.38
 256722.294   250.208   -35.04   31.13
 257097.313   223.666   -70.75   33.45
 257472.296   207.843   -42.19   28.52
 257847.243   199.513   -22.21   19.27
 258222.153   200.717     3.21   15.63
 258597.028   218.442    47.27   26.22
 258971.866   235.341    45.07   24.12
 259346.668   242.970    20.35   19.05
 259721.433   244.158     3.17   22.21
 260096.163   238.273   -15.70   25.88
 260470.856   236.843    -3.82   26.25
 260845.513   248.117    30.08   32.10
 261220.135   271.381    62.08   37.13
 261594.720   285.658    38.10   26.12
 261969.268   279.452   -16.56   32.99
 262343.781   258.668   -55.48   40.06
 262718.258   240.023   -49.77   30.98
 263092.699   232.676   -19.62   22.22
 263467.103   237.769    13.60   23.74
 263841.472   252.513    39.37   29.06
 264215.804   272.171    52.50   33.76
 264590.101   282.809    28.41   27.45
 264964.361   284.879     5.53   26.75
 265338.586   276.202   -23.18   30.05
 265712.774   260.785   -41.19   27.82
 266086.927   245.273   -41.45   35.09
 266461.043   229.898   -41.09   36.28
 266835.124   213.021   -45.10   26.52
 267209.168   201.249   -31.46   10.91
 267583.177   202.408     3.10    9.43
 267957.150   211.916    25.42   16.43
 268331.087   221.706    26.17   18.81
 268704.988   219.006    -7.22   20.36
 269078.853   209.843   -24.50   22.01
 269452.682   199.006   -28.98   13.81
 269826.476   194.595   -11.80    8.77
 270200.233   193.291    -3.49    7.26
 270573.955   193.971     1.82    6.83
 270947.641   192.936    -2.77    5.35
 271321.291   192.023    -2.44    3.94
 271694.906   191.572    -1.21    3.76
 272068.484   191.791     0.59    3.81
 272442.027   191.991     0.53    3.75
 272815.534   192.773     2.09    3.57
 273189.006   193.880     2.96    3.15
 273562.441   194.189     0.83    3.08
 273935.841   195.184     2.66    5.62
 274309.205   196.989     4.83   10.96
 274682.534   196.595    -1.06    8.19
 275055.826   199.745     8.44    9.91
 275429.083   210.530    28.89   22.25
 275802.305   229.437    50.64   36.01
 276175.491   255.363    69.45   46.50
 276548.641   273.717    49.17   40.17
 276921.755   282.559    23.69   36.02
 277294.834   287.653    13.65   40.60
 277667.878   280.970   -17.91   43.33
 278040.885   274.184   -18.19   42.17
 278413.858   266.012   -21.91   34.89
 278786.794   268.845     7.59   31.70
 279159.695   276.918    21.64   38.36
 279532.561   284.077    19.20   39.14
 279905.391   284.335     0.69   40.75
 280278.185   276.785   -20.25   40.70
 280650.944   263.131   -36.62   37.51
 281023.668   251.553   -31.05   31.30
 281396.356   241.256   -27.62   27.07
 281769.008   237.158   -10.99   27.54
 282141.625   226.808   -27.77   20.00
 282514.207   221.187   -15.08   10.91
 282886.753   224.434     8.71   13.14
 283259.264   234.483    26.97   20.84
 283631.739   249.256    39.65   26.38
 284004.179   264.153    39.99   25.35
 284376.584   272.998    23.74   22.28
